p cnf 21 800
6 11 14 21 0 
1 8 10 13 15 18 21 0 
7 13 16 17 19 20 0 
2 5 7 8 11 12 14 21 0 
1 7 8 12 14 18 19 21 0 
3 9 15 17 19 21 0 
3 6 21 0 
1 3 5 14 16 0 
2 7 10 11 14 16 17 18 19 0 
1 2 6 11 12 16 21 0 
5 7 10 12 14 15 17 0 
2 7 8 14 15 16 18 20 0 
10 19 20 21 0 
4 6 11 12 17 19 0 
2 8 13 0 
1 3 4 6 7 9 12 17 20 21 0 
4 11 12 15 16 18 19 0 
1 2 8 10 11 15 0 
3 10 12 15 17 0 
1 8 10 13 15 16 18 0 
2 3 4 5 8 12 14 15 19 21 0 
4 5 6 11 13 17 0 
4 13 20 21 0 
2 3 10 16 18 0 
2 3 7 0 
3 11 17 0 
7 9 10 13 14 16 0 
4 10 15 0 
1 3 9 10 13 15 21 0 
1 6 7 13 14 19 0 
9 10 11 12 15 21 0 
1 5 7 8 10 19 0 
1 2 4 5 8 9 21 0 
3 13 14 15 18 21 0 
3 13 14 20 21 0 
8 12 18 19 0 
1 7 10 13 18 0 
9 11 12 0 
1 2 7 9 10 13 21 0 
3 11 18 21 0 
3 6 7 8 9 10 11 12 15 0 
2 6 13 14 18 19 20 0 
1 3 7 10 12 13 14 19 0 
1 2 16 18 21 0 
7 8 9 10 14 18 0 
1 3 6 9 10 12 14 15 18 0 
4 6 11 12 17 20 0 
1 2 7 11 13 14 20 21 0 
3 5 6 18 20 0 
1 2 8 10 12 15 16 20 0 
3 4 14 16 18 0 
2 5 6 7 8 16 18 20 0 
12 14 16 17 19 20 0 
1 2 14 16 19 0 
2 10 13 14 18 19 0 
2 3 5 7 8 9 13 14 15 18 0 
6 12 15 21 0 
4 8 10 11 12 17 21 0 
2 9 10 17 0 
9 11 14 15 21 0 
4 5 15 17 20 0 
2 12 15 16 19 20 21 0 
1 2 5 7 9 12 14 16 0 
1 5 6 12 13 0 
1 3 5 7 14 16 18 21 0 
8 14 17 21 0 
2 6 8 14 0 
2 4 5 13 16 18 20 0 
12 14 18 19 20 0 
10 15 21 0 
6 10 11 18 19 0 
2 9 13 16 18 19 0 
8 17 19 21 0 
7 9 11 15 0 
5 6 12 14 15 16 19 20 21 0 
2 6 11 17 18 20 0 
4 8 10 11 12 13 19 21 0 
2 4 7 10 12 21 0 
10 13 14 15 0 
4 8 11 16 0 
2 5 6 7 14 15 18 20 0 
1 5 6 9 10 19 21 0 
2 4 10 11 14 15 20 21 0 
11 13 17 18 20 0 
3 11 15 19 0 
1 4 6 7 8 13 21 0 
2 8 10 15 16 19 0 
1 7 8 15 17 21 0 
8 9 14 20 0 
4 6 10 15 20 21 0 
5 8 11 0 
2 3 4 14 16 17 18 0 
2 3 5 6 14 20 21 0 
3 5 6 9 11 15 18 0 
2 7 10 11 13 14 21 0 
1 4 6 16 19 21 0 
1 4 9 19 20 0 
1 12 18 21 0 
3 17 19 20 0 
1 6 15 21 0 
14 16 0 
5 7 9 12 13 0 
4 8 10 15 16 0 
3 9 17 19 0 
3 10 11 15 16 20 0 
1 8 12 13 14 17 18 0 
1 7 9 13 14 16 17 18 0 
1 4 9 10 14 15 19 0 
1 2 9 15 16 17 0 
1 3 7 8 16 20 0 
3 12 14 15 18 21 0 
8 9 11 15 19 0 
1 2 5 6 16 18 21 0 
5 10 17 18 0 
2 3 4 10 13 18 21 0 
4 5 10 12 14 15 16 19 21 0 
2 3 12 19 20 21 0 
4 7 11 19 20 21 0 
14 15 16 18 19 0 
2 7 13 14 19 0 
6 12 13 18 0 
1 2 7 9 19 21 0 
10 11 13 14 15 0 
3 9 15 16 0 
13 14 15 20 0 
1 9 18 0 
1 2 4 5 17 20 0 
4 9 10 13 17 19 0 
9 13 0 
4 5 11 17 18 20 21 0 
2 3 9 12 15 18 0 
4 6 7 19 0 
1 4 14 0 
5 6 9 14 16 17 19 20 0 
1 3 4 12 18 19 0 
1 2 10 14 16 17 0 
2 4 8 12 13 16 17 20 0 
1 5 7 8 10 16 18 21 0 
3 6 12 15 19 20 21 0 
4 7 9 13 14 15 17 0 
3 4 7 8 12 14 0 
6 9 11 13 15 19 0 
4 9 14 17 0 
6 8 14 16 20 0 
4 5 11 13 15 0 
2 10 11 12 18 21 0 
2 3 0 
3 7 9 10 13 0 
1 6 7 8 11 12 0 
3 9 14 16 20 0 
1 3 4 5 13 18 0 
3 4 7 15 0 
1 8 10 16 17 20 0 
1 7 8 9 11 15 20 0 
1 2 20 0 
1 2 3 16 0 
1 8 13 15 16 0 
5 14 15 17 19 21 0 
3 4 8 9 12 13 14 17 20 0 
2 6 7 11 12 13 15 18 0 
3 8 12 13 18 0 
4 5 6 7 9 11 15 18 0 
1 12 0 
10 13 14 15 20 0 
2 4 7 8 18 0 
4 5 8 12 14 15 16 18 20 21 0 
9 13 16 17 20 21 0 
4 7 17 21 0 
3 5 10 11 12 0 
2 4 7 12 16 0 
2 5 9 13 17 0 
5 9 10 12 15 16 20 0 
7 8 10 15 0 
3 5 7 8 14 17 21 0 
6 8 11 17 19 0 
2 8 13 15 18 20 0 
3 4 14 16 17 19 0 
1 7 13 20 0 
2 6 8 12 15 20 0 
6 8 17 19 0 
4 7 8 16 0 
4 5 12 19 0 
2 8 13 18 0 
7 9 10 13 15 16 17 0 
1 2 8 9 11 18 19 21 0 
1 3 4 11 16 0 
1 2 4 10 11 13 16 19 21 0 
3 8 13 15 16 0 
5 7 8 11 12 16 18 19 0 
4 6 8 21 0 
5 6 7 10 13 14 16 0 
2 8 10 11 13 14 18 0 
3 4 13 14 0 
1 5 12 13 15 19 0 
1 2 3 8 16 17 0 
2 10 17 19 0 
3 6 7 8 11 14 15 16 21 0 
3 4 12 14 17 20 21 0 
6 8 9 10 16 21 0 
2 6 8 9 10 11 18 19 0 
2 3 4 5 10 16 17 20 0 
3 5 7 8 9 12 14 15 16 20 0 
2 5 7 8 9 12 13 14 15 0 
5 6 7 8 9 16 0 
1 3 6 7 9 11 15 21 0 
4 6 7 9 13 14 17 20 0 
3 12 13 15 16 18 0 
4 9 10 11 13 17 19 0 
5 10 16 17 18 21 0 
1 2 3 4 5 8 16 19 0 
1 3 7 10 11 15 18 0 
6 8 13 16 18 21 0 
2 3 5 6 10 11 12 16 20 0 
2 11 12 13 18 19 21 0 
8 9 14 15 20 21 0 
2 3 4 13 14 16 18 19 0 
4 11 14 15 0 
1 3 5 10 15 19 21 0 
1 6 7 10 11 13 16 19 21 0 
3 7 13 15 18 20 21 0 
5 10 16 0 
8 10 12 13 14 21 0 
8 14 18 0 
10 12 14 21 0 
1 9 13 18 0 
5 7 8 9 13 14 0 
8 10 12 16 20 0 
2 3 4 10 13 15 0 
2 4 11 12 14 15 17 20 0 
1 3 5 12 21 0 
3 4 5 13 0 
1 4 5 11 16 18 20 0 
3 9 10 11 14 16 20 0 
19 20 0 
1 3 7 8 9 16 20 21 0 
2 10 12 13 21 0 
1 2 6 8 12 13 15 17 18 0 
2 8 9 12 14 16 0 
1 3 7 8 9 14 18 21 0 
5 9 11 18 20 0 
1 4 7 11 13 15 19 0 
1 6 7 10 13 19 0 
7 9 12 16 17 18 0 
4 5 11 13 15 19 0 
3 5 7 13 16 18 19 0 
1 10 12 14 15 19 21 0 
2 3 6 7 8 16 19 21 0 
3 4 11 13 14 17 21 0 
1 12 15 17 19 21 0 
6 7 10 11 14 16 17 0 
1 6 7 11 20 0 
3 6 8 15 19 0 
3 19 20 21 0 
2 6 10 12 14 21 0 
9 10 11 12 14 17 19 20 0 
1 5 10 11 13 17 18 0 
2 8 11 15 19 0 
4 8 15 18 0 
1 6 8 11 16 19 20 0 
3 9 10 16 18 20 0 
1 8 9 16 17 21 0 
1 2 3 4 7 8 11 15 20 0 
5 6 10 12 15 18 19 20 21 0 
10 14 0 
3 7 9 11 15 16 0 
2 12 16 21 0 
1 3 4 6 7 8 12 13 17 0 
2 7 18 19 0 
7 11 13 18 19 0 
2 5 7 9 11 13 17 0 
1 2 5 7 12 16 17 18 19 0 
2 4 14 16 18 19 20 21 0 
2 8 10 15 0 
3 5 8 9 10 13 15 18 19 0 
1 3 11 13 14 19 21 0 
4 13 15 18 20 0 
6 13 14 17 18 20 0 
1 2 3 9 12 18 19 0 
6 7 8 9 18 20 0 
2 3 6 7 12 15 20 0 
5 8 10 11 17 18 19 21 0 
5 7 8 9 10 11 12 13 18 0 
1 3 6 7 12 13 15 21 0 
6 8 11 14 18 0 
3 4 6 7 12 13 18 0 
4 8 9 11 16 21 0 
2 4 6 9 11 12 15 16 17 0 
1 3 4 10 12 14 16 21 0 
2 10 11 14 15 17 0 
11 12 13 14 15 0 
1 3 4 7 11 13 19 0 
1 3 10 13 19 21 0 
4 5 10 15 16 17 0 
13 14 15 18 0 
5 13 19 0 
1 6 7 9 21 0 
1 2 6 9 14 17 19 0 
4 9 15 19 20 0 
1 2 3 14 20 0 
4 7 14 15 17 20 0 
6 7 11 15 20 0 
2 3 14 15 19 20 0 
1 5 8 14 17 0 
4 5 6 7 9 0 
4 11 12 16 18 20 0 
4 16 19 0 
9 10 15 21 0 
3 4 6 7 8 16 18 20 0 
4 6 7 9 16 20 0 
2 6 8 14 18 0 
4 7 10 13 16 17 19 0 
2 4 8 12 18 0 
1 2 4 6 7 12 14 18 0 
1 4 6 10 12 21 0 
5 7 11 20 0 
4 7 11 13 15 16 18 19 20 0 
1 6 8 10 17 19 21 0 
1 5 10 13 15 18 0 
1 4 8 10 14 16 20 0 
1 12 16 18 19 20 0 
1 6 16 19 20 0 
2 3 4 7 9 13 18 19 0 
2 4 7 10 12 15 16 17 0 
1 6 12 15 20 0 
1 13 14 15 17 18 19 0 
2 8 13 15 19 20 0 
3 5 14 21 0 
3 4 12 16 21 0 
4 6 11 14 19 21 0 
5 8 14 16 21 0 
5 6 10 11 12 0 
1 2 3 7 13 15 16 17 20 21 0 
2 5 6 8 16 17 0 
3 8 12 13 14 17 19 21 0 
1 2 5 10 11 14 15 17 0 
2 4 10 13 17 19 20 21 0 
1 5 7 12 13 15 19 20 0 
7 8 11 18 0 
5 7 13 15 18 20 0 
1 5 9 12 15 19 0 
3 8 9 10 13 20 21 0 
2 3 5 11 12 14 16 17 0 
2 4 14 15 0 
1 3 9 14 17 20 0 
3 5 17 0 
3 4 5 7 11 15 0 
1 10 16 17 0 
1 2 3 4 5 10 12 13 16 19 21 0 
1 2 5 9 11 15 16 18 20 21 0 
2 3 4 8 14 21 0 
6 8 14 17 18 19 21 0 
5 10 12 14 15 20 0 
4 6 7 8 12 14 15 21 0 
7 8 9 10 12 13 0 
10 12 13 16 18 20 0 
8 12 13 15 19 0 
1 17 0 
2 4 6 11 14 16 17 19 0 
2 6 7 12 15 18 20 0 
2 7 10 14 16 0 
2 5 6 10 14 16 19 20 0 
2 9 16 17 19 0 
1 4 10 21 0 
1 5 7 8 10 11 13 17 18 0 
1 6 7 10 11 13 0 
2 4 6 16 17 0 
3 5 0 
1 2 6 8 17 0 
1 10 11 12 13 18 21 0 
2 4 8 12 18 19 20 0 
3 5 8 10 16 0 
1 5 7 9 17 0 
5 9 13 20 21 0 
2 12 13 18 0 
3 6 7 10 18 0 
1 5 8 10 12 13 17 20 0 
1 2 5 6 7 8 11 18 0 
1 5 10 12 13 17 19 0 
3 4 5 7 8 16 0 
8 9 11 14 18 21 0 
2 7 10 11 14 17 21 0 
1 2 12 15 17 19 0 
2 5 7 15 0 
5 18 19 0 
2 7 18 20 0 
2 3 6 7 8 13 18 19 0 
1 3 17 21 0 
4 8 14 15 18 0 
4 7 18 19 20 0 
1 4 9 10 17 18 21 0 
3 5 15 19 21 0 
5 7 10 11 12 13 20 0 
1 5 7 9 17 18 21 0 
3 4 7 9 14 20 0 
6 7 12 13 14 20 0 
13 14 15 17 0 
1 4 6 8 10 15 19 21 0 
5 7 10 20 21 0 
6 9 10 14 15 20 21 0 
4 8 11 14 0 
-6 -11 -14 -21 0 
-1 -8 -10 -13 -15 -18 -21 0 
-7 -13 -16 -17 -19 -20 0 
-2 -5 -7 -8 -11 -12 -14 -21 0 
-1 -7 -8 -12 -14 -18 -19 -21 0 
-3 -9 -15 -17 -19 -21 0 
-3 -6 -21 0 
-1 -3 -5 -14 -16 0 
-2 -7 -10 -11 -14 -16 -17 -18 -19 0 
-1 -2 -6 -11 -12 -16 -21 0 
-5 -7 -10 -12 -14 -15 -17 0 
-2 -7 -8 -14 -15 -16 -18 -20 0 
-10 -19 -20 -21 0 
-4 -6 -11 -12 -17 -19 0 
-2 -8 -13 0 
-1 -3 -4 -6 -7 -9 -12 -17 -20 -21 0 
-4 -11 -12 -15 -16 -18 -19 0 
-1 -2 -8 -10 -11 -15 0 
-3 -10 -12 -15 -17 0 
-1 -8 -10 -13 -15 -16 -18 0 
-2 -3 -4 -5 -8 -12 -14 -15 -19 -21 0 
-4 -5 -6 -11 -13 -17 0 
-4 -13 -20 -21 0 
-2 -3 -10 -16 -18 0 
-2 -3 -7 0 
-3 -11 -17 0 
-7 -9 -10 -13 -14 -16 0 
-4 -10 -15 0 
-1 -3 -9 -10 -13 -15 -21 0 
-1 -6 -7 -13 -14 -19 0 
-9 -10 -11 -12 -15 -21 0 
-1 -5 -7 -8 -10 -19 0 
-1 -2 -4 -5 -8 -9 -21 0 
-3 -13 -14 -15 -18 -21 0 
-3 -13 -14 -20 -21 0 
-8 -12 -18 -19 0 
-1 -7 -10 -13 -18 0 
-9 -11 -12 0 
-1 -2 -7 -9 -10 -13 -21 0 
-3 -11 -18 -21 0 
-3 -6 -7 -8 -9 -10 -11 -12 -15 0 
-2 -6 -13 -14 -18 -19 -20 0 
-1 -3 -7 -10 -12 -13 -14 -19 0 
-1 -2 -16 -18 -21 0 
-7 -8 -9 -10 -14 -18 0 
-1 -3 -6 -9 -10 -12 -14 -15 -18 0 
-4 -6 -11 -12 -17 -20 0 
-1 -2 -7 -11 -13 -14 -20 -21 0 
-3 -5 -6 -18 -20 0 
-1 -2 -8 -10 -12 -15 -16 -20 0 
-3 -4 -14 -16 -18 0 
-2 -5 -6 -7 -8 -16 -18 -20 0 
-12 -14 -16 -17 -19 -20 0 
-1 -2 -14 -16 -19 0 
-2 -10 -13 -14 -18 -19 0 
-2 -3 -5 -7 -8 -9 -13 -14 -15 -18 0 
-6 -12 -15 -21 0 
-4 -8 -10 -11 -12 -17 -21 0 
-2 -9 -10 -17 0 
-9 -11 -14 -15 -21 0 
-4 -5 -15 -17 -20 0 
-2 -12 -15 -16 -19 -20 -21 0 
-1 -2 -5 -7 -9 -12 -14 -16 0 
-1 -5 -6 -12 -13 0 
-1 -3 -5 -7 -14 -16 -18 -21 0 
-8 -14 -17 -21 0 
-2 -6 -8 -14 0 
-2 -4 -5 -13 -16 -18 -20 0 
-12 -14 -18 -19 -20 0 
-10 -15 -21 0 
-6 -10 -11 -18 -19 0 
-2 -9 -13 -16 -18 -19 0 
-8 -17 -19 -21 0 
-7 -9 -11 -15 0 
-5 -6 -12 -14 -15 -16 -19 -20 -21 0 
-2 -6 -11 -17 -18 -20 0 
-4 -8 -10 -11 -12 -13 -19 -21 0 
-2 -4 -7 -10 -12 -21 0 
-10 -13 -14 -15 0 
-4 -8 -11 -16 0 
-2 -5 -6 -7 -14 -15 -18 -20 0 
-1 -5 -6 -9 -10 -19 -21 0 
-2 -4 -10 -11 -14 -15 -20 -21 0 
-11 -13 -17 -18 -20 0 
-3 -11 -15 -19 0 
-1 -4 -6 -7 -8 -13 -21 0 
-2 -8 -10 -15 -16 -19 0 
-1 -7 -8 -15 -17 -21 0 
-8 -9 -14 -20 0 
-4 -6 -10 -15 -20 -21 0 
-5 -8 -11 0 
-2 -3 -4 -14 -16 -17 -18 0 
-2 -3 -5 -6 -14 -20 -21 0 
-3 -5 -6 -9 -11 -15 -18 0 
-2 -7 -10 -11 -13 -14 -21 0 
-1 -4 -6 -16 -19 -21 0 
-1 -4 -9 -19 -20 0 
-1 -12 -18 -21 0 
-3 -17 -19 -20 0 
-1 -6 -15 -21 0 
-14 -16 0 
-5 -7 -9 -12 -13 0 
-4 -8 -10 -15 -16 0 
-3 -9 -17 -19 0 
-3 -10 -11 -15 -16 -20 0 
-1 -8 -12 -13 -14 -17 -18 0 
-1 -7 -9 -13 -14 -16 -17 -18 0 
-1 -4 -9 -10 -14 -15 -19 0 
-1 -2 -9 -15 -16 -17 0 
-1 -3 -7 -8 -16 -20 0 
-3 -12 -14 -15 -18 -21 0 
-8 -9 -11 -15 -19 0 
-1 -2 -5 -6 -16 -18 -21 0 
-5 -10 -17 -18 0 
-2 -3 -4 -10 -13 -18 -21 0 
-4 -5 -10 -12 -14 -15 -16 -19 -21 0 
-2 -3 -12 -19 -20 -21 0 
-4 -7 -11 -19 -20 -21 0 
-14 -15 -16 -18 -19 0 
-2 -7 -13 -14 -19 0 
-6 -12 -13 -18 0 
-1 -2 -7 -9 -19 -21 0 
-10 -11 -13 -14 -15 0 
-3 -9 -15 -16 0 
-13 -14 -15 -20 0 
-1 -9 -18 0 
-1 -2 -4 -5 -17 -20 0 
-4 -9 -10 -13 -17 -19 0 
-9 -13 0 
-4 -5 -11 -17 -18 -20 -21 0 
-2 -3 -9 -12 -15 -18 0 
-4 -6 -7 -19 0 
-1 -4 -14 0 
-5 -6 -9 -14 -16 -17 -19 -20 0 
-1 -3 -4 -12 -18 -19 0 
-1 -2 -10 -14 -16 -17 0 
-2 -4 -8 -12 -13 -16 -17 -20 0 
-1 -5 -7 -8 -10 -16 -18 -21 0 
-3 -6 -12 -15 -19 -20 -21 0 
-4 -7 -9 -13 -14 -15 -17 0 
-3 -4 -7 -8 -12 -14 0 
-6 -9 -11 -13 -15 -19 0 
-4 -9 -14 -17 0 
-6 -8 -14 -16 -20 0 
-4 -5 -11 -13 -15 0 
-2 -10 -11 -12 -18 -21 0 
-2 -3 0 
-3 -7 -9 -10 -13 0 
-1 -6 -7 -8 -11 -12 0 
-3 -9 -14 -16 -20 0 
-1 -3 -4 -5 -13 -18 0 
-3 -4 -7 -15 0 
-1 -8 -10 -16 -17 -20 0 
-1 -7 -8 -9 -11 -15 -20 0 
-1 -2 -20 0 
-1 -2 -3 -16 0 
-1 -8 -13 -15 -16 0 
-5 -14 -15 -17 -19 -21 0 
-3 -4 -8 -9 -12 -13 -14 -17 -20 0 
-2 -6 -7 -11 -12 -13 -15 -18 0 
-3 -8 -12 -13 -18 0 
-4 -5 -6 -7 -9 -11 -15 -18 0 
-1 -12 0 
-10 -13 -14 -15 -20 0 
-2 -4 -7 -8 -18 0 
-4 -5 -8 -12 -14 -15 -16 -18 -20 -21 0 
-9 -13 -16 -17 -20 -21 0 
-4 -7 -17 -21 0 
-3 -5 -10 -11 -12 0 
-2 -4 -7 -12 -16 0 
-2 -5 -9 -13 -17 0 
-5 -9 -10 -12 -15 -16 -20 0 
-7 -8 -10 -15 0 
-3 -5 -7 -8 -14 -17 -21 0 
-6 -8 -11 -17 -19 0 
-2 -8 -13 -15 -18 -20 0 
-3 -4 -14 -16 -17 -19 0 
-1 -7 -13 -20 0 
-2 -6 -8 -12 -15 -20 0 
-6 -8 -17 -19 0 
-4 -7 -8 -16 0 
-4 -5 -12 -19 0 
-2 -8 -13 -18 0 
-7 -9 -10 -13 -15 -16 -17 0 
-1 -2 -8 -9 -11 -18 -19 -21 0 
-1 -3 -4 -11 -16 0 
-1 -2 -4 -10 -11 -13 -16 -19 -21 0 
-3 -8 -13 -15 -16 0 
-5 -7 -8 -11 -12 -16 -18 -19 0 
-4 -6 -8 -21 0 
-5 -6 -7 -10 -13 -14 -16 0 
-2 -8 -10 -11 -13 -14 -18 0 
-3 -4 -13 -14 0 
-1 -5 -12 -13 -15 -19 0 
-1 -2 -3 -8 -16 -17 0 
-2 -10 -17 -19 0 
-3 -6 -7 -8 -11 -14 -15 -16 -21 0 
-3 -4 -12 -14 -17 -20 -21 0 
-6 -8 -9 -10 -16 -21 0 
-2 -6 -8 -9 -10 -11 -18 -19 0 
-2 -3 -4 -5 -10 -16 -17 -20 0 
-3 -5 -7 -8 -9 -12 -14 -15 -16 -20 0 
-2 -5 -7 -8 -9 -12 -13 -14 -15 0 
-5 -6 -7 -8 -9 -16 0 
-1 -3 -6 -7 -9 -11 -15 -21 0 
-4 -6 -7 -9 -13 -14 -17 -20 0 
-3 -12 -13 -15 -16 -18 0 
-4 -9 -10 -11 -13 -17 -19 0 
-5 -10 -16 -17 -18 -21 0 
-1 -2 -3 -4 -5 -8 -16 -19 0 
-1 -3 -7 -10 -11 -15 -18 0 
-6 -8 -13 -16 -18 -21 0 
-2 -3 -5 -6 -10 -11 -12 -16 -20 0 
-2 -11 -12 -13 -18 -19 -21 0 
-8 -9 -14 -15 -20 -21 0 
-2 -3 -4 -13 -14 -16 -18 -19 0 
-4 -11 -14 -15 0 
-1 -3 -5 -10 -15 -19 -21 0 
-1 -6 -7 -10 -11 -13 -16 -19 -21 0 
-3 -7 -13 -15 -18 -20 -21 0 
-5 -10 -16 0 
-8 -10 -12 -13 -14 -21 0 
-8 -14 -18 0 
-10 -12 -14 -21 0 
-1 -9 -13 -18 0 
-5 -7 -8 -9 -13 -14 0 
-8 -10 -12 -16 -20 0 
-2 -3 -4 -10 -13 -15 0 
-2 -4 -11 -12 -14 -15 -17 -20 0 
-1 -3 -5 -12 -21 0 
-3 -4 -5 -13 0 
-1 -4 -5 -11 -16 -18 -20 0 
-3 -9 -10 -11 -14 -16 -20 0 
-19 -20 0 
-1 -3 -7 -8 -9 -16 -20 -21 0 
-2 -10 -12 -13 -21 0 
-1 -2 -6 -8 -12 -13 -15 -17 -18 0 
-2 -8 -9 -12 -14 -16 0 
-1 -3 -7 -8 -9 -14 -18 -21 0 
-5 -9 -11 -18 -20 0 
-1 -4 -7 -11 -13 -15 -19 0 
-1 -6 -7 -10 -13 -19 0 
-7 -9 -12 -16 -17 -18 0 
-4 -5 -11 -13 -15 -19 0 
-3 -5 -7 -13 -16 -18 -19 0 
-1 -10 -12 -14 -15 -19 -21 0 
-2 -3 -6 -7 -8 -16 -19 -21 0 
-3 -4 -11 -13 -14 -17 -21 0 
-1 -12 -15 -17 -19 -21 0 
-6 -7 -10 -11 -14 -16 -17 0 
-1 -6 -7 -11 -20 0 
-3 -6 -8 -15 -19 0 
-3 -19 -20 -21 0 
-2 -6 -10 -12 -14 -21 0 
-9 -10 -11 -12 -14 -17 -19 -20 0 
-1 -5 -10 -11 -13 -17 -18 0 
-2 -8 -11 -15 -19 0 
-4 -8 -15 -18 0 
-1 -6 -8 -11 -16 -19 -20 0 
-3 -9 -10 -16 -18 -20 0 
-1 -8 -9 -16 -17 -21 0 
-1 -2 -3 -4 -7 -8 -11 -15 -20 0 
-5 -6 -10 -12 -15 -18 -19 -20 -21 0 
-10 -14 0 
-3 -7 -9 -11 -15 -16 0 
-2 -12 -16 -21 0 
-1 -3 -4 -6 -7 -8 -12 -13 -17 0 
-2 -7 -18 -19 0 
-7 -11 -13 -18 -19 0 
-2 -5 -7 -9 -11 -13 -17 0 
-1 -2 -5 -7 -12 -16 -17 -18 -19 0 
-2 -4 -14 -16 -18 -19 -20 -21 0 
-2 -8 -10 -15 0 
-3 -5 -8 -9 -10 -13 -15 -18 -19 0 
-1 -3 -11 -13 -14 -19 -21 0 
-4 -13 -15 -18 -20 0 
-6 -13 -14 -17 -18 -20 0 
-1 -2 -3 -9 -12 -18 -19 0 
-6 -7 -8 -9 -18 -20 0 
-2 -3 -6 -7 -12 -15 -20 0 
-5 -8 -10 -11 -17 -18 -19 -21 0 
-5 -7 -8 -9 -10 -11 -12 -13 -18 0 
-1 -3 -6 -7 -12 -13 -15 -21 0 
-6 -8 -11 -14 -18 0 
-3 -4 -6 -7 -12 -13 -18 0 
-4 -8 -9 -11 -16 -21 0 
-2 -4 -6 -9 -11 -12 -15 -16 -17 0 
-1 -3 -4 -10 -12 -14 -16 -21 0 
-2 -10 -11 -14 -15 -17 0 
-11 -12 -13 -14 -15 0 
-1 -3 -4 -7 -11 -13 -19 0 
-1 -3 -10 -13 -19 -21 0 
-4 -5 -10 -15 -16 -17 0 
-13 -14 -15 -18 0 
-5 -13 -19 0 
-1 -6 -7 -9 -21 0 
-1 -2 -6 -9 -14 -17 -19 0 
-4 -9 -15 -19 -20 0 
-1 -2 -3 -14 -20 0 
-4 -7 -14 -15 -17 -20 0 
-6 -7 -11 -15 -20 0 
-2 -3 -14 -15 -19 -20 0 
-1 -5 -8 -14 -17 0 
-4 -5 -6 -7 -9 0 
-4 -11 -12 -16 -18 -20 0 
-4 -16 -19 0 
-9 -10 -15 -21 0 
-3 -4 -6 -7 -8 -16 -18 -20 0 
-4 -6 -7 -9 -16 -20 0 
-2 -6 -8 -14 -18 0 
-4 -7 -10 -13 -16 -17 -19 0 
-2 -4 -8 -12 -18 0 
-1 -2 -4 -6 -7 -12 -14 -18 0 
-1 -4 -6 -10 -12 -21 0 
-5 -7 -11 -20 0 
-4 -7 -11 -13 -15 -16 -18 -19 -20 0 
-1 -6 -8 -10 -17 -19 -21 0 
-1 -5 -10 -13 -15 -18 0 
-1 -4 -8 -10 -14 -16 -20 0 
-1 -12 -16 -18 -19 -20 0 
-1 -6 -16 -19 -20 0 
-2 -3 -4 -7 -9 -13 -18 -19 0 
-2 -4 -7 -10 -12 -15 -16 -17 0 
-1 -6 -12 -15 -20 0 
-1 -13 -14 -15 -17 -18 -19 0 
-2 -8 -13 -15 -19 -20 0 
-3 -5 -14 -21 0 
-3 -4 -12 -16 -21 0 
-4 -6 -11 -14 -19 -21 0 
-5 -8 -14 -16 -21 0 
-5 -6 -10 -11 -12 0 
-1 -2 -3 -7 -13 -15 -16 -17 -20 -21 0 
-2 -5 -6 -8 -16 -17 0 
-3 -8 -12 -13 -14 -17 -19 -21 0 
-1 -2 -5 -10 -11 -14 -15 -17 0 
-2 -4 -10 -13 -17 -19 -20 -21 0 
-1 -5 -7 -12 -13 -15 -19 -20 0 
-7 -8 -11 -18 0 
-5 -7 -13 -15 -18 -20 0 
-1 -5 -9 -12 -15 -19 0 
-3 -8 -9 -10 -13 -20 -21 0 
-2 -3 -5 -11 -12 -14 -16 -17 0 
-2 -4 -14 -15 0 
-1 -3 -9 -14 -17 -20 0 
-3 -5 -17 0 
-3 -4 -5 -7 -11 -15 0 
-1 -10 -16 -17 0 
-1 -2 -3 -4 -5 -10 -12 -13 -16 -19 -21 0 
-1 -2 -5 -9 -11 -15 -16 -18 -20 -21 0 
-2 -3 -4 -8 -14 -21 0 
-6 -8 -14 -17 -18 -19 -21 0 
-5 -10 -12 -14 -15 -20 0 
-4 -6 -7 -8 -12 -14 -15 -21 0 
-7 -8 -9 -10 -12 -13 0 
-10 -12 -13 -16 -18 -20 0 
-8 -12 -13 -15 -19 0 
-1 -17 0 
-2 -4 -6 -11 -14 -16 -17 -19 0 
-2 -6 -7 -12 -15 -18 -20 0 
-2 -7 -10 -14 -16 0 
-2 -5 -6 -10 -14 -16 -19 -20 0 
-2 -9 -16 -17 -19 0 
-1 -4 -10 -21 0 
-1 -5 -7 -8 -10 -11 -13 -17 -18 0 
-1 -6 -7 -10 -11 -13 0 
-2 -4 -6 -16 -17 0 
-3 -5 0 
-1 -2 -6 -8 -17 0 
-1 -10 -11 -12 -13 -18 -21 0 
-2 -4 -8 -12 -18 -19 -20 0 
-3 -5 -8 -10 -16 0 
-1 -5 -7 -9 -17 0 
-5 -9 -13 -20 -21 0 
-2 -12 -13 -18 0 
-3 -6 -7 -10 -18 0 
-1 -5 -8 -10 -12 -13 -17 -20 0 
-1 -2 -5 -6 -7 -8 -11 -18 0 
-1 -5 -10 -12 -13 -17 -19 0 
-3 -4 -5 -7 -8 -16 0 
-8 -9 -11 -14 -18 -21 0 
-2 -7 -10 -11 -14 -17 -21 0 
-1 -2 -12 -15 -17 -19 0 
-2 -5 -7 -15 0 
-5 -18 -19 0 
-2 -7 -18 -20 0 
-2 -3 -6 -7 -8 -13 -18 -19 0 
-1 -3 -17 -21 0 
-4 -8 -14 -15 -18 0 
-4 -7 -18 -19 -20 0 
-1 -4 -9 -10 -17 -18 -21 0 
-3 -5 -15 -19 -21 0 
-5 -7 -10 -11 -12 -13 -20 0 
-1 -5 -7 -9 -17 -18 -21 0 
-3 -4 -7 -9 -14 -20 0 
-6 -7 -12 -13 -14 -20 0 
-13 -14 -15 -17 0 
-1 -4 -6 -8 -10 -15 -19 -21 0 
-5 -7 -10 -20 -21 0 
-6 -9 -10 -14 -15 -20 -21 0 
-4 -8 -11 -14 0 
