p cnf 23 800
2 8 22 0 
5 6 9 15 21 0 
4 6 14 18 19 22 0 
1 9 14 18 0 
4 5 8 13 17 20 22 0 
1 4 7 13 14 0 
6 7 19 0 
8 15 17 19 23 0 
4 6 10 12 14 18 22 23 0 
5 9 10 12 13 21 23 0 
2 8 11 23 0 
5 6 9 19 0 
2 13 19 21 22 0 
10 11 22 23 0 
6 7 8 11 0 
9 10 12 16 17 18 0 
3 5 9 17 18 0 
7 9 20 21 0 
1 3 8 10 21 0 
2 4 5 7 8 10 11 13 20 22 0 
1 4 8 10 15 17 21 0 
3 7 16 20 23 0 
1 2 5 11 12 15 16 18 23 0 
1 4 5 8 14 16 20 0 
1 6 14 17 18 19 21 0 
12 13 14 18 21 23 0 
2 4 11 12 13 16 19 20 0 
5 13 16 17 18 19 0 
12 15 17 19 22 23 0 
1 5 7 9 11 13 23 0 
4 10 11 16 18 0 
2 7 11 13 16 0 
7 10 18 23 0 
5 10 11 15 16 19 0 
15 16 22 0 
1 2 8 12 17 19 20 0 
7 8 12 13 18 23 0 
7 13 14 15 16 18 19 21 0 
6 7 19 21 22 23 0 
12 15 16 17 18 0 
6 9 11 17 20 0 
2 4 5 6 8 9 10 11 13 15 20 22 0 
2 14 19 21 22 23 0 
5 6 10 12 16 0 
9 10 16 20 21 22 0 
10 14 15 19 20 23 0 
6 13 16 20 0 
1 7 16 18 22 0 
6 7 8 12 13 16 0 
2 9 10 12 13 15 19 0 
3 10 13 18 20 0 
1 2 3 0 
3 4 9 10 11 17 22 0 
1 2 9 15 21 0 
9 10 11 13 14 19 21 22 0 
1 2 8 23 0 
5 6 8 9 10 13 15 0 
1 3 4 5 16 21 0 
2 14 18 20 0 
2 3 4 5 6 9 10 12 16 18 0 
22 23 0 
1 6 10 12 18 19 0 
3 15 17 19 20 23 0 
2 3 4 8 12 21 0 
7 9 11 14 19 21 22 0 
5 13 15 23 0 
1 6 7 12 16 17 21 23 0 
3 6 7 8 10 13 21 22 0 
4 7 8 9 16 17 0 
1 2 5 8 9 15 18 0 
2 3 6 11 13 17 23 0 
3 8 10 12 18 19 21 0 
1 7 10 11 12 15 22 23 0 
6 7 9 14 17 0 
19 22 0 
5 7 8 9 10 11 12 16 21 0 
1 2 4 6 8 12 21 0 
2 3 8 9 10 11 15 17 18 19 22 0 
4 14 16 17 20 23 0 
1 2 3 4 9 12 15 20 23 0 
7 8 10 11 13 23 0 
1 2 5 6 8 12 18 22 23 0 
12 13 15 19 0 
1 4 13 14 16 23 0 
1 3 4 5 6 9 16 0 
1 6 7 9 10 16 18 0 
8 9 17 18 23 0 
3 11 16 17 19 21 0 
2 3 8 12 15 22 0 
2 5 7 12 14 15 16 17 23 0 
1 3 4 8 11 12 13 19 20 23 0 
6 15 16 19 0 
2 18 20 22 23 0 
3 7 8 9 10 13 15 16 17 20 23 0 
2 4 5 8 15 20 22 0 
1 12 13 19 0 
8 10 11 13 14 18 0 
7 8 15 17 21 0 
1 2 4 11 17 19 21 0 
3 6 13 15 17 21 0 
2 7 23 0 
1 4 11 13 0 
4 5 6 11 14 15 20 0 
3 4 6 9 16 17 0 
6 11 15 20 0 
2 3 4 6 8 9 14 0 
1 9 14 16 20 23 0 
2 3 10 14 18 21 22 0 
11 13 15 16 18 23 0 
6 8 19 21 0 
1 5 9 10 17 20 0 
7 16 19 23 0 
9 16 20 22 0 
4 5 21 23 0 
3 12 14 21 0 
13 17 18 20 21 22 0 
2 3 5 7 13 17 18 21 0 
4 10 11 13 20 22 0 
7 9 11 14 16 17 20 0 
1 4 7 9 11 17 18 19 0 
1 2 13 17 20 22 0 
2 5 7 11 13 16 20 22 0 
10 11 12 19 22 23 0 
1 2 3 10 13 14 15 17 20 0 
1 8 15 18 23 0 
12 13 14 15 20 23 0 
3 5 9 10 13 23 0 
1 5 7 9 17 19 22 23 0 
5 10 17 21 0 
2 3 5 6 7 9 10 11 18 19 0 
4 9 10 18 22 0 
6 8 12 13 16 17 23 0 
2 3 6 11 17 19 0 
1 2 5 10 15 16 22 0 
6 19 20 0 
6 10 12 15 16 20 0 
1 2 9 12 17 0 
4 6 9 11 13 15 19 20 22 0 
10 14 15 0 
4 9 13 16 17 0 
1 4 5 8 10 12 16 0 
2 9 14 16 21 22 0 
1 5 6 9 14 15 16 18 19 20 0 
4 5 8 13 14 16 17 20 0 
6 9 10 14 18 21 0 
1 8 9 11 14 18 19 20 22 0 
2 8 10 15 17 22 23 0 
4 6 11 13 16 18 21 0 
1 3 9 10 12 15 16 22 0 
3 6 15 0 
6 7 10 12 13 0 
2 3 7 8 11 14 15 22 0 
1 4 7 9 12 14 20 0 
1 2 5 8 9 14 19 0 
1 2 6 15 16 20 0 
6 7 17 18 19 0 
8 10 12 0 
3 5 7 9 12 16 19 0 
2 5 8 9 14 15 16 19 23 0 
2 4 5 9 15 17 20 22 23 0 
7 13 17 22 0 
5 12 15 0 
8 9 10 11 15 16 22 0 
2 14 19 20 22 0 
1 5 11 15 16 0 
5 8 9 11 12 13 16 19 22 0 
1 4 10 14 23 0 
2 10 12 14 17 21 0 
1 3 13 17 18 22 0 
7 9 13 23 0 
5 7 10 11 20 22 0 
2 3 11 13 15 16 19 0 
4 5 7 9 12 14 16 23 0 
1 2 12 17 21 0 
7 12 14 15 16 19 20 23 0 
8 9 13 19 22 23 0 
7 16 17 18 21 22 0 
5 6 8 9 17 18 19 22 0 
8 12 13 18 0 
2 5 6 8 17 20 21 0 
4 5 6 9 22 0 
9 12 16 19 22 0 
3 11 13 15 21 22 0 
6 7 8 14 15 19 0 
4 9 12 13 14 17 0 
2 3 6 9 12 13 15 16 19 21 0 
11 18 19 20 21 0 
1 6 7 9 10 11 12 23 0 
10 15 16 20 22 0 
2 6 10 11 0 
8 11 14 15 18 19 20 0 
8 9 12 14 18 19 21 0 
7 12 16 17 0 
3 4 5 6 7 11 12 13 21 22 0 
3 5 6 10 15 19 20 21 23 0 
4 5 13 17 23 0 
1 2 5 6 10 15 18 20 0 
9 13 17 19 23 0 
2 4 9 10 12 15 19 0 
1 2 5 6 11 17 19 23 0 
2 11 14 17 19 20 21 0 
3 5 7 11 18 21 22 0 
8 18 20 22 0 
8 21 23 0 
3 6 7 8 9 12 22 0 
3 11 14 15 16 20 21 0 
1 11 12 15 16 23 0 
3 6 13 16 22 23 0 
1 4 10 11 15 17 0 
1 5 7 11 13 22 23 0 
2 5 7 8 10 14 16 21 0 
3 13 14 19 23 0 
4 6 8 11 15 18 21 23 0 
4 9 12 14 18 19 21 22 0 
1 5 15 16 0 
3 7 8 14 0 
3 7 11 17 18 21 23 0 
1 3 17 19 0 
1 3 6 10 22 23 0 
8 9 12 18 20 23 0 
3 10 12 13 20 0 
1 3 12 20 0 
6 13 18 19 22 23 0 
3 4 8 16 21 22 0 
7 9 10 0 
4 5 6 7 9 10 18 23 0 
2 9 10 12 14 16 18 23 0 
2 9 11 17 20 0 
1 2 6 9 17 19 20 0 
3 6 8 9 13 16 17 18 20 0 
2 4 15 18 19 0 
3 4 10 11 12 14 18 22 0 
1 3 4 7 9 11 21 0 
2 9 11 0 
2 11 13 22 0 
5 8 13 14 21 0 
2 3 7 11 15 19 0 
3 10 17 19 0 
5 6 7 19 20 0 
11 12 14 17 18 22 0 
6 8 14 15 16 0 
2 3 5 11 22 0 
4 10 12 0 
5 8 10 14 15 21 0 
3 4 6 10 15 16 0 
2 5 9 15 18 23 0 
3 4 5 8 11 17 18 20 21 0 
4 6 9 11 12 13 22 0 
6 11 12 16 20 23 0 
1 3 9 12 13 17 19 21 23 0 
1 2 4 6 17 0 
4 5 7 9 15 0 
1 9 10 13 15 16 20 22 0 
6 13 19 21 23 0 
2 4 5 7 9 23 0 
9 16 0 
5 14 22 0 
1 4 13 14 17 23 0 
10 17 20 0 
1 9 11 13 17 20 21 0 
3 7 10 11 17 18 21 0 
3 16 18 0 
10 11 12 15 17 22 0 
3 10 11 14 17 22 0 
4 9 11 16 0 
4 6 12 0 
4 13 16 17 19 20 21 0 
6 8 13 16 17 18 21 0 
5 9 11 13 23 0 
4 13 14 15 0 
1 7 13 15 21 0 
1 4 5 14 20 0 
2 7 11 19 0 
1 6 8 9 12 14 16 20 0 
1 3 5 6 8 9 11 12 13 16 20 0 
7 11 13 14 15 22 23 0 
2 4 8 10 11 12 17 20 0 
1 2 3 11 16 18 0 
2 5 11 12 16 19 0 
1 5 7 8 9 11 12 15 19 22 0 
2 5 6 23 0 
10 12 16 17 20 22 0 
1 3 6 13 19 20 21 22 0 
2 4 6 14 18 0 
2 8 9 11 22 0 
7 8 9 10 15 16 19 23 0 
1 4 14 20 21 22 0 
2 4 5 9 11 15 21 0 
3 5 9 10 14 16 17 21 22 0 
1 2 5 8 9 10 11 14 21 23 0 
10 11 20 0 
2 9 11 12 14 21 0 
1 6 11 13 14 16 21 0 
2 3 15 17 23 0 
2 3 11 20 22 0 
3 11 12 18 20 0 
7 8 14 21 23 0 
3 6 10 11 14 15 17 20 22 0 
2 4 9 10 19 23 0 
1 2 6 16 0 
1 5 6 7 9 10 11 12 13 18 23 0 
4 12 13 20 21 0 
4 5 9 12 14 18 0 
1 5 9 10 13 14 16 18 22 0 
9 13 18 21 22 0 
2 3 4 7 8 0 
9 16 18 19 20 22 0 
5 8 11 21 0 
3 4 7 12 15 17 18 21 0 
5 6 14 18 0 
3 5 9 11 12 13 18 21 0 
1 11 13 14 17 18 21 22 0 
2 5 6 15 17 19 20 23 0 
1 2 3 5 6 7 13 17 21 0 
3 4 6 8 12 15 17 21 0 
2 6 11 19 23 0 
4 5 7 8 21 22 0 
4 8 16 23 0 
8 11 15 18 20 21 0 
1 4 8 17 19 22 0 
2 5 6 12 0 
15 17 21 0 
1 2 3 13 19 0 
1 8 9 14 15 17 21 23 0 
4 16 18 19 21 0 
3 6 12 14 22 0 
1 3 5 8 11 16 18 22 0 
3 4 7 9 10 12 14 16 19 22 23 0 
3 10 16 20 22 0 
3 10 13 17 0 
2 9 11 12 23 0 
2 4 5 7 8 16 0 
4 11 18 20 0 
3 5 8 13 14 17 0 
3 4 6 9 17 18 23 0 
7 16 23 0 
3 5 8 12 17 19 0 
4 9 11 16 21 0 
5 9 12 14 17 21 0 
3 6 10 16 17 18 19 0 
6 8 11 16 20 21 0 
3 7 9 19 21 0 
1 10 11 15 22 23 0 
8 9 18 19 22 0 
1 5 6 7 8 11 0 
7 11 13 14 19 21 0 
4 8 11 16 17 18 20 22 0 
1 2 7 11 13 19 0 
3 4 5 6 8 11 14 0 
1 3 5 7 11 15 20 0 
4 9 12 13 14 20 21 0 
5 6 9 10 11 12 13 14 15 16 17 23 0 
7 11 12 14 17 19 20 0 
1 7 8 11 16 20 22 23 0 
1 2 3 5 10 15 22 0 
8 9 11 15 20 0 
1 5 7 8 9 17 22 0 
2 4 6 8 9 12 13 14 17 18 22 23 0 
2 3 9 10 13 15 0 
7 14 16 19 21 0 
3 7 13 16 17 0 
6 14 16 18 20 21 0 
2 3 6 9 15 16 20 22 0 
4 5 6 7 10 17 19 0 
4 9 12 16 18 20 23 0 
6 7 9 15 16 17 18 20 0 
10 12 22 0 
1 3 4 17 19 20 21 0 
3 5 6 8 13 15 20 22 0 
7 12 13 14 15 16 19 20 22 0 
1 2 4 8 18 0 
1 5 9 12 0 
2 3 4 11 13 15 16 17 18 21 0 
12 19 21 22 0 
1 3 6 11 12 15 18 0 
3 12 14 16 19 0 
2 3 8 12 0 
3 13 14 15 23 0 
2 7 8 16 17 22 0 
2 4 5 7 10 12 13 21 0 
4 12 15 18 19 20 23 0 
2 3 13 14 23 0 
1 5 6 10 12 16 0 
2 4 6 10 11 14 0 
1 9 13 18 0 
8 15 19 0 
3 4 5 10 15 17 0 
7 11 13 16 19 22 0 
3 8 17 19 21 0 
6 7 19 21 0 
3 6 8 11 12 14 16 18 22 0 
3 4 8 12 23 0 
4 7 10 18 21 0 
1 2 9 11 13 20 21 23 0 
3 4 15 18 21 0 
2 13 14 16 17 21 0 
1 5 8 12 14 16 18 23 0 
4 8 19 21 0 
3 10 15 18 22 0 
1 3 8 9 11 12 15 21 23 0 
-2 -8 -22 0 
-5 -6 -9 -15 -21 0 
-4 -6 -14 -18 -19 -22 0 
-1 -9 -14 -18 0 
-4 -5 -8 -13 -17 -20 -22 0 
-1 -4 -7 -13 -14 0 
-6 -7 -19 0 
-8 -15 -17 -19 -23 0 
-4 -6 -10 -12 -14 -18 -22 -23 0 
-5 -9 -10 -12 -13 -21 -23 0 
-2 -8 -11 -23 0 
-5 -6 -9 -19 0 
-2 -13 -19 -21 -22 0 
-10 -11 -22 -23 0 
-6 -7 -8 -11 0 
-9 -10 -12 -16 -17 -18 0 
-3 -5 -9 -17 -18 0 
-7 -9 -20 -21 0 
-1 -3 -8 -10 -21 0 
-2 -4 -5 -7 -8 -10 -11 -13 -20 -22 0 
-1 -4 -8 -10 -15 -17 -21 0 
-3 -7 -16 -20 -23 0 
-1 -2 -5 -11 -12 -15 -16 -18 -23 0 
-1 -4 -5 -8 -14 -16 -20 0 
-1 -6 -14 -17 -18 -19 -21 0 
-12 -13 -14 -18 -21 -23 0 
-2 -4 -11 -12 -13 -16 -19 -20 0 
-5 -13 -16 -17 -18 -19 0 
-12 -15 -17 -19 -22 -23 0 
-1 -5 -7 -9 -11 -13 -23 0 
-4 -10 -11 -16 -18 0 
-2 -7 -11 -13 -16 0 
-7 -10 -18 -23 0 
-5 -10 -11 -15 -16 -19 0 
-15 -16 -22 0 
-1 -2 -8 -12 -17 -19 -20 0 
-7 -8 -12 -13 -18 -23 0 
-7 -13 -14 -15 -16 -18 -19 -21 0 
-6 -7 -19 -21 -22 -23 0 
-12 -15 -16 -17 -18 0 
-6 -9 -11 -17 -20 0 
-2 -4 -5 -6 -8 -9 -10 -11 -13 -15 -20 -22 0 
-2 -14 -19 -21 -22 -23 0 
-5 -6 -10 -12 -16 0 
-9 -10 -16 -20 -21 -22 0 
-10 -14 -15 -19 -20 -23 0 
-6 -13 -16 -20 0 
-1 -7 -16 -18 -22 0 
-6 -7 -8 -12 -13 -16 0 
-2 -9 -10 -12 -13 -15 -19 0 
-3 -10 -13 -18 -20 0 
-1 -2 -3 0 
-3 -4 -9 -10 -11 -17 -22 0 
-1 -2 -9 -15 -21 0 
-9 -10 -11 -13 -14 -19 -21 -22 0 
-1 -2 -8 -23 0 
-5 -6 -8 -9 -10 -13 -15 0 
-1 -3 -4 -5 -16 -21 0 
-2 -14 -18 -20 0 
-2 -3 -4 -5 -6 -9 -10 -12 -16 -18 0 
-22 -23 0 
-1 -6 -10 -12 -18 -19 0 
-3 -15 -17 -19 -20 -23 0 
-2 -3 -4 -8 -12 -21 0 
-7 -9 -11 -14 -19 -21 -22 0 
-5 -13 -15 -23 0 
-1 -6 -7 -12 -16 -17 -21 -23 0 
-3 -6 -7 -8 -10 -13 -21 -22 0 
-4 -7 -8 -9 -16 -17 0 
-1 -2 -5 -8 -9 -15 -18 0 
-2 -3 -6 -11 -13 -17 -23 0 
-3 -8 -10 -12 -18 -19 -21 0 
-1 -7 -10 -11 -12 -15 -22 -23 0 
-6 -7 -9 -14 -17 0 
-19 -22 0 
-5 -7 -8 -9 -10 -11 -12 -16 -21 0 
-1 -2 -4 -6 -8 -12 -21 0 
-2 -3 -8 -9 -10 -11 -15 -17 -18 -19 -22 0 
-4 -14 -16 -17 -20 -23 0 
-1 -2 -3 -4 -9 -12 -15 -20 -23 0 
-7 -8 -10 -11 -13 -23 0 
-1 -2 -5 -6 -8 -12 -18 -22 -23 0 
-12 -13 -15 -19 0 
-1 -4 -13 -14 -16 -23 0 
-1 -3 -4 -5 -6 -9 -16 0 
-1 -6 -7 -9 -10 -16 -18 0 
-8 -9 -17 -18 -23 0 
-3 -11 -16 -17 -19 -21 0 
-2 -3 -8 -12 -15 -22 0 
-2 -5 -7 -12 -14 -15 -16 -17 -23 0 
-1 -3 -4 -8 -11 -12 -13 -19 -20 -23 0 
-6 -15 -16 -19 0 
-2 -18 -20 -22 -23 0 
-3 -7 -8 -9 -10 -13 -15 -16 -17 -20 -23 0 
-2 -4 -5 -8 -15 -20 -22 0 
-1 -12 -13 -19 0 
-8 -10 -11 -13 -14 -18 0 
-7 -8 -15 -17 -21 0 
-1 -2 -4 -11 -17 -19 -21 0 
-3 -6 -13 -15 -17 -21 0 
-2 -7 -23 0 
-1 -4 -11 -13 0 
-4 -5 -6 -11 -14 -15 -20 0 
-3 -4 -6 -9 -16 -17 0 
-6 -11 -15 -20 0 
-2 -3 -4 -6 -8 -9 -14 0 
-1 -9 -14 -16 -20 -23 0 
-2 -3 -10 -14 -18 -21 -22 0 
-11 -13 -15 -16 -18 -23 0 
-6 -8 -19 -21 0 
-1 -5 -9 -10 -17 -20 0 
-7 -16 -19 -23 0 
-9 -16 -20 -22 0 
-4 -5 -21 -23 0 
-3 -12 -14 -21 0 
-13 -17 -18 -20 -21 -22 0 
-2 -3 -5 -7 -13 -17 -18 -21 0 
-4 -10 -11 -13 -20 -22 0 
-7 -9 -11 -14 -16 -17 -20 0 
-1 -4 -7 -9 -11 -17 -18 -19 0 
-1 -2 -13 -17 -20 -22 0 
-2 -5 -7 -11 -13 -16 -20 -22 0 
-10 -11 -12 -19 -22 -23 0 
-1 -2 -3 -10 -13 -14 -15 -17 -20 0 
-1 -8 -15 -18 -23 0 
-12 -13 -14 -15 -20 -23 0 
-3 -5 -9 -10 -13 -23 0 
-1 -5 -7 -9 -17 -19 -22 -23 0 
-5 -10 -17 -21 0 
-2 -3 -5 -6 -7 -9 -10 -11 -18 -19 0 
-4 -9 -10 -18 -22 0 
-6 -8 -12 -13 -16 -17 -23 0 
-2 -3 -6 -11 -17 -19 0 
-1 -2 -5 -10 -15 -16 -22 0 
-6 -19 -20 0 
-6 -10 -12 -15 -16 -20 0 
-1 -2 -9 -12 -17 0 
-4 -6 -9 -11 -13 -15 -19 -20 -22 0 
-10 -14 -15 0 
-4 -9 -13 -16 -17 0 
-1 -4 -5 -8 -10 -12 -16 0 
-2 -9 -14 -16 -21 -22 0 
-1 -5 -6 -9 -14 -15 -16 -18 -19 -20 0 
-4 -5 -8 -13 -14 -16 -17 -20 0 
-6 -9 -10 -14 -18 -21 0 
-1 -8 -9 -11 -14 -18 -19 -20 -22 0 
-2 -8 -10 -15 -17 -22 -23 0 
-4 -6 -11 -13 -16 -18 -21 0 
-1 -3 -9 -10 -12 -15 -16 -22 0 
-3 -6 -15 0 
-6 -7 -10 -12 -13 0 
-2 -3 -7 -8 -11 -14 -15 -22 0 
-1 -4 -7 -9 -12 -14 -20 0 
-1 -2 -5 -8 -9 -14 -19 0 
-1 -2 -6 -15 -16 -20 0 
-6 -7 -17 -18 -19 0 
-8 -10 -12 0 
-3 -5 -7 -9 -12 -16 -19 0 
-2 -5 -8 -9 -14 -15 -16 -19 -23 0 
-2 -4 -5 -9 -15 -17 -20 -22 -23 0 
-7 -13 -17 -22 0 
-5 -12 -15 0 
-8 -9 -10 -11 -15 -16 -22 0 
-2 -14 -19 -20 -22 0 
-1 -5 -11 -15 -16 0 
-5 -8 -9 -11 -12 -13 -16 -19 -22 0 
-1 -4 -10 -14 -23 0 
-2 -10 -12 -14 -17 -21 0 
-1 -3 -13 -17 -18 -22 0 
-7 -9 -13 -23 0 
-5 -7 -10 -11 -20 -22 0 
-2 -3 -11 -13 -15 -16 -19 0 
-4 -5 -7 -9 -12 -14 -16 -23 0 
-1 -2 -12 -17 -21 0 
-7 -12 -14 -15 -16 -19 -20 -23 0 
-8 -9 -13 -19 -22 -23 0 
-7 -16 -17 -18 -21 -22 0 
-5 -6 -8 -9 -17 -18 -19 -22 0 
-8 -12 -13 -18 0 
-2 -5 -6 -8 -17 -20 -21 0 
-4 -5 -6 -9 -22 0 
-9 -12 -16 -19 -22 0 
-3 -11 -13 -15 -21 -22 0 
-6 -7 -8 -14 -15 -19 0 
-4 -9 -12 -13 -14 -17 0 
-2 -3 -6 -9 -12 -13 -15 -16 -19 -21 0 
-11 -18 -19 -20 -21 0 
-1 -6 -7 -9 -10 -11 -12 -23 0 
-10 -15 -16 -20 -22 0 
-2 -6 -10 -11 0 
-8 -11 -14 -15 -18 -19 -20 0 
-8 -9 -12 -14 -18 -19 -21 0 
-7 -12 -16 -17 0 
-3 -4 -5 -6 -7 -11 -12 -13 -21 -22 0 
-3 -5 -6 -10 -15 -19 -20 -21 -23 0 
-4 -5 -13 -17 -23 0 
-1 -2 -5 -6 -10 -15 -18 -20 0 
-9 -13 -17 -19 -23 0 
-2 -4 -9 -10 -12 -15 -19 0 
-1 -2 -5 -6 -11 -17 -19 -23 0 
-2 -11 -14 -17 -19 -20 -21 0 
-3 -5 -7 -11 -18 -21 -22 0 
-8 -18 -20 -22 0 
-8 -21 -23 0 
-3 -6 -7 -8 -9 -12 -22 0 
-3 -11 -14 -15 -16 -20 -21 0 
-1 -11 -12 -15 -16 -23 0 
-3 -6 -13 -16 -22 -23 0 
-1 -4 -10 -11 -15 -17 0 
-1 -5 -7 -11 -13 -22 -23 0 
-2 -5 -7 -8 -10 -14 -16 -21 0 
-3 -13 -14 -19 -23 0 
-4 -6 -8 -11 -15 -18 -21 -23 0 
-4 -9 -12 -14 -18 -19 -21 -22 0 
-1 -5 -15 -16 0 
-3 -7 -8 -14 0 
-3 -7 -11 -17 -18 -21 -23 0 
-1 -3 -17 -19 0 
-1 -3 -6 -10 -22 -23 0 
-8 -9 -12 -18 -20 -23 0 
-3 -10 -12 -13 -20 0 
-1 -3 -12 -20 0 
-6 -13 -18 -19 -22 -23 0 
-3 -4 -8 -16 -21 -22 0 
-7 -9 -10 0 
-4 -5 -6 -7 -9 -10 -18 -23 0 
-2 -9 -10 -12 -14 -16 -18 -23 0 
-2 -9 -11 -17 -20 0 
-1 -2 -6 -9 -17 -19 -20 0 
-3 -6 -8 -9 -13 -16 -17 -18 -20 0 
-2 -4 -15 -18 -19 0 
-3 -4 -10 -11 -12 -14 -18 -22 0 
-1 -3 -4 -7 -9 -11 -21 0 
-2 -9 -11 0 
-2 -11 -13 -22 0 
-5 -8 -13 -14 -21 0 
-2 -3 -7 -11 -15 -19 0 
-3 -10 -17 -19 0 
-5 -6 -7 -19 -20 0 
-11 -12 -14 -17 -18 -22 0 
-6 -8 -14 -15 -16 0 
-2 -3 -5 -11 -22 0 
-4 -10 -12 0 
-5 -8 -10 -14 -15 -21 0 
-3 -4 -6 -10 -15 -16 0 
-2 -5 -9 -15 -18 -23 0 
-3 -4 -5 -8 -11 -17 -18 -20 -21 0 
-4 -6 -9 -11 -12 -13 -22 0 
-6 -11 -12 -16 -20 -23 0 
-1 -3 -9 -12 -13 -17 -19 -21 -23 0 
-1 -2 -4 -6 -17 0 
-4 -5 -7 -9 -15 0 
-1 -9 -10 -13 -15 -16 -20 -22 0 
-6 -13 -19 -21 -23 0 
-2 -4 -5 -7 -9 -23 0 
-9 -16 0 
-5 -14 -22 0 
-1 -4 -13 -14 -17 -23 0 
-10 -17 -20 0 
-1 -9 -11 -13 -17 -20 -21 0 
-3 -7 -10 -11 -17 -18 -21 0 
-3 -16 -18 0 
-10 -11 -12 -15 -17 -22 0 
-3 -10 -11 -14 -17 -22 0 
-4 -9 -11 -16 0 
-4 -6 -12 0 
-4 -13 -16 -17 -19 -20 -21 0 
-6 -8 -13 -16 -17 -18 -21 0 
-5 -9 -11 -13 -23 0 
-4 -13 -14 -15 0 
-1 -7 -13 -15 -21 0 
-1 -4 -5 -14 -20 0 
-2 -7 -11 -19 0 
-1 -6 -8 -9 -12 -14 -16 -20 0 
-1 -3 -5 -6 -8 -9 -11 -12 -13 -16 -20 0 
-7 -11 -13 -14 -15 -22 -23 0 
-2 -4 -8 -10 -11 -12 -17 -20 0 
-1 -2 -3 -11 -16 -18 0 
-2 -5 -11 -12 -16 -19 0 
-1 -5 -7 -8 -9 -11 -12 -15 -19 -22 0 
-2 -5 -6 -23 0 
-10 -12 -16 -17 -20 -22 0 
-1 -3 -6 -13 -19 -20 -21 -22 0 
-2 -4 -6 -14 -18 0 
-2 -8 -9 -11 -22 0 
-7 -8 -9 -10 -15 -16 -19 -23 0 
-1 -4 -14 -20 -21 -22 0 
-2 -4 -5 -9 -11 -15 -21 0 
-3 -5 -9 -10 -14 -16 -17 -21 -22 0 
-1 -2 -5 -8 -9 -10 -11 -14 -21 -23 0 
-10 -11 -20 0 
-2 -9 -11 -12 -14 -21 0 
-1 -6 -11 -13 -14 -16 -21 0 
-2 -3 -15 -17 -23 0 
-2 -3 -11 -20 -22 0 
-3 -11 -12 -18 -20 0 
-7 -8 -14 -21 -23 0 
-3 -6 -10 -11 -14 -15 -17 -20 -22 0 
-2 -4 -9 -10 -19 -23 0 
-1 -2 -6 -16 0 
-1 -5 -6 -7 -9 -10 -11 -12 -13 -18 -23 0 
-4 -12 -13 -20 -21 0 
-4 -5 -9 -12 -14 -18 0 
-1 -5 -9 -10 -13 -14 -16 -18 -22 0 
-9 -13 -18 -21 -22 0 
-2 -3 -4 -7 -8 0 
-9 -16 -18 -19 -20 -22 0 
-5 -8 -11 -21 0 
-3 -4 -7 -12 -15 -17 -18 -21 0 
-5 -6 -14 -18 0 
-3 -5 -9 -11 -12 -13 -18 -21 0 
-1 -11 -13 -14 -17 -18 -21 -22 0 
-2 -5 -6 -15 -17 -19 -20 -23 0 
-1 -2 -3 -5 -6 -7 -13 -17 -21 0 
-3 -4 -6 -8 -12 -15 -17 -21 0 
-2 -6 -11 -19 -23 0 
-4 -5 -7 -8 -21 -22 0 
-4 -8 -16 -23 0 
-8 -11 -15 -18 -20 -21 0 
-1 -4 -8 -17 -19 -22 0 
-2 -5 -6 -12 0 
-15 -17 -21 0 
-1 -2 -3 -13 -19 0 
-1 -8 -9 -14 -15 -17 -21 -23 0 
-4 -16 -18 -19 -21 0 
-3 -6 -12 -14 -22 0 
-1 -3 -5 -8 -11 -16 -18 -22 0 
-3 -4 -7 -9 -10 -12 -14 -16 -19 -22 -23 0 
-3 -10 -16 -20 -22 0 
-3 -10 -13 -17 0 
-2 -9 -11 -12 -23 0 
-2 -4 -5 -7 -8 -16 0 
-4 -11 -18 -20 0 
-3 -5 -8 -13 -14 -17 0 
-3 -4 -6 -9 -17 -18 -23 0 
-7 -16 -23 0 
-3 -5 -8 -12 -17 -19 0 
-4 -9 -11 -16 -21 0 
-5 -9 -12 -14 -17 -21 0 
-3 -6 -10 -16 -17 -18 -19 0 
-6 -8 -11 -16 -20 -21 0 
-3 -7 -9 -19 -21 0 
-1 -10 -11 -15 -22 -23 0 
-8 -9 -18 -19 -22 0 
-1 -5 -6 -7 -8 -11 0 
-7 -11 -13 -14 -19 -21 0 
-4 -8 -11 -16 -17 -18 -20 -22 0 
-1 -2 -7 -11 -13 -19 0 
-3 -4 -5 -6 -8 -11 -14 0 
-1 -3 -5 -7 -11 -15 -20 0 
-4 -9 -12 -13 -14 -20 -21 0 
-5 -6 -9 -10 -11 -12 -13 -14 -15 -16 -17 -23 0 
-7 -11 -12 -14 -17 -19 -20 0 
-1 -7 -8 -11 -16 -20 -22 -23 0 
-1 -2 -3 -5 -10 -15 -22 0 
-8 -9 -11 -15 -20 0 
-1 -5 -7 -8 -9 -17 -22 0 
-2 -4 -6 -8 -9 -12 -13 -14 -17 -18 -22 -23 0 
-2 -3 -9 -10 -13 -15 0 
-7 -14 -16 -19 -21 0 
-3 -7 -13 -16 -17 0 
-6 -14 -16 -18 -20 -21 0 
-2 -3 -6 -9 -15 -16 -20 -22 0 
-4 -5 -6 -7 -10 -17 -19 0 
-4 -9 -12 -16 -18 -20 -23 0 
-6 -7 -9 -15 -16 -17 -18 -20 0 
-10 -12 -22 0 
-1 -3 -4 -17 -19 -20 -21 0 
-3 -5 -6 -8 -13 -15 -20 -22 0 
-7 -12 -13 -14 -15 -16 -19 -20 -22 0 
-1 -2 -4 -8 -18 0 
-1 -5 -9 -12 0 
-2 -3 -4 -11 -13 -15 -16 -17 -18 -21 0 
-12 -19 -21 -22 0 
-1 -3 -6 -11 -12 -15 -18 0 
-3 -12 -14 -16 -19 0 
-2 -3 -8 -12 0 
-3 -13 -14 -15 -23 0 
-2 -7 -8 -16 -17 -22 0 
-2 -4 -5 -7 -10 -12 -13 -21 0 
-4 -12 -15 -18 -19 -20 -23 0 
-2 -3 -13 -14 -23 0 
-1 -5 -6 -10 -12 -16 0 
-2 -4 -6 -10 -11 -14 0 
-1 -9 -13 -18 0 
-8 -15 -19 0 
-3 -4 -5 -10 -15 -17 0 
-7 -11 -13 -16 -19 -22 0 
-3 -8 -17 -19 -21 0 
-6 -7 -19 -21 0 
-3 -6 -8 -11 -12 -14 -16 -18 -22 0 
-3 -4 -8 -12 -23 0 
-4 -7 -10 -18 -21 0 
-1 -2 -9 -11 -13 -20 -21 -23 0 
-3 -4 -15 -18 -21 0 
-2 -13 -14 -16 -17 -21 0 
-1 -5 -8 -12 -14 -16 -18 -23 0 
-4 -8 -19 -21 0 
-3 -10 -15 -18 -22 0 
-1 -3 -8 -9 -11 -12 -15 -21 -23 0 
