p cnf 24 800
1 2 5 7 8 10 11 16 24 0 
3 12 13 16 21 0 
3 6 9 10 11 17 0 
2 15 20 21 22 0 
1 2 5 7 8 17 22 0 
1 2 7 12 16 19 20 0 
1 5 6 14 15 22 0 
10 13 14 16 21 0 
6 11 14 16 21 22 0 
5 6 8 11 12 14 21 24 0 
6 9 11 13 14 18 19 20 0 
6 19 23 0 
3 4 6 8 9 13 14 15 18 0 
5 8 11 21 0 
1 2 6 8 12 15 17 23 0 
3 7 13 15 16 18 0 
1 3 5 8 9 10 12 17 19 22 24 0 
1 7 11 20 21 0 
1 3 14 15 17 18 20 0 
4 5 8 9 10 20 21 0 
9 12 14 22 23 0 
2 10 12 14 17 18 0 
4 6 12 13 15 23 0 
6 7 8 10 11 15 0 
9 11 18 19 0 
3 4 7 8 12 15 19 20 0 
8 15 17 21 0 
1 2 8 9 12 20 21 0 
1 5 6 10 18 21 22 24 0 
2 11 14 18 0 
2 14 16 24 0 
3 4 5 13 17 21 0 
3 5 9 10 13 15 20 21 22 23 24 0 
10 12 14 16 18 19 20 0 
2 3 5 7 15 16 18 19 24 0 
4 5 12 15 16 20 21 24 0 
7 9 12 16 17 19 0 
4 6 14 18 20 24 0 
5 7 9 10 21 0 
2 5 6 7 10 14 24 0 
6 8 10 12 17 0 
2 9 12 20 0 
2 3 6 7 23 0 
4 6 14 15 16 17 18 23 0 
4 5 6 7 12 14 15 19 24 0 
1 4 13 16 24 0 
16 20 23 24 0 
5 6 11 15 22 0 
2 5 12 13 17 21 0 
4 8 13 0 
1 8 9 12 13 15 17 18 20 21 23 24 0 
3 6 7 12 14 20 0 
1 4 10 13 14 18 21 24 0 
9 19 23 0 
2 4 6 9 10 17 18 19 0 
1 14 15 18 23 0 
3 4 8 12 15 18 24 0 
9 11 18 21 0 
1 10 12 16 23 0 
5 6 7 11 14 0 
3 8 9 14 20 22 0 
2 10 12 15 18 19 0 
6 7 13 15 18 19 23 0 
2 5 7 15 16 19 22 0 
5 11 15 17 23 0 
3 5 11 13 14 16 19 20 0 
2 14 18 0 
2 5 6 7 8 16 22 0 
1 7 9 11 15 19 23 0 
4 12 13 20 23 0 
4 10 16 18 19 20 23 0 
2 8 13 15 17 0 
10 11 14 15 19 23 0 
5 6 10 15 17 21 22 0 
7 10 12 18 19 20 24 0 
3 5 9 11 24 0 
4 5 14 16 0 
2 3 4 6 10 12 23 0 
1 3 15 17 18 19 24 0 
4 11 12 14 17 0 
11 18 21 0 
2 4 8 10 20 0 
2 16 0 
2 15 19 20 23 0 
12 13 16 0 
3 6 8 14 23 0 
9 13 16 19 23 24 0 
12 20 21 0 
2 6 9 15 20 23 24 0 
4 8 9 11 16 18 20 21 22 0 
2 3 4 10 12 20 23 0 
3 6 8 9 12 15 18 21 24 0 
16 17 18 20 0 
8 9 16 18 21 23 24 0 
1 2 3 9 10 16 0 
10 14 16 21 24 0 
1 2 11 12 16 18 20 22 0 
4 16 17 21 0 
2 8 13 17 21 0 
1 5 16 18 23 24 0 
3 9 15 21 0 
7 14 16 0 
5 6 11 12 14 18 19 22 0 
3 12 16 18 20 22 24 0 
2 5 13 16 18 19 20 0 
1 7 9 15 18 19 22 0 
2 7 19 20 24 0 
3 7 8 10 14 15 21 24 0 
7 10 13 17 19 24 0 
5 6 7 11 18 20 0 
1 9 10 11 16 17 22 0 
4 5 8 9 11 12 0 
7 8 9 11 15 16 24 0 
7 10 11 16 20 0 
11 19 20 21 24 0 
1 3 5 6 9 14 16 18 21 23 24 0 
11 15 16 20 23 0 
2 6 9 10 18 19 21 0 
4 6 9 11 13 18 0 
5 14 19 22 0 
2 5 6 7 12 13 21 23 24 0 
3 9 10 21 24 0 
6 15 18 0 
2 5 10 13 14 17 20 24 0 
2 8 11 22 0 
3 6 9 11 12 14 15 22 23 24 0 
3 8 14 16 17 24 0 
3 4 5 6 7 8 14 15 24 0 
4 6 8 9 18 23 0 
5 16 20 23 0 
1 2 6 12 15 0 
1 5 12 13 24 0 
2 8 11 15 18 22 24 0 
1 8 12 13 19 0 
5 10 13 16 22 24 0 
2 5 6 9 10 14 15 24 0 
4 6 12 17 18 0 
1 2 4 5 10 11 23 0 
2 3 6 10 11 13 14 0 
4 7 9 13 16 17 20 21 0 
4 7 13 15 19 24 0 
6 9 10 11 20 21 22 23 0 
17 18 19 20 21 24 0 
3 11 13 14 18 0 
2 9 12 17 22 0 
5 8 9 11 13 17 20 22 23 24 0 
2 7 10 12 13 18 21 23 24 0 
1 7 11 15 22 23 24 0 
3 7 10 13 19 21 0 
1 5 11 14 20 22 23 0 
6 10 12 14 22 0 
2 3 10 18 20 21 24 0 
1 3 4 19 20 23 0 
1 6 10 11 12 14 15 17 22 0 
7 8 10 14 15 0 
9 13 14 19 21 0 
3 10 12 22 0 
4 5 7 11 14 17 0 
5 9 10 12 13 15 19 21 24 0 
2 3 14 15 18 19 23 0 
3 6 11 14 16 0 
2 4 7 15 21 0 
3 8 11 14 16 17 24 0 
2 9 12 15 19 22 0 
3 8 9 11 15 16 17 18 24 0 
5 12 17 20 0 
4 8 9 18 21 22 23 0 
5 9 18 19 23 0 
4 6 7 10 12 19 21 0 
11 15 20 21 0 
4 7 8 12 14 24 0 
4 15 17 21 0 
7 19 20 21 0 
1 3 4 7 8 9 19 21 0 
1 6 10 11 16 17 19 0 
5 11 12 19 0 
1 12 19 23 0 
1 2 10 11 19 20 23 0 
2 12 14 15 0 
6 10 13 17 18 20 21 22 23 0 
2 3 7 10 14 17 22 0 
2 3 13 16 19 21 23 0 
4 6 12 13 0 
3 7 10 11 15 21 24 0 
3 5 9 13 15 16 20 0 
6 9 12 18 19 20 0 
4 14 20 0 
6 16 20 21 22 23 0 
3 6 11 14 16 19 22 23 0 
5 7 11 16 21 0 
3 4 8 15 18 21 0 
6 13 15 16 0 
1 8 11 12 21 0 
6 8 12 14 15 18 19 22 0 
3 9 10 11 16 20 22 23 0 
3 6 8 9 24 0 
7 8 9 11 19 20 21 22 0 
8 11 14 15 18 19 20 22 0 
1 2 4 6 9 12 17 21 22 0 
1 2 3 4 8 12 17 24 0 
4 7 9 11 16 19 23 24 0 
8 9 16 17 18 19 24 0 
4 5 6 14 18 24 0 
11 13 18 24 0 
1 2 7 8 11 21 0 
2 7 9 10 12 14 15 23 0 
7 8 13 18 21 22 0 
6 11 12 15 16 0 
1 5 10 15 16 17 22 0 
2 17 21 23 0 
1 5 15 16 17 21 24 0 
1 3 7 9 12 17 19 21 0 
2 9 10 20 23 0 
9 13 15 19 0 
3 5 6 12 0 
4 10 19 24 0 
6 10 13 17 20 23 0 
2 6 9 13 17 19 0 
1 4 5 11 12 13 15 18 19 20 22 23 0 
3 4 5 6 8 11 19 0 
2 9 12 16 19 0 
2 7 8 17 21 0 
8 9 15 16 0 
2 8 9 12 13 0 
2 8 9 10 15 17 18 21 0 
2 11 16 23 0 
2 3 16 17 19 0 
1 3 4 11 18 24 0 
2 3 6 11 12 13 22 0 
3 5 9 13 15 17 20 21 0 
3 10 16 17 19 20 24 0 
4 5 7 8 12 13 24 0 
4 5 6 9 14 17 18 19 20 22 0 
1 4 5 8 9 11 14 17 19 0 
1 3 5 13 16 23 0 
12 14 18 0 
10 11 16 17 0 
5 7 9 15 16 19 0 
1 3 4 7 12 14 21 24 0 
1 3 8 10 11 14 22 0 
1 2 3 17 20 0 
2 7 9 14 18 19 24 0 
1 3 5 6 11 17 0 
6 9 10 12 13 17 18 19 0 
1 5 8 19 0 
3 6 12 13 19 22 0 
3 4 5 8 9 12 13 15 16 0 
4 5 10 11 14 15 16 22 24 0 
4 6 7 8 19 0 
6 10 13 19 23 24 0 
11 15 17 18 21 23 0 
9 19 24 0 
1 4 7 13 14 15 20 22 0 
17 18 24 0 
1 4 6 8 9 15 17 19 0 
3 10 11 12 14 18 19 24 0 
3 19 0 
3 4 6 8 14 15 19 20 23 0 
1 2 5 11 13 16 18 24 0 
2 3 6 9 15 16 24 0 
3 6 13 14 16 19 21 22 0 
3 5 7 12 15 16 19 0 
2 6 7 13 17 20 23 0 
5 7 8 0 
1 2 3 14 0 
16 18 0 
2 12 13 15 18 23 0 
5 6 10 11 13 16 17 24 0 
12 14 18 24 0 
3 5 7 8 10 14 21 24 0 
2 6 7 13 19 0 
4 5 7 9 10 14 19 0 
3 9 10 13 14 17 18 21 0 
1 6 8 10 12 17 18 21 23 0 
1 3 6 13 20 0 
1 2 4 9 18 21 24 0 
2 4 7 12 13 15 18 24 0 
6 11 12 14 16 18 19 20 21 23 0 
1 6 9 10 21 22 0 
5 8 10 12 15 18 21 0 
1 3 4 18 23 24 0 
3 5 6 8 11 13 0 
7 16 17 18 22 0 
8 10 11 18 23 24 0 
3 6 8 11 12 16 19 21 24 0 
1 2 5 6 13 17 21 0 
6 17 21 24 0 
1 2 3 6 11 20 22 0 
1 2 11 17 18 19 0 
5 8 10 11 23 0 
5 8 10 11 18 21 0 
4 7 10 13 16 22 24 0 
4 6 7 12 18 22 23 0 
3 13 18 21 22 0 
1 7 9 11 12 17 19 0 
2 7 15 16 18 20 23 0 
7 9 11 12 16 18 21 0 
4 5 14 20 22 23 0 
1 2 3 17 23 0 
2 5 7 8 10 17 20 0 
1 11 12 17 0 
1 11 22 0 
1 5 6 14 16 17 19 0 
10 16 0 
4 6 8 9 14 22 23 0 
1 2 5 10 12 18 19 20 0 
4 11 12 14 15 21 22 0 
4 7 9 13 14 17 0 
3 12 13 15 17 20 0 
1 6 9 10 15 19 20 24 0 
10 14 17 18 20 21 22 0 
3 4 5 14 15 19 0 
2 4 8 9 21 23 0 
6 13 17 19 0 
2 8 10 13 19 0 
6 8 9 11 13 15 17 0 
2 4 9 11 15 19 23 0 
4 12 13 14 21 0 
3 7 9 15 19 20 21 0 
1 3 11 13 14 0 
3 9 15 20 22 24 0 
1 3 9 14 18 23 0 
7 8 13 15 16 17 18 22 24 0 
1 7 8 21 0 
5 12 14 16 21 24 0 
12 14 17 18 24 0 
1 4 5 6 8 20 22 24 0 
1 11 21 0 
3 4 8 17 23 0 
2 7 10 13 17 21 22 0 
3 14 18 20 21 24 0 
2 6 14 15 17 19 0 
1 3 4 14 15 16 18 21 0 
8 16 18 24 0 
6 13 15 18 0 
1 4 6 7 8 9 10 20 0 
3 6 8 10 13 16 0 
10 11 15 16 20 0 
1 5 14 17 20 21 23 0 
4 9 16 17 18 23 0 
6 8 9 13 20 0 
2 4 5 9 14 20 0 
2 11 12 13 14 17 0 
1 10 11 16 0 
2 5 6 14 15 19 21 0 
3 4 7 13 17 18 20 21 0 
1 3 5 7 9 10 11 21 24 0 
15 22 23 24 0 
8 11 12 16 0 
6 7 15 19 21 0 
2 3 4 6 10 13 22 23 0 
3 6 10 13 16 23 0 
1 5 8 14 23 0 
8 13 16 19 20 22 0 
3 7 9 10 12 17 20 0 
4 5 12 13 18 19 20 0 
1 2 6 7 9 13 16 18 21 22 0 
1 7 10 11 16 18 21 23 0 
2 9 13 15 0 
4 14 24 0 
4 6 8 14 23 0 
6 10 20 21 22 23 0 
2 4 13 16 17 20 23 0 
1 3 7 8 9 10 12 15 19 0 
6 11 15 17 0 
1 3 6 7 9 11 21 23 0 
4 7 9 11 13 19 0 
2 3 14 15 17 20 23 0 
8 12 17 21 22 24 0 
1 9 13 14 15 17 22 23 0 
1 8 9 10 16 23 0 
2 3 6 13 19 21 0 
4 5 7 11 13 14 15 16 0 
5 9 14 15 19 24 0 
5 10 16 17 18 0 
5 7 8 15 19 22 0 
1 6 10 16 0 
1 4 5 6 11 15 24 0 
2 6 7 8 9 12 13 17 19 20 22 0 
1 3 4 16 18 19 22 0 
4 8 11 21 23 0 
3 5 10 15 16 17 19 0 
1 5 19 20 22 24 0 
4 6 15 16 20 22 0 
12 22 0 
2 6 8 10 12 17 0 
1 3 9 13 14 19 21 22 0 
2 14 15 19 22 24 0 
5 11 14 15 17 18 21 23 0 
3 10 15 19 22 0 
3 8 11 12 15 18 24 0 
2 4 8 15 18 19 21 0 
4 12 13 19 0 
2 9 10 14 15 17 18 19 24 0 
4 5 6 7 10 22 0 
5 10 12 14 18 20 0 
3 20 22 0 
1 2 3 4 15 18 21 22 0 
1 6 19 23 0 
4 6 9 10 19 0 
-1 -2 -5 -7 -8 -10 -11 -16 -24 0 
-3 -12 -13 -16 -21 0 
-3 -6 -9 -10 -11 -17 0 
-2 -15 -20 -21 -22 0 
-1 -2 -5 -7 -8 -17 -22 0 
-1 -2 -7 -12 -16 -19 -20 0 
-1 -5 -6 -14 -15 -22 0 
-10 -13 -14 -16 -21 0 
-6 -11 -14 -16 -21 -22 0 
-5 -6 -8 -11 -12 -14 -21 -24 0 
-6 -9 -11 -13 -14 -18 -19 -20 0 
-6 -19 -23 0 
-3 -4 -6 -8 -9 -13 -14 -15 -18 0 
-5 -8 -11 -21 0 
-1 -2 -6 -8 -12 -15 -17 -23 0 
-3 -7 -13 -15 -16 -18 0 
-1 -3 -5 -8 -9 -10 -12 -17 -19 -22 -24 0 
-1 -7 -11 -20 -21 0 
-1 -3 -14 -15 -17 -18 -20 0 
-4 -5 -8 -9 -10 -20 -21 0 
-9 -12 -14 -22 -23 0 
-2 -10 -12 -14 -17 -18 0 
-4 -6 -12 -13 -15 -23 0 
-6 -7 -8 -10 -11 -15 0 
-9 -11 -18 -19 0 
-3 -4 -7 -8 -12 -15 -19 -20 0 
-8 -15 -17 -21 0 
-1 -2 -8 -9 -12 -20 -21 0 
-1 -5 -6 -10 -18 -21 -22 -24 0 
-2 -11 -14 -18 0 
-2 -14 -16 -24 0 
-3 -4 -5 -13 -17 -21 0 
-3 -5 -9 -10 -13 -15 -20 -21 -22 -23 -24 0 
-10 -12 -14 -16 -18 -19 -20 0 
-2 -3 -5 -7 -15 -16 -18 -19 -24 0 
-4 -5 -12 -15 -16 -20 -21 -24 0 
-7 -9 -12 -16 -17 -19 0 
-4 -6 -14 -18 -20 -24 0 
-5 -7 -9 -10 -21 0 
-2 -5 -6 -7 -10 -14 -24 0 
-6 -8 -10 -12 -17 0 
-2 -9 -12 -20 0 
-2 -3 -6 -7 -23 0 
-4 -6 -14 -15 -16 -17 -18 -23 0 
-4 -5 -6 -7 -12 -14 -15 -19 -24 0 
-1 -4 -13 -16 -24 0 
-16 -20 -23 -24 0 
-5 -6 -11 -15 -22 0 
-2 -5 -12 -13 -17 -21 0 
-4 -8 -13 0 
-1 -8 -9 -12 -13 -15 -17 -18 -20 -21 -23 -24 0 
-3 -6 -7 -12 -14 -20 0 
-1 -4 -10 -13 -14 -18 -21 -24 0 
-9 -19 -23 0 
-2 -4 -6 -9 -10 -17 -18 -19 0 
-1 -14 -15 -18 -23 0 
-3 -4 -8 -12 -15 -18 -24 0 
-9 -11 -18 -21 0 
-1 -10 -12 -16 -23 0 
-5 -6 -7 -11 -14 0 
-3 -8 -9 -14 -20 -22 0 
-2 -10 -12 -15 -18 -19 0 
-6 -7 -13 -15 -18 -19 -23 0 
-2 -5 -7 -15 -16 -19 -22 0 
-5 -11 -15 -17 -23 0 
-3 -5 -11 -13 -14 -16 -19 -20 0 
-2 -14 -18 0 
-2 -5 -6 -7 -8 -16 -22 0 
-1 -7 -9 -11 -15 -19 -23 0 
-4 -12 -13 -20 -23 0 
-4 -10 -16 -18 -19 -20 -23 0 
-2 -8 -13 -15 -17 0 
-10 -11 -14 -15 -19 -23 0 
-5 -6 -10 -15 -17 -21 -22 0 
-7 -10 -12 -18 -19 -20 -24 0 
-3 -5 -9 -11 -24 0 
-4 -5 -14 -16 0 
-2 -3 -4 -6 -10 -12 -23 0 
-1 -3 -15 -17 -18 -19 -24 0 
-4 -11 -12 -14 -17 0 
-11 -18 -21 0 
-2 -4 -8 -10 -20 0 
-2 -16 0 
-2 -15 -19 -20 -23 0 
-12 -13 -16 0 
-3 -6 -8 -14 -23 0 
-9 -13 -16 -19 -23 -24 0 
-12 -20 -21 0 
-2 -6 -9 -15 -20 -23 -24 0 
-4 -8 -9 -11 -16 -18 -20 -21 -22 0 
-2 -3 -4 -10 -12 -20 -23 0 
-3 -6 -8 -9 -12 -15 -18 -21 -24 0 
-16 -17 -18 -20 0 
-8 -9 -16 -18 -21 -23 -24 0 
-1 -2 -3 -9 -10 -16 0 
-10 -14 -16 -21 -24 0 
-1 -2 -11 -12 -16 -18 -20 -22 0 
-4 -16 -17 -21 0 
-2 -8 -13 -17 -21 0 
-1 -5 -16 -18 -23 -24 0 
-3 -9 -15 -21 0 
-7 -14 -16 0 
-5 -6 -11 -12 -14 -18 -19 -22 0 
-3 -12 -16 -18 -20 -22 -24 0 
-2 -5 -13 -16 -18 -19 -20 0 
-1 -7 -9 -15 -18 -19 -22 0 
-2 -7 -19 -20 -24 0 
-3 -7 -8 -10 -14 -15 -21 -24 0 
-7 -10 -13 -17 -19 -24 0 
-5 -6 -7 -11 -18 -20 0 
-1 -9 -10 -11 -16 -17 -22 0 
-4 -5 -8 -9 -11 -12 0 
-7 -8 -9 -11 -15 -16 -24 0 
-7 -10 -11 -16 -20 0 
-11 -19 -20 -21 -24 0 
-1 -3 -5 -6 -9 -14 -16 -18 -21 -23 -24 0 
-11 -15 -16 -20 -23 0 
-2 -6 -9 -10 -18 -19 -21 0 
-4 -6 -9 -11 -13 -18 0 
-5 -14 -19 -22 0 
-2 -5 -6 -7 -12 -13 -21 -23 -24 0 
-3 -9 -10 -21 -24 0 
-6 -15 -18 0 
-2 -5 -10 -13 -14 -17 -20 -24 0 
-2 -8 -11 -22 0 
-3 -6 -9 -11 -12 -14 -15 -22 -23 -24 0 
-3 -8 -14 -16 -17 -24 0 
-3 -4 -5 -6 -7 -8 -14 -15 -24 0 
-4 -6 -8 -9 -18 -23 0 
-5 -16 -20 -23 0 
-1 -2 -6 -12 -15 0 
-1 -5 -12 -13 -24 0 
-2 -8 -11 -15 -18 -22 -24 0 
-1 -8 -12 -13 -19 0 
-5 -10 -13 -16 -22 -24 0 
-2 -5 -6 -9 -10 -14 -15 -24 0 
-4 -6 -12 -17 -18 0 
-1 -2 -4 -5 -10 -11 -23 0 
-2 -3 -6 -10 -11 -13 -14 0 
-4 -7 -9 -13 -16 -17 -20 -21 0 
-4 -7 -13 -15 -19 -24 0 
-6 -9 -10 -11 -20 -21 -22 -23 0 
-17 -18 -19 -20 -21 -24 0 
-3 -11 -13 -14 -18 0 
-2 -9 -12 -17 -22 0 
-5 -8 -9 -11 -13 -17 -20 -22 -23 -24 0 
-2 -7 -10 -12 -13 -18 -21 -23 -24 0 
-1 -7 -11 -15 -22 -23 -24 0 
-3 -7 -10 -13 -19 -21 0 
-1 -5 -11 -14 -20 -22 -23 0 
-6 -10 -12 -14 -22 0 
-2 -3 -10 -18 -20 -21 -24 0 
-1 -3 -4 -19 -20 -23 0 
-1 -6 -10 -11 -12 -14 -15 -17 -22 0 
-7 -8 -10 -14 -15 0 
-9 -13 -14 -19 -21 0 
-3 -10 -12 -22 0 
-4 -5 -7 -11 -14 -17 0 
-5 -9 -10 -12 -13 -15 -19 -21 -24 0 
-2 -3 -14 -15 -18 -19 -23 0 
-3 -6 -11 -14 -16 0 
-2 -4 -7 -15 -21 0 
-3 -8 -11 -14 -16 -17 -24 0 
-2 -9 -12 -15 -19 -22 0 
-3 -8 -9 -11 -15 -16 -17 -18 -24 0 
-5 -12 -17 -20 0 
-4 -8 -9 -18 -21 -22 -23 0 
-5 -9 -18 -19 -23 0 
-4 -6 -7 -10 -12 -19 -21 0 
-11 -15 -20 -21 0 
-4 -7 -8 -12 -14 -24 0 
-4 -15 -17 -21 0 
-7 -19 -20 -21 0 
-1 -3 -4 -7 -8 -9 -19 -21 0 
-1 -6 -10 -11 -16 -17 -19 0 
-5 -11 -12 -19 0 
-1 -12 -19 -23 0 
-1 -2 -10 -11 -19 -20 -23 0 
-2 -12 -14 -15 0 
-6 -10 -13 -17 -18 -20 -21 -22 -23 0 
-2 -3 -7 -10 -14 -17 -22 0 
-2 -3 -13 -16 -19 -21 -23 0 
-4 -6 -12 -13 0 
-3 -7 -10 -11 -15 -21 -24 0 
-3 -5 -9 -13 -15 -16 -20 0 
-6 -9 -12 -18 -19 -20 0 
-4 -14 -20 0 
-6 -16 -20 -21 -22 -23 0 
-3 -6 -11 -14 -16 -19 -22 -23 0 
-5 -7 -11 -16 -21 0 
-3 -4 -8 -15 -18 -21 0 
-6 -13 -15 -16 0 
-1 -8 -11 -12 -21 0 
-6 -8 -12 -14 -15 -18 -19 -22 0 
-3 -9 -10 -11 -16 -20 -22 -23 0 
-3 -6 -8 -9 -24 0 
-7 -8 -9 -11 -19 -20 -21 -22 0 
-8 -11 -14 -15 -18 -19 -20 -22 0 
-1 -2 -4 -6 -9 -12 -17 -21 -22 0 
-1 -2 -3 -4 -8 -12 -17 -24 0 
-4 -7 -9 -11 -16 -19 -23 -24 0 
-8 -9 -16 -17 -18 -19 -24 0 
-4 -5 -6 -14 -18 -24 0 
-11 -13 -18 -24 0 
-1 -2 -7 -8 -11 -21 0 
-2 -7 -9 -10 -12 -14 -15 -23 0 
-7 -8 -13 -18 -21 -22 0 
-6 -11 -12 -15 -16 0 
-1 -5 -10 -15 -16 -17 -22 0 
-2 -17 -21 -23 0 
-1 -5 -15 -16 -17 -21 -24 0 
-1 -3 -7 -9 -12 -17 -19 -21 0 
-2 -9 -10 -20 -23 0 
-9 -13 -15 -19 0 
-3 -5 -6 -12 0 
-4 -10 -19 -24 0 
-6 -10 -13 -17 -20 -23 0 
-2 -6 -9 -13 -17 -19 0 
-1 -4 -5 -11 -12 -13 -15 -18 -19 -20 -22 -23 0 
-3 -4 -5 -6 -8 -11 -19 0 
-2 -9 -12 -16 -19 0 
-2 -7 -8 -17 -21 0 
-8 -9 -15 -16 0 
-2 -8 -9 -12 -13 0 
-2 -8 -9 -10 -15 -17 -18 -21 0 
-2 -11 -16 -23 0 
-2 -3 -16 -17 -19 0 
-1 -3 -4 -11 -18 -24 0 
-2 -3 -6 -11 -12 -13 -22 0 
-3 -5 -9 -13 -15 -17 -20 -21 0 
-3 -10 -16 -17 -19 -20 -24 0 
-4 -5 -7 -8 -12 -13 -24 0 
-4 -5 -6 -9 -14 -17 -18 -19 -20 -22 0 
-1 -4 -5 -8 -9 -11 -14 -17 -19 0 
-1 -3 -5 -13 -16 -23 0 
-12 -14 -18 0 
-10 -11 -16 -17 0 
-5 -7 -9 -15 -16 -19 0 
-1 -3 -4 -7 -12 -14 -21 -24 0 
-1 -3 -8 -10 -11 -14 -22 0 
-1 -2 -3 -17 -20 0 
-2 -7 -9 -14 -18 -19 -24 0 
-1 -3 -5 -6 -11 -17 0 
-6 -9 -10 -12 -13 -17 -18 -19 0 
-1 -5 -8 -19 0 
-3 -6 -12 -13 -19 -22 0 
-3 -4 -5 -8 -9 -12 -13 -15 -16 0 
-4 -5 -10 -11 -14 -15 -16 -22 -24 0 
-4 -6 -7 -8 -19 0 
-6 -10 -13 -19 -23 -24 0 
-11 -15 -17 -18 -21 -23 0 
-9 -19 -24 0 
-1 -4 -7 -13 -14 -15 -20 -22 0 
-17 -18 -24 0 
-1 -4 -6 -8 -9 -15 -17 -19 0 
-3 -10 -11 -12 -14 -18 -19 -24 0 
-3 -19 0 
-3 -4 -6 -8 -14 -15 -19 -20 -23 0 
-1 -2 -5 -11 -13 -16 -18 -24 0 
-2 -3 -6 -9 -15 -16 -24 0 
-3 -6 -13 -14 -16 -19 -21 -22 0 
-3 -5 -7 -12 -15 -16 -19 0 
-2 -6 -7 -13 -17 -20 -23 0 
-5 -7 -8 0 
-1 -2 -3 -14 0 
-16 -18 0 
-2 -12 -13 -15 -18 -23 0 
-5 -6 -10 -11 -13 -16 -17 -24 0 
-12 -14 -18 -24 0 
-3 -5 -7 -8 -10 -14 -21 -24 0 
-2 -6 -7 -13 -19 0 
-4 -5 -7 -9 -10 -14 -19 0 
-3 -9 -10 -13 -14 -17 -18 -21 0 
-1 -6 -8 -10 -12 -17 -18 -21 -23 0 
-1 -3 -6 -13 -20 0 
-1 -2 -4 -9 -18 -21 -24 0 
-2 -4 -7 -12 -13 -15 -18 -24 0 
-6 -11 -12 -14 -16 -18 -19 -20 -21 -23 0 
-1 -6 -9 -10 -21 -22 0 
-5 -8 -10 -12 -15 -18 -21 0 
-1 -3 -4 -18 -23 -24 0 
-3 -5 -6 -8 -11 -13 0 
-7 -16 -17 -18 -22 0 
-8 -10 -11 -18 -23 -24 0 
-3 -6 -8 -11 -12 -16 -19 -21 -24 0 
-1 -2 -5 -6 -13 -17 -21 0 
-6 -17 -21 -24 0 
-1 -2 -3 -6 -11 -20 -22 0 
-1 -2 -11 -17 -18 -19 0 
-5 -8 -10 -11 -23 0 
-5 -8 -10 -11 -18 -21 0 
-4 -7 -10 -13 -16 -22 -24 0 
-4 -6 -7 -12 -18 -22 -23 0 
-3 -13 -18 -21 -22 0 
-1 -7 -9 -11 -12 -17 -19 0 
-2 -7 -15 -16 -18 -20 -23 0 
-7 -9 -11 -12 -16 -18 -21 0 
-4 -5 -14 -20 -22 -23 0 
-1 -2 -3 -17 -23 0 
-2 -5 -7 -8 -10 -17 -20 0 
-1 -11 -12 -17 0 
-1 -11 -22 0 
-1 -5 -6 -14 -16 -17 -19 0 
-10 -16 0 
-4 -6 -8 -9 -14 -22 -23 0 
-1 -2 -5 -10 -12 -18 -19 -20 0 
-4 -11 -12 -14 -15 -21 -22 0 
-4 -7 -9 -13 -14 -17 0 
-3 -12 -13 -15 -17 -20 0 
-1 -6 -9 -10 -15 -19 -20 -24 0 
-10 -14 -17 -18 -20 -21 -22 0 
-3 -4 -5 -14 -15 -19 0 
-2 -4 -8 -9 -21 -23 0 
-6 -13 -17 -19 0 
-2 -8 -10 -13 -19 0 
-6 -8 -9 -11 -13 -15 -17 0 
-2 -4 -9 -11 -15 -19 -23 0 
-4 -12 -13 -14 -21 0 
-3 -7 -9 -15 -19 -20 -21 0 
-1 -3 -11 -13 -14 0 
-3 -9 -15 -20 -22 -24 0 
-1 -3 -9 -14 -18 -23 0 
-7 -8 -13 -15 -16 -17 -18 -22 -24 0 
-1 -7 -8 -21 0 
-5 -12 -14 -16 -21 -24 0 
-12 -14 -17 -18 -24 0 
-1 -4 -5 -6 -8 -20 -22 -24 0 
-1 -11 -21 0 
-3 -4 -8 -17 -23 0 
-2 -7 -10 -13 -17 -21 -22 0 
-3 -14 -18 -20 -21 -24 0 
-2 -6 -14 -15 -17 -19 0 
-1 -3 -4 -14 -15 -16 -18 -21 0 
-8 -16 -18 -24 0 
-6 -13 -15 -18 0 
-1 -4 -6 -7 -8 -9 -10 -20 0 
-3 -6 -8 -10 -13 -16 0 
-10 -11 -15 -16 -20 0 
-1 -5 -14 -17 -20 -21 -23 0 
-4 -9 -16 -17 -18 -23 0 
-6 -8 -9 -13 -20 0 
-2 -4 -5 -9 -14 -20 0 
-2 -11 -12 -13 -14 -17 0 
-1 -10 -11 -16 0 
-2 -5 -6 -14 -15 -19 -21 0 
-3 -4 -7 -13 -17 -18 -20 -21 0 
-1 -3 -5 -7 -9 -10 -11 -21 -24 0 
-15 -22 -23 -24 0 
-8 -11 -12 -16 0 
-6 -7 -15 -19 -21 0 
-2 -3 -4 -6 -10 -13 -22 -23 0 
-3 -6 -10 -13 -16 -23 0 
-1 -5 -8 -14 -23 0 
-8 -13 -16 -19 -20 -22 0 
-3 -7 -9 -10 -12 -17 -20 0 
-4 -5 -12 -13 -18 -19 -20 0 
-1 -2 -6 -7 -9 -13 -16 -18 -21 -22 0 
-1 -7 -10 -11 -16 -18 -21 -23 0 
-2 -9 -13 -15 0 
-4 -14 -24 0 
-4 -6 -8 -14 -23 0 
-6 -10 -20 -21 -22 -23 0 
-2 -4 -13 -16 -17 -20 -23 0 
-1 -3 -7 -8 -9 -10 -12 -15 -19 0 
-6 -11 -15 -17 0 
-1 -3 -6 -7 -9 -11 -21 -23 0 
-4 -7 -9 -11 -13 -19 0 
-2 -3 -14 -15 -17 -20 -23 0 
-8 -12 -17 -21 -22 -24 0 
-1 -9 -13 -14 -15 -17 -22 -23 0 
-1 -8 -9 -10 -16 -23 0 
-2 -3 -6 -13 -19 -21 0 
-4 -5 -7 -11 -13 -14 -15 -16 0 
-5 -9 -14 -15 -19 -24 0 
-5 -10 -16 -17 -18 0 
-5 -7 -8 -15 -19 -22 0 
-1 -6 -10 -16 0 
-1 -4 -5 -6 -11 -15 -24 0 
-2 -6 -7 -8 -9 -12 -13 -17 -19 -20 -22 0 
-1 -3 -4 -16 -18 -19 -22 0 
-4 -8 -11 -21 -23 0 
-3 -5 -10 -15 -16 -17 -19 0 
-1 -5 -19 -20 -22 -24 0 
-4 -6 -15 -16 -20 -22 0 
-12 -22 0 
-2 -6 -8 -10 -12 -17 0 
-1 -3 -9 -13 -14 -19 -21 -22 0 
-2 -14 -15 -19 -22 -24 0 
-5 -11 -14 -15 -17 -18 -21 -23 0 
-3 -10 -15 -19 -22 0 
-3 -8 -11 -12 -15 -18 -24 0 
-2 -4 -8 -15 -18 -19 -21 0 
-4 -12 -13 -19 0 
-2 -9 -10 -14 -15 -17 -18 -19 -24 0 
-4 -5 -6 -7 -10 -22 0 
-5 -10 -12 -14 -18 -20 0 
-3 -20 -22 0 
-1 -2 -3 -4 -15 -18 -21 -22 0 
-1 -6 -19 -23 0 
-4 -6 -9 -10 -19 0 
