p cnf 24 800
1 4 10 11 0 
1 2 8 14 18 19 20 21 23 0 
11 14 15 18 21 0 
5 6 7 9 12 0 
6 9 13 18 0 
3 6 10 15 17 0 
10 20 21 22 24 0 
4 8 9 10 11 13 17 0 
2 8 14 17 18 19 0 
4 13 15 16 19 0 
4 5 9 13 19 21 0 
10 11 14 19 0 
1 7 12 19 23 24 0 
1 2 4 9 13 18 24 0 
1 11 12 17 22 0 
4 11 19 20 21 23 0 
2 14 18 19 21 0 
4 7 11 0 
1 5 7 10 15 16 0 
4 5 6 16 21 22 0 
1 10 15 23 0 
5 7 14 15 16 18 21 0 
1 7 8 11 12 13 16 17 18 23 0 
1 5 6 7 9 10 14 23 0 
1 5 7 12 24 0 
2 7 8 10 17 19 0 
4 5 9 11 12 20 24 0 
10 12 18 19 20 0 
8 12 18 23 24 0 
2 7 10 11 12 14 15 21 23 0 
1 3 4 12 13 15 21 22 24 0 
3 7 8 10 11 14 22 0 
4 6 10 13 16 17 18 0 
3 6 7 10 15 17 19 20 0 
5 11 14 20 0 
3 5 11 19 20 0 
1 4 5 6 20 0 
9 11 17 18 21 22 23 0 
3 4 9 12 21 24 0 
2 3 9 16 17 24 0 
4 7 8 10 12 18 22 0 
3 15 17 24 0 
4 6 7 11 12 13 16 19 20 22 0 
2 4 13 17 19 24 0 
5 9 14 17 19 0 
3 4 6 7 10 19 24 0 
5 8 11 18 20 21 0 
3 5 6 10 12 16 0 
2 9 12 17 23 0 
1 3 7 11 12 19 20 22 23 0 
9 17 19 20 24 0 
1 2 4 9 12 13 17 18 20 24 0 
1 2 16 17 20 0 
3 8 10 14 17 21 23 0 
1 16 20 22 24 0 
2 4 5 20 21 23 0 
3 5 6 7 8 18 20 0 
3 6 10 12 13 19 0 
4 6 15 16 0 
2 9 19 20 21 23 0 
5 13 21 22 0 
3 8 14 18 19 20 0 
4 7 9 10 16 18 24 0 
4 5 9 18 22 0 
4 7 12 16 21 24 0 
13 14 15 16 21 0 
7 8 10 12 15 17 19 22 23 0 
8 9 10 14 16 21 0 
3 4 11 15 0 
5 11 13 22 24 0 
6 14 17 18 0 
1 6 8 11 12 15 21 0 
3 6 8 10 13 19 21 0 
11 13 15 16 18 19 22 0 
3 7 11 18 20 0 
6 11 12 15 16 20 22 0 
1 5 7 10 17 20 21 22 23 24 0 
3 8 14 15 22 24 0 
1 5 8 9 12 14 19 21 0 
1 2 5 7 11 15 18 19 22 0 
6 8 16 20 21 22 0 
1 2 5 8 9 14 19 0 
1 3 5 13 22 23 0 
15 19 21 0 
8 12 23 24 0 
2 3 4 17 20 22 0 
1 2 7 11 20 0 
4 6 8 9 10 11 13 14 16 22 0 
6 11 24 0 
4 10 13 17 18 21 0 
2 4 5 8 9 12 14 19 0 
3 7 12 14 18 0 
3 5 8 10 11 14 21 22 24 0 
10 12 15 17 22 0 
1 2 6 12 13 20 23 24 0 
6 9 15 17 19 22 0 
4 5 6 8 12 21 22 0 
4 11 15 17 21 22 24 0 
1 2 7 16 20 0 
3 6 7 8 12 16 22 23 0 
1 2 3 6 8 13 14 23 0 
1 3 7 8 24 0 
2 6 8 10 12 23 0 
7 19 22 0 
5 14 15 16 17 0 
3 7 8 12 13 16 18 24 0 
1 5 6 8 9 10 0 
1 7 11 14 19 24 0 
3 10 11 13 20 21 22 0 
1 5 12 13 15 16 21 22 0 
7 11 13 17 21 22 0 
2 4 6 8 9 10 11 20 21 23 0 
2 3 4 11 17 0 
1 9 13 16 17 19 24 0 
6 8 11 14 15 18 19 24 0 
3 6 8 9 11 12 19 21 0 
2 5 6 8 17 24 0 
2 5 12 14 16 0 
2 3 8 15 19 0 
2 7 12 13 0 
1 3 5 6 9 13 0 
2 12 13 16 18 23 0 
2 16 20 23 24 0 
7 8 11 14 15 17 18 19 22 0 
3 4 8 10 0 
2 3 8 13 20 22 23 24 0 
1 3 9 10 22 24 0 
2 4 7 12 14 23 0 
2 4 5 7 8 9 21 0 
4 7 8 14 18 23 0 
5 7 12 14 17 20 0 
6 8 9 12 14 17 20 0 
1 5 14 16 23 0 
1 3 12 15 16 17 24 0 
5 9 11 13 16 17 19 22 0 
1 8 13 14 19 22 0 
5 6 13 18 19 20 0 
4 6 16 19 22 24 0 
3 4 7 8 17 18 19 24 0 
1 15 19 20 21 0 
3 5 8 9 11 17 20 21 0 
6 12 15 18 0 
1 3 5 11 13 14 16 20 21 22 23 0 
9 12 13 18 0 
1 7 21 0 
7 9 10 14 21 24 0 
4 5 7 8 11 14 15 21 23 24 0 
6 7 15 16 18 22 24 0 
10 13 15 18 23 0 
6 7 15 19 20 22 0 
1 6 8 11 16 17 19 20 22 24 0 
2 5 9 14 23 24 0 
10 14 18 21 0 
3 7 12 16 21 23 24 0 
10 15 23 0 
2 4 0 
1 3 5 8 10 14 19 20 23 0 
4 5 8 15 19 22 0 
6 8 9 12 0 
7 8 10 11 13 19 0 
8 10 17 19 20 21 22 0 
1 11 12 18 19 21 22 0 
1 2 5 21 0 
2 4 10 11 12 14 15 17 19 24 0 
1 3 14 16 21 22 24 0 
4 9 11 13 14 20 23 0 
1 6 8 9 19 22 0 
1 3 5 8 10 14 17 20 0 
7 15 16 18 19 24 0 
2 5 6 7 9 19 21 22 24 0 
5 10 11 18 19 21 0 
5 19 20 0 
1 3 6 7 8 14 17 18 23 0 
8 12 14 20 21 24 0 
3 9 23 0 
9 10 14 16 22 0 
6 9 20 22 24 0 
12 20 22 23 0 
3 5 10 17 19 23 0 
1 2 8 11 24 0 
1 9 10 16 17 18 23 0 
2 3 5 7 15 17 0 
6 11 13 15 20 21 23 24 0 
2 4 6 13 15 16 23 24 0 
2 9 10 13 14 0 
3 4 5 11 13 18 0 
5 9 16 21 0 
8 18 21 23 0 
1 5 0 
3 4 9 10 0 
6 13 15 17 20 23 24 0 
13 14 15 18 20 0 
4 10 11 13 16 17 18 23 24 0 
3 5 6 9 15 21 24 0 
4 6 17 18 21 23 0 
1 3 12 13 15 19 21 0 
4 15 17 18 0 
3 11 13 15 21 0 
10 12 15 18 21 24 0 
3 4 5 8 9 10 14 22 24 0 
4 6 12 13 20 0 
3 8 13 20 0 
2 7 11 16 17 0 
1 7 13 20 0 
4 8 9 11 18 0 
7 8 10 15 17 19 23 0 
8 11 12 13 15 20 24 0 
4 12 16 20 23 24 0 
2 6 8 13 15 16 22 23 0 
8 11 17 19 21 22 0 
5 7 12 21 0 
5 12 15 16 22 23 0 
9 11 13 17 18 19 21 0 
8 12 14 20 22 0 
3 4 10 15 0 
3 6 7 9 12 15 21 0 
7 8 11 14 17 23 24 0 
13 15 19 20 22 23 0 
3 13 18 22 0 
5 9 10 11 15 19 21 22 0 
1 3 9 16 17 18 24 0 
1 2 4 6 7 8 12 17 18 23 0 
4 9 12 22 23 0 
1 2 6 12 23 0 
2 12 15 24 0 
6 10 11 12 17 18 0 
2 5 8 9 17 20 21 24 0 
8 14 17 24 0 
4 13 18 22 0 
4 12 16 18 19 0 
3 4 6 15 16 20 0 
8 11 15 23 0 
1 4 7 8 12 19 20 24 0 
2 9 11 13 17 0 
2 6 14 17 18 24 0 
2 5 8 10 11 13 19 23 0 
4 5 6 7 11 16 17 19 0 
1 2 5 6 8 14 15 0 
1 2 7 9 14 15 21 22 0 
1 4 8 12 17 0 
1 5 9 13 21 23 0 
10 14 16 20 0 
11 16 21 23 24 0 
3 6 17 20 22 24 0 
6 8 14 20 0 
3 7 8 20 21 0 
2 6 8 10 15 16 17 19 0 
5 6 7 8 14 17 19 23 24 0 
6 8 14 17 19 0 
16 24 0 
4 11 13 14 18 19 22 0 
3 4 14 18 0 
9 11 12 14 16 17 19 24 0 
5 11 12 14 15 16 0 
7 12 13 14 17 18 19 20 0 
2 3 6 7 13 16 18 0 
1 4 6 9 12 13 16 20 21 23 0 
2 8 13 15 17 0 
2 3 4 5 17 23 0 
4 10 13 17 18 21 0 
1 11 16 20 22 23 24 0 
9 12 13 14 21 23 0 
1 4 6 8 10 12 18 23 0 
4 5 7 8 11 14 15 17 20 21 0 
4 5 6 22 0 
7 14 15 16 17 19 0 
12 16 20 24 0 
2 3 6 9 12 14 22 23 0 
5 6 13 22 23 0 
7 10 14 16 18 0 
8 14 23 24 0 
2 4 12 16 20 22 24 0 
1 4 5 11 18 24 0 
1 3 11 19 23 0 
5 9 14 15 20 23 0 
6 9 11 14 17 18 20 0 
3 7 9 22 23 24 0 
4 8 12 13 19 20 0 
1 3 4 10 11 12 15 23 24 0 
4 12 13 14 17 0 
8 9 17 20 24 0 
7 8 15 20 23 0 
2 5 8 13 18 19 0 
2 5 6 8 15 0 
6 13 14 15 17 20 22 0 
4 13 14 22 23 0 
2 16 18 21 22 23 24 0 
8 9 11 16 20 22 23 0 
1 5 15 18 20 21 0 
2 4 5 7 9 13 19 24 0 
9 11 15 20 0 
7 9 12 13 23 0 
8 11 12 14 18 0 
1 2 3 6 11 17 19 0 
11 14 20 21 0 
1 3 8 13 15 18 22 0 
1 7 10 18 0 
2 6 11 14 15 19 21 23 0 
1 2 6 8 9 11 14 15 16 17 18 20 21 0 
2 4 9 13 14 16 19 20 0 
1 6 17 19 21 24 0 
14 17 19 21 23 24 0 
2 3 4 7 9 15 0 
4 5 6 21 0 
1 6 7 10 17 23 0 
1 6 7 8 10 11 19 23 0 
2 3 6 7 11 12 18 20 22 0 
1 2 3 5 6 9 13 19 0 
1 5 9 16 17 18 21 24 0 
1 3 4 6 9 13 20 21 22 23 0 
9 10 12 14 16 0 
1 2 3 5 8 9 10 12 17 22 0 
5 7 10 14 15 19 0 
8 14 24 0 
2 5 6 10 11 12 13 15 17 24 0 
3 5 6 10 12 16 19 0 
6 7 9 12 13 17 21 22 0 
1 6 8 12 24 0 
1 2 5 13 20 23 0 
5 6 7 9 10 14 15 18 21 0 
5 6 12 20 21 23 24 0 
1 2 3 9 12 18 22 0 
1 2 12 17 18 19 0 
1 8 9 12 21 22 0 
14 15 23 24 0 
1 2 10 14 16 20 21 24 0 
1 4 8 13 15 21 0 
4 11 17 21 24 0 
2 11 16 17 18 22 0 
4 8 12 13 16 20 22 0 
5 11 17 18 20 21 0 
5 11 13 17 20 22 0 
5 7 8 10 16 18 0 
1 2 8 9 12 15 16 19 22 0 
2 4 6 7 8 9 10 11 12 21 23 0 
6 8 10 15 17 22 0 
5 7 10 14 17 21 0 
7 18 20 24 0 
1 9 11 17 18 20 22 23 0 
7 10 14 17 18 19 23 0 
2 14 16 19 20 23 0 
3 5 7 12 19 20 23 0 
4 9 11 12 15 17 0 
9 13 18 19 21 22 24 0 
2 3 4 16 21 0 
1 3 10 11 15 18 19 20 0 
14 24 0 
7 12 18 20 22 24 0 
7 10 22 23 0 
3 5 9 11 13 19 0 
8 11 12 18 20 23 0 
8 10 13 19 22 0 
2 4 7 9 12 14 17 18 0 
10 11 16 21 22 0 
8 9 10 17 22 0 
7 8 9 15 16 18 23 0 
1 5 9 22 23 24 0 
4 5 6 10 16 24 0 
1 13 14 19 0 
1 3 8 9 11 15 17 0 
4 8 15 16 20 21 23 0 
1 13 20 23 24 0 
1 2 15 24 0 
2 5 10 20 0 
5 7 13 17 18 21 0 
2 7 10 17 18 24 0 
2 6 12 17 21 0 
2 5 9 17 18 0 
1 2 4 7 9 11 15 23 0 
2 5 8 10 11 16 19 0 
15 16 19 0 
6 8 12 14 16 22 23 0 
3 7 11 19 20 0 
16 21 23 0 
4 10 11 17 21 0 
1 5 6 7 11 18 0 
2 5 8 9 10 12 19 20 0 
2 5 9 10 13 14 15 17 23 0 
18 20 22 0 
5 9 18 22 0 
10 14 17 20 21 0 
3 9 11 12 18 0 
4 8 10 17 19 20 22 23 0 
15 17 19 20 22 0 
2 5 6 7 8 10 13 17 0 
5 8 11 12 14 17 19 22 23 0 
1 7 15 20 21 24 0 
5 9 12 14 19 20 24 0 
8 12 14 17 21 24 0 
2 8 9 22 23 0 
1 5 9 16 17 23 0 
2 7 8 9 12 20 21 23 0 
1 10 13 17 19 23 0 
1 7 9 10 11 13 0 
2 18 19 21 22 0 
3 4 7 11 13 0 
6 7 9 20 23 0 
11 12 14 16 17 0 
1 2 3 6 7 15 21 22 0 
2 5 6 8 12 15 16 18 19 20 24 0 
-1 -4 -10 -11 0 
-1 -2 -8 -14 -18 -19 -20 -21 -23 0 
-11 -14 -15 -18 -21 0 
-5 -6 -7 -9 -12 0 
-6 -9 -13 -18 0 
-3 -6 -10 -15 -17 0 
-10 -20 -21 -22 -24 0 
-4 -8 -9 -10 -11 -13 -17 0 
-2 -8 -14 -17 -18 -19 0 
-4 -13 -15 -16 -19 0 
-4 -5 -9 -13 -19 -21 0 
-10 -11 -14 -19 0 
-1 -7 -12 -19 -23 -24 0 
-1 -2 -4 -9 -13 -18 -24 0 
-1 -11 -12 -17 -22 0 
-4 -11 -19 -20 -21 -23 0 
-2 -14 -18 -19 -21 0 
-4 -7 -11 0 
-1 -5 -7 -10 -15 -16 0 
-4 -5 -6 -16 -21 -22 0 
-1 -10 -15 -23 0 
-5 -7 -14 -15 -16 -18 -21 0 
-1 -7 -8 -11 -12 -13 -16 -17 -18 -23 0 
-1 -5 -6 -7 -9 -10 -14 -23 0 
-1 -5 -7 -12 -24 0 
-2 -7 -8 -10 -17 -19 0 
-4 -5 -9 -11 -12 -20 -24 0 
-10 -12 -18 -19 -20 0 
-8 -12 -18 -23 -24 0 
-2 -7 -10 -11 -12 -14 -15 -21 -23 0 
-1 -3 -4 -12 -13 -15 -21 -22 -24 0 
-3 -7 -8 -10 -11 -14 -22 0 
-4 -6 -10 -13 -16 -17 -18 0 
-3 -6 -7 -10 -15 -17 -19 -20 0 
-5 -11 -14 -20 0 
-3 -5 -11 -19 -20 0 
-1 -4 -5 -6 -20 0 
-9 -11 -17 -18 -21 -22 -23 0 
-3 -4 -9 -12 -21 -24 0 
-2 -3 -9 -16 -17 -24 0 
-4 -7 -8 -10 -12 -18 -22 0 
-3 -15 -17 -24 0 
-4 -6 -7 -11 -12 -13 -16 -19 -20 -22 0 
-2 -4 -13 -17 -19 -24 0 
-5 -9 -14 -17 -19 0 
-3 -4 -6 -7 -10 -19 -24 0 
-5 -8 -11 -18 -20 -21 0 
-3 -5 -6 -10 -12 -16 0 
-2 -9 -12 -17 -23 0 
-1 -3 -7 -11 -12 -19 -20 -22 -23 0 
-9 -17 -19 -20 -24 0 
-1 -2 -4 -9 -12 -13 -17 -18 -20 -24 0 
-1 -2 -16 -17 -20 0 
-3 -8 -10 -14 -17 -21 -23 0 
-1 -16 -20 -22 -24 0 
-2 -4 -5 -20 -21 -23 0 
-3 -5 -6 -7 -8 -18 -20 0 
-3 -6 -10 -12 -13 -19 0 
-4 -6 -15 -16 0 
-2 -9 -19 -20 -21 -23 0 
-5 -13 -21 -22 0 
-3 -8 -14 -18 -19 -20 0 
-4 -7 -9 -10 -16 -18 -24 0 
-4 -5 -9 -18 -22 0 
-4 -7 -12 -16 -21 -24 0 
-13 -14 -15 -16 -21 0 
-7 -8 -10 -12 -15 -17 -19 -22 -23 0 
-8 -9 -10 -14 -16 -21 0 
-3 -4 -11 -15 0 
-5 -11 -13 -22 -24 0 
-6 -14 -17 -18 0 
-1 -6 -8 -11 -12 -15 -21 0 
-3 -6 -8 -10 -13 -19 -21 0 
-11 -13 -15 -16 -18 -19 -22 0 
-3 -7 -11 -18 -20 0 
-6 -11 -12 -15 -16 -20 -22 0 
-1 -5 -7 -10 -17 -20 -21 -22 -23 -24 0 
-3 -8 -14 -15 -22 -24 0 
-1 -5 -8 -9 -12 -14 -19 -21 0 
-1 -2 -5 -7 -11 -15 -18 -19 -22 0 
-6 -8 -16 -20 -21 -22 0 
-1 -2 -5 -8 -9 -14 -19 0 
-1 -3 -5 -13 -22 -23 0 
-15 -19 -21 0 
-8 -12 -23 -24 0 
-2 -3 -4 -17 -20 -22 0 
-1 -2 -7 -11 -20 0 
-4 -6 -8 -9 -10 -11 -13 -14 -16 -22 0 
-6 -11 -24 0 
-4 -10 -13 -17 -18 -21 0 
-2 -4 -5 -8 -9 -12 -14 -19 0 
-3 -7 -12 -14 -18 0 
-3 -5 -8 -10 -11 -14 -21 -22 -24 0 
-10 -12 -15 -17 -22 0 
-1 -2 -6 -12 -13 -20 -23 -24 0 
-6 -9 -15 -17 -19 -22 0 
-4 -5 -6 -8 -12 -21 -22 0 
-4 -11 -15 -17 -21 -22 -24 0 
-1 -2 -7 -16 -20 0 
-3 -6 -7 -8 -12 -16 -22 -23 0 
-1 -2 -3 -6 -8 -13 -14 -23 0 
-1 -3 -7 -8 -24 0 
-2 -6 -8 -10 -12 -23 0 
-7 -19 -22 0 
-5 -14 -15 -16 -17 0 
-3 -7 -8 -12 -13 -16 -18 -24 0 
-1 -5 -6 -8 -9 -10 0 
-1 -7 -11 -14 -19 -24 0 
-3 -10 -11 -13 -20 -21 -22 0 
-1 -5 -12 -13 -15 -16 -21 -22 0 
-7 -11 -13 -17 -21 -22 0 
-2 -4 -6 -8 -9 -10 -11 -20 -21 -23 0 
-2 -3 -4 -11 -17 0 
-1 -9 -13 -16 -17 -19 -24 0 
-6 -8 -11 -14 -15 -18 -19 -24 0 
-3 -6 -8 -9 -11 -12 -19 -21 0 
-2 -5 -6 -8 -17 -24 0 
-2 -5 -12 -14 -16 0 
-2 -3 -8 -15 -19 0 
-2 -7 -12 -13 0 
-1 -3 -5 -6 -9 -13 0 
-2 -12 -13 -16 -18 -23 0 
-2 -16 -20 -23 -24 0 
-7 -8 -11 -14 -15 -17 -18 -19 -22 0 
-3 -4 -8 -10 0 
-2 -3 -8 -13 -20 -22 -23 -24 0 
-1 -3 -9 -10 -22 -24 0 
-2 -4 -7 -12 -14 -23 0 
-2 -4 -5 -7 -8 -9 -21 0 
-4 -7 -8 -14 -18 -23 0 
-5 -7 -12 -14 -17 -20 0 
-6 -8 -9 -12 -14 -17 -20 0 
-1 -5 -14 -16 -23 0 
-1 -3 -12 -15 -16 -17 -24 0 
-5 -9 -11 -13 -16 -17 -19 -22 0 
-1 -8 -13 -14 -19 -22 0 
-5 -6 -13 -18 -19 -20 0 
-4 -6 -16 -19 -22 -24 0 
-3 -4 -7 -8 -17 -18 -19 -24 0 
-1 -15 -19 -20 -21 0 
-3 -5 -8 -9 -11 -17 -20 -21 0 
-6 -12 -15 -18 0 
-1 -3 -5 -11 -13 -14 -16 -20 -21 -22 -23 0 
-9 -12 -13 -18 0 
-1 -7 -21 0 
-7 -9 -10 -14 -21 -24 0 
-4 -5 -7 -8 -11 -14 -15 -21 -23 -24 0 
-6 -7 -15 -16 -18 -22 -24 0 
-10 -13 -15 -18 -23 0 
-6 -7 -15 -19 -20 -22 0 
-1 -6 -8 -11 -16 -17 -19 -20 -22 -24 0 
-2 -5 -9 -14 -23 -24 0 
-10 -14 -18 -21 0 
-3 -7 -12 -16 -21 -23 -24 0 
-10 -15 -23 0 
-2 -4 0 
-1 -3 -5 -8 -10 -14 -19 -20 -23 0 
-4 -5 -8 -15 -19 -22 0 
-6 -8 -9 -12 0 
-7 -8 -10 -11 -13 -19 0 
-8 -10 -17 -19 -20 -21 -22 0 
-1 -11 -12 -18 -19 -21 -22 0 
-1 -2 -5 -21 0 
-2 -4 -10 -11 -12 -14 -15 -17 -19 -24 0 
-1 -3 -14 -16 -21 -22 -24 0 
-4 -9 -11 -13 -14 -20 -23 0 
-1 -6 -8 -9 -19 -22 0 
-1 -3 -5 -8 -10 -14 -17 -20 0 
-7 -15 -16 -18 -19 -24 0 
-2 -5 -6 -7 -9 -19 -21 -22 -24 0 
-5 -10 -11 -18 -19 -21 0 
-5 -19 -20 0 
-1 -3 -6 -7 -8 -14 -17 -18 -23 0 
-8 -12 -14 -20 -21 -24 0 
-3 -9 -23 0 
-9 -10 -14 -16 -22 0 
-6 -9 -20 -22 -24 0 
-12 -20 -22 -23 0 
-3 -5 -10 -17 -19 -23 0 
-1 -2 -8 -11 -24 0 
-1 -9 -10 -16 -17 -18 -23 0 
-2 -3 -5 -7 -15 -17 0 
-6 -11 -13 -15 -20 -21 -23 -24 0 
-2 -4 -6 -13 -15 -16 -23 -24 0 
-2 -9 -10 -13 -14 0 
-3 -4 -5 -11 -13 -18 0 
-5 -9 -16 -21 0 
-8 -18 -21 -23 0 
-1 -5 0 
-3 -4 -9 -10 0 
-6 -13 -15 -17 -20 -23 -24 0 
-13 -14 -15 -18 -20 0 
-4 -10 -11 -13 -16 -17 -18 -23 -24 0 
-3 -5 -6 -9 -15 -21 -24 0 
-4 -6 -17 -18 -21 -23 0 
-1 -3 -12 -13 -15 -19 -21 0 
-4 -15 -17 -18 0 
-3 -11 -13 -15 -21 0 
-10 -12 -15 -18 -21 -24 0 
-3 -4 -5 -8 -9 -10 -14 -22 -24 0 
-4 -6 -12 -13 -20 0 
-3 -8 -13 -20 0 
-2 -7 -11 -16 -17 0 
-1 -7 -13 -20 0 
-4 -8 -9 -11 -18 0 
-7 -8 -10 -15 -17 -19 -23 0 
-8 -11 -12 -13 -15 -20 -24 0 
-4 -12 -16 -20 -23 -24 0 
-2 -6 -8 -13 -15 -16 -22 -23 0 
-8 -11 -17 -19 -21 -22 0 
-5 -7 -12 -21 0 
-5 -12 -15 -16 -22 -23 0 
-9 -11 -13 -17 -18 -19 -21 0 
-8 -12 -14 -20 -22 0 
-3 -4 -10 -15 0 
-3 -6 -7 -9 -12 -15 -21 0 
-7 -8 -11 -14 -17 -23 -24 0 
-13 -15 -19 -20 -22 -23 0 
-3 -13 -18 -22 0 
-5 -9 -10 -11 -15 -19 -21 -22 0 
-1 -3 -9 -16 -17 -18 -24 0 
-1 -2 -4 -6 -7 -8 -12 -17 -18 -23 0 
-4 -9 -12 -22 -23 0 
-1 -2 -6 -12 -23 0 
-2 -12 -15 -24 0 
-6 -10 -11 -12 -17 -18 0 
-2 -5 -8 -9 -17 -20 -21 -24 0 
-8 -14 -17 -24 0 
-4 -13 -18 -22 0 
-4 -12 -16 -18 -19 0 
-3 -4 -6 -15 -16 -20 0 
-8 -11 -15 -23 0 
-1 -4 -7 -8 -12 -19 -20 -24 0 
-2 -9 -11 -13 -17 0 
-2 -6 -14 -17 -18 -24 0 
-2 -5 -8 -10 -11 -13 -19 -23 0 
-4 -5 -6 -7 -11 -16 -17 -19 0 
-1 -2 -5 -6 -8 -14 -15 0 
-1 -2 -7 -9 -14 -15 -21 -22 0 
-1 -4 -8 -12 -17 0 
-1 -5 -9 -13 -21 -23 0 
-10 -14 -16 -20 0 
-11 -16 -21 -23 -24 0 
-3 -6 -17 -20 -22 -24 0 
-6 -8 -14 -20 0 
-3 -7 -8 -20 -21 0 
-2 -6 -8 -10 -15 -16 -17 -19 0 
-5 -6 -7 -8 -14 -17 -19 -23 -24 0 
-6 -8 -14 -17 -19 0 
-16 -24 0 
-4 -11 -13 -14 -18 -19 -22 0 
-3 -4 -14 -18 0 
-9 -11 -12 -14 -16 -17 -19 -24 0 
-5 -11 -12 -14 -15 -16 0 
-7 -12 -13 -14 -17 -18 -19 -20 0 
-2 -3 -6 -7 -13 -16 -18 0 
-1 -4 -6 -9 -12 -13 -16 -20 -21 -23 0 
-2 -8 -13 -15 -17 0 
-2 -3 -4 -5 -17 -23 0 
-4 -10 -13 -17 -18 -21 0 
-1 -11 -16 -20 -22 -23 -24 0 
-9 -12 -13 -14 -21 -23 0 
-1 -4 -6 -8 -10 -12 -18 -23 0 
-4 -5 -7 -8 -11 -14 -15 -17 -20 -21 0 
-4 -5 -6 -22 0 
-7 -14 -15 -16 -17 -19 0 
-12 -16 -20 -24 0 
-2 -3 -6 -9 -12 -14 -22 -23 0 
-5 -6 -13 -22 -23 0 
-7 -10 -14 -16 -18 0 
-8 -14 -23 -24 0 
-2 -4 -12 -16 -20 -22 -24 0 
-1 -4 -5 -11 -18 -24 0 
-1 -3 -11 -19 -23 0 
-5 -9 -14 -15 -20 -23 0 
-6 -9 -11 -14 -17 -18 -20 0 
-3 -7 -9 -22 -23 -24 0 
-4 -8 -12 -13 -19 -20 0 
-1 -3 -4 -10 -11 -12 -15 -23 -24 0 
-4 -12 -13 -14 -17 0 
-8 -9 -17 -20 -24 0 
-7 -8 -15 -20 -23 0 
-2 -5 -8 -13 -18 -19 0 
-2 -5 -6 -8 -15 0 
-6 -13 -14 -15 -17 -20 -22 0 
-4 -13 -14 -22 -23 0 
-2 -16 -18 -21 -22 -23 -24 0 
-8 -9 -11 -16 -20 -22 -23 0 
-1 -5 -15 -18 -20 -21 0 
-2 -4 -5 -7 -9 -13 -19 -24 0 
-9 -11 -15 -20 0 
-7 -9 -12 -13 -23 0 
-8 -11 -12 -14 -18 0 
-1 -2 -3 -6 -11 -17 -19 0 
-11 -14 -20 -21 0 
-1 -3 -8 -13 -15 -18 -22 0 
-1 -7 -10 -18 0 
-2 -6 -11 -14 -15 -19 -21 -23 0 
-1 -2 -6 -8 -9 -11 -14 -15 -16 -17 -18 -20 -21 0 
-2 -4 -9 -13 -14 -16 -19 -20 0 
-1 -6 -17 -19 -21 -24 0 
-14 -17 -19 -21 -23 -24 0 
-2 -3 -4 -7 -9 -15 0 
-4 -5 -6 -21 0 
-1 -6 -7 -10 -17 -23 0 
-1 -6 -7 -8 -10 -11 -19 -23 0 
-2 -3 -6 -7 -11 -12 -18 -20 -22 0 
-1 -2 -3 -5 -6 -9 -13 -19 0 
-1 -5 -9 -16 -17 -18 -21 -24 0 
-1 -3 -4 -6 -9 -13 -20 -21 -22 -23 0 
-9 -10 -12 -14 -16 0 
-1 -2 -3 -5 -8 -9 -10 -12 -17 -22 0 
-5 -7 -10 -14 -15 -19 0 
-8 -14 -24 0 
-2 -5 -6 -10 -11 -12 -13 -15 -17 -24 0 
-3 -5 -6 -10 -12 -16 -19 0 
-6 -7 -9 -12 -13 -17 -21 -22 0 
-1 -6 -8 -12 -24 0 
-1 -2 -5 -13 -20 -23 0 
-5 -6 -7 -9 -10 -14 -15 -18 -21 0 
-5 -6 -12 -20 -21 -23 -24 0 
-1 -2 -3 -9 -12 -18 -22 0 
-1 -2 -12 -17 -18 -19 0 
-1 -8 -9 -12 -21 -22 0 
-14 -15 -23 -24 0 
-1 -2 -10 -14 -16 -20 -21 -24 0 
-1 -4 -8 -13 -15 -21 0 
-4 -11 -17 -21 -24 0 
-2 -11 -16 -17 -18 -22 0 
-4 -8 -12 -13 -16 -20 -22 0 
-5 -11 -17 -18 -20 -21 0 
-5 -11 -13 -17 -20 -22 0 
-5 -7 -8 -10 -16 -18 0 
-1 -2 -8 -9 -12 -15 -16 -19 -22 0 
-2 -4 -6 -7 -8 -9 -10 -11 -12 -21 -23 0 
-6 -8 -10 -15 -17 -22 0 
-5 -7 -10 -14 -17 -21 0 
-7 -18 -20 -24 0 
-1 -9 -11 -17 -18 -20 -22 -23 0 
-7 -10 -14 -17 -18 -19 -23 0 
-2 -14 -16 -19 -20 -23 0 
-3 -5 -7 -12 -19 -20 -23 0 
-4 -9 -11 -12 -15 -17 0 
-9 -13 -18 -19 -21 -22 -24 0 
-2 -3 -4 -16 -21 0 
-1 -3 -10 -11 -15 -18 -19 -20 0 
-14 -24 0 
-7 -12 -18 -20 -22 -24 0 
-7 -10 -22 -23 0 
-3 -5 -9 -11 -13 -19 0 
-8 -11 -12 -18 -20 -23 0 
-8 -10 -13 -19 -22 0 
-2 -4 -7 -9 -12 -14 -17 -18 0 
-10 -11 -16 -21 -22 0 
-8 -9 -10 -17 -22 0 
-7 -8 -9 -15 -16 -18 -23 0 
-1 -5 -9 -22 -23 -24 0 
-4 -5 -6 -10 -16 -24 0 
-1 -13 -14 -19 0 
-1 -3 -8 -9 -11 -15 -17 0 
-4 -8 -15 -16 -20 -21 -23 0 
-1 -13 -20 -23 -24 0 
-1 -2 -15 -24 0 
-2 -5 -10 -20 0 
-5 -7 -13 -17 -18 -21 0 
-2 -7 -10 -17 -18 -24 0 
-2 -6 -12 -17 -21 0 
-2 -5 -9 -17 -18 0 
-1 -2 -4 -7 -9 -11 -15 -23 0 
-2 -5 -8 -10 -11 -16 -19 0 
-15 -16 -19 0 
-6 -8 -12 -14 -16 -22 -23 0 
-3 -7 -11 -19 -20 0 
-16 -21 -23 0 
-4 -10 -11 -17 -21 0 
-1 -5 -6 -7 -11 -18 0 
-2 -5 -8 -9 -10 -12 -19 -20 0 
-2 -5 -9 -10 -13 -14 -15 -17 -23 0 
-18 -20 -22 0 
-5 -9 -18 -22 0 
-10 -14 -17 -20 -21 0 
-3 -9 -11 -12 -18 0 
-4 -8 -10 -17 -19 -20 -22 -23 0 
-15 -17 -19 -20 -22 0 
-2 -5 -6 -7 -8 -10 -13 -17 0 
-5 -8 -11 -12 -14 -17 -19 -22 -23 0 
-1 -7 -15 -20 -21 -24 0 
-5 -9 -12 -14 -19 -20 -24 0 
-8 -12 -14 -17 -21 -24 0 
-2 -8 -9 -22 -23 0 
-1 -5 -9 -16 -17 -23 0 
-2 -7 -8 -9 -12 -20 -21 -23 0 
-1 -10 -13 -17 -19 -23 0 
-1 -7 -9 -10 -11 -13 0 
-2 -18 -19 -21 -22 0 
-3 -4 -7 -11 -13 0 
-6 -7 -9 -20 -23 0 
-11 -12 -14 -16 -17 0 
-1 -2 -3 -6 -7 -15 -21 -22 0 
-2 -5 -6 -8 -12 -15 -16 -18 -19 -20 -24 0 
