p cnf 24 800
5 6 9 11 16 19 0 
4 5 13 14 19 21 24 0 
13 14 18 19 20 23 0 
4 5 7 8 11 12 18 19 20 24 0 
1 2 16 23 0 
6 11 18 0 
2 3 8 10 12 24 0 
2 4 10 12 20 22 0 
1 4 5 12 14 24 0 
4 12 16 20 21 23 0 
7 8 9 10 12 14 24 0 
2 7 11 13 14 18 0 
3 5 9 11 20 21 23 0 
1 5 10 13 14 17 18 20 22 23 0 
2 7 12 14 17 20 21 24 0 
4 7 13 17 21 24 0 
2 8 13 15 18 20 0 
1 5 11 12 15 16 19 0 
7 12 13 15 23 0 
5 9 11 18 22 0 
1 4 11 12 14 22 23 0 
3 4 7 11 13 0 
1 2 4 6 18 23 0 
1 2 7 9 10 11 16 20 24 0 
1 2 3 6 8 10 14 16 20 21 0 
1 19 24 0 
6 9 12 15 18 20 0 
1 3 12 13 19 0 
5 6 8 10 12 13 0 
1 8 10 18 20 0 
4 11 13 15 18 24 0 
1 18 21 23 0 
5 11 13 17 0 
6 7 8 9 11 12 18 19 23 24 0 
3 5 11 12 16 19 20 24 0 
5 8 16 21 22 0 
5 11 23 24 0 
3 15 16 21 0 
4 7 11 14 22 24 0 
1 3 11 20 22 23 0 
4 8 12 16 19 0 
2 4 10 12 15 22 24 0 
1 6 7 19 24 0 
1 5 7 15 18 24 0 
5 7 13 14 15 19 20 22 24 0 
2 3 10 21 23 0 
3 4 7 11 12 14 21 0 
3 7 14 15 23 0 
1 12 13 15 0 
4 5 8 10 15 18 21 23 0 
6 9 11 12 19 21 0 
3 4 15 18 19 20 0 
6 8 12 16 17 19 20 0 
1 7 9 17 18 20 21 22 24 0 
2 6 8 12 13 18 20 0 
1 5 7 11 16 24 0 
3 5 6 8 9 13 16 18 20 22 0 
6 9 12 18 20 23 24 0 
2 5 6 11 15 17 0 
3 8 12 21 0 
5 6 8 9 12 14 18 21 0 
4 5 14 15 19 20 0 
2 4 5 16 17 18 19 21 22 24 0 
4 10 17 18 20 21 23 24 0 
3 7 9 10 13 14 21 22 24 0 
4 11 17 23 0 
7 9 14 19 0 
1 2 5 7 13 15 16 17 18 22 0 
3 6 11 24 0 
3 6 7 12 18 22 0 
2 5 8 11 0 
3 8 16 17 19 20 22 23 0 
8 11 17 0 
3 4 5 7 10 12 16 18 22 24 0 
11 12 14 15 22 0 
4 5 7 11 13 15 19 22 0 
4 5 6 9 13 15 0 
3 4 6 14 22 24 0 
21 22 23 0 
2 7 10 11 23 0 
3 5 6 10 14 16 24 0 
9 12 19 21 0 
6 10 12 15 16 19 21 0 
1 6 11 13 19 0 
2 14 16 17 20 0 
2 6 7 8 13 15 19 20 24 0 
1 2 4 8 23 0 
2 3 9 13 17 21 0 
1 2 9 10 14 15 16 21 0 
2 7 8 10 13 21 23 24 0 
3 7 9 12 14 15 16 21 23 24 0 
1 5 7 9 14 20 0 
2 6 7 18 22 23 24 0 
3 15 17 20 23 0 
12 15 16 18 21 0 
4 6 10 14 16 21 0 
5 9 15 0 
3 9 16 17 20 0 
10 16 18 20 0 
2 3 5 6 7 8 9 11 14 15 18 19 0 
1 12 14 0 
3 4 13 23 0 
3 4 6 11 15 0 
5 9 24 0 
4 5 12 18 0 
7 12 17 18 19 23 0 
3 12 14 18 20 0 
6 20 23 24 0 
1 7 10 15 17 18 0 
7 11 14 16 22 24 0 
8 11 13 18 21 0 
4 6 14 15 20 0 
1 4 5 6 9 10 16 19 21 0 
2 7 10 12 14 17 23 0 
2 6 7 10 15 18 0 
11 22 0 
1 5 13 14 19 20 21 0 
4 6 12 17 18 24 0 
3 7 11 13 16 21 22 0 
3 17 19 20 21 0 
5 7 12 16 22 0 
4 5 12 13 19 23 0 
3 7 11 13 21 22 24 0 
1 3 8 11 12 16 18 23 0 
2 6 7 9 17 23 0 
5 10 13 17 20 21 0 
10 13 14 17 18 0 
2 4 5 10 13 14 20 22 0 
1 2 11 14 15 17 0 
5 6 7 11 13 23 0 
6 9 15 21 0 
8 16 18 21 0 
2 11 13 20 0 
5 7 11 22 0 
1 2 5 10 11 12 13 18 22 24 0 
2 7 9 15 17 18 20 21 0 
2 11 23 24 0 
2 4 5 6 13 14 15 19 23 0 
9 13 15 17 18 19 21 0 
1 12 17 18 0 
1 2 4 8 0 
3 4 5 7 8 9 11 12 23 0 
4 10 12 15 17 18 19 22 0 
14 17 18 19 24 0 
1 3 7 11 15 17 19 24 0 
1 3 8 9 11 16 23 0 
1 3 7 13 14 21 0 
4 14 18 23 0 
1 3 5 6 10 12 14 0 
2 3 6 9 14 16 20 0 
3 8 10 16 22 0 
3 10 12 16 20 22 0 
4 7 12 15 16 0 
1 4 14 15 24 0 
1 5 7 10 13 17 18 20 21 0 
1 2 9 10 16 19 0 
1 2 5 8 20 22 0 
2 6 9 10 11 15 22 0 
4 6 10 16 24 0 
1 3 7 15 20 21 23 0 
5 8 10 23 0 
6 17 0 
1 4 11 12 19 21 22 24 0 
2 3 5 6 11 21 22 0 
3 7 11 12 13 16 18 22 24 0 
2 3 9 14 15 16 0 
1 2 6 11 12 18 19 20 0 
2 10 13 15 24 0 
8 17 20 21 22 23 0 
3 10 20 0 
1 2 6 11 12 13 18 19 22 24 0 
1 5 6 7 13 14 17 22 23 0 
7 9 10 22 23 24 0 
4 5 6 8 13 17 18 21 24 0 
4 5 11 12 17 0 
8 11 16 17 21 0 
3 8 9 14 19 20 24 0 
3 6 7 9 15 16 24 0 
1 12 20 21 24 0 
10 11 17 23 0 
3 4 9 12 15 19 0 
1 2 5 23 0 
6 9 13 16 22 23 0 
6 9 11 13 21 0 
3 10 15 17 21 0 
7 15 16 21 22 24 0 
8 9 13 17 22 0 
3 4 8 9 12 13 16 21 0 
2 13 18 19 20 24 0 
4 7 8 21 24 0 
1 2 7 16 17 0 
1 2 3 5 11 20 21 23 24 0 
3 6 7 16 18 21 22 24 0 
1 4 12 14 15 0 
1 8 10 12 21 22 0 
2 4 5 10 14 18 19 22 0 
9 13 14 18 20 21 22 0 
8 10 17 18 0 
9 19 20 0 
1 3 9 11 17 0 
4 5 6 10 13 14 18 0 
1 3 9 15 21 23 0 
2 5 11 15 16 17 23 0 
3 9 10 16 20 0 
6 7 8 21 23 0 
2 3 5 6 13 14 0 
7 9 11 12 15 17 0 
4 12 22 0 
1 2 10 11 12 15 17 0 
5 6 7 9 14 21 23 0 
1 2 6 15 0 
4 7 10 15 21 22 23 24 0 
1 2 3 4 14 19 0 
3 17 0 
3 4 7 8 15 21 0 
6 16 18 19 21 0 
1 5 6 10 11 12 14 0 
1 2 3 6 18 20 21 23 24 0 
7 8 9 18 0 
1 3 9 11 24 0 
10 13 18 19 22 0 
8 9 12 14 16 21 0 
7 8 15 22 0 
3 4 5 8 10 13 20 24 0 
7 11 13 18 19 24 0 
5 6 13 15 18 0 
1 2 5 9 12 21 24 0 
1 6 10 15 19 0 
18 19 23 0 
2 3 17 20 21 0 
7 12 16 19 22 23 0 
2 3 11 12 14 20 24 0 
4 7 9 11 19 22 0 
3 13 17 18 0 
3 15 18 23 0 
4 5 8 14 17 19 0 
1 3 9 12 14 17 22 0 
5 6 9 15 18 24 0 
8 12 15 16 0 
2 15 17 22 0 
5 7 21 23 0 
2 8 12 13 16 24 0 
6 7 9 11 17 18 19 0 
5 9 12 13 15 18 20 0 
3 8 13 14 17 18 0 
8 19 21 24 0 
2 6 11 13 14 19 23 0 
4 6 7 13 21 22 0 
3 5 8 16 20 23 0 
2 3 6 8 9 10 13 17 19 23 0 
2 3 7 8 9 11 13 14 22 23 0 
6 9 11 13 15 22 24 0 
1 5 7 8 9 10 18 0 
10 13 16 17 19 21 22 0 
14 15 0 
5 6 9 11 13 22 0 
1 8 9 12 15 17 20 21 23 0 
1 16 19 21 0 
6 7 15 17 21 24 0 
5 13 15 17 20 21 22 23 24 0 
5 8 17 18 21 24 0 
2 3 5 14 17 18 20 23 0 
1 4 6 17 18 21 23 0 
3 4 8 9 13 16 22 0 
5 11 13 20 24 0 
4 5 7 11 15 16 0 
1 6 15 18 0 
2 8 10 14 16 18 0 
3 6 9 13 15 18 23 0 
1 10 14 24 0 
2 11 12 14 17 0 
1 4 9 11 13 24 0 
3 9 10 18 22 23 24 0 
9 10 12 16 19 23 0 
1 5 12 13 19 20 0 
4 8 9 10 13 19 23 0 
4 5 6 8 23 0 
2 3 4 8 12 13 16 20 22 23 0 
3 7 12 17 0 
2 12 13 17 0 
1 8 10 13 14 22 24 0 
7 9 20 22 0 
8 10 21 22 24 0 
3 7 9 12 17 19 22 0 
7 8 9 10 14 21 0 
8 11 13 17 18 0 
3 6 12 17 19 24 0 
11 16 22 0 
2 8 10 11 16 17 19 0 
4 11 15 18 0 
7 8 9 10 17 19 23 0 
3 12 20 22 0 
1 7 8 14 16 17 20 23 0 
1 3 16 17 21 23 0 
1 2 4 5 8 14 19 0 
8 11 12 14 18 19 23 0 
1 7 9 19 21 0 
3 7 13 14 21 22 0 
3 9 12 16 20 22 0 
6 10 15 18 19 0 
8 10 11 19 23 0 
2 4 8 15 19 0 
3 7 11 17 18 20 0 
2 3 9 17 18 20 21 0 
4 9 14 20 21 0 
3 5 7 17 19 20 0 
3 6 8 11 12 16 19 20 23 24 0 
11 12 16 18 22 0 
6 11 13 15 0 
2 6 8 9 11 14 15 18 0 
2 5 7 9 13 15 22 24 0 
1 11 13 15 16 19 0 
5 7 10 13 15 19 23 0 
1 4 10 14 16 17 21 22 0 
7 12 13 20 23 24 0 
9 10 17 18 20 21 24 0 
4 6 9 10 12 18 21 22 23 24 0 
4 7 11 14 18 19 24 0 
3 4 8 10 11 14 15 16 20 23 0 
1 3 6 8 12 22 23 0 
3 4 6 10 14 20 0 
3 7 8 9 14 15 16 24 0 
3 4 7 14 22 0 
1 2 7 14 24 0 
1 4 5 6 10 11 14 17 0 
4 6 10 11 13 14 19 20 24 0 
1 8 10 11 14 22 23 0 
1 2 4 9 16 0 
1 10 17 20 0 
4 5 8 9 10 21 23 24 0 
3 4 6 13 18 19 21 0 
5 10 16 18 24 0 
3 10 12 15 20 23 0 
1 8 9 11 17 19 22 0 
3 5 8 16 18 21 0 
4 14 17 18 0 
1 3 12 19 20 21 23 0 
1 3 7 10 13 14 17 20 21 0 
11 15 16 19 20 22 0 
3 8 12 13 17 23 0 
2 3 5 7 11 13 18 22 23 0 
6 7 8 13 18 0 
8 13 17 22 23 0 
1 8 14 17 21 22 0 
9 13 20 21 22 24 0 
13 18 21 0 
6 7 8 13 15 16 17 19 0 
2 15 22 24 0 
2 3 8 10 11 0 
6 10 11 13 16 18 0 
1 2 7 12 14 16 18 23 24 0 
5 8 11 16 19 20 22 0 
2 4 7 9 16 21 24 0 
1 3 12 13 14 22 0 
7 9 12 13 14 16 19 21 0 
4 5 6 15 17 24 0 
7 9 23 24 0 
3 8 15 16 17 18 19 20 23 0 
9 10 12 16 17 18 23 0 
3 4 6 7 11 14 17 24 0 
2 3 4 5 7 14 0 
9 13 18 19 21 0 
1 3 4 8 15 0 
1 4 11 13 15 24 0 
10 11 14 16 18 19 21 0 
14 15 16 17 18 20 22 0 
1 2 6 18 23 0 
6 10 11 12 16 22 0 
2 3 14 19 24 0 
1 5 8 9 12 19 20 21 0 
3 6 8 10 11 23 0 
3 5 6 14 15 21 24 0 
1 6 14 15 18 20 24 0 
4 5 8 9 12 13 17 0 
2 4 9 18 21 0 
3 4 12 15 0 
1 12 13 14 18 21 0 
10 14 16 21 24 0 
6 12 16 20 23 0 
2 8 10 17 20 23 0 
14 15 17 18 24 0 
7 12 13 15 17 0 
3 4 13 15 17 18 20 22 24 0 
3 6 9 13 14 0 
2 12 13 21 23 24 0 
4 5 14 18 20 0 
10 11 12 16 18 21 0 
2 8 9 11 13 14 16 21 23 0 
15 19 20 21 0 
5 7 8 15 16 18 0 
7 8 9 22 0 
1 12 18 19 0 
2 3 5 9 15 16 0 
4 6 8 12 13 17 19 24 0 
4 11 12 13 19 21 0 
2 3 4 9 11 15 0 
8 9 10 11 22 23 0 
3 6 8 13 14 16 20 24 0 
6 9 19 20 21 22 24 0 
9 11 16 17 18 19 21 22 23 0 
-5 -6 -9 -11 -16 -19 0 
-4 -5 -13 -14 -19 -21 -24 0 
-13 -14 -18 -19 -20 -23 0 
-4 -5 -7 -8 -11 -12 -18 -19 -20 -24 0 
-1 -2 -16 -23 0 
-6 -11 -18 0 
-2 -3 -8 -10 -12 -24 0 
-2 -4 -10 -12 -20 -22 0 
-1 -4 -5 -12 -14 -24 0 
-4 -12 -16 -20 -21 -23 0 
-7 -8 -9 -10 -12 -14 -24 0 
-2 -7 -11 -13 -14 -18 0 
-3 -5 -9 -11 -20 -21 -23 0 
-1 -5 -10 -13 -14 -17 -18 -20 -22 -23 0 
-2 -7 -12 -14 -17 -20 -21 -24 0 
-4 -7 -13 -17 -21 -24 0 
-2 -8 -13 -15 -18 -20 0 
-1 -5 -11 -12 -15 -16 -19 0 
-7 -12 -13 -15 -23 0 
-5 -9 -11 -18 -22 0 
-1 -4 -11 -12 -14 -22 -23 0 
-3 -4 -7 -11 -13 0 
-1 -2 -4 -6 -18 -23 0 
-1 -2 -7 -9 -10 -11 -16 -20 -24 0 
-1 -2 -3 -6 -8 -10 -14 -16 -20 -21 0 
-1 -19 -24 0 
-6 -9 -12 -15 -18 -20 0 
-1 -3 -12 -13 -19 0 
-5 -6 -8 -10 -12 -13 0 
-1 -8 -10 -18 -20 0 
-4 -11 -13 -15 -18 -24 0 
-1 -18 -21 -23 0 
-5 -11 -13 -17 0 
-6 -7 -8 -9 -11 -12 -18 -19 -23 -24 0 
-3 -5 -11 -12 -16 -19 -20 -24 0 
-5 -8 -16 -21 -22 0 
-5 -11 -23 -24 0 
-3 -15 -16 -21 0 
-4 -7 -11 -14 -22 -24 0 
-1 -3 -11 -20 -22 -23 0 
-4 -8 -12 -16 -19 0 
-2 -4 -10 -12 -15 -22 -24 0 
-1 -6 -7 -19 -24 0 
-1 -5 -7 -15 -18 -24 0 
-5 -7 -13 -14 -15 -19 -20 -22 -24 0 
-2 -3 -10 -21 -23 0 
-3 -4 -7 -11 -12 -14 -21 0 
-3 -7 -14 -15 -23 0 
-1 -12 -13 -15 0 
-4 -5 -8 -10 -15 -18 -21 -23 0 
-6 -9 -11 -12 -19 -21 0 
-3 -4 -15 -18 -19 -20 0 
-6 -8 -12 -16 -17 -19 -20 0 
-1 -7 -9 -17 -18 -20 -21 -22 -24 0 
-2 -6 -8 -12 -13 -18 -20 0 
-1 -5 -7 -11 -16 -24 0 
-3 -5 -6 -8 -9 -13 -16 -18 -20 -22 0 
-6 -9 -12 -18 -20 -23 -24 0 
-2 -5 -6 -11 -15 -17 0 
-3 -8 -12 -21 0 
-5 -6 -8 -9 -12 -14 -18 -21 0 
-4 -5 -14 -15 -19 -20 0 
-2 -4 -5 -16 -17 -18 -19 -21 -22 -24 0 
-4 -10 -17 -18 -20 -21 -23 -24 0 
-3 -7 -9 -10 -13 -14 -21 -22 -24 0 
-4 -11 -17 -23 0 
-7 -9 -14 -19 0 
-1 -2 -5 -7 -13 -15 -16 -17 -18 -22 0 
-3 -6 -11 -24 0 
-3 -6 -7 -12 -18 -22 0 
-2 -5 -8 -11 0 
-3 -8 -16 -17 -19 -20 -22 -23 0 
-8 -11 -17 0 
-3 -4 -5 -7 -10 -12 -16 -18 -22 -24 0 
-11 -12 -14 -15 -22 0 
-4 -5 -7 -11 -13 -15 -19 -22 0 
-4 -5 -6 -9 -13 -15 0 
-3 -4 -6 -14 -22 -24 0 
-21 -22 -23 0 
-2 -7 -10 -11 -23 0 
-3 -5 -6 -10 -14 -16 -24 0 
-9 -12 -19 -21 0 
-6 -10 -12 -15 -16 -19 -21 0 
-1 -6 -11 -13 -19 0 
-2 -14 -16 -17 -20 0 
-2 -6 -7 -8 -13 -15 -19 -20 -24 0 
-1 -2 -4 -8 -23 0 
-2 -3 -9 -13 -17 -21 0 
-1 -2 -9 -10 -14 -15 -16 -21 0 
-2 -7 -8 -10 -13 -21 -23 -24 0 
-3 -7 -9 -12 -14 -15 -16 -21 -23 -24 0 
-1 -5 -7 -9 -14 -20 0 
-2 -6 -7 -18 -22 -23 -24 0 
-3 -15 -17 -20 -23 0 
-12 -15 -16 -18 -21 0 
-4 -6 -10 -14 -16 -21 0 
-5 -9 -15 0 
-3 -9 -16 -17 -20 0 
-10 -16 -18 -20 0 
-2 -3 -5 -6 -7 -8 -9 -11 -14 -15 -18 -19 0 
-1 -12 -14 0 
-3 -4 -13 -23 0 
-3 -4 -6 -11 -15 0 
-5 -9 -24 0 
-4 -5 -12 -18 0 
-7 -12 -17 -18 -19 -23 0 
-3 -12 -14 -18 -20 0 
-6 -20 -23 -24 0 
-1 -7 -10 -15 -17 -18 0 
-7 -11 -14 -16 -22 -24 0 
-8 -11 -13 -18 -21 0 
-4 -6 -14 -15 -20 0 
-1 -4 -5 -6 -9 -10 -16 -19 -21 0 
-2 -7 -10 -12 -14 -17 -23 0 
-2 -6 -7 -10 -15 -18 0 
-11 -22 0 
-1 -5 -13 -14 -19 -20 -21 0 
-4 -6 -12 -17 -18 -24 0 
-3 -7 -11 -13 -16 -21 -22 0 
-3 -17 -19 -20 -21 0 
-5 -7 -12 -16 -22 0 
-4 -5 -12 -13 -19 -23 0 
-3 -7 -11 -13 -21 -22 -24 0 
-1 -3 -8 -11 -12 -16 -18 -23 0 
-2 -6 -7 -9 -17 -23 0 
-5 -10 -13 -17 -20 -21 0 
-10 -13 -14 -17 -18 0 
-2 -4 -5 -10 -13 -14 -20 -22 0 
-1 -2 -11 -14 -15 -17 0 
-5 -6 -7 -11 -13 -23 0 
-6 -9 -15 -21 0 
-8 -16 -18 -21 0 
-2 -11 -13 -20 0 
-5 -7 -11 -22 0 
-1 -2 -5 -10 -11 -12 -13 -18 -22 -24 0 
-2 -7 -9 -15 -17 -18 -20 -21 0 
-2 -11 -23 -24 0 
-2 -4 -5 -6 -13 -14 -15 -19 -23 0 
-9 -13 -15 -17 -18 -19 -21 0 
-1 -12 -17 -18 0 
-1 -2 -4 -8 0 
-3 -4 -5 -7 -8 -9 -11 -12 -23 0 
-4 -10 -12 -15 -17 -18 -19 -22 0 
-14 -17 -18 -19 -24 0 
-1 -3 -7 -11 -15 -17 -19 -24 0 
-1 -3 -8 -9 -11 -16 -23 0 
-1 -3 -7 -13 -14 -21 0 
-4 -14 -18 -23 0 
-1 -3 -5 -6 -10 -12 -14 0 
-2 -3 -6 -9 -14 -16 -20 0 
-3 -8 -10 -16 -22 0 
-3 -10 -12 -16 -20 -22 0 
-4 -7 -12 -15 -16 0 
-1 -4 -14 -15 -24 0 
-1 -5 -7 -10 -13 -17 -18 -20 -21 0 
-1 -2 -9 -10 -16 -19 0 
-1 -2 -5 -8 -20 -22 0 
-2 -6 -9 -10 -11 -15 -22 0 
-4 -6 -10 -16 -24 0 
-1 -3 -7 -15 -20 -21 -23 0 
-5 -8 -10 -23 0 
-6 -17 0 
-1 -4 -11 -12 -19 -21 -22 -24 0 
-2 -3 -5 -6 -11 -21 -22 0 
-3 -7 -11 -12 -13 -16 -18 -22 -24 0 
-2 -3 -9 -14 -15 -16 0 
-1 -2 -6 -11 -12 -18 -19 -20 0 
-2 -10 -13 -15 -24 0 
-8 -17 -20 -21 -22 -23 0 
-3 -10 -20 0 
-1 -2 -6 -11 -12 -13 -18 -19 -22 -24 0 
-1 -5 -6 -7 -13 -14 -17 -22 -23 0 
-7 -9 -10 -22 -23 -24 0 
-4 -5 -6 -8 -13 -17 -18 -21 -24 0 
-4 -5 -11 -12 -17 0 
-8 -11 -16 -17 -21 0 
-3 -8 -9 -14 -19 -20 -24 0 
-3 -6 -7 -9 -15 -16 -24 0 
-1 -12 -20 -21 -24 0 
-10 -11 -17 -23 0 
-3 -4 -9 -12 -15 -19 0 
-1 -2 -5 -23 0 
-6 -9 -13 -16 -22 -23 0 
-6 -9 -11 -13 -21 0 
-3 -10 -15 -17 -21 0 
-7 -15 -16 -21 -22 -24 0 
-8 -9 -13 -17 -22 0 
-3 -4 -8 -9 -12 -13 -16 -21 0 
-2 -13 -18 -19 -20 -24 0 
-4 -7 -8 -21 -24 0 
-1 -2 -7 -16 -17 0 
-1 -2 -3 -5 -11 -20 -21 -23 -24 0 
-3 -6 -7 -16 -18 -21 -22 -24 0 
-1 -4 -12 -14 -15 0 
-1 -8 -10 -12 -21 -22 0 
-2 -4 -5 -10 -14 -18 -19 -22 0 
-9 -13 -14 -18 -20 -21 -22 0 
-8 -10 -17 -18 0 
-9 -19 -20 0 
-1 -3 -9 -11 -17 0 
-4 -5 -6 -10 -13 -14 -18 0 
-1 -3 -9 -15 -21 -23 0 
-2 -5 -11 -15 -16 -17 -23 0 
-3 -9 -10 -16 -20 0 
-6 -7 -8 -21 -23 0 
-2 -3 -5 -6 -13 -14 0 
-7 -9 -11 -12 -15 -17 0 
-4 -12 -22 0 
-1 -2 -10 -11 -12 -15 -17 0 
-5 -6 -7 -9 -14 -21 -23 0 
-1 -2 -6 -15 0 
-4 -7 -10 -15 -21 -22 -23 -24 0 
-1 -2 -3 -4 -14 -19 0 
-3 -17 0 
-3 -4 -7 -8 -15 -21 0 
-6 -16 -18 -19 -21 0 
-1 -5 -6 -10 -11 -12 -14 0 
-1 -2 -3 -6 -18 -20 -21 -23 -24 0 
-7 -8 -9 -18 0 
-1 -3 -9 -11 -24 0 
-10 -13 -18 -19 -22 0 
-8 -9 -12 -14 -16 -21 0 
-7 -8 -15 -22 0 
-3 -4 -5 -8 -10 -13 -20 -24 0 
-7 -11 -13 -18 -19 -24 0 
-5 -6 -13 -15 -18 0 
-1 -2 -5 -9 -12 -21 -24 0 
-1 -6 -10 -15 -19 0 
-18 -19 -23 0 
-2 -3 -17 -20 -21 0 
-7 -12 -16 -19 -22 -23 0 
-2 -3 -11 -12 -14 -20 -24 0 
-4 -7 -9 -11 -19 -22 0 
-3 -13 -17 -18 0 
-3 -15 -18 -23 0 
-4 -5 -8 -14 -17 -19 0 
-1 -3 -9 -12 -14 -17 -22 0 
-5 -6 -9 -15 -18 -24 0 
-8 -12 -15 -16 0 
-2 -15 -17 -22 0 
-5 -7 -21 -23 0 
-2 -8 -12 -13 -16 -24 0 
-6 -7 -9 -11 -17 -18 -19 0 
-5 -9 -12 -13 -15 -18 -20 0 
-3 -8 -13 -14 -17 -18 0 
-8 -19 -21 -24 0 
-2 -6 -11 -13 -14 -19 -23 0 
-4 -6 -7 -13 -21 -22 0 
-3 -5 -8 -16 -20 -23 0 
-2 -3 -6 -8 -9 -10 -13 -17 -19 -23 0 
-2 -3 -7 -8 -9 -11 -13 -14 -22 -23 0 
-6 -9 -11 -13 -15 -22 -24 0 
-1 -5 -7 -8 -9 -10 -18 0 
-10 -13 -16 -17 -19 -21 -22 0 
-14 -15 0 
-5 -6 -9 -11 -13 -22 0 
-1 -8 -9 -12 -15 -17 -20 -21 -23 0 
-1 -16 -19 -21 0 
-6 -7 -15 -17 -21 -24 0 
-5 -13 -15 -17 -20 -21 -22 -23 -24 0 
-5 -8 -17 -18 -21 -24 0 
-2 -3 -5 -14 -17 -18 -20 -23 0 
-1 -4 -6 -17 -18 -21 -23 0 
-3 -4 -8 -9 -13 -16 -22 0 
-5 -11 -13 -20 -24 0 
-4 -5 -7 -11 -15 -16 0 
-1 -6 -15 -18 0 
-2 -8 -10 -14 -16 -18 0 
-3 -6 -9 -13 -15 -18 -23 0 
-1 -10 -14 -24 0 
-2 -11 -12 -14 -17 0 
-1 -4 -9 -11 -13 -24 0 
-3 -9 -10 -18 -22 -23 -24 0 
-9 -10 -12 -16 -19 -23 0 
-1 -5 -12 -13 -19 -20 0 
-4 -8 -9 -10 -13 -19 -23 0 
-4 -5 -6 -8 -23 0 
-2 -3 -4 -8 -12 -13 -16 -20 -22 -23 0 
-3 -7 -12 -17 0 
-2 -12 -13 -17 0 
-1 -8 -10 -13 -14 -22 -24 0 
-7 -9 -20 -22 0 
-8 -10 -21 -22 -24 0 
-3 -7 -9 -12 -17 -19 -22 0 
-7 -8 -9 -10 -14 -21 0 
-8 -11 -13 -17 -18 0 
-3 -6 -12 -17 -19 -24 0 
-11 -16 -22 0 
-2 -8 -10 -11 -16 -17 -19 0 
-4 -11 -15 -18 0 
-7 -8 -9 -10 -17 -19 -23 0 
-3 -12 -20 -22 0 
-1 -7 -8 -14 -16 -17 -20 -23 0 
-1 -3 -16 -17 -21 -23 0 
-1 -2 -4 -5 -8 -14 -19 0 
-8 -11 -12 -14 -18 -19 -23 0 
-1 -7 -9 -19 -21 0 
-3 -7 -13 -14 -21 -22 0 
-3 -9 -12 -16 -20 -22 0 
-6 -10 -15 -18 -19 0 
-8 -10 -11 -19 -23 0 
-2 -4 -8 -15 -19 0 
-3 -7 -11 -17 -18 -20 0 
-2 -3 -9 -17 -18 -20 -21 0 
-4 -9 -14 -20 -21 0 
-3 -5 -7 -17 -19 -20 0 
-3 -6 -8 -11 -12 -16 -19 -20 -23 -24 0 
-11 -12 -16 -18 -22 0 
-6 -11 -13 -15 0 
-2 -6 -8 -9 -11 -14 -15 -18 0 
-2 -5 -7 -9 -13 -15 -22 -24 0 
-1 -11 -13 -15 -16 -19 0 
-5 -7 -10 -13 -15 -19 -23 0 
-1 -4 -10 -14 -16 -17 -21 -22 0 
-7 -12 -13 -20 -23 -24 0 
-9 -10 -17 -18 -20 -21 -24 0 
-4 -6 -9 -10 -12 -18 -21 -22 -23 -24 0 
-4 -7 -11 -14 -18 -19 -24 0 
-3 -4 -8 -10 -11 -14 -15 -16 -20 -23 0 
-1 -3 -6 -8 -12 -22 -23 0 
-3 -4 -6 -10 -14 -20 0 
-3 -7 -8 -9 -14 -15 -16 -24 0 
-3 -4 -7 -14 -22 0 
-1 -2 -7 -14 -24 0 
-1 -4 -5 -6 -10 -11 -14 -17 0 
-4 -6 -10 -11 -13 -14 -19 -20 -24 0 
-1 -8 -10 -11 -14 -22 -23 0 
-1 -2 -4 -9 -16 0 
-1 -10 -17 -20 0 
-4 -5 -8 -9 -10 -21 -23 -24 0 
-3 -4 -6 -13 -18 -19 -21 0 
-5 -10 -16 -18 -24 0 
-3 -10 -12 -15 -20 -23 0 
-1 -8 -9 -11 -17 -19 -22 0 
-3 -5 -8 -16 -18 -21 0 
-4 -14 -17 -18 0 
-1 -3 -12 -19 -20 -21 -23 0 
-1 -3 -7 -10 -13 -14 -17 -20 -21 0 
-11 -15 -16 -19 -20 -22 0 
-3 -8 -12 -13 -17 -23 0 
-2 -3 -5 -7 -11 -13 -18 -22 -23 0 
-6 -7 -8 -13 -18 0 
-8 -13 -17 -22 -23 0 
-1 -8 -14 -17 -21 -22 0 
-9 -13 -20 -21 -22 -24 0 
-13 -18 -21 0 
-6 -7 -8 -13 -15 -16 -17 -19 0 
-2 -15 -22 -24 0 
-2 -3 -8 -10 -11 0 
-6 -10 -11 -13 -16 -18 0 
-1 -2 -7 -12 -14 -16 -18 -23 -24 0 
-5 -8 -11 -16 -19 -20 -22 0 
-2 -4 -7 -9 -16 -21 -24 0 
-1 -3 -12 -13 -14 -22 0 
-7 -9 -12 -13 -14 -16 -19 -21 0 
-4 -5 -6 -15 -17 -24 0 
-7 -9 -23 -24 0 
-3 -8 -15 -16 -17 -18 -19 -20 -23 0 
-9 -10 -12 -16 -17 -18 -23 0 
-3 -4 -6 -7 -11 -14 -17 -24 0 
-2 -3 -4 -5 -7 -14 0 
-9 -13 -18 -19 -21 0 
-1 -3 -4 -8 -15 0 
-1 -4 -11 -13 -15 -24 0 
-10 -11 -14 -16 -18 -19 -21 0 
-14 -15 -16 -17 -18 -20 -22 0 
-1 -2 -6 -18 -23 0 
-6 -10 -11 -12 -16 -22 0 
-2 -3 -14 -19 -24 0 
-1 -5 -8 -9 -12 -19 -20 -21 0 
-3 -6 -8 -10 -11 -23 0 
-3 -5 -6 -14 -15 -21 -24 0 
-1 -6 -14 -15 -18 -20 -24 0 
-4 -5 -8 -9 -12 -13 -17 0 
-2 -4 -9 -18 -21 0 
-3 -4 -12 -15 0 
-1 -12 -13 -14 -18 -21 0 
-10 -14 -16 -21 -24 0 
-6 -12 -16 -20 -23 0 
-2 -8 -10 -17 -20 -23 0 
-14 -15 -17 -18 -24 0 
-7 -12 -13 -15 -17 0 
-3 -4 -13 -15 -17 -18 -20 -22 -24 0 
-3 -6 -9 -13 -14 0 
-2 -12 -13 -21 -23 -24 0 
-4 -5 -14 -18 -20 0 
-10 -11 -12 -16 -18 -21 0 
-2 -8 -9 -11 -13 -14 -16 -21 -23 0 
-15 -19 -20 -21 0 
-5 -7 -8 -15 -16 -18 0 
-7 -8 -9 -22 0 
-1 -12 -18 -19 0 
-2 -3 -5 -9 -15 -16 0 
-4 -6 -8 -12 -13 -17 -19 -24 0 
-4 -11 -12 -13 -19 -21 0 
-2 -3 -4 -9 -11 -15 0 
-8 -9 -10 -11 -22 -23 0 
-3 -6 -8 -13 -14 -16 -20 -24 0 
-6 -9 -19 -20 -21 -22 -24 0 
-9 -11 -16 -17 -18 -19 -21 -22 -23 0 
