p cnf 25 800
9 14 20 24 0 
2 4 13 14 15 16 17 24 25 0 
14 16 18 0 
2 7 11 13 15 16 18 0 
10 14 17 22 0 
3 4 5 6 8 16 25 0 
2 5 6 7 9 16 17 18 24 0 
7 13 18 24 0 
2 8 11 12 14 21 0 
1 4 9 16 18 19 23 0 
2 4 5 7 14 16 22 24 0 
6 7 9 11 14 21 0 
8 14 23 24 0 
2 3 6 9 12 16 19 0 
1 2 3 5 7 17 18 22 23 0 
3 9 11 19 21 23 0 
4 5 10 14 18 19 23 24 0 
2 4 14 16 18 19 20 24 0 
3 5 9 13 16 21 22 0 
3 5 11 15 17 19 20 0 
4 7 14 18 22 0 
1 4 6 7 11 13 15 20 25 0 
3 4 7 13 14 17 18 0 
15 20 21 24 0 
2 4 5 10 14 25 0 
3 5 12 14 16 17 21 0 
6 10 13 16 22 24 25 0 
2 11 13 15 18 23 24 25 0 
2 5 6 14 0 
2 4 11 16 17 18 20 21 22 25 0 
7 9 15 23 0 
1 2 3 4 8 13 0 
6 13 15 18 20 24 0 
1 16 18 19 0 
2 8 14 20 22 0 
1 6 7 10 14 16 19 24 0 
3 4 6 8 9 13 15 16 17 22 0 
8 9 10 15 17 20 21 22 0 
7 10 12 17 21 24 0 
2 3 7 10 12 17 18 25 0 
2 4 8 22 0 
9 11 12 22 0 
2 7 9 16 17 19 25 0 
15 18 22 0 
1 2 12 14 17 24 0 
13 14 15 21 0 
1 3 8 9 13 14 24 0 
1 4 8 9 12 22 24 0 
9 14 16 21 25 0 
7 9 10 12 15 19 20 0 
1 2 8 13 20 22 0 
7 12 24 25 0 
3 6 8 20 0 
4 9 12 21 24 0 
6 11 15 21 22 23 25 0 
2 5 6 9 13 15 18 23 0 
1 9 15 18 20 23 0 
1 8 13 15 17 18 25 0 
10 11 16 22 25 0 
1 4 7 20 0 
3 7 10 12 14 23 25 0 
3 8 9 11 16 17 20 22 23 0 
8 13 19 22 23 0 
1 3 7 8 16 17 19 22 23 24 0 
1 3 5 10 14 17 18 22 0 
12 13 14 18 20 25 0 
3 7 8 10 11 12 13 16 17 20 0 
2 4 16 20 21 0 
5 7 10 18 19 23 0 
9 12 17 19 20 21 22 23 0 
3 4 5 19 21 0 
4 9 10 13 16 23 0 
1 3 14 15 23 0 
5 10 13 14 17 18 20 21 0 
4 15 18 19 24 25 0 
1 5 11 12 17 20 21 23 0 
2 10 12 17 19 22 0 
1 9 11 12 13 14 0 
4 11 15 17 18 23 0 
1 3 8 11 13 18 23 0 
1 2 5 6 7 10 20 23 24 0 
2 7 14 15 18 21 24 25 0 
3 6 7 11 12 16 20 22 0 
2 4 5 6 7 8 9 18 23 0 
1 3 4 8 9 12 20 0 
1 2 6 9 11 14 16 0 
6 14 15 24 0 
5 7 9 11 13 0 
1 3 5 12 17 18 22 0 
1 8 9 19 20 0 
1 5 10 13 14 22 24 25 0 
1 5 12 14 21 23 25 0 
1 7 9 14 17 19 20 0 
2 10 11 18 21 25 0 
3 5 8 11 12 16 20 21 23 24 0 
1 3 7 14 16 22 0 
1 4 6 8 11 18 0 
6 14 16 19 25 0 
8 9 10 19 21 0 
1 3 4 6 10 13 18 0 
8 10 11 19 22 25 0 
1 7 12 16 21 22 23 0 
5 6 23 24 0 
2 5 6 7 11 12 16 22 0 
5 9 14 21 23 24 0 
1 3 5 7 8 13 21 23 24 0 
5 9 21 23 0 
2 4 10 17 19 0 
2 9 12 13 25 0 
2 3 15 23 24 25 0 
3 4 5 10 15 0 
4 5 9 13 14 21 24 25 0 
6 9 12 13 0 
1 7 10 15 16 17 18 21 24 25 0 
10 13 18 21 22 0 
6 11 13 14 16 17 18 0 
7 10 13 22 25 0 
5 12 18 20 0 
4 13 17 21 0 
1 9 13 25 0 
7 8 9 10 12 13 14 17 24 0 
3 4 5 6 11 18 0 
9 16 21 0 
4 5 9 11 13 16 17 18 21 23 0 
2 6 8 15 22 25 0 
7 8 15 23 24 0 
3 4 5 6 9 13 14 15 0 
1 6 12 17 24 0 
3 4 9 11 22 23 25 0 
2 11 15 20 0 
11 12 16 22 0 
1 3 9 22 24 0 
1 3 15 20 21 0 
1 2 4 7 18 20 22 0 
2 18 23 0 
1 7 14 19 0 
4 14 19 25 0 
10 11 12 15 16 18 22 25 0 
3 4 8 19 20 0 
6 12 13 14 15 18 0 
4 8 14 15 17 23 0 
8 14 15 16 18 22 24 0 
10 17 19 21 25 0 
7 13 14 23 0 
4 7 10 11 13 14 0 
14 16 19 24 0 
4 13 14 19 21 23 24 0 
4 10 12 20 24 0 
5 9 10 14 17 18 25 0 
4 7 11 12 14 16 24 25 0 
1 16 18 21 25 0 
4 11 13 18 19 21 0 
1 16 17 18 19 20 0 
5 10 16 17 24 25 0 
2 3 5 11 0 
5 8 16 21 25 0 
2 8 14 15 18 22 0 
1 8 13 17 18 22 25 0 
1 2 17 20 23 0 
9 17 18 24 25 0 
1 5 11 13 22 24 25 0 
1 9 13 17 18 21 0 
7 19 24 0 
2 6 9 12 18 19 21 23 24 0 
4 5 11 15 19 20 25 0 
1 4 9 15 16 17 21 22 23 0 
1 3 7 8 12 14 15 16 18 19 21 22 0 
5 9 11 19 23 24 25 0 
1 3 11 13 25 0 
3 6 9 14 15 18 0 
6 12 16 24 0 
2 3 7 11 18 19 20 0 
6 8 10 15 19 23 24 0 
5 15 20 21 25 0 
8 16 17 22 0 
1 3 13 17 18 0 
16 19 20 21 22 23 25 0 
4 8 14 16 21 25 0 
5 8 10 16 19 22 0 
6 8 9 12 15 22 0 
9 10 14 20 23 0 
1 6 11 12 17 0 
3 4 6 7 10 18 0 
1 4 11 12 19 21 0 
1 3 4 6 7 9 12 15 17 23 25 0 
1 8 11 20 22 23 0 
10 16 17 23 24 0 
2 7 9 15 17 21 23 25 0 
4 13 14 15 16 18 19 0 
2 6 9 13 14 24 0 
2 3 5 6 8 9 13 15 20 25 0 
9 14 15 20 21 22 25 0 
11 12 22 0 
1 7 15 17 0 
2 4 11 13 15 18 19 0 
9 11 12 14 17 19 0 
2 12 14 16 0 
4 6 8 9 14 15 16 19 22 25 0 
1 8 9 18 19 22 24 0 
13 14 16 17 22 0 
1 3 8 9 10 12 23 0 
3 6 7 16 21 22 23 0 
3 12 13 14 18 0 
1 4 5 11 18 0 
10 14 19 25 0 
2 4 8 17 25 0 
1 4 15 24 25 0 
8 17 18 20 24 0 
4 13 15 17 22 0 
2 6 7 10 15 21 23 24 0 
3 7 13 17 25 0 
5 6 9 18 21 24 0 
13 15 16 19 20 23 24 0 
11 13 16 21 0 
7 15 17 18 0 
1 7 10 14 15 16 18 24 0 
6 8 10 13 14 16 21 22 23 0 
1 3 5 18 24 0 
2 3 9 10 12 15 24 0 
4 8 11 16 21 22 0 
5 8 11 14 16 24 0 
4 6 15 20 21 0 
3 5 6 23 24 0 
10 11 12 13 14 17 22 23 0 
3 7 13 18 22 0 
7 14 17 18 0 
8 12 15 16 22 23 0 
2 5 7 10 12 13 14 23 0 
1 2 4 6 9 15 21 24 0 
1 5 9 14 15 22 0 
9 12 13 14 18 0 
3 5 9 12 20 22 0 
1 2 11 12 13 19 21 0 
5 8 11 15 24 0 
3 13 16 23 0 
1 3 4 8 14 21 24 0 
7 11 19 23 0 
7 13 24 0 
4 5 12 15 16 19 0 
2 15 18 0 
1 6 20 0 
4 12 15 20 23 25 0 
10 12 14 16 20 25 0 
5 6 12 13 14 23 0 
3 8 9 15 0 
21 23 0 
2 3 4 7 10 13 15 20 22 0 
3 11 18 23 24 25 0 
3 4 15 16 17 22 23 0 
8 22 23 24 25 0 
15 17 0 
5 6 9 24 0 
2 7 8 9 12 13 14 15 16 20 0 
2 4 5 6 16 19 0 
6 7 8 11 18 19 21 23 0 
11 12 17 19 25 0 
2 7 15 16 0 
3 10 17 18 19 24 0 
5 10 13 14 17 21 23 0 
1 6 8 10 12 16 20 24 25 0 
5 7 10 11 12 16 23 0 
9 11 13 18 19 20 0 
2 3 5 7 11 14 20 24 0 
1 3 4 5 9 13 14 19 22 0 
2 5 9 24 0 
1 15 18 24 25 0 
2 3 8 23 0 
2 4 11 14 19 22 23 0 
1 4 7 10 21 0 
2 8 10 15 21 24 0 
7 10 12 19 22 0 
9 12 14 16 18 0 
11 15 0 
3 7 16 17 25 0 
2 3 7 11 14 21 22 0 
3 4 7 11 12 14 24 25 0 
1 2 8 12 14 15 19 22 0 
8 9 11 12 13 20 21 23 0 
2 3 4 5 8 15 19 0 
5 6 8 9 16 20 21 0 
1 4 6 12 16 22 0 
4 5 10 15 16 18 21 23 0 
2 6 7 8 9 16 24 25 0 
6 14 15 19 20 23 25 0 
1 2 5 15 16 0 
9 18 20 23 24 0 
1 7 16 18 20 21 24 0 
1 2 12 13 15 0 
1 6 21 25 0 
4 8 15 19 0 
6 8 14 16 0 
2 3 4 7 11 13 14 17 18 21 22 0 
2 3 4 17 23 0 
6 7 9 25 0 
2 3 5 9 10 11 12 14 15 16 23 24 0 
3 5 7 11 13 19 22 24 0 
8 10 14 15 17 22 24 0 
7 9 10 13 16 18 21 24 0 
2 9 13 15 18 21 22 0 
3 12 17 20 24 0 
2 6 10 16 25 0 
8 9 10 11 12 13 22 23 0 
4 5 9 10 0 
8 11 16 20 23 0 
1 3 12 0 
6 7 17 20 25 0 
3 4 5 7 9 11 16 19 25 0 
1 7 9 13 16 21 22 24 25 0 
15 17 21 0 
1 6 10 11 16 20 0 
4 5 6 7 0 
2 19 21 23 0 
14 19 21 23 0 
9 11 16 20 0 
7 11 13 14 22 23 24 0 
5 8 22 24 0 
2 9 17 19 22 0 
7 8 14 17 18 20 0 
1 3 4 12 15 16 17 18 23 0 
1 9 10 11 13 0 
3 9 14 15 17 18 20 23 0 
2 4 10 18 23 25 0 
1 2 5 8 11 12 14 20 21 25 0 
6 15 19 21 23 24 0 
7 12 21 0 
3 4 12 14 15 16 17 18 19 0 
1 7 10 13 14 15 23 24 25 0 
6 18 21 0 
1 5 12 14 18 0 
1 3 14 16 18 19 0 
3 10 14 16 23 0 
1 6 10 11 14 22 23 0 
2 3 8 11 15 17 19 20 21 24 0 
1 3 5 9 10 11 16 20 22 0 
1 3 4 10 17 19 21 22 25 0 
3 7 9 10 11 12 14 18 24 0 
7 10 12 13 14 17 19 20 24 0 
2 9 12 15 0 
1 4 6 8 11 15 17 21 0 
1 7 14 18 19 23 24 0 
6 7 14 23 0 
3 6 10 11 12 19 25 0 
5 14 20 23 0 
4 5 17 18 25 0 
7 10 16 20 23 0 
3 6 9 11 12 15 17 20 23 0 
4 5 7 12 14 21 22 0 
1 2 4 13 24 0 
7 8 10 12 18 25 0 
1 3 8 10 13 14 25 0 
3 4 8 11 21 22 23 24 0 
9 14 17 0 
1 4 6 10 16 21 23 0 
1 3 4 9 15 0 
12 13 20 22 0 
4 8 12 13 15 18 0 
4 9 11 14 16 18 23 0 
2 4 11 16 18 20 21 24 0 
20 24 0 
4 9 12 15 17 21 23 24 0 
15 16 17 23 25 0 
2 6 15 16 20 21 24 25 0 
3 4 11 16 19 20 21 25 0 
3 4 7 14 16 19 25 0 
1 7 13 15 20 0 
2 4 6 7 12 15 0 
3 5 8 10 14 19 23 0 
2 7 8 14 20 0 
4 5 6 7 19 24 0 
3 15 16 17 24 0 
4 5 8 11 13 25 0 
4 5 6 9 13 21 0 
2 5 6 11 14 19 22 24 0 
1 2 4 5 12 14 0 
9 10 15 16 19 20 22 23 24 25 0 
13 17 18 19 22 23 0 
2 3 8 14 21 23 0 
5 9 19 0 
1 8 18 21 0 
1 2 10 12 17 20 22 0 
4 7 8 9 12 15 23 24 0 
1 2 5 15 16 19 24 0 
1 3 4 5 7 12 14 20 0 
5 6 10 13 17 0 
3 6 10 21 24 25 0 
2 10 11 12 14 20 22 0 
3 11 12 15 16 19 0 
8 10 17 18 25 0 
4 5 9 19 20 25 0 
1 6 7 12 21 24 0 
4 14 16 20 0 
3 5 8 15 21 23 0 
1 10 17 22 23 0 
1 4 7 9 11 12 19 25 0 
1 8 21 23 24 0 
2 5 11 21 24 0 
2 4 5 6 12 25 0 
5 7 11 13 17 22 0 
2 3 6 9 14 15 18 19 20 22 0 
7 9 14 0 
-9 -14 -20 -24 0 
-2 -4 -13 -14 -15 -16 -17 -24 -25 0 
-14 -16 -18 0 
-2 -7 -11 -13 -15 -16 -18 0 
-10 -14 -17 -22 0 
-3 -4 -5 -6 -8 -16 -25 0 
-2 -5 -6 -7 -9 -16 -17 -18 -24 0 
-7 -13 -18 -24 0 
-2 -8 -11 -12 -14 -21 0 
-1 -4 -9 -16 -18 -19 -23 0 
-2 -4 -5 -7 -14 -16 -22 -24 0 
-6 -7 -9 -11 -14 -21 0 
-8 -14 -23 -24 0 
-2 -3 -6 -9 -12 -16 -19 0 
-1 -2 -3 -5 -7 -17 -18 -22 -23 0 
-3 -9 -11 -19 -21 -23 0 
-4 -5 -10 -14 -18 -19 -23 -24 0 
-2 -4 -14 -16 -18 -19 -20 -24 0 
-3 -5 -9 -13 -16 -21 -22 0 
-3 -5 -11 -15 -17 -19 -20 0 
-4 -7 -14 -18 -22 0 
-1 -4 -6 -7 -11 -13 -15 -20 -25 0 
-3 -4 -7 -13 -14 -17 -18 0 
-15 -20 -21 -24 0 
-2 -4 -5 -10 -14 -25 0 
-3 -5 -12 -14 -16 -17 -21 0 
-6 -10 -13 -16 -22 -24 -25 0 
-2 -11 -13 -15 -18 -23 -24 -25 0 
-2 -5 -6 -14 0 
-2 -4 -11 -16 -17 -18 -20 -21 -22 -25 0 
-7 -9 -15 -23 0 
-1 -2 -3 -4 -8 -13 0 
-6 -13 -15 -18 -20 -24 0 
-1 -16 -18 -19 0 
-2 -8 -14 -20 -22 0 
-1 -6 -7 -10 -14 -16 -19 -24 0 
-3 -4 -6 -8 -9 -13 -15 -16 -17 -22 0 
-8 -9 -10 -15 -17 -20 -21 -22 0 
-7 -10 -12 -17 -21 -24 0 
-2 -3 -7 -10 -12 -17 -18 -25 0 
-2 -4 -8 -22 0 
-9 -11 -12 -22 0 
-2 -7 -9 -16 -17 -19 -25 0 
-15 -18 -22 0 
-1 -2 -12 -14 -17 -24 0 
-13 -14 -15 -21 0 
-1 -3 -8 -9 -13 -14 -24 0 
-1 -4 -8 -9 -12 -22 -24 0 
-9 -14 -16 -21 -25 0 
-7 -9 -10 -12 -15 -19 -20 0 
-1 -2 -8 -13 -20 -22 0 
-7 -12 -24 -25 0 
-3 -6 -8 -20 0 
-4 -9 -12 -21 -24 0 
-6 -11 -15 -21 -22 -23 -25 0 
-2 -5 -6 -9 -13 -15 -18 -23 0 
-1 -9 -15 -18 -20 -23 0 
-1 -8 -13 -15 -17 -18 -25 0 
-10 -11 -16 -22 -25 0 
-1 -4 -7 -20 0 
-3 -7 -10 -12 -14 -23 -25 0 
-3 -8 -9 -11 -16 -17 -20 -22 -23 0 
-8 -13 -19 -22 -23 0 
-1 -3 -7 -8 -16 -17 -19 -22 -23 -24 0 
-1 -3 -5 -10 -14 -17 -18 -22 0 
-12 -13 -14 -18 -20 -25 0 
-3 -7 -8 -10 -11 -12 -13 -16 -17 -20 0 
-2 -4 -16 -20 -21 0 
-5 -7 -10 -18 -19 -23 0 
-9 -12 -17 -19 -20 -21 -22 -23 0 
-3 -4 -5 -19 -21 0 
-4 -9 -10 -13 -16 -23 0 
-1 -3 -14 -15 -23 0 
-5 -10 -13 -14 -17 -18 -20 -21 0 
-4 -15 -18 -19 -24 -25 0 
-1 -5 -11 -12 -17 -20 -21 -23 0 
-2 -10 -12 -17 -19 -22 0 
-1 -9 -11 -12 -13 -14 0 
-4 -11 -15 -17 -18 -23 0 
-1 -3 -8 -11 -13 -18 -23 0 
-1 -2 -5 -6 -7 -10 -20 -23 -24 0 
-2 -7 -14 -15 -18 -21 -24 -25 0 
-3 -6 -7 -11 -12 -16 -20 -22 0 
-2 -4 -5 -6 -7 -8 -9 -18 -23 0 
-1 -3 -4 -8 -9 -12 -20 0 
-1 -2 -6 -9 -11 -14 -16 0 
-6 -14 -15 -24 0 
-5 -7 -9 -11 -13 0 
-1 -3 -5 -12 -17 -18 -22 0 
-1 -8 -9 -19 -20 0 
-1 -5 -10 -13 -14 -22 -24 -25 0 
-1 -5 -12 -14 -21 -23 -25 0 
-1 -7 -9 -14 -17 -19 -20 0 
-2 -10 -11 -18 -21 -25 0 
-3 -5 -8 -11 -12 -16 -20 -21 -23 -24 0 
-1 -3 -7 -14 -16 -22 0 
-1 -4 -6 -8 -11 -18 0 
-6 -14 -16 -19 -25 0 
-8 -9 -10 -19 -21 0 
-1 -3 -4 -6 -10 -13 -18 0 
-8 -10 -11 -19 -22 -25 0 
-1 -7 -12 -16 -21 -22 -23 0 
-5 -6 -23 -24 0 
-2 -5 -6 -7 -11 -12 -16 -22 0 
-5 -9 -14 -21 -23 -24 0 
-1 -3 -5 -7 -8 -13 -21 -23 -24 0 
-5 -9 -21 -23 0 
-2 -4 -10 -17 -19 0 
-2 -9 -12 -13 -25 0 
-2 -3 -15 -23 -24 -25 0 
-3 -4 -5 -10 -15 0 
-4 -5 -9 -13 -14 -21 -24 -25 0 
-6 -9 -12 -13 0 
-1 -7 -10 -15 -16 -17 -18 -21 -24 -25 0 
-10 -13 -18 -21 -22 0 
-6 -11 -13 -14 -16 -17 -18 0 
-7 -10 -13 -22 -25 0 
-5 -12 -18 -20 0 
-4 -13 -17 -21 0 
-1 -9 -13 -25 0 
-7 -8 -9 -10 -12 -13 -14 -17 -24 0 
-3 -4 -5 -6 -11 -18 0 
-9 -16 -21 0 
-4 -5 -9 -11 -13 -16 -17 -18 -21 -23 0 
-2 -6 -8 -15 -22 -25 0 
-7 -8 -15 -23 -24 0 
-3 -4 -5 -6 -9 -13 -14 -15 0 
-1 -6 -12 -17 -24 0 
-3 -4 -9 -11 -22 -23 -25 0 
-2 -11 -15 -20 0 
-11 -12 -16 -22 0 
-1 -3 -9 -22 -24 0 
-1 -3 -15 -20 -21 0 
-1 -2 -4 -7 -18 -20 -22 0 
-2 -18 -23 0 
-1 -7 -14 -19 0 
-4 -14 -19 -25 0 
-10 -11 -12 -15 -16 -18 -22 -25 0 
-3 -4 -8 -19 -20 0 
-6 -12 -13 -14 -15 -18 0 
-4 -8 -14 -15 -17 -23 0 
-8 -14 -15 -16 -18 -22 -24 0 
-10 -17 -19 -21 -25 0 
-7 -13 -14 -23 0 
-4 -7 -10 -11 -13 -14 0 
-14 -16 -19 -24 0 
-4 -13 -14 -19 -21 -23 -24 0 
-4 -10 -12 -20 -24 0 
-5 -9 -10 -14 -17 -18 -25 0 
-4 -7 -11 -12 -14 -16 -24 -25 0 
-1 -16 -18 -21 -25 0 
-4 -11 -13 -18 -19 -21 0 
-1 -16 -17 -18 -19 -20 0 
-5 -10 -16 -17 -24 -25 0 
-2 -3 -5 -11 0 
-5 -8 -16 -21 -25 0 
-2 -8 -14 -15 -18 -22 0 
-1 -8 -13 -17 -18 -22 -25 0 
-1 -2 -17 -20 -23 0 
-9 -17 -18 -24 -25 0 
-1 -5 -11 -13 -22 -24 -25 0 
-1 -9 -13 -17 -18 -21 0 
-7 -19 -24 0 
-2 -6 -9 -12 -18 -19 -21 -23 -24 0 
-4 -5 -11 -15 -19 -20 -25 0 
-1 -4 -9 -15 -16 -17 -21 -22 -23 0 
-1 -3 -7 -8 -12 -14 -15 -16 -18 -19 -21 -22 0 
-5 -9 -11 -19 -23 -24 -25 0 
-1 -3 -11 -13 -25 0 
-3 -6 -9 -14 -15 -18 0 
-6 -12 -16 -24 0 
-2 -3 -7 -11 -18 -19 -20 0 
-6 -8 -10 -15 -19 -23 -24 0 
-5 -15 -20 -21 -25 0 
-8 -16 -17 -22 0 
-1 -3 -13 -17 -18 0 
-16 -19 -20 -21 -22 -23 -25 0 
-4 -8 -14 -16 -21 -25 0 
-5 -8 -10 -16 -19 -22 0 
-6 -8 -9 -12 -15 -22 0 
-9 -10 -14 -20 -23 0 
-1 -6 -11 -12 -17 0 
-3 -4 -6 -7 -10 -18 0 
-1 -4 -11 -12 -19 -21 0 
-1 -3 -4 -6 -7 -9 -12 -15 -17 -23 -25 0 
-1 -8 -11 -20 -22 -23 0 
-10 -16 -17 -23 -24 0 
-2 -7 -9 -15 -17 -21 -23 -25 0 
-4 -13 -14 -15 -16 -18 -19 0 
-2 -6 -9 -13 -14 -24 0 
-2 -3 -5 -6 -8 -9 -13 -15 -20 -25 0 
-9 -14 -15 -20 -21 -22 -25 0 
-11 -12 -22 0 
-1 -7 -15 -17 0 
-2 -4 -11 -13 -15 -18 -19 0 
-9 -11 -12 -14 -17 -19 0 
-2 -12 -14 -16 0 
-4 -6 -8 -9 -14 -15 -16 -19 -22 -25 0 
-1 -8 -9 -18 -19 -22 -24 0 
-13 -14 -16 -17 -22 0 
-1 -3 -8 -9 -10 -12 -23 0 
-3 -6 -7 -16 -21 -22 -23 0 
-3 -12 -13 -14 -18 0 
-1 -4 -5 -11 -18 0 
-10 -14 -19 -25 0 
-2 -4 -8 -17 -25 0 
-1 -4 -15 -24 -25 0 
-8 -17 -18 -20 -24 0 
-4 -13 -15 -17 -22 0 
-2 -6 -7 -10 -15 -21 -23 -24 0 
-3 -7 -13 -17 -25 0 
-5 -6 -9 -18 -21 -24 0 
-13 -15 -16 -19 -20 -23 -24 0 
-11 -13 -16 -21 0 
-7 -15 -17 -18 0 
-1 -7 -10 -14 -15 -16 -18 -24 0 
-6 -8 -10 -13 -14 -16 -21 -22 -23 0 
-1 -3 -5 -18 -24 0 
-2 -3 -9 -10 -12 -15 -24 0 
-4 -8 -11 -16 -21 -22 0 
-5 -8 -11 -14 -16 -24 0 
-4 -6 -15 -20 -21 0 
-3 -5 -6 -23 -24 0 
-10 -11 -12 -13 -14 -17 -22 -23 0 
-3 -7 -13 -18 -22 0 
-7 -14 -17 -18 0 
-8 -12 -15 -16 -22 -23 0 
-2 -5 -7 -10 -12 -13 -14 -23 0 
-1 -2 -4 -6 -9 -15 -21 -24 0 
-1 -5 -9 -14 -15 -22 0 
-9 -12 -13 -14 -18 0 
-3 -5 -9 -12 -20 -22 0 
-1 -2 -11 -12 -13 -19 -21 0 
-5 -8 -11 -15 -24 0 
-3 -13 -16 -23 0 
-1 -3 -4 -8 -14 -21 -24 0 
-7 -11 -19 -23 0 
-7 -13 -24 0 
-4 -5 -12 -15 -16 -19 0 
-2 -15 -18 0 
-1 -6 -20 0 
-4 -12 -15 -20 -23 -25 0 
-10 -12 -14 -16 -20 -25 0 
-5 -6 -12 -13 -14 -23 0 
-3 -8 -9 -15 0 
-21 -23 0 
-2 -3 -4 -7 -10 -13 -15 -20 -22 0 
-3 -11 -18 -23 -24 -25 0 
-3 -4 -15 -16 -17 -22 -23 0 
-8 -22 -23 -24 -25 0 
-15 -17 0 
-5 -6 -9 -24 0 
-2 -7 -8 -9 -12 -13 -14 -15 -16 -20 0 
-2 -4 -5 -6 -16 -19 0 
-6 -7 -8 -11 -18 -19 -21 -23 0 
-11 -12 -17 -19 -25 0 
-2 -7 -15 -16 0 
-3 -10 -17 -18 -19 -24 0 
-5 -10 -13 -14 -17 -21 -23 0 
-1 -6 -8 -10 -12 -16 -20 -24 -25 0 
-5 -7 -10 -11 -12 -16 -23 0 
-9 -11 -13 -18 -19 -20 0 
-2 -3 -5 -7 -11 -14 -20 -24 0 
-1 -3 -4 -5 -9 -13 -14 -19 -22 0 
-2 -5 -9 -24 0 
-1 -15 -18 -24 -25 0 
-2 -3 -8 -23 0 
-2 -4 -11 -14 -19 -22 -23 0 
-1 -4 -7 -10 -21 0 
-2 -8 -10 -15 -21 -24 0 
-7 -10 -12 -19 -22 0 
-9 -12 -14 -16 -18 0 
-11 -15 0 
-3 -7 -16 -17 -25 0 
-2 -3 -7 -11 -14 -21 -22 0 
-3 -4 -7 -11 -12 -14 -24 -25 0 
-1 -2 -8 -12 -14 -15 -19 -22 0 
-8 -9 -11 -12 -13 -20 -21 -23 0 
-2 -3 -4 -5 -8 -15 -19 0 
-5 -6 -8 -9 -16 -20 -21 0 
-1 -4 -6 -12 -16 -22 0 
-4 -5 -10 -15 -16 -18 -21 -23 0 
-2 -6 -7 -8 -9 -16 -24 -25 0 
-6 -14 -15 -19 -20 -23 -25 0 
-1 -2 -5 -15 -16 0 
-9 -18 -20 -23 -24 0 
-1 -7 -16 -18 -20 -21 -24 0 
-1 -2 -12 -13 -15 0 
-1 -6 -21 -25 0 
-4 -8 -15 -19 0 
-6 -8 -14 -16 0 
-2 -3 -4 -7 -11 -13 -14 -17 -18 -21 -22 0 
-2 -3 -4 -17 -23 0 
-6 -7 -9 -25 0 
-2 -3 -5 -9 -10 -11 -12 -14 -15 -16 -23 -24 0 
-3 -5 -7 -11 -13 -19 -22 -24 0 
-8 -10 -14 -15 -17 -22 -24 0 
-7 -9 -10 -13 -16 -18 -21 -24 0 
-2 -9 -13 -15 -18 -21 -22 0 
-3 -12 -17 -20 -24 0 
-2 -6 -10 -16 -25 0 
-8 -9 -10 -11 -12 -13 -22 -23 0 
-4 -5 -9 -10 0 
-8 -11 -16 -20 -23 0 
-1 -3 -12 0 
-6 -7 -17 -20 -25 0 
-3 -4 -5 -7 -9 -11 -16 -19 -25 0 
-1 -7 -9 -13 -16 -21 -22 -24 -25 0 
-15 -17 -21 0 
-1 -6 -10 -11 -16 -20 0 
-4 -5 -6 -7 0 
-2 -19 -21 -23 0 
-14 -19 -21 -23 0 
-9 -11 -16 -20 0 
-7 -11 -13 -14 -22 -23 -24 0 
-5 -8 -22 -24 0 
-2 -9 -17 -19 -22 0 
-7 -8 -14 -17 -18 -20 0 
-1 -3 -4 -12 -15 -16 -17 -18 -23 0 
-1 -9 -10 -11 -13 0 
-3 -9 -14 -15 -17 -18 -20 -23 0 
-2 -4 -10 -18 -23 -25 0 
-1 -2 -5 -8 -11 -12 -14 -20 -21 -25 0 
-6 -15 -19 -21 -23 -24 0 
-7 -12 -21 0 
-3 -4 -12 -14 -15 -16 -17 -18 -19 0 
-1 -7 -10 -13 -14 -15 -23 -24 -25 0 
-6 -18 -21 0 
-1 -5 -12 -14 -18 0 
-1 -3 -14 -16 -18 -19 0 
-3 -10 -14 -16 -23 0 
-1 -6 -10 -11 -14 -22 -23 0 
-2 -3 -8 -11 -15 -17 -19 -20 -21 -24 0 
-1 -3 -5 -9 -10 -11 -16 -20 -22 0 
-1 -3 -4 -10 -17 -19 -21 -22 -25 0 
-3 -7 -9 -10 -11 -12 -14 -18 -24 0 
-7 -10 -12 -13 -14 -17 -19 -20 -24 0 
-2 -9 -12 -15 0 
-1 -4 -6 -8 -11 -15 -17 -21 0 
-1 -7 -14 -18 -19 -23 -24 0 
-6 -7 -14 -23 0 
-3 -6 -10 -11 -12 -19 -25 0 
-5 -14 -20 -23 0 
-4 -5 -17 -18 -25 0 
-7 -10 -16 -20 -23 0 
-3 -6 -9 -11 -12 -15 -17 -20 -23 0 
-4 -5 -7 -12 -14 -21 -22 0 
-1 -2 -4 -13 -24 0 
-7 -8 -10 -12 -18 -25 0 
-1 -3 -8 -10 -13 -14 -25 0 
-3 -4 -8 -11 -21 -22 -23 -24 0 
-9 -14 -17 0 
-1 -4 -6 -10 -16 -21 -23 0 
-1 -3 -4 -9 -15 0 
-12 -13 -20 -22 0 
-4 -8 -12 -13 -15 -18 0 
-4 -9 -11 -14 -16 -18 -23 0 
-2 -4 -11 -16 -18 -20 -21 -24 0 
-20 -24 0 
-4 -9 -12 -15 -17 -21 -23 -24 0 
-15 -16 -17 -23 -25 0 
-2 -6 -15 -16 -20 -21 -24 -25 0 
-3 -4 -11 -16 -19 -20 -21 -25 0 
-3 -4 -7 -14 -16 -19 -25 0 
-1 -7 -13 -15 -20 0 
-2 -4 -6 -7 -12 -15 0 
-3 -5 -8 -10 -14 -19 -23 0 
-2 -7 -8 -14 -20 0 
-4 -5 -6 -7 -19 -24 0 
-3 -15 -16 -17 -24 0 
-4 -5 -8 -11 -13 -25 0 
-4 -5 -6 -9 -13 -21 0 
-2 -5 -6 -11 -14 -19 -22 -24 0 
-1 -2 -4 -5 -12 -14 0 
-9 -10 -15 -16 -19 -20 -22 -23 -24 -25 0 
-13 -17 -18 -19 -22 -23 0 
-2 -3 -8 -14 -21 -23 0 
-5 -9 -19 0 
-1 -8 -18 -21 0 
-1 -2 -10 -12 -17 -20 -22 0 
-4 -7 -8 -9 -12 -15 -23 -24 0 
-1 -2 -5 -15 -16 -19 -24 0 
-1 -3 -4 -5 -7 -12 -14 -20 0 
-5 -6 -10 -13 -17 0 
-3 -6 -10 -21 -24 -25 0 
-2 -10 -11 -12 -14 -20 -22 0 
-3 -11 -12 -15 -16 -19 0 
-8 -10 -17 -18 -25 0 
-4 -5 -9 -19 -20 -25 0 
-1 -6 -7 -12 -21 -24 0 
-4 -14 -16 -20 0 
-3 -5 -8 -15 -21 -23 0 
-1 -10 -17 -22 -23 0 
-1 -4 -7 -9 -11 -12 -19 -25 0 
-1 -8 -21 -23 -24 0 
-2 -5 -11 -21 -24 0 
-2 -4 -5 -6 -12 -25 0 
-5 -7 -11 -13 -17 -22 0 
-2 -3 -6 -9 -14 -15 -18 -19 -20 -22 0 
-7 -9 -14 0 
