p cnf 26 800
2 3 6 8 14 0 
3 9 12 16 24 0 
1 6 10 18 20 25 26 0 
1 12 16 17 22 24 0 
4 7 9 12 13 17 19 21 24 0 
6 9 10 12 15 18 24 25 0 
1 6 8 9 10 15 16 20 22 24 26 0 
9 15 19 0 
1 2 3 11 14 22 23 25 26 0 
15 16 18 19 21 0 
3 4 6 11 14 21 24 26 0 
6 7 11 12 15 24 0 
4 6 8 11 13 17 23 25 0 
2 6 9 10 17 21 0 
1 2 4 6 12 14 19 20 23 25 0 
8 11 26 0 
4 9 22 0 
1 5 9 14 23 0 
1 9 12 15 25 26 0 
2 8 10 14 18 19 22 25 0 
8 24 25 26 0 
8 17 24 0 
2 10 13 18 19 22 23 0 
10 24 25 0 
3 5 14 18 21 22 0 
1 6 8 11 15 16 25 0 
6 12 14 15 20 22 25 26 0 
3 5 6 9 10 18 23 0 
3 6 13 17 21 25 26 0 
3 8 11 17 18 19 23 0 
2 3 5 10 15 18 20 21 0 
3 7 9 16 18 23 0 
13 14 18 19 26 0 
5 15 16 17 19 21 22 0 
3 5 9 10 12 14 17 20 23 0 
1 2 6 11 17 19 22 26 0 
1 7 9 13 14 21 0 
6 13 18 26 0 
4 13 14 18 23 0 
2 4 5 7 14 18 25 0 
2 4 6 7 13 14 16 18 26 0 
3 4 5 6 11 12 17 20 0 
4 6 7 8 13 15 19 24 0 
15 17 18 21 22 0 
1 2 17 20 22 0 
1 7 8 10 17 18 0 
8 14 15 16 0 
10 21 22 0 
7 8 9 10 14 19 24 25 0 
4 5 8 0 
2 9 10 15 23 25 0 
2 4 23 24 25 0 
3 5 7 11 21 0 
2 5 6 17 20 22 24 0 
4 6 14 20 23 25 26 0 
2 11 13 19 21 22 0 
5 6 19 21 25 0 
3 5 15 16 24 25 0 
3 5 8 12 14 21 24 0 
1 2 16 17 18 21 23 0 
8 11 14 15 16 18 20 22 0 
2 6 7 12 13 19 0 
3 4 5 22 23 24 25 0 
3 8 17 26 0 
2 15 23 24 0 
6 13 18 26 0 
1 9 11 14 19 23 0 
1 4 10 12 13 19 0 
5 7 18 23 26 0 
5 6 7 13 20 0 
1 2 7 14 15 23 26 0 
4 6 14 15 20 21 25 0 
1 7 12 13 21 22 25 0 
4 12 24 26 0 
2 12 19 21 23 0 
4 9 12 13 16 17 19 20 24 0 
1 12 13 23 0 
10 24 26 0 
1 3 9 17 19 21 24 26 0 
9 11 12 14 19 20 23 25 0 
1 7 11 13 0 
5 7 8 21 22 24 25 26 0 
2 7 8 12 20 0 
1 7 9 15 0 
5 7 12 13 14 15 17 22 0 
2 5 8 11 13 16 25 0 
11 15 17 18 23 0 
10 12 15 26 0 
1 7 8 9 13 17 19 0 
3 6 10 11 16 0 
3 7 8 10 12 18 22 24 25 0 
2 3 5 9 13 18 0 
8 10 12 16 20 21 0 
2 6 13 0 
3 5 12 18 21 0 
4 16 17 19 25 0 
6 8 9 19 20 0 
5 11 12 15 0 
2 7 8 9 17 26 0 
5 17 18 19 20 21 25 0 
8 18 0 
8 9 14 25 0 
6 7 10 14 15 21 24 0 
4 5 10 11 13 14 15 19 21 0 
5 20 26 0 
3 6 14 15 16 24 0 
4 7 12 14 18 23 24 0 
1 7 15 17 19 21 0 
5 6 7 10 12 13 16 0 
2 3 11 25 0 
4 9 12 14 15 16 23 0 
5 8 10 13 14 21 22 23 24 26 0 
2 9 20 21 25 0 
2 3 7 11 12 0 
2 6 14 18 19 24 0 
1 8 14 21 22 25 0 
1 2 4 7 16 23 26 0 
4 10 16 19 24 0 
8 9 16 21 24 25 26 0 
4 6 11 16 19 0 
8 11 13 14 19 26 0 
17 18 21 22 24 0 
12 13 21 22 26 0 
5 6 11 13 15 18 21 24 25 26 0 
1 9 13 16 0 
1 2 3 5 7 9 15 16 18 0 
3 7 10 16 19 0 
1 4 6 11 17 18 22 0 
3 10 11 13 20 21 0 
1 3 21 23 0 
5 11 17 20 26 0 
10 15 20 24 25 0 
1 6 7 10 22 0 
3 5 12 16 21 23 0 
3 4 8 9 12 15 26 0 
1 4 5 11 22 25 0 
5 7 20 22 0 
6 13 15 16 17 21 22 24 0 
2 18 21 24 0 
8 10 16 0 
4 10 17 20 23 25 0 
1 2 16 20 22 23 25 26 0 
8 10 14 25 0 
6 11 12 22 24 0 
1 5 7 11 14 16 18 26 0 
2 5 6 7 10 12 19 26 0 
1 4 16 18 0 
9 13 22 26 0 
13 14 15 20 23 24 0 
3 9 10 20 21 22 26 0 
3 8 14 24 26 0 
1 4 7 19 20 21 24 0 
1 4 5 7 15 0 
3 4 6 22 25 0 
3 5 11 18 19 21 26 0 
3 12 14 18 0 
3 7 11 13 21 0 
4 8 9 12 15 18 24 0 
7 9 12 19 20 26 0 
6 9 10 13 14 19 20 21 0 
1 10 15 16 17 18 20 0 
6 8 15 17 18 20 21 0 
2 7 11 12 15 16 21 0 
1 3 6 7 8 11 24 0 
4 6 8 10 19 21 0 
1 12 22 23 26 0 
1 2 6 8 13 18 20 25 0 
1 2 18 20 21 26 0 
2 5 9 16 24 0 
2 7 8 19 20 25 0 
11 16 20 23 0 
3 5 8 9 13 21 24 0 
5 8 10 19 20 22 24 25 0 
4 5 6 7 9 11 20 0 
4 13 15 22 23 24 26 0 
3 4 5 6 8 11 13 14 16 19 0 
7 10 11 16 21 23 0 
2 5 7 8 11 20 21 24 25 0 
2 7 10 14 17 18 23 24 25 0 
2 7 16 18 21 0 
2 3 4 9 15 19 21 23 26 0 
6 10 13 15 17 23 25 0 
1 6 12 18 20 26 0 
1 2 5 10 13 19 23 25 0 
1 4 7 12 16 17 18 19 25 0 
3 4 10 14 20 24 0 
4 7 9 14 16 24 25 0 
3 8 10 12 13 14 19 23 26 0 
2 4 12 13 0 
3 6 7 12 16 17 19 21 25 26 0 
1 4 5 10 14 15 16 24 0 
5 6 9 10 13 14 15 22 24 0 
1 8 20 23 0 
7 8 13 23 0 
3 6 7 8 9 12 17 25 0 
6 8 9 12 18 0 
2 5 7 15 22 0 
1 4 6 8 9 10 13 15 20 23 0 
2 4 6 15 24 0 
2 5 10 13 14 20 21 22 26 0 
2 3 4 5 10 20 0 
2 7 19 22 25 0 
5 7 8 10 16 17 19 24 0 
5 8 9 19 21 22 24 0 
3 4 15 17 20 25 0 
4 11 12 15 20 25 0 
8 11 12 15 0 
1 4 8 9 15 17 21 25 0 
5 6 8 12 21 22 25 0 
2 6 10 15 18 22 0 
1 4 9 12 17 22 0 
4 5 10 11 12 15 19 0 
9 14 19 21 22 24 0 
5 8 10 13 14 16 18 21 25 0 
5 7 14 0 
7 10 11 16 18 21 23 0 
5 8 14 16 17 22 24 0 
2 3 5 8 9 13 14 20 23 0 
1 7 11 13 20 25 26 0 
10 12 15 19 26 0 
2 3 8 11 13 14 16 26 0 
2 7 10 13 21 22 24 0 
1 3 7 9 14 22 24 0 
6 12 0 
15 16 0 
9 11 15 16 0 
6 8 9 19 21 25 0 
8 10 12 17 19 20 21 22 0 
4 7 13 15 19 20 0 
4 19 21 26 0 
7 10 16 18 24 0 
2 6 7 9 14 0 
4 17 20 22 23 0 
2 5 6 8 9 14 16 20 21 0 
2 8 11 13 18 19 20 22 24 0 
7 15 20 0 
4 10 12 14 18 0 
1 3 4 5 8 10 14 17 19 22 25 26 0 
2 4 7 13 20 21 24 25 0 
6 8 13 16 18 22 25 26 0 
4 6 8 11 12 17 21 25 0 
10 21 24 0 
2 5 6 7 8 18 0 
6 7 14 20 21 0 
4 10 13 16 19 21 0 
5 6 8 11 17 18 22 23 24 25 0 
5 6 8 10 14 16 19 25 0 
2 18 0 
2 3 5 6 8 10 17 24 26 0 
3 10 12 13 16 24 25 0 
1 7 9 13 18 19 26 0 
2 4 6 8 9 11 14 20 22 0 
2 4 7 8 13 0 
2 4 8 9 15 17 21 0 
5 7 16 22 23 25 0 
1 19 26 0 
1 4 6 8 13 14 18 19 21 26 0 
3 4 6 10 13 24 0 
11 12 13 16 18 19 24 25 0 
6 8 11 12 17 0 
10 12 13 22 26 0 
2 5 6 7 12 15 21 24 0 
10 12 18 23 25 26 0 
7 8 9 11 16 19 20 22 0 
5 6 8 15 20 24 0 
2 7 12 14 0 
13 14 20 21 22 26 0 
2 3 5 6 10 12 23 24 0 
2 5 6 12 15 21 23 0 
3 6 24 25 0 
4 8 11 14 26 0 
1 6 14 20 25 0 
2 4 5 9 12 13 15 20 21 23 0 
2 6 12 16 18 19 20 0 
5 6 8 9 20 25 0 
3 4 5 11 14 16 17 19 0 
2 3 8 10 12 15 23 0 
2 4 6 12 15 24 0 
3 4 5 6 8 10 21 22 0 
7 8 11 13 15 22 26 0 
6 8 11 21 26 0 
1 5 8 13 25 0 
10 14 23 25 0 
18 19 22 26 0 
1 5 7 8 17 0 
3 4 5 10 18 19 22 23 0 
4 6 12 13 25 0 
2 6 7 11 17 25 0 
2 8 16 17 18 20 26 0 
8 9 10 14 16 19 20 0 
10 13 16 23 24 0 
1 2 11 13 15 26 0 
2 4 7 9 16 18 22 23 24 0 
1 2 3 9 12 13 16 0 
2 9 11 12 14 15 0 
1 4 9 10 11 15 19 25 0 
5 20 23 25 0 
2 4 5 10 11 16 19 0 
2 10 11 18 0 
2 5 9 14 26 0 
3 22 24 26 0 
1 2 8 10 17 0 
2 5 11 12 0 
14 15 22 26 0 
5 7 16 20 21 22 25 0 
3 6 7 8 11 12 14 16 20 22 0 
1 3 4 7 12 13 15 20 0 
1 2 4 8 15 24 0 
3 4 6 11 26 0 
4 8 16 17 0 
2 7 16 19 20 0 
3 5 9 10 11 13 18 22 0 
2 3 14 15 18 19 21 0 
1 2 3 4 7 8 10 20 23 26 0 
11 21 26 0 
3 11 12 16 19 0 
1 8 12 15 19 22 0 
2 5 7 12 19 0 
1 2 6 8 10 12 13 17 20 22 24 0 
1 6 9 16 23 0 
2 5 6 8 14 16 0 
3 4 6 9 11 12 0 
1 5 7 12 15 17 21 23 24 25 0 
3 10 11 15 16 19 22 0 
2 26 0 
1 2 7 8 9 13 0 
3 5 16 17 19 22 0 
1 6 9 12 14 23 0 
3 7 8 15 25 26 0 
1 9 10 14 16 26 0 
4 10 11 16 19 21 22 26 0 
1 3 4 6 12 14 22 0 
2 3 4 11 0 
3 4 5 10 12 15 24 25 0 
11 13 14 19 0 
1 3 7 8 16 17 22 25 0 
1 12 13 15 16 25 0 
4 11 19 20 22 26 0 
1 3 7 13 26 0 
1 6 11 14 17 19 24 0 
2 3 4 11 13 16 0 
4 12 22 25 26 0 
6 9 14 16 18 0 
6 17 20 24 0 
5 19 23 24 0 
4 5 8 9 16 20 23 0 
21 22 24 0 
2 3 6 10 11 12 17 18 24 0 
1 4 18 23 0 
5 14 16 21 0 
1 12 14 19 21 22 23 25 26 0 
3 6 11 12 15 16 18 20 0 
6 7 12 16 17 22 23 0 
7 8 11 18 22 0 
1 2 9 10 16 17 19 26 0 
7 9 11 13 15 16 17 19 21 23 26 0 
5 6 9 11 17 20 26 0 
6 10 12 18 20 0 
6 8 9 11 19 21 0 
2 6 9 11 16 0 
1 6 7 17 18 0 
12 25 0 
3 4 10 16 24 0 
3 6 8 11 23 0 
7 8 21 23 25 0 
4 6 10 13 25 26 0 
3 9 12 13 21 0 
11 15 20 23 25 26 0 
4 6 9 18 21 26 0 
7 8 18 22 24 0 
1 5 6 10 17 0 
3 8 14 15 22 0 
2 11 13 14 16 17 20 23 25 0 
2 4 20 21 22 25 0 
5 14 16 20 21 23 25 0 
9 11 13 16 17 22 0 
1 2 6 7 11 15 17 19 20 22 24 26 0 
2 9 16 20 0 
1 7 12 15 18 21 26 0 
3 4 6 9 20 22 0 
1 2 3 7 12 17 20 22 23 24 0 
1 3 7 11 13 17 26 0 
3 5 7 11 13 23 0 
3 4 5 16 0 
1 2 5 10 17 21 22 23 26 0 
3 10 14 15 16 17 23 25 26 0 
1 2 11 13 14 20 25 0 
16 19 24 0 
6 11 13 18 19 21 22 0 
1 4 6 8 14 19 23 0 
3 7 11 20 0 
3 5 6 17 20 21 26 0 
4 5 10 16 17 20 22 0 
2 5 7 18 22 25 0 
2 6 9 10 13 18 19 20 23 26 0 
1 5 6 14 15 19 0 
6 10 11 18 22 25 0 
2 5 8 9 10 15 24 0 
3 4 5 8 15 16 18 23 0 
2 5 6 15 17 19 23 24 26 0 
-2 -3 -6 -8 -14 0 
-3 -9 -12 -16 -24 0 
-1 -6 -10 -18 -20 -25 -26 0 
-1 -12 -16 -17 -22 -24 0 
-4 -7 -9 -12 -13 -17 -19 -21 -24 0 
-6 -9 -10 -12 -15 -18 -24 -25 0 
-1 -6 -8 -9 -10 -15 -16 -20 -22 -24 -26 0 
-9 -15 -19 0 
-1 -2 -3 -11 -14 -22 -23 -25 -26 0 
-15 -16 -18 -19 -21 0 
-3 -4 -6 -11 -14 -21 -24 -26 0 
-6 -7 -11 -12 -15 -24 0 
-4 -6 -8 -11 -13 -17 -23 -25 0 
-2 -6 -9 -10 -17 -21 0 
-1 -2 -4 -6 -12 -14 -19 -20 -23 -25 0 
-8 -11 -26 0 
-4 -9 -22 0 
-1 -5 -9 -14 -23 0 
-1 -9 -12 -15 -25 -26 0 
-2 -8 -10 -14 -18 -19 -22 -25 0 
-8 -24 -25 -26 0 
-8 -17 -24 0 
-2 -10 -13 -18 -19 -22 -23 0 
-10 -24 -25 0 
-3 -5 -14 -18 -21 -22 0 
-1 -6 -8 -11 -15 -16 -25 0 
-6 -12 -14 -15 -20 -22 -25 -26 0 
-3 -5 -6 -9 -10 -18 -23 0 
-3 -6 -13 -17 -21 -25 -26 0 
-3 -8 -11 -17 -18 -19 -23 0 
-2 -3 -5 -10 -15 -18 -20 -21 0 
-3 -7 -9 -16 -18 -23 0 
-13 -14 -18 -19 -26 0 
-5 -15 -16 -17 -19 -21 -22 0 
-3 -5 -9 -10 -12 -14 -17 -20 -23 0 
-1 -2 -6 -11 -17 -19 -22 -26 0 
-1 -7 -9 -13 -14 -21 0 
-6 -13 -18 -26 0 
-4 -13 -14 -18 -23 0 
-2 -4 -5 -7 -14 -18 -25 0 
-2 -4 -6 -7 -13 -14 -16 -18 -26 0 
-3 -4 -5 -6 -11 -12 -17 -20 0 
-4 -6 -7 -8 -13 -15 -19 -24 0 
-15 -17 -18 -21 -22 0 
-1 -2 -17 -20 -22 0 
-1 -7 -8 -10 -17 -18 0 
-8 -14 -15 -16 0 
-10 -21 -22 0 
-7 -8 -9 -10 -14 -19 -24 -25 0 
-4 -5 -8 0 
-2 -9 -10 -15 -23 -25 0 
-2 -4 -23 -24 -25 0 
-3 -5 -7 -11 -21 0 
-2 -5 -6 -17 -20 -22 -24 0 
-4 -6 -14 -20 -23 -25 -26 0 
-2 -11 -13 -19 -21 -22 0 
-5 -6 -19 -21 -25 0 
-3 -5 -15 -16 -24 -25 0 
-3 -5 -8 -12 -14 -21 -24 0 
-1 -2 -16 -17 -18 -21 -23 0 
-8 -11 -14 -15 -16 -18 -20 -22 0 
-2 -6 -7 -12 -13 -19 0 
-3 -4 -5 -22 -23 -24 -25 0 
-3 -8 -17 -26 0 
-2 -15 -23 -24 0 
-6 -13 -18 -26 0 
-1 -9 -11 -14 -19 -23 0 
-1 -4 -10 -12 -13 -19 0 
-5 -7 -18 -23 -26 0 
-5 -6 -7 -13 -20 0 
-1 -2 -7 -14 -15 -23 -26 0 
-4 -6 -14 -15 -20 -21 -25 0 
-1 -7 -12 -13 -21 -22 -25 0 
-4 -12 -24 -26 0 
-2 -12 -19 -21 -23 0 
-4 -9 -12 -13 -16 -17 -19 -20 -24 0 
-1 -12 -13 -23 0 
-10 -24 -26 0 
-1 -3 -9 -17 -19 -21 -24 -26 0 
-9 -11 -12 -14 -19 -20 -23 -25 0 
-1 -7 -11 -13 0 
-5 -7 -8 -21 -22 -24 -25 -26 0 
-2 -7 -8 -12 -20 0 
-1 -7 -9 -15 0 
-5 -7 -12 -13 -14 -15 -17 -22 0 
-2 -5 -8 -11 -13 -16 -25 0 
-11 -15 -17 -18 -23 0 
-10 -12 -15 -26 0 
-1 -7 -8 -9 -13 -17 -19 0 
-3 -6 -10 -11 -16 0 
-3 -7 -8 -10 -12 -18 -22 -24 -25 0 
-2 -3 -5 -9 -13 -18 0 
-8 -10 -12 -16 -20 -21 0 
-2 -6 -13 0 
-3 -5 -12 -18 -21 0 
-4 -16 -17 -19 -25 0 
-6 -8 -9 -19 -20 0 
-5 -11 -12 -15 0 
-2 -7 -8 -9 -17 -26 0 
-5 -17 -18 -19 -20 -21 -25 0 
-8 -18 0 
-8 -9 -14 -25 0 
-6 -7 -10 -14 -15 -21 -24 0 
-4 -5 -10 -11 -13 -14 -15 -19 -21 0 
-5 -20 -26 0 
-3 -6 -14 -15 -16 -24 0 
-4 -7 -12 -14 -18 -23 -24 0 
-1 -7 -15 -17 -19 -21 0 
-5 -6 -7 -10 -12 -13 -16 0 
-2 -3 -11 -25 0 
-4 -9 -12 -14 -15 -16 -23 0 
-5 -8 -10 -13 -14 -21 -22 -23 -24 -26 0 
-2 -9 -20 -21 -25 0 
-2 -3 -7 -11 -12 0 
-2 -6 -14 -18 -19 -24 0 
-1 -8 -14 -21 -22 -25 0 
-1 -2 -4 -7 -16 -23 -26 0 
-4 -10 -16 -19 -24 0 
-8 -9 -16 -21 -24 -25 -26 0 
-4 -6 -11 -16 -19 0 
-8 -11 -13 -14 -19 -26 0 
-17 -18 -21 -22 -24 0 
-12 -13 -21 -22 -26 0 
-5 -6 -11 -13 -15 -18 -21 -24 -25 -26 0 
-1 -9 -13 -16 0 
-1 -2 -3 -5 -7 -9 -15 -16 -18 0 
-3 -7 -10 -16 -19 0 
-1 -4 -6 -11 -17 -18 -22 0 
-3 -10 -11 -13 -20 -21 0 
-1 -3 -21 -23 0 
-5 -11 -17 -20 -26 0 
-10 -15 -20 -24 -25 0 
-1 -6 -7 -10 -22 0 
-3 -5 -12 -16 -21 -23 0 
-3 -4 -8 -9 -12 -15 -26 0 
-1 -4 -5 -11 -22 -25 0 
-5 -7 -20 -22 0 
-6 -13 -15 -16 -17 -21 -22 -24 0 
-2 -18 -21 -24 0 
-8 -10 -16 0 
-4 -10 -17 -20 -23 -25 0 
-1 -2 -16 -20 -22 -23 -25 -26 0 
-8 -10 -14 -25 0 
-6 -11 -12 -22 -24 0 
-1 -5 -7 -11 -14 -16 -18 -26 0 
-2 -5 -6 -7 -10 -12 -19 -26 0 
-1 -4 -16 -18 0 
-9 -13 -22 -26 0 
-13 -14 -15 -20 -23 -24 0 
-3 -9 -10 -20 -21 -22 -26 0 
-3 -8 -14 -24 -26 0 
-1 -4 -7 -19 -20 -21 -24 0 
-1 -4 -5 -7 -15 0 
-3 -4 -6 -22 -25 0 
-3 -5 -11 -18 -19 -21 -26 0 
-3 -12 -14 -18 0 
-3 -7 -11 -13 -21 0 
-4 -8 -9 -12 -15 -18 -24 0 
-7 -9 -12 -19 -20 -26 0 
-6 -9 -10 -13 -14 -19 -20 -21 0 
-1 -10 -15 -16 -17 -18 -20 0 
-6 -8 -15 -17 -18 -20 -21 0 
-2 -7 -11 -12 -15 -16 -21 0 
-1 -3 -6 -7 -8 -11 -24 0 
-4 -6 -8 -10 -19 -21 0 
-1 -12 -22 -23 -26 0 
-1 -2 -6 -8 -13 -18 -20 -25 0 
-1 -2 -18 -20 -21 -26 0 
-2 -5 -9 -16 -24 0 
-2 -7 -8 -19 -20 -25 0 
-11 -16 -20 -23 0 
-3 -5 -8 -9 -13 -21 -24 0 
-5 -8 -10 -19 -20 -22 -24 -25 0 
-4 -5 -6 -7 -9 -11 -20 0 
-4 -13 -15 -22 -23 -24 -26 0 
-3 -4 -5 -6 -8 -11 -13 -14 -16 -19 0 
-7 -10 -11 -16 -21 -23 0 
-2 -5 -7 -8 -11 -20 -21 -24 -25 0 
-2 -7 -10 -14 -17 -18 -23 -24 -25 0 
-2 -7 -16 -18 -21 0 
-2 -3 -4 -9 -15 -19 -21 -23 -26 0 
-6 -10 -13 -15 -17 -23 -25 0 
-1 -6 -12 -18 -20 -26 0 
-1 -2 -5 -10 -13 -19 -23 -25 0 
-1 -4 -7 -12 -16 -17 -18 -19 -25 0 
-3 -4 -10 -14 -20 -24 0 
-4 -7 -9 -14 -16 -24 -25 0 
-3 -8 -10 -12 -13 -14 -19 -23 -26 0 
-2 -4 -12 -13 0 
-3 -6 -7 -12 -16 -17 -19 -21 -25 -26 0 
-1 -4 -5 -10 -14 -15 -16 -24 0 
-5 -6 -9 -10 -13 -14 -15 -22 -24 0 
-1 -8 -20 -23 0 
-7 -8 -13 -23 0 
-3 -6 -7 -8 -9 -12 -17 -25 0 
-6 -8 -9 -12 -18 0 
-2 -5 -7 -15 -22 0 
-1 -4 -6 -8 -9 -10 -13 -15 -20 -23 0 
-2 -4 -6 -15 -24 0 
-2 -5 -10 -13 -14 -20 -21 -22 -26 0 
-2 -3 -4 -5 -10 -20 0 
-2 -7 -19 -22 -25 0 
-5 -7 -8 -10 -16 -17 -19 -24 0 
-5 -8 -9 -19 -21 -22 -24 0 
-3 -4 -15 -17 -20 -25 0 
-4 -11 -12 -15 -20 -25 0 
-8 -11 -12 -15 0 
-1 -4 -8 -9 -15 -17 -21 -25 0 
-5 -6 -8 -12 -21 -22 -25 0 
-2 -6 -10 -15 -18 -22 0 
-1 -4 -9 -12 -17 -22 0 
-4 -5 -10 -11 -12 -15 -19 0 
-9 -14 -19 -21 -22 -24 0 
-5 -8 -10 -13 -14 -16 -18 -21 -25 0 
-5 -7 -14 0 
-7 -10 -11 -16 -18 -21 -23 0 
-5 -8 -14 -16 -17 -22 -24 0 
-2 -3 -5 -8 -9 -13 -14 -20 -23 0 
-1 -7 -11 -13 -20 -25 -26 0 
-10 -12 -15 -19 -26 0 
-2 -3 -8 -11 -13 -14 -16 -26 0 
-2 -7 -10 -13 -21 -22 -24 0 
-1 -3 -7 -9 -14 -22 -24 0 
-6 -12 0 
-15 -16 0 
-9 -11 -15 -16 0 
-6 -8 -9 -19 -21 -25 0 
-8 -10 -12 -17 -19 -20 -21 -22 0 
-4 -7 -13 -15 -19 -20 0 
-4 -19 -21 -26 0 
-7 -10 -16 -18 -24 0 
-2 -6 -7 -9 -14 0 
-4 -17 -20 -22 -23 0 
-2 -5 -6 -8 -9 -14 -16 -20 -21 0 
-2 -8 -11 -13 -18 -19 -20 -22 -24 0 
-7 -15 -20 0 
-4 -10 -12 -14 -18 0 
-1 -3 -4 -5 -8 -10 -14 -17 -19 -22 -25 -26 0 
-2 -4 -7 -13 -20 -21 -24 -25 0 
-6 -8 -13 -16 -18 -22 -25 -26 0 
-4 -6 -8 -11 -12 -17 -21 -25 0 
-10 -21 -24 0 
-2 -5 -6 -7 -8 -18 0 
-6 -7 -14 -20 -21 0 
-4 -10 -13 -16 -19 -21 0 
-5 -6 -8 -11 -17 -18 -22 -23 -24 -25 0 
-5 -6 -8 -10 -14 -16 -19 -25 0 
-2 -18 0 
-2 -3 -5 -6 -8 -10 -17 -24 -26 0 
-3 -10 -12 -13 -16 -24 -25 0 
-1 -7 -9 -13 -18 -19 -26 0 
-2 -4 -6 -8 -9 -11 -14 -20 -22 0 
-2 -4 -7 -8 -13 0 
-2 -4 -8 -9 -15 -17 -21 0 
-5 -7 -16 -22 -23 -25 0 
-1 -19 -26 0 
-1 -4 -6 -8 -13 -14 -18 -19 -21 -26 0 
-3 -4 -6 -10 -13 -24 0 
-11 -12 -13 -16 -18 -19 -24 -25 0 
-6 -8 -11 -12 -17 0 
-10 -12 -13 -22 -26 0 
-2 -5 -6 -7 -12 -15 -21 -24 0 
-10 -12 -18 -23 -25 -26 0 
-7 -8 -9 -11 -16 -19 -20 -22 0 
-5 -6 -8 -15 -20 -24 0 
-2 -7 -12 -14 0 
-13 -14 -20 -21 -22 -26 0 
-2 -3 -5 -6 -10 -12 -23 -24 0 
-2 -5 -6 -12 -15 -21 -23 0 
-3 -6 -24 -25 0 
-4 -8 -11 -14 -26 0 
-1 -6 -14 -20 -25 0 
-2 -4 -5 -9 -12 -13 -15 -20 -21 -23 0 
-2 -6 -12 -16 -18 -19 -20 0 
-5 -6 -8 -9 -20 -25 0 
-3 -4 -5 -11 -14 -16 -17 -19 0 
-2 -3 -8 -10 -12 -15 -23 0 
-2 -4 -6 -12 -15 -24 0 
-3 -4 -5 -6 -8 -10 -21 -22 0 
-7 -8 -11 -13 -15 -22 -26 0 
-6 -8 -11 -21 -26 0 
-1 -5 -8 -13 -25 0 
-10 -14 -23 -25 0 
-18 -19 -22 -26 0 
-1 -5 -7 -8 -17 0 
-3 -4 -5 -10 -18 -19 -22 -23 0 
-4 -6 -12 -13 -25 0 
-2 -6 -7 -11 -17 -25 0 
-2 -8 -16 -17 -18 -20 -26 0 
-8 -9 -10 -14 -16 -19 -20 0 
-10 -13 -16 -23 -24 0 
-1 -2 -11 -13 -15 -26 0 
-2 -4 -7 -9 -16 -18 -22 -23 -24 0 
-1 -2 -3 -9 -12 -13 -16 0 
-2 -9 -11 -12 -14 -15 0 
-1 -4 -9 -10 -11 -15 -19 -25 0 
-5 -20 -23 -25 0 
-2 -4 -5 -10 -11 -16 -19 0 
-2 -10 -11 -18 0 
-2 -5 -9 -14 -26 0 
-3 -22 -24 -26 0 
-1 -2 -8 -10 -17 0 
-2 -5 -11 -12 0 
-14 -15 -22 -26 0 
-5 -7 -16 -20 -21 -22 -25 0 
-3 -6 -7 -8 -11 -12 -14 -16 -20 -22 0 
-1 -3 -4 -7 -12 -13 -15 -20 0 
-1 -2 -4 -8 -15 -24 0 
-3 -4 -6 -11 -26 0 
-4 -8 -16 -17 0 
-2 -7 -16 -19 -20 0 
-3 -5 -9 -10 -11 -13 -18 -22 0 
-2 -3 -14 -15 -18 -19 -21 0 
-1 -2 -3 -4 -7 -8 -10 -20 -23 -26 0 
-11 -21 -26 0 
-3 -11 -12 -16 -19 0 
-1 -8 -12 -15 -19 -22 0 
-2 -5 -7 -12 -19 0 
-1 -2 -6 -8 -10 -12 -13 -17 -20 -22 -24 0 
-1 -6 -9 -16 -23 0 
-2 -5 -6 -8 -14 -16 0 
-3 -4 -6 -9 -11 -12 0 
-1 -5 -7 -12 -15 -17 -21 -23 -24 -25 0 
-3 -10 -11 -15 -16 -19 -22 0 
-2 -26 0 
-1 -2 -7 -8 -9 -13 0 
-3 -5 -16 -17 -19 -22 0 
-1 -6 -9 -12 -14 -23 0 
-3 -7 -8 -15 -25 -26 0 
-1 -9 -10 -14 -16 -26 0 
-4 -10 -11 -16 -19 -21 -22 -26 0 
-1 -3 -4 -6 -12 -14 -22 0 
-2 -3 -4 -11 0 
-3 -4 -5 -10 -12 -15 -24 -25 0 
-11 -13 -14 -19 0 
-1 -3 -7 -8 -16 -17 -22 -25 0 
-1 -12 -13 -15 -16 -25 0 
-4 -11 -19 -20 -22 -26 0 
-1 -3 -7 -13 -26 0 
-1 -6 -11 -14 -17 -19 -24 0 
-2 -3 -4 -11 -13 -16 0 
-4 -12 -22 -25 -26 0 
-6 -9 -14 -16 -18 0 
-6 -17 -20 -24 0 
-5 -19 -23 -24 0 
-4 -5 -8 -9 -16 -20 -23 0 
-21 -22 -24 0 
-2 -3 -6 -10 -11 -12 -17 -18 -24 0 
-1 -4 -18 -23 0 
-5 -14 -16 -21 0 
-1 -12 -14 -19 -21 -22 -23 -25 -26 0 
-3 -6 -11 -12 -15 -16 -18 -20 0 
-6 -7 -12 -16 -17 -22 -23 0 
-7 -8 -11 -18 -22 0 
-1 -2 -9 -10 -16 -17 -19 -26 0 
-7 -9 -11 -13 -15 -16 -17 -19 -21 -23 -26 0 
-5 -6 -9 -11 -17 -20 -26 0 
-6 -10 -12 -18 -20 0 
-6 -8 -9 -11 -19 -21 0 
-2 -6 -9 -11 -16 0 
-1 -6 -7 -17 -18 0 
-12 -25 0 
-3 -4 -10 -16 -24 0 
-3 -6 -8 -11 -23 0 
-7 -8 -21 -23 -25 0 
-4 -6 -10 -13 -25 -26 0 
-3 -9 -12 -13 -21 0 
-11 -15 -20 -23 -25 -26 0 
-4 -6 -9 -18 -21 -26 0 
-7 -8 -18 -22 -24 0 
-1 -5 -6 -10 -17 0 
-3 -8 -14 -15 -22 0 
-2 -11 -13 -14 -16 -17 -20 -23 -25 0 
-2 -4 -20 -21 -22 -25 0 
-5 -14 -16 -20 -21 -23 -25 0 
-9 -11 -13 -16 -17 -22 0 
-1 -2 -6 -7 -11 -15 -17 -19 -20 -22 -24 -26 0 
-2 -9 -16 -20 0 
-1 -7 -12 -15 -18 -21 -26 0 
-3 -4 -6 -9 -20 -22 0 
-1 -2 -3 -7 -12 -17 -20 -22 -23 -24 0 
-1 -3 -7 -11 -13 -17 -26 0 
-3 -5 -7 -11 -13 -23 0 
-3 -4 -5 -16 0 
-1 -2 -5 -10 -17 -21 -22 -23 -26 0 
-3 -10 -14 -15 -16 -17 -23 -25 -26 0 
-1 -2 -11 -13 -14 -20 -25 0 
-16 -19 -24 0 
-6 -11 -13 -18 -19 -21 -22 0 
-1 -4 -6 -8 -14 -19 -23 0 
-3 -7 -11 -20 0 
-3 -5 -6 -17 -20 -21 -26 0 
-4 -5 -10 -16 -17 -20 -22 0 
-2 -5 -7 -18 -22 -25 0 
-2 -6 -9 -10 -13 -18 -19 -20 -23 -26 0 
-1 -5 -6 -14 -15 -19 0 
-6 -10 -11 -18 -22 -25 0 
-2 -5 -8 -9 -10 -15 -24 0 
-3 -4 -5 -8 -15 -16 -18 -23 0 
-2 -5 -6 -15 -17 -19 -23 -24 -26 0 
