p cnf 26 800
6 10 17 19 23 24 0 
8 10 11 22 0 
4 5 9 13 15 20 23 0 
7 12 14 18 20 0 
2 4 5 10 11 17 21 22 23 26 0 
6 11 18 20 21 22 23 25 0 
6 16 19 23 0 
5 6 8 12 16 18 23 0 
6 10 23 0 
1 6 16 18 21 22 23 26 0 
8 14 18 25 0 
2 18 19 0 
5 7 8 14 23 24 0 
14 16 19 24 25 0 
10 13 18 25 0 
8 12 14 20 22 23 25 26 0 
3 5 12 14 23 25 0 
3 5 13 20 22 0 
1 2 6 7 10 11 12 18 0 
8 10 18 22 23 25 0 
1 13 15 20 21 0 
9 13 23 26 0 
4 6 7 9 11 17 19 25 0 
4 6 9 11 19 0 
3 4 7 16 17 18 21 26 0 
3 4 5 7 11 17 19 22 26 0 
1 6 7 9 21 0 
2 3 7 10 19 20 0 
1 7 15 17 18 25 0 
8 10 13 15 17 20 26 0 
7 10 22 0 
3 7 9 14 19 20 0 
6 10 14 21 26 0 
4 6 7 8 11 12 13 21 0 
3 9 13 15 16 19 0 
2 3 9 12 15 18 23 0 
1 11 13 18 0 
2 11 16 17 21 22 0 
2 4 6 7 8 10 11 18 20 21 24 25 0 
2 3 7 19 25 0 
7 8 10 18 0 
5 6 7 20 22 25 0 
8 14 20 0 
2 5 6 8 11 15 18 20 23 0 
5 12 22 23 0 
3 5 15 16 17 20 21 0 
7 8 10 11 14 18 20 21 23 0 
4 5 6 9 11 25 0 
6 8 15 17 21 24 25 0 
2 6 7 8 24 0 
3 5 10 15 25 0 
2 3 7 8 11 15 16 18 22 24 0 
1 3 11 15 20 22 23 0 
3 5 8 12 14 20 25 0 
2 4 7 8 9 14 0 
1 2 3 4 14 17 0 
6 7 8 15 18 25 0 
2 5 6 10 11 15 17 19 20 24 0 
4 5 6 9 13 16 18 23 24 0 
1 13 20 22 23 25 0 
2 8 15 16 17 0 
2 7 12 16 19 0 
2 4 7 8 12 14 24 0 
8 12 13 18 22 25 0 
1 2 8 20 24 0 
4 5 6 17 26 0 
3 4 5 7 8 9 10 0 
4 8 10 14 19 25 26 0 
3 6 7 9 19 23 0 
4 13 20 22 26 0 
2 8 11 13 16 17 21 24 0 
5 7 18 26 0 
1 21 26 0 
2 6 11 13 16 18 20 25 0 
5 6 13 14 24 0 
4 9 10 11 14 22 23 24 0 
1 6 9 12 13 20 22 25 0 
5 10 11 14 15 16 23 0 
5 8 11 26 0 
1 12 23 0 
1 4 6 7 15 17 24 0 
2 6 7 15 0 
4 5 16 26 0 
4 9 14 19 20 0 
5 9 11 12 21 23 25 0 
1 2 8 12 13 17 19 20 0 
2 14 19 21 23 0 
5 13 15 16 23 26 0 
1 5 12 15 26 0 
3 5 14 15 16 18 21 0 
17 18 20 0 
2 3 4 10 13 19 22 26 0 
10 12 15 16 19 20 24 0 
7 11 12 18 20 21 24 26 0 
2 4 7 15 18 19 22 25 0 
5 7 14 16 18 20 24 0 
1 4 6 19 20 0 
6 11 14 17 19 20 24 0 
1 7 16 19 21 23 24 0 
9 20 26 0 
17 20 24 26 0 
2 10 11 14 15 21 24 25 0 
11 15 23 0 
7 9 10 13 15 23 26 0 
2 5 11 13 16 20 21 0 
3 4 6 10 11 13 16 19 0 
2 16 20 24 0 
1 7 8 9 24 0 
10 11 14 15 19 26 0 
11 14 16 21 23 0 
1 20 24 0 
1 2 3 8 10 18 19 24 0 
3 4 7 8 12 13 14 15 0 
11 14 16 17 22 0 
1 3 4 7 13 14 20 23 0 
1 3 7 8 11 15 22 0 
3 7 9 16 20 21 0 
5 6 11 20 21 24 0 
10 11 15 17 21 25 0 
3 7 14 17 23 0 
1 4 14 15 16 18 19 21 22 25 26 0 
7 10 12 15 18 0 
2 13 17 19 23 0 
7 13 17 22 23 0 
5 7 9 11 15 22 24 25 0 
3 4 14 15 18 21 22 26 0 
3 7 12 14 15 25 0 
2 14 17 19 21 22 23 25 0 
8 9 15 16 21 24 0 
11 17 21 0 
3 6 9 13 19 21 25 0 
2 9 12 13 21 22 26 0 
18 19 23 24 0 
1 3 4 7 9 21 22 23 26 0 
1 6 11 15 20 25 0 
9 14 16 18 21 25 0 
1 4 16 23 26 0 
4 7 8 15 17 18 19 21 25 26 0 
1 6 13 18 22 24 25 26 0 
4 5 8 9 12 18 0 
3 6 8 13 17 18 24 0 
10 11 12 14 16 19 20 25 26 0 
4 7 12 14 16 0 
1 6 9 11 15 19 0 
6 10 11 12 14 26 0 
1 5 7 8 9 16 17 18 24 25 0 
4 5 6 7 8 9 12 15 17 19 22 0 
1 5 8 13 14 15 21 23 0 
1 4 11 14 15 20 24 0 
15 19 21 22 25 0 
4 16 19 23 24 0 
1 2 6 8 12 17 22 24 26 0 
10 14 15 17 23 0 
4 10 14 18 22 25 0 
7 21 0 
1 5 13 15 16 23 0 
8 10 11 14 16 23 26 0 
1 2 3 5 9 10 12 16 19 20 24 0 
4 11 14 15 16 19 0 
2 5 8 12 13 14 15 23 0 
4 6 7 13 24 0 
4 6 8 9 11 22 0 
24 25 26 0 
1 2 20 23 26 0 
6 10 17 24 25 0 
10 17 21 0 
5 7 9 18 20 22 0 
8 9 13 17 25 0 
2 3 6 10 15 17 21 22 23 0 
3 4 5 7 13 14 15 23 0 
5 13 17 20 22 23 26 0 
3 4 7 18 20 0 
1 2 4 7 16 22 23 26 0 
9 12 13 16 17 19 26 0 
6 8 19 23 0 
3 4 8 16 17 20 0 
3 9 14 15 17 21 26 0 
2 6 13 19 23 24 0 
14 22 24 0 
3 6 10 12 14 23 0 
4 8 9 19 21 24 25 0 
2 12 13 0 
1 3 7 18 19 22 24 26 0 
2 8 10 11 13 17 19 25 0 
2 5 12 13 15 18 0 
3 5 8 13 14 17 0 
1 6 7 10 13 15 17 24 0 
1 6 8 12 13 24 0 
2 10 15 23 0 
1 2 5 6 8 10 17 24 0 
3 4 6 9 12 22 24 26 0 
1 3 10 25 26 0 
3 6 8 19 21 23 26 0 
2 4 8 9 11 17 18 23 0 
1 2 3 4 12 15 17 22 23 26 0 
3 5 11 13 17 0 
9 10 12 15 16 23 0 
4 11 22 26 0 
5 13 16 21 22 24 25 0 
1 2 7 14 17 23 0 
3 17 19 21 0 
2 5 9 19 20 23 26 0 
4 16 19 20 25 26 0 
1 14 19 22 0 
1 2 11 12 13 17 25 0 
2 7 10 18 24 25 26 0 
2 5 8 16 18 19 0 
8 14 0 
4 9 13 16 0 
4 18 21 23 0 
5 6 8 10 12 14 20 0 
3 9 10 12 15 22 23 25 0 
1 9 21 22 25 0 
5 6 14 18 20 25 0 
6 13 15 16 18 21 0 
1 6 7 14 18 26 0 
7 15 18 25 0 
1 5 12 23 24 25 0 
2 7 8 11 16 17 0 
4 5 23 24 25 0 
11 13 16 20 24 0 
4 5 9 10 17 22 24 25 0 
5 12 25 0 
1 4 5 6 8 13 14 22 0 
4 8 15 20 21 23 0 
4 5 11 16 0 
1 12 15 16 22 23 0 
1 10 12 16 20 21 0 
7 12 16 19 24 25 0 
12 16 17 20 0 
3 9 10 16 23 0 
1 2 3 9 11 13 17 19 23 0 
2 3 6 21 22 0 
13 15 16 24 0 
1 7 8 11 12 17 18 20 23 24 0 
3 13 20 23 0 
1 2 7 9 26 0 
4 5 6 8 0 
18 20 21 0 
4 8 9 11 12 15 23 25 26 0 
7 13 15 21 23 26 0 
3 5 11 12 19 24 0 
4 8 16 23 0 
6 7 8 9 13 17 24 0 
5 7 10 14 16 22 24 0 
1 3 4 15 16 20 23 25 26 0 
4 8 9 13 14 21 22 0 
4 13 18 19 21 23 26 0 
9 12 17 18 21 24 26 0 
4 5 7 18 25 26 0 
14 17 21 0 
4 14 22 23 24 0 
9 12 17 20 24 0 
3 4 12 14 15 0 
4 9 14 18 20 0 
14 15 19 21 25 0 
1 12 14 17 21 0 
3 5 8 10 11 14 16 20 22 0 
2 3 7 8 9 12 15 20 23 25 0 
4 8 13 15 20 0 
4 5 11 14 17 24 0 
4 5 10 14 15 19 22 23 26 0 
5 11 16 20 0 
3 4 5 6 16 17 20 22 26 0 
2 4 11 15 20 22 0 
3 9 20 22 23 0 
6 8 19 24 25 26 0 
1 3 17 19 20 22 26 0 
3 9 14 15 18 24 26 0 
5 8 13 19 20 22 23 25 0 
11 16 24 25 26 0 
2 7 9 13 16 21 23 26 0 
7 9 10 16 19 23 0 
1 5 8 14 16 20 23 25 0 
3 6 7 8 11 14 18 19 21 0 
7 9 14 15 16 18 20 0 
4 7 8 11 16 22 26 0 
5 7 9 11 18 19 26 0 
2 9 17 23 24 0 
3 6 19 21 22 0 
1 2 10 12 0 
7 8 9 14 18 0 
7 9 12 13 17 20 24 0 
1 2 3 4 6 19 23 25 0 
13 23 24 25 0 
2 8 11 16 21 26 0 
1 9 14 18 0 
10 13 14 16 23 24 0 
7 9 13 14 15 19 26 0 
10 11 18 19 25 0 
10 12 15 21 23 0 
2 10 16 17 20 0 
2 3 6 14 16 22 25 26 0 
3 4 10 0 
6 11 12 13 14 0 
1 4 8 13 14 24 0 
2 6 21 22 23 25 0 
1 3 4 14 17 21 22 24 0 
3 6 8 16 23 25 0 
3 4 6 9 16 19 22 23 0 
3 9 10 15 21 23 0 
1 3 10 12 22 25 0 
4 10 13 16 24 0 
3 4 19 22 0 
1 2 5 15 16 20 0 
3 9 13 21 24 25 0 
2 8 13 16 24 25 0 
2 3 14 17 21 0 
5 7 9 10 17 21 23 24 0 
7 8 11 14 23 25 0 
12 17 0 
4 7 8 10 11 17 20 21 0 
1 4 5 11 12 13 14 16 17 0 
2 5 11 14 16 19 20 21 23 26 0 
2 3 14 15 17 19 23 25 26 0 
5 6 10 16 0 
1 2 4 5 10 20 21 23 0 
5 12 18 19 20 26 0 
2 4 8 18 26 0 
8 12 15 23 25 0 
8 10 11 13 14 22 23 0 
1 3 4 7 8 9 19 0 
1 7 13 0 
5 6 13 18 22 23 0 
1 2 3 4 8 11 17 20 22 0 
1 3 5 15 16 18 26 0 
8 16 23 0 
1 4 12 14 15 17 26 0 
3 5 11 26 0 
1 2 5 7 16 20 23 0 
5 14 18 26 0 
2 9 14 24 25 0 
5 9 20 26 0 
1 2 16 18 23 0 
6 9 11 13 18 0 
9 11 12 13 14 0 
7 12 15 20 21 25 0 
2 7 16 24 0 
14 20 22 23 24 0 
4 8 16 19 20 21 25 0 
1 11 15 18 26 0 
1 6 7 13 14 15 16 20 21 25 0 
3 5 7 14 15 22 26 0 
1 3 4 5 6 8 13 20 26 0 
7 11 13 25 0 
2 4 7 8 20 21 22 26 0 
2 3 8 9 15 20 0 
5 24 25 26 0 
1 4 6 11 12 0 
2 16 17 21 23 0 
4 6 10 11 14 16 17 20 26 0 
2 10 11 22 24 0 
2 3 15 20 22 26 0 
1 6 9 10 20 23 0 
3 8 9 13 16 21 22 23 26 0 
1 4 6 7 23 0 
4 9 16 18 20 21 0 
1 12 14 16 20 22 26 0 
4 12 14 20 22 0 
2 4 6 11 17 18 21 0 
6 7 8 10 11 20 26 0 
2 6 11 21 24 26 0 
1 2 4 6 8 9 10 21 23 0 
1 2 3 4 9 13 18 22 0 
1 12 14 16 23 26 0 
3 4 9 13 22 0 
19 20 24 0 
1 6 11 15 16 20 0 
1 3 9 12 13 19 20 21 22 0 
3 13 16 23 0 
4 5 7 11 14 25 26 0 
1 12 19 22 23 0 
5 6 17 19 23 0 
2 4 5 9 10 12 14 15 20 26 0 
7 19 22 0 
2 4 13 17 20 23 24 0 
1 7 8 13 15 17 20 21 26 0 
1 4 15 18 20 25 0 
6 14 17 22 0 
9 13 14 16 17 18 19 22 26 0 
2 5 8 24 0 
5 10 11 12 20 21 23 25 0 
3 4 20 21 23 0 
9 11 15 16 20 21 23 0 
1 3 5 8 14 16 20 22 0 
1 3 7 13 20 21 25 0 
1 18 19 20 21 22 24 0 
2 3 5 7 12 20 22 23 26 0 
3 7 16 22 0 
1 2 15 17 19 25 26 0 
1 6 8 9 11 15 17 25 0 
12 13 19 21 26 0 
1 2 8 10 11 18 21 23 24 0 
7 11 13 15 19 21 24 25 0 
1 6 8 9 13 26 0 
3 5 7 12 19 22 25 0 
3 4 5 13 15 16 20 22 23 0 
7 13 20 21 23 25 0 
7 14 16 19 20 22 26 0 
7 8 9 12 18 20 26 0 
-6 -10 -17 -19 -23 -24 0 
-8 -10 -11 -22 0 
-4 -5 -9 -13 -15 -20 -23 0 
-7 -12 -14 -18 -20 0 
-2 -4 -5 -10 -11 -17 -21 -22 -23 -26 0 
-6 -11 -18 -20 -21 -22 -23 -25 0 
-6 -16 -19 -23 0 
-5 -6 -8 -12 -16 -18 -23 0 
-6 -10 -23 0 
-1 -6 -16 -18 -21 -22 -23 -26 0 
-8 -14 -18 -25 0 
-2 -18 -19 0 
-5 -7 -8 -14 -23 -24 0 
-14 -16 -19 -24 -25 0 
-10 -13 -18 -25 0 
-8 -12 -14 -20 -22 -23 -25 -26 0 
-3 -5 -12 -14 -23 -25 0 
-3 -5 -13 -20 -22 0 
-1 -2 -6 -7 -10 -11 -12 -18 0 
-8 -10 -18 -22 -23 -25 0 
-1 -13 -15 -20 -21 0 
-9 -13 -23 -26 0 
-4 -6 -7 -9 -11 -17 -19 -25 0 
-4 -6 -9 -11 -19 0 
-3 -4 -7 -16 -17 -18 -21 -26 0 
-3 -4 -5 -7 -11 -17 -19 -22 -26 0 
-1 -6 -7 -9 -21 0 
-2 -3 -7 -10 -19 -20 0 
-1 -7 -15 -17 -18 -25 0 
-8 -10 -13 -15 -17 -20 -26 0 
-7 -10 -22 0 
-3 -7 -9 -14 -19 -20 0 
-6 -10 -14 -21 -26 0 
-4 -6 -7 -8 -11 -12 -13 -21 0 
-3 -9 -13 -15 -16 -19 0 
-2 -3 -9 -12 -15 -18 -23 0 
-1 -11 -13 -18 0 
-2 -11 -16 -17 -21 -22 0 
-2 -4 -6 -7 -8 -10 -11 -18 -20 -21 -24 -25 0 
-2 -3 -7 -19 -25 0 
-7 -8 -10 -18 0 
-5 -6 -7 -20 -22 -25 0 
-8 -14 -20 0 
-2 -5 -6 -8 -11 -15 -18 -20 -23 0 
-5 -12 -22 -23 0 
-3 -5 -15 -16 -17 -20 -21 0 
-7 -8 -10 -11 -14 -18 -20 -21 -23 0 
-4 -5 -6 -9 -11 -25 0 
-6 -8 -15 -17 -21 -24 -25 0 
-2 -6 -7 -8 -24 0 
-3 -5 -10 -15 -25 0 
-2 -3 -7 -8 -11 -15 -16 -18 -22 -24 0 
-1 -3 -11 -15 -20 -22 -23 0 
-3 -5 -8 -12 -14 -20 -25 0 
-2 -4 -7 -8 -9 -14 0 
-1 -2 -3 -4 -14 -17 0 
-6 -7 -8 -15 -18 -25 0 
-2 -5 -6 -10 -11 -15 -17 -19 -20 -24 0 
-4 -5 -6 -9 -13 -16 -18 -23 -24 0 
-1 -13 -20 -22 -23 -25 0 
-2 -8 -15 -16 -17 0 
-2 -7 -12 -16 -19 0 
-2 -4 -7 -8 -12 -14 -24 0 
-8 -12 -13 -18 -22 -25 0 
-1 -2 -8 -20 -24 0 
-4 -5 -6 -17 -26 0 
-3 -4 -5 -7 -8 -9 -10 0 
-4 -8 -10 -14 -19 -25 -26 0 
-3 -6 -7 -9 -19 -23 0 
-4 -13 -20 -22 -26 0 
-2 -8 -11 -13 -16 -17 -21 -24 0 
-5 -7 -18 -26 0 
-1 -21 -26 0 
-2 -6 -11 -13 -16 -18 -20 -25 0 
-5 -6 -13 -14 -24 0 
-4 -9 -10 -11 -14 -22 -23 -24 0 
-1 -6 -9 -12 -13 -20 -22 -25 0 
-5 -10 -11 -14 -15 -16 -23 0 
-5 -8 -11 -26 0 
-1 -12 -23 0 
-1 -4 -6 -7 -15 -17 -24 0 
-2 -6 -7 -15 0 
-4 -5 -16 -26 0 
-4 -9 -14 -19 -20 0 
-5 -9 -11 -12 -21 -23 -25 0 
-1 -2 -8 -12 -13 -17 -19 -20 0 
-2 -14 -19 -21 -23 0 
-5 -13 -15 -16 -23 -26 0 
-1 -5 -12 -15 -26 0 
-3 -5 -14 -15 -16 -18 -21 0 
-17 -18 -20 0 
-2 -3 -4 -10 -13 -19 -22 -26 0 
-10 -12 -15 -16 -19 -20 -24 0 
-7 -11 -12 -18 -20 -21 -24 -26 0 
-2 -4 -7 -15 -18 -19 -22 -25 0 
-5 -7 -14 -16 -18 -20 -24 0 
-1 -4 -6 -19 -20 0 
-6 -11 -14 -17 -19 -20 -24 0 
-1 -7 -16 -19 -21 -23 -24 0 
-9 -20 -26 0 
-17 -20 -24 -26 0 
-2 -10 -11 -14 -15 -21 -24 -25 0 
-11 -15 -23 0 
-7 -9 -10 -13 -15 -23 -26 0 
-2 -5 -11 -13 -16 -20 -21 0 
-3 -4 -6 -10 -11 -13 -16 -19 0 
-2 -16 -20 -24 0 
-1 -7 -8 -9 -24 0 
-10 -11 -14 -15 -19 -26 0 
-11 -14 -16 -21 -23 0 
-1 -20 -24 0 
-1 -2 -3 -8 -10 -18 -19 -24 0 
-3 -4 -7 -8 -12 -13 -14 -15 0 
-11 -14 -16 -17 -22 0 
-1 -3 -4 -7 -13 -14 -20 -23 0 
-1 -3 -7 -8 -11 -15 -22 0 
-3 -7 -9 -16 -20 -21 0 
-5 -6 -11 -20 -21 -24 0 
-10 -11 -15 -17 -21 -25 0 
-3 -7 -14 -17 -23 0 
-1 -4 -14 -15 -16 -18 -19 -21 -22 -25 -26 0 
-7 -10 -12 -15 -18 0 
-2 -13 -17 -19 -23 0 
-7 -13 -17 -22 -23 0 
-5 -7 -9 -11 -15 -22 -24 -25 0 
-3 -4 -14 -15 -18 -21 -22 -26 0 
-3 -7 -12 -14 -15 -25 0 
-2 -14 -17 -19 -21 -22 -23 -25 0 
-8 -9 -15 -16 -21 -24 0 
-11 -17 -21 0 
-3 -6 -9 -13 -19 -21 -25 0 
-2 -9 -12 -13 -21 -22 -26 0 
-18 -19 -23 -24 0 
-1 -3 -4 -7 -9 -21 -22 -23 -26 0 
-1 -6 -11 -15 -20 -25 0 
-9 -14 -16 -18 -21 -25 0 
-1 -4 -16 -23 -26 0 
-4 -7 -8 -15 -17 -18 -19 -21 -25 -26 0 
-1 -6 -13 -18 -22 -24 -25 -26 0 
-4 -5 -8 -9 -12 -18 0 
-3 -6 -8 -13 -17 -18 -24 0 
-10 -11 -12 -14 -16 -19 -20 -25 -26 0 
-4 -7 -12 -14 -16 0 
-1 -6 -9 -11 -15 -19 0 
-6 -10 -11 -12 -14 -26 0 
-1 -5 -7 -8 -9 -16 -17 -18 -24 -25 0 
-4 -5 -6 -7 -8 -9 -12 -15 -17 -19 -22 0 
-1 -5 -8 -13 -14 -15 -21 -23 0 
-1 -4 -11 -14 -15 -20 -24 0 
-15 -19 -21 -22 -25 0 
-4 -16 -19 -23 -24 0 
-1 -2 -6 -8 -12 -17 -22 -24 -26 0 
-10 -14 -15 -17 -23 0 
-4 -10 -14 -18 -22 -25 0 
-7 -21 0 
-1 -5 -13 -15 -16 -23 0 
-8 -10 -11 -14 -16 -23 -26 0 
-1 -2 -3 -5 -9 -10 -12 -16 -19 -20 -24 0 
-4 -11 -14 -15 -16 -19 0 
-2 -5 -8 -12 -13 -14 -15 -23 0 
-4 -6 -7 -13 -24 0 
-4 -6 -8 -9 -11 -22 0 
-24 -25 -26 0 
-1 -2 -20 -23 -26 0 
-6 -10 -17 -24 -25 0 
-10 -17 -21 0 
-5 -7 -9 -18 -20 -22 0 
-8 -9 -13 -17 -25 0 
-2 -3 -6 -10 -15 -17 -21 -22 -23 0 
-3 -4 -5 -7 -13 -14 -15 -23 0 
-5 -13 -17 -20 -22 -23 -26 0 
-3 -4 -7 -18 -20 0 
-1 -2 -4 -7 -16 -22 -23 -26 0 
-9 -12 -13 -16 -17 -19 -26 0 
-6 -8 -19 -23 0 
-3 -4 -8 -16 -17 -20 0 
-3 -9 -14 -15 -17 -21 -26 0 
-2 -6 -13 -19 -23 -24 0 
-14 -22 -24 0 
-3 -6 -10 -12 -14 -23 0 
-4 -8 -9 -19 -21 -24 -25 0 
-2 -12 -13 0 
-1 -3 -7 -18 -19 -22 -24 -26 0 
-2 -8 -10 -11 -13 -17 -19 -25 0 
-2 -5 -12 -13 -15 -18 0 
-3 -5 -8 -13 -14 -17 0 
-1 -6 -7 -10 -13 -15 -17 -24 0 
-1 -6 -8 -12 -13 -24 0 
-2 -10 -15 -23 0 
-1 -2 -5 -6 -8 -10 -17 -24 0 
-3 -4 -6 -9 -12 -22 -24 -26 0 
-1 -3 -10 -25 -26 0 
-3 -6 -8 -19 -21 -23 -26 0 
-2 -4 -8 -9 -11 -17 -18 -23 0 
-1 -2 -3 -4 -12 -15 -17 -22 -23 -26 0 
-3 -5 -11 -13 -17 0 
-9 -10 -12 -15 -16 -23 0 
-4 -11 -22 -26 0 
-5 -13 -16 -21 -22 -24 -25 0 
-1 -2 -7 -14 -17 -23 0 
-3 -17 -19 -21 0 
-2 -5 -9 -19 -20 -23 -26 0 
-4 -16 -19 -20 -25 -26 0 
-1 -14 -19 -22 0 
-1 -2 -11 -12 -13 -17 -25 0 
-2 -7 -10 -18 -24 -25 -26 0 
-2 -5 -8 -16 -18 -19 0 
-8 -14 0 
-4 -9 -13 -16 0 
-4 -18 -21 -23 0 
-5 -6 -8 -10 -12 -14 -20 0 
-3 -9 -10 -12 -15 -22 -23 -25 0 
-1 -9 -21 -22 -25 0 
-5 -6 -14 -18 -20 -25 0 
-6 -13 -15 -16 -18 -21 0 
-1 -6 -7 -14 -18 -26 0 
-7 -15 -18 -25 0 
-1 -5 -12 -23 -24 -25 0 
-2 -7 -8 -11 -16 -17 0 
-4 -5 -23 -24 -25 0 
-11 -13 -16 -20 -24 0 
-4 -5 -9 -10 -17 -22 -24 -25 0 
-5 -12 -25 0 
-1 -4 -5 -6 -8 -13 -14 -22 0 
-4 -8 -15 -20 -21 -23 0 
-4 -5 -11 -16 0 
-1 -12 -15 -16 -22 -23 0 
-1 -10 -12 -16 -20 -21 0 
-7 -12 -16 -19 -24 -25 0 
-12 -16 -17 -20 0 
-3 -9 -10 -16 -23 0 
-1 -2 -3 -9 -11 -13 -17 -19 -23 0 
-2 -3 -6 -21 -22 0 
-13 -15 -16 -24 0 
-1 -7 -8 -11 -12 -17 -18 -20 -23 -24 0 
-3 -13 -20 -23 0 
-1 -2 -7 -9 -26 0 
-4 -5 -6 -8 0 
-18 -20 -21 0 
-4 -8 -9 -11 -12 -15 -23 -25 -26 0 
-7 -13 -15 -21 -23 -26 0 
-3 -5 -11 -12 -19 -24 0 
-4 -8 -16 -23 0 
-6 -7 -8 -9 -13 -17 -24 0 
-5 -7 -10 -14 -16 -22 -24 0 
-1 -3 -4 -15 -16 -20 -23 -25 -26 0 
-4 -8 -9 -13 -14 -21 -22 0 
-4 -13 -18 -19 -21 -23 -26 0 
-9 -12 -17 -18 -21 -24 -26 0 
-4 -5 -7 -18 -25 -26 0 
-14 -17 -21 0 
-4 -14 -22 -23 -24 0 
-9 -12 -17 -20 -24 0 
-3 -4 -12 -14 -15 0 
-4 -9 -14 -18 -20 0 
-14 -15 -19 -21 -25 0 
-1 -12 -14 -17 -21 0 
-3 -5 -8 -10 -11 -14 -16 -20 -22 0 
-2 -3 -7 -8 -9 -12 -15 -20 -23 -25 0 
-4 -8 -13 -15 -20 0 
-4 -5 -11 -14 -17 -24 0 
-4 -5 -10 -14 -15 -19 -22 -23 -26 0 
-5 -11 -16 -20 0 
-3 -4 -5 -6 -16 -17 -20 -22 -26 0 
-2 -4 -11 -15 -20 -22 0 
-3 -9 -20 -22 -23 0 
-6 -8 -19 -24 -25 -26 0 
-1 -3 -17 -19 -20 -22 -26 0 
-3 -9 -14 -15 -18 -24 -26 0 
-5 -8 -13 -19 -20 -22 -23 -25 0 
-11 -16 -24 -25 -26 0 
-2 -7 -9 -13 -16 -21 -23 -26 0 
-7 -9 -10 -16 -19 -23 0 
-1 -5 -8 -14 -16 -20 -23 -25 0 
-3 -6 -7 -8 -11 -14 -18 -19 -21 0 
-7 -9 -14 -15 -16 -18 -20 0 
-4 -7 -8 -11 -16 -22 -26 0 
-5 -7 -9 -11 -18 -19 -26 0 
-2 -9 -17 -23 -24 0 
-3 -6 -19 -21 -22 0 
-1 -2 -10 -12 0 
-7 -8 -9 -14 -18 0 
-7 -9 -12 -13 -17 -20 -24 0 
-1 -2 -3 -4 -6 -19 -23 -25 0 
-13 -23 -24 -25 0 
-2 -8 -11 -16 -21 -26 0 
-1 -9 -14 -18 0 
-10 -13 -14 -16 -23 -24 0 
-7 -9 -13 -14 -15 -19 -26 0 
-10 -11 -18 -19 -25 0 
-10 -12 -15 -21 -23 0 
-2 -10 -16 -17 -20 0 
-2 -3 -6 -14 -16 -22 -25 -26 0 
-3 -4 -10 0 
-6 -11 -12 -13 -14 0 
-1 -4 -8 -13 -14 -24 0 
-2 -6 -21 -22 -23 -25 0 
-1 -3 -4 -14 -17 -21 -22 -24 0 
-3 -6 -8 -16 -23 -25 0 
-3 -4 -6 -9 -16 -19 -22 -23 0 
-3 -9 -10 -15 -21 -23 0 
-1 -3 -10 -12 -22 -25 0 
-4 -10 -13 -16 -24 0 
-3 -4 -19 -22 0 
-1 -2 -5 -15 -16 -20 0 
-3 -9 -13 -21 -24 -25 0 
-2 -8 -13 -16 -24 -25 0 
-2 -3 -14 -17 -21 0 
-5 -7 -9 -10 -17 -21 -23 -24 0 
-7 -8 -11 -14 -23 -25 0 
-12 -17 0 
-4 -7 -8 -10 -11 -17 -20 -21 0 
-1 -4 -5 -11 -12 -13 -14 -16 -17 0 
-2 -5 -11 -14 -16 -19 -20 -21 -23 -26 0 
-2 -3 -14 -15 -17 -19 -23 -25 -26 0 
-5 -6 -10 -16 0 
-1 -2 -4 -5 -10 -20 -21 -23 0 
-5 -12 -18 -19 -20 -26 0 
-2 -4 -8 -18 -26 0 
-8 -12 -15 -23 -25 0 
-8 -10 -11 -13 -14 -22 -23 0 
-1 -3 -4 -7 -8 -9 -19 0 
-1 -7 -13 0 
-5 -6 -13 -18 -22 -23 0 
-1 -2 -3 -4 -8 -11 -17 -20 -22 0 
-1 -3 -5 -15 -16 -18 -26 0 
-8 -16 -23 0 
-1 -4 -12 -14 -15 -17 -26 0 
-3 -5 -11 -26 0 
-1 -2 -5 -7 -16 -20 -23 0 
-5 -14 -18 -26 0 
-2 -9 -14 -24 -25 0 
-5 -9 -20 -26 0 
-1 -2 -16 -18 -23 0 
-6 -9 -11 -13 -18 0 
-9 -11 -12 -13 -14 0 
-7 -12 -15 -20 -21 -25 0 
-2 -7 -16 -24 0 
-14 -20 -22 -23 -24 0 
-4 -8 -16 -19 -20 -21 -25 0 
-1 -11 -15 -18 -26 0 
-1 -6 -7 -13 -14 -15 -16 -20 -21 -25 0 
-3 -5 -7 -14 -15 -22 -26 0 
-1 -3 -4 -5 -6 -8 -13 -20 -26 0 
-7 -11 -13 -25 0 
-2 -4 -7 -8 -20 -21 -22 -26 0 
-2 -3 -8 -9 -15 -20 0 
-5 -24 -25 -26 0 
-1 -4 -6 -11 -12 0 
-2 -16 -17 -21 -23 0 
-4 -6 -10 -11 -14 -16 -17 -20 -26 0 
-2 -10 -11 -22 -24 0 
-2 -3 -15 -20 -22 -26 0 
-1 -6 -9 -10 -20 -23 0 
-3 -8 -9 -13 -16 -21 -22 -23 -26 0 
-1 -4 -6 -7 -23 0 
-4 -9 -16 -18 -20 -21 0 
-1 -12 -14 -16 -20 -22 -26 0 
-4 -12 -14 -20 -22 0 
-2 -4 -6 -11 -17 -18 -21 0 
-6 -7 -8 -10 -11 -20 -26 0 
-2 -6 -11 -21 -24 -26 0 
-1 -2 -4 -6 -8 -9 -10 -21 -23 0 
-1 -2 -3 -4 -9 -13 -18 -22 0 
-1 -12 -14 -16 -23 -26 0 
-3 -4 -9 -13 -22 0 
-19 -20 -24 0 
-1 -6 -11 -15 -16 -20 0 
-1 -3 -9 -12 -13 -19 -20 -21 -22 0 
-3 -13 -16 -23 0 
-4 -5 -7 -11 -14 -25 -26 0 
-1 -12 -19 -22 -23 0 
-5 -6 -17 -19 -23 0 
-2 -4 -5 -9 -10 -12 -14 -15 -20 -26 0 
-7 -19 -22 0 
-2 -4 -13 -17 -20 -23 -24 0 
-1 -7 -8 -13 -15 -17 -20 -21 -26 0 
-1 -4 -15 -18 -20 -25 0 
-6 -14 -17 -22 0 
-9 -13 -14 -16 -17 -18 -19 -22 -26 0 
-2 -5 -8 -24 0 
-5 -10 -11 -12 -20 -21 -23 -25 0 
-3 -4 -20 -21 -23 0 
-9 -11 -15 -16 -20 -21 -23 0 
-1 -3 -5 -8 -14 -16 -20 -22 0 
-1 -3 -7 -13 -20 -21 -25 0 
-1 -18 -19 -20 -21 -22 -24 0 
-2 -3 -5 -7 -12 -20 -22 -23 -26 0 
-3 -7 -16 -22 0 
-1 -2 -15 -17 -19 -25 -26 0 
-1 -6 -8 -9 -11 -15 -17 -25 0 
-12 -13 -19 -21 -26 0 
-1 -2 -8 -10 -11 -18 -21 -23 -24 0 
-7 -11 -13 -15 -19 -21 -24 -25 0 
-1 -6 -8 -9 -13 -26 0 
-3 -5 -7 -12 -19 -22 -25 0 
-3 -4 -5 -13 -15 -16 -20 -22 -23 0 
-7 -13 -20 -21 -23 -25 0 
-7 -14 -16 -19 -20 -22 -26 0 
-7 -8 -9 -12 -18 -20 -26 0 
