p cnf 26 800
10 12 18 20 24 0 
2 6 9 12 15 20 25 0 
1 3 17 19 22 23 26 0 
1 6 15 26 0 
1 3 9 14 15 16 21 23 0 
2 10 12 15 22 23 0 
1 4 6 9 12 15 17 20 24 25 26 0 
2 5 16 21 26 0 
7 8 9 11 12 13 14 16 25 26 0 
4 7 13 16 23 26 0 
15 18 19 21 0 
2 11 17 19 25 26 0 
2 14 18 24 0 
3 7 8 12 15 16 20 0 
3 8 9 15 17 18 26 0 
3 14 16 21 24 0 
1 2 4 5 9 26 0 
3 9 10 11 13 23 0 
7 14 17 18 20 22 24 0 
1 9 18 0 
6 10 12 13 24 0 
1 6 10 12 16 17 19 21 22 26 0 
8 18 19 24 0 
5 6 9 10 14 25 0 
4 5 12 18 24 0 
2 3 14 15 16 18 0 
2 10 15 18 20 0 
4 8 9 13 14 0 
3 4 8 10 12 24 26 0 
4 5 6 7 15 17 21 0 
4 14 19 20 21 24 0 
4 8 11 12 14 17 26 0 
3 9 10 12 20 26 0 
9 12 14 17 19 0 
2 6 18 19 21 23 0 
4 13 16 23 0 
4 8 10 12 15 17 20 21 0 
1 7 16 18 23 25 0 
7 16 19 20 23 24 26 0 
1 4 6 9 10 13 16 0 
4 5 6 10 15 17 18 26 0 
10 11 12 20 24 25 0 
4 5 8 9 18 23 25 26 0 
1 12 15 19 23 25 0 
4 14 15 16 17 0 
3 6 12 17 21 22 25 0 
4 7 9 12 14 19 20 24 26 0 
3 19 20 24 0 
5 7 10 11 13 15 20 21 0 
9 13 16 19 21 23 0 
1 3 5 8 12 20 0 
1 8 11 13 15 17 20 0 
3 5 8 13 14 18 25 0 
2 3 5 11 13 14 0 
8 15 17 24 0 
3 15 16 18 0 
6 12 15 24 26 0 
15 25 26 0 
1 4 6 8 9 21 22 23 0 
6 9 10 14 20 24 0 
3 9 15 22 24 0 
3 18 22 24 26 0 
10 13 17 23 0 
1 11 16 17 19 0 
4 8 9 11 12 17 25 0 
2 4 6 9 12 19 21 0 
3 5 7 14 15 19 22 23 0 
3 7 12 16 19 23 0 
1 6 8 9 11 19 24 26 0 
6 10 11 17 19 20 24 25 0 
1 6 7 11 15 17 0 
6 7 10 13 17 19 20 22 0 
8 17 22 23 0 
8 10 11 12 0 
4 9 16 17 23 0 
2 6 8 12 19 20 22 0 
6 11 16 0 
12 13 16 20 22 0 
1 7 10 13 18 21 0 
8 9 10 12 16 20 22 0 
4 7 17 18 22 26 0 
3 12 16 18 23 24 0 
6 8 13 14 15 17 22 0 
6 11 13 18 23 0 
2 14 20 21 23 24 0 
1 10 11 21 23 25 0 
6 7 8 14 24 0 
2 10 14 16 20 0 
1 3 5 16 17 22 26 0 
2 4 5 8 16 17 18 19 23 0 
8 13 15 19 20 21 25 0 
2 8 10 12 0 
2 11 22 24 26 0 
1 6 7 12 14 17 0 
2 6 7 18 19 0 
2 5 25 0 
13 18 21 22 0 
1 2 4 8 10 12 17 21 0 
4 10 17 21 0 
1 2 5 7 10 13 16 20 23 24 0 
1 2 7 13 15 18 23 0 
3 4 5 20 21 0 
7 8 9 14 15 20 0 
1 9 19 22 0 
2 3 7 24 0 
9 15 17 21 26 0 
3 6 7 8 17 23 0 
5 7 9 14 15 0 
6 7 12 15 17 20 25 0 
4 10 11 14 0 
5 6 8 9 11 12 14 19 21 24 25 0 
9 13 14 16 18 25 26 0 
4 8 10 22 23 0 
1 2 7 12 17 19 23 25 0 
3 5 7 18 22 24 0 
1 3 4 13 14 16 21 22 25 0 
3 6 18 25 0 
1 6 7 9 11 13 14 19 24 25 26 0 
2 15 18 0 
3 7 9 14 24 26 0 
2 8 16 17 21 25 0 
3 4 5 7 9 11 14 16 18 20 21 22 26 0 
2 3 4 18 21 0 
1 2 3 5 7 18 21 0 
9 23 24 25 0 
2 5 8 12 18 24 0 
5 6 8 26 0 
2 3 5 8 9 11 19 26 0 
2 5 6 8 9 13 21 0 
1 2 3 8 10 16 22 25 26 0 
1 7 12 13 15 21 24 25 26 0 
4 6 7 11 16 20 21 24 25 0 
1 7 11 16 17 20 26 0 
3 5 6 8 9 20 0 
2 3 4 5 7 9 13 19 24 26 0 
1 2 3 5 6 12 14 16 0 
2 5 12 22 0 
5 10 17 22 0 
3 6 9 21 24 25 26 0 
3 6 14 18 23 26 0 
2 3 8 9 13 18 20 26 0 
8 11 12 16 0 
4 6 7 10 16 17 22 26 0 
1 15 16 17 18 19 21 26 0 
4 7 17 20 0 
8 12 14 17 0 
1 7 9 15 25 0 
2 8 15 20 0 
4 6 7 9 11 12 13 14 18 19 23 24 0 
1 2 6 13 14 17 0 
1 9 13 15 22 24 0 
5 6 7 10 12 15 17 18 19 21 23 0 
3 6 7 9 18 23 24 25 0 
2 4 8 10 13 14 16 18 19 0 
1 9 11 12 16 17 20 0 
1 3 11 12 19 0 
3 5 7 11 15 16 24 25 26 0 
2 17 18 22 25 0 
2 5 22 23 24 0 
10 12 13 0 
4 8 10 15 18 19 23 0 
2 6 7 10 20 22 0 
4 6 7 8 16 21 0 
4 5 7 9 13 15 17 25 0 
3 4 8 10 12 22 23 24 0 
2 4 7 9 13 14 15 18 20 21 22 0 
6 9 10 19 21 25 26 0 
6 9 11 12 13 16 21 23 24 25 0 
1 5 6 7 9 18 22 26 0 
10 13 16 19 20 26 0 
1 8 13 15 17 20 25 0 
1 4 6 11 12 15 16 18 19 21 23 0 
1 13 14 15 17 21 26 0 
8 10 22 24 26 0 
2 3 6 7 8 19 26 0 
9 13 15 23 25 26 0 
6 8 11 14 15 17 18 21 26 0 
1 2 17 18 23 25 0 
3 6 7 11 15 22 0 
3 4 5 9 12 15 20 23 24 0 
5 10 19 22 23 0 
1 6 7 17 19 23 24 0 
1 5 6 12 14 18 21 22 26 0 
5 6 7 10 15 18 0 
1 7 8 11 18 24 0 
8 10 15 16 21 23 25 0 
1 4 5 10 15 17 22 0 
5 8 10 24 0 
1 4 7 8 9 15 16 19 0 
3 5 7 24 25 0 
5 12 19 23 24 0 
5 6 7 10 12 16 19 23 24 0 
3 9 10 15 16 21 22 23 0 
2 3 6 7 9 26 0 
5 8 9 10 12 13 16 0 
3 9 14 15 19 25 0 
3 4 6 7 15 19 21 0 
3 4 5 7 20 0 
2 6 10 11 17 22 26 0 
1 2 9 10 20 23 0 
5 10 16 18 23 26 0 
3 7 8 10 16 20 23 0 
9 10 12 14 16 24 0 
1 4 6 17 19 23 0 
1 2 3 5 11 13 17 20 22 0 
5 7 11 12 15 18 19 23 0 
1 2 3 4 11 20 0 
1 2 9 13 15 16 17 24 25 0 
7 10 16 17 19 24 0 
1 6 9 11 13 17 18 22 23 26 0 
1 11 17 18 20 22 25 0 
8 14 15 17 20 21 26 0 
8 20 22 0 
1 3 15 23 25 0 
3 5 15 24 0 
8 15 26 0 
7 8 14 18 19 22 23 26 0 
2 4 12 14 16 19 22 25 0 
2 4 13 16 18 21 22 0 
11 13 14 19 0 
6 8 10 15 17 25 0 
1 8 9 17 22 0 
3 4 20 23 0 
7 8 19 22 0 
6 8 18 0 
16 19 23 26 0 
8 25 0 
1 3 9 13 0 
1 2 3 7 9 14 16 25 0 
5 7 10 18 20 21 0 
1 2 3 14 18 20 24 26 0 
2 3 7 8 11 13 18 20 25 26 0 
3 11 12 15 17 19 0 
4 8 11 12 25 0 
2 10 14 23 24 0 
4 7 15 19 0 
6 9 15 17 23 0 
3 12 15 17 0 
1 4 11 16 17 22 0 
3 4 12 16 22 24 0 
4 11 20 21 24 0 
8 10 21 26 0 
3 6 7 13 23 24 25 26 0 
9 14 18 21 23 25 0 
3 4 6 19 23 25 0 
2 6 11 12 16 21 22 23 26 0 
1 5 6 7 10 16 19 20 22 24 25 0 
8 10 12 16 19 20 21 24 26 0 
4 18 22 0 
3 8 18 21 25 0 
2 9 11 12 22 23 0 
5 7 11 20 23 0 
13 15 20 25 0 
7 11 12 15 19 23 24 0 
2 11 13 19 23 0 
5 7 14 0 
4 6 7 10 12 18 23 26 0 
4 5 14 15 24 26 0 
1 2 9 14 26 0 
1 12 14 15 16 19 22 0 
2 5 12 16 17 19 24 0 
4 5 11 16 23 25 26 0 
3 10 11 14 0 
3 14 15 20 21 22 0 
2 3 8 9 14 20 23 0 
2 3 10 19 20 21 0 
9 11 16 20 23 0 
1 9 13 15 21 22 23 0 
3 5 11 12 16 17 0 
6 8 12 17 25 0 
1 3 4 8 9 10 11 14 24 0 
5 8 9 10 25 26 0 
2 9 13 25 26 0 
4 5 12 15 23 0 
4 5 6 0 
1 4 6 8 11 12 15 20 0 
3 5 18 21 25 0 
2 6 13 18 26 0 
6 13 16 22 23 0 
3 12 13 18 21 22 26 0 
3 6 7 10 12 16 20 22 24 0 
1 6 17 18 20 21 26 0 
5 8 16 20 23 25 0 
1 5 11 15 16 0 
1 7 8 11 24 0 
3 10 13 15 22 26 0 
2 16 20 23 0 
1 2 5 9 11 12 15 20 21 25 0 
2 5 6 10 22 24 0 
8 9 11 22 0 
11 17 22 0 
6 13 15 17 0 
3 4 10 11 21 24 25 0 
2 5 11 15 21 0 
6 7 12 17 23 26 0 
2 6 15 19 22 0 
9 23 24 26 0 
3 7 16 17 18 21 26 0 
3 6 14 15 22 0 
3 4 14 18 0 
1 10 11 18 0 
6 8 15 16 21 0 
1 4 8 17 23 0 
3 6 11 12 14 17 0 
5 11 24 0 
1 3 6 8 11 14 21 0 
3 4 5 8 9 16 18 21 24 25 0 
6 8 13 16 0 
3 4 13 15 19 26 0 
3 19 24 0 
5 17 18 20 21 22 24 0 
7 10 17 20 23 0 
1 7 14 25 26 0 
8 11 14 20 24 0 
7 9 17 24 0 
3 7 10 12 0 
3 7 8 11 18 21 0 
1 8 10 12 15 19 0 
4 6 8 16 21 0 
1 6 8 14 16 22 0 
5 16 19 0 
1 2 4 7 8 10 16 0 
3 15 19 22 24 25 0 
4 7 8 9 10 13 15 16 19 0 
3 4 5 6 7 9 11 17 24 0 
6 9 15 19 0 
2 6 11 15 19 24 0 
1 3 6 10 17 18 21 0 
1 2 4 6 8 9 17 23 0 
4 7 9 12 13 15 19 22 0 
10 13 14 16 18 22 26 0 
3 4 7 10 12 17 19 21 22 0 
2 12 15 23 24 0 
1 3 17 22 0 
6 8 9 10 12 14 20 21 0 
3 22 0 
5 10 13 14 16 19 21 26 0 
3 6 20 23 26 0 
4 5 17 19 20 0 
2 4 5 6 14 23 0 
3 7 16 20 23 24 0 
8 10 23 26 0 
12 15 16 20 25 0 
4 5 7 8 9 10 14 15 16 19 20 25 0 
3 9 11 13 15 23 25 0 
7 9 13 20 23 26 0 
7 15 16 17 18 22 0 
3 4 5 13 19 24 0 
2 3 5 16 20 22 24 0 
2 10 14 17 20 24 26 0 
11 12 13 17 23 0 
8 11 17 19 20 0 
2 10 12 17 23 0 
1 6 10 13 15 23 26 0 
5 10 14 15 16 18 23 24 0 
1 4 9 13 14 16 25 0 
2 3 4 8 10 14 15 19 21 23 0 
2 4 6 18 19 26 0 
4 5 10 13 15 17 26 0 
1 4 9 15 18 23 24 0 
5 6 12 15 25 0 
3 7 9 10 21 0 
8 17 18 21 23 24 25 0 
10 11 14 16 20 25 0 
2 3 5 11 21 25 26 0 
4 7 17 20 21 22 0 
3 7 9 15 16 0 
5 9 10 15 16 17 19 22 0 
3 5 10 11 17 18 24 0 
7 8 9 10 11 13 15 16 23 24 0 
5 7 8 11 14 15 18 20 23 0 
6 13 14 23 25 0 
5 6 7 12 25 26 0 
8 10 21 22 0 
3 12 15 17 21 25 0 
1 3 8 16 26 0 
3 8 10 16 18 22 0 
3 4 12 13 16 25 0 
1 2 5 10 11 12 13 15 16 24 0 
11 16 18 26 0 
2 8 9 16 20 22 0 
3 7 11 15 20 26 0 
14 17 23 24 0 
2 6 12 18 21 22 0 
1 4 6 12 17 0 
14 15 17 21 22 0 
1 4 20 0 
3 11 13 16 22 26 0 
1 6 8 9 11 15 20 21 24 0 
1 3 6 7 9 11 0 
3 9 11 13 26 0 
5 7 9 13 14 0 
1 2 7 13 16 22 23 0 
3 8 9 11 12 16 18 24 0 
2 7 8 9 16 18 19 20 22 0 
8 10 12 13 14 16 0 
3 7 9 14 16 22 24 25 0 
2 6 8 15 22 0 
1 6 13 18 25 0 
2 5 13 14 16 18 0 
-10 -12 -18 -20 -24 0 
-2 -6 -9 -12 -15 -20 -25 0 
-1 -3 -17 -19 -22 -23 -26 0 
-1 -6 -15 -26 0 
-1 -3 -9 -14 -15 -16 -21 -23 0 
-2 -10 -12 -15 -22 -23 0 
-1 -4 -6 -9 -12 -15 -17 -20 -24 -25 -26 0 
-2 -5 -16 -21 -26 0 
-7 -8 -9 -11 -12 -13 -14 -16 -25 -26 0 
-4 -7 -13 -16 -23 -26 0 
-15 -18 -19 -21 0 
-2 -11 -17 -19 -25 -26 0 
-2 -14 -18 -24 0 
-3 -7 -8 -12 -15 -16 -20 0 
-3 -8 -9 -15 -17 -18 -26 0 
-3 -14 -16 -21 -24 0 
-1 -2 -4 -5 -9 -26 0 
-3 -9 -10 -11 -13 -23 0 
-7 -14 -17 -18 -20 -22 -24 0 
-1 -9 -18 0 
-6 -10 -12 -13 -24 0 
-1 -6 -10 -12 -16 -17 -19 -21 -22 -26 0 
-8 -18 -19 -24 0 
-5 -6 -9 -10 -14 -25 0 
-4 -5 -12 -18 -24 0 
-2 -3 -14 -15 -16 -18 0 
-2 -10 -15 -18 -20 0 
-4 -8 -9 -13 -14 0 
-3 -4 -8 -10 -12 -24 -26 0 
-4 -5 -6 -7 -15 -17 -21 0 
-4 -14 -19 -20 -21 -24 0 
-4 -8 -11 -12 -14 -17 -26 0 
-3 -9 -10 -12 -20 -26 0 
-9 -12 -14 -17 -19 0 
-2 -6 -18 -19 -21 -23 0 
-4 -13 -16 -23 0 
-4 -8 -10 -12 -15 -17 -20 -21 0 
-1 -7 -16 -18 -23 -25 0 
-7 -16 -19 -20 -23 -24 -26 0 
-1 -4 -6 -9 -10 -13 -16 0 
-4 -5 -6 -10 -15 -17 -18 -26 0 
-10 -11 -12 -20 -24 -25 0 
-4 -5 -8 -9 -18 -23 -25 -26 0 
-1 -12 -15 -19 -23 -25 0 
-4 -14 -15 -16 -17 0 
-3 -6 -12 -17 -21 -22 -25 0 
-4 -7 -9 -12 -14 -19 -20 -24 -26 0 
-3 -19 -20 -24 0 
-5 -7 -10 -11 -13 -15 -20 -21 0 
-9 -13 -16 -19 -21 -23 0 
-1 -3 -5 -8 -12 -20 0 
-1 -8 -11 -13 -15 -17 -20 0 
-3 -5 -8 -13 -14 -18 -25 0 
-2 -3 -5 -11 -13 -14 0 
-8 -15 -17 -24 0 
-3 -15 -16 -18 0 
-6 -12 -15 -24 -26 0 
-15 -25 -26 0 
-1 -4 -6 -8 -9 -21 -22 -23 0 
-6 -9 -10 -14 -20 -24 0 
-3 -9 -15 -22 -24 0 
-3 -18 -22 -24 -26 0 
-10 -13 -17 -23 0 
-1 -11 -16 -17 -19 0 
-4 -8 -9 -11 -12 -17 -25 0 
-2 -4 -6 -9 -12 -19 -21 0 
-3 -5 -7 -14 -15 -19 -22 -23 0 
-3 -7 -12 -16 -19 -23 0 
-1 -6 -8 -9 -11 -19 -24 -26 0 
-6 -10 -11 -17 -19 -20 -24 -25 0 
-1 -6 -7 -11 -15 -17 0 
-6 -7 -10 -13 -17 -19 -20 -22 0 
-8 -17 -22 -23 0 
-8 -10 -11 -12 0 
-4 -9 -16 -17 -23 0 
-2 -6 -8 -12 -19 -20 -22 0 
-6 -11 -16 0 
-12 -13 -16 -20 -22 0 
-1 -7 -10 -13 -18 -21 0 
-8 -9 -10 -12 -16 -20 -22 0 
-4 -7 -17 -18 -22 -26 0 
-3 -12 -16 -18 -23 -24 0 
-6 -8 -13 -14 -15 -17 -22 0 
-6 -11 -13 -18 -23 0 
-2 -14 -20 -21 -23 -24 0 
-1 -10 -11 -21 -23 -25 0 
-6 -7 -8 -14 -24 0 
-2 -10 -14 -16 -20 0 
-1 -3 -5 -16 -17 -22 -26 0 
-2 -4 -5 -8 -16 -17 -18 -19 -23 0 
-8 -13 -15 -19 -20 -21 -25 0 
-2 -8 -10 -12 0 
-2 -11 -22 -24 -26 0 
-1 -6 -7 -12 -14 -17 0 
-2 -6 -7 -18 -19 0 
-2 -5 -25 0 
-13 -18 -21 -22 0 
-1 -2 -4 -8 -10 -12 -17 -21 0 
-4 -10 -17 -21 0 
-1 -2 -5 -7 -10 -13 -16 -20 -23 -24 0 
-1 -2 -7 -13 -15 -18 -23 0 
-3 -4 -5 -20 -21 0 
-7 -8 -9 -14 -15 -20 0 
-1 -9 -19 -22 0 
-2 -3 -7 -24 0 
-9 -15 -17 -21 -26 0 
-3 -6 -7 -8 -17 -23 0 
-5 -7 -9 -14 -15 0 
-6 -7 -12 -15 -17 -20 -25 0 
-4 -10 -11 -14 0 
-5 -6 -8 -9 -11 -12 -14 -19 -21 -24 -25 0 
-9 -13 -14 -16 -18 -25 -26 0 
-4 -8 -10 -22 -23 0 
-1 -2 -7 -12 -17 -19 -23 -25 0 
-3 -5 -7 -18 -22 -24 0 
-1 -3 -4 -13 -14 -16 -21 -22 -25 0 
-3 -6 -18 -25 0 
-1 -6 -7 -9 -11 -13 -14 -19 -24 -25 -26 0 
-2 -15 -18 0 
-3 -7 -9 -14 -24 -26 0 
-2 -8 -16 -17 -21 -25 0 
-3 -4 -5 -7 -9 -11 -14 -16 -18 -20 -21 -22 -26 0 
-2 -3 -4 -18 -21 0 
-1 -2 -3 -5 -7 -18 -21 0 
-9 -23 -24 -25 0 
-2 -5 -8 -12 -18 -24 0 
-5 -6 -8 -26 0 
-2 -3 -5 -8 -9 -11 -19 -26 0 
-2 -5 -6 -8 -9 -13 -21 0 
-1 -2 -3 -8 -10 -16 -22 -25 -26 0 
-1 -7 -12 -13 -15 -21 -24 -25 -26 0 
-4 -6 -7 -11 -16 -20 -21 -24 -25 0 
-1 -7 -11 -16 -17 -20 -26 0 
-3 -5 -6 -8 -9 -20 0 
-2 -3 -4 -5 -7 -9 -13 -19 -24 -26 0 
-1 -2 -3 -5 -6 -12 -14 -16 0 
-2 -5 -12 -22 0 
-5 -10 -17 -22 0 
-3 -6 -9 -21 -24 -25 -26 0 
-3 -6 -14 -18 -23 -26 0 
-2 -3 -8 -9 -13 -18 -20 -26 0 
-8 -11 -12 -16 0 
-4 -6 -7 -10 -16 -17 -22 -26 0 
-1 -15 -16 -17 -18 -19 -21 -26 0 
-4 -7 -17 -20 0 
-8 -12 -14 -17 0 
-1 -7 -9 -15 -25 0 
-2 -8 -15 -20 0 
-4 -6 -7 -9 -11 -12 -13 -14 -18 -19 -23 -24 0 
-1 -2 -6 -13 -14 -17 0 
-1 -9 -13 -15 -22 -24 0 
-5 -6 -7 -10 -12 -15 -17 -18 -19 -21 -23 0 
-3 -6 -7 -9 -18 -23 -24 -25 0 
-2 -4 -8 -10 -13 -14 -16 -18 -19 0 
-1 -9 -11 -12 -16 -17 -20 0 
-1 -3 -11 -12 -19 0 
-3 -5 -7 -11 -15 -16 -24 -25 -26 0 
-2 -17 -18 -22 -25 0 
-2 -5 -22 -23 -24 0 
-10 -12 -13 0 
-4 -8 -10 -15 -18 -19 -23 0 
-2 -6 -7 -10 -20 -22 0 
-4 -6 -7 -8 -16 -21 0 
-4 -5 -7 -9 -13 -15 -17 -25 0 
-3 -4 -8 -10 -12 -22 -23 -24 0 
-2 -4 -7 -9 -13 -14 -15 -18 -20 -21 -22 0 
-6 -9 -10 -19 -21 -25 -26 0 
-6 -9 -11 -12 -13 -16 -21 -23 -24 -25 0 
-1 -5 -6 -7 -9 -18 -22 -26 0 
-10 -13 -16 -19 -20 -26 0 
-1 -8 -13 -15 -17 -20 -25 0 
-1 -4 -6 -11 -12 -15 -16 -18 -19 -21 -23 0 
-1 -13 -14 -15 -17 -21 -26 0 
-8 -10 -22 -24 -26 0 
-2 -3 -6 -7 -8 -19 -26 0 
-9 -13 -15 -23 -25 -26 0 
-6 -8 -11 -14 -15 -17 -18 -21 -26 0 
-1 -2 -17 -18 -23 -25 0 
-3 -6 -7 -11 -15 -22 0 
-3 -4 -5 -9 -12 -15 -20 -23 -24 0 
-5 -10 -19 -22 -23 0 
-1 -6 -7 -17 -19 -23 -24 0 
-1 -5 -6 -12 -14 -18 -21 -22 -26 0 
-5 -6 -7 -10 -15 -18 0 
-1 -7 -8 -11 -18 -24 0 
-8 -10 -15 -16 -21 -23 -25 0 
-1 -4 -5 -10 -15 -17 -22 0 
-5 -8 -10 -24 0 
-1 -4 -7 -8 -9 -15 -16 -19 0 
-3 -5 -7 -24 -25 0 
-5 -12 -19 -23 -24 0 
-5 -6 -7 -10 -12 -16 -19 -23 -24 0 
-3 -9 -10 -15 -16 -21 -22 -23 0 
-2 -3 -6 -7 -9 -26 0 
-5 -8 -9 -10 -12 -13 -16 0 
-3 -9 -14 -15 -19 -25 0 
-3 -4 -6 -7 -15 -19 -21 0 
-3 -4 -5 -7 -20 0 
-2 -6 -10 -11 -17 -22 -26 0 
-1 -2 -9 -10 -20 -23 0 
-5 -10 -16 -18 -23 -26 0 
-3 -7 -8 -10 -16 -20 -23 0 
-9 -10 -12 -14 -16 -24 0 
-1 -4 -6 -17 -19 -23 0 
-1 -2 -3 -5 -11 -13 -17 -20 -22 0 
-5 -7 -11 -12 -15 -18 -19 -23 0 
-1 -2 -3 -4 -11 -20 0 
-1 -2 -9 -13 -15 -16 -17 -24 -25 0 
-7 -10 -16 -17 -19 -24 0 
-1 -6 -9 -11 -13 -17 -18 -22 -23 -26 0 
-1 -11 -17 -18 -20 -22 -25 0 
-8 -14 -15 -17 -20 -21 -26 0 
-8 -20 -22 0 
-1 -3 -15 -23 -25 0 
-3 -5 -15 -24 0 
-8 -15 -26 0 
-7 -8 -14 -18 -19 -22 -23 -26 0 
-2 -4 -12 -14 -16 -19 -22 -25 0 
-2 -4 -13 -16 -18 -21 -22 0 
-11 -13 -14 -19 0 
-6 -8 -10 -15 -17 -25 0 
-1 -8 -9 -17 -22 0 
-3 -4 -20 -23 0 
-7 -8 -19 -22 0 
-6 -8 -18 0 
-16 -19 -23 -26 0 
-8 -25 0 
-1 -3 -9 -13 0 
-1 -2 -3 -7 -9 -14 -16 -25 0 
-5 -7 -10 -18 -20 -21 0 
-1 -2 -3 -14 -18 -20 -24 -26 0 
-2 -3 -7 -8 -11 -13 -18 -20 -25 -26 0 
-3 -11 -12 -15 -17 -19 0 
-4 -8 -11 -12 -25 0 
-2 -10 -14 -23 -24 0 
-4 -7 -15 -19 0 
-6 -9 -15 -17 -23 0 
-3 -12 -15 -17 0 
-1 -4 -11 -16 -17 -22 0 
-3 -4 -12 -16 -22 -24 0 
-4 -11 -20 -21 -24 0 
-8 -10 -21 -26 0 
-3 -6 -7 -13 -23 -24 -25 -26 0 
-9 -14 -18 -21 -23 -25 0 
-3 -4 -6 -19 -23 -25 0 
-2 -6 -11 -12 -16 -21 -22 -23 -26 0 
-1 -5 -6 -7 -10 -16 -19 -20 -22 -24 -25 0 
-8 -10 -12 -16 -19 -20 -21 -24 -26 0 
-4 -18 -22 0 
-3 -8 -18 -21 -25 0 
-2 -9 -11 -12 -22 -23 0 
-5 -7 -11 -20 -23 0 
-13 -15 -20 -25 0 
-7 -11 -12 -15 -19 -23 -24 0 
-2 -11 -13 -19 -23 0 
-5 -7 -14 0 
-4 -6 -7 -10 -12 -18 -23 -26 0 
-4 -5 -14 -15 -24 -26 0 
-1 -2 -9 -14 -26 0 
-1 -12 -14 -15 -16 -19 -22 0 
-2 -5 -12 -16 -17 -19 -24 0 
-4 -5 -11 -16 -23 -25 -26 0 
-3 -10 -11 -14 0 
-3 -14 -15 -20 -21 -22 0 
-2 -3 -8 -9 -14 -20 -23 0 
-2 -3 -10 -19 -20 -21 0 
-9 -11 -16 -20 -23 0 
-1 -9 -13 -15 -21 -22 -23 0 
-3 -5 -11 -12 -16 -17 0 
-6 -8 -12 -17 -25 0 
-1 -3 -4 -8 -9 -10 -11 -14 -24 0 
-5 -8 -9 -10 -25 -26 0 
-2 -9 -13 -25 -26 0 
-4 -5 -12 -15 -23 0 
-4 -5 -6 0 
-1 -4 -6 -8 -11 -12 -15 -20 0 
-3 -5 -18 -21 -25 0 
-2 -6 -13 -18 -26 0 
-6 -13 -16 -22 -23 0 
-3 -12 -13 -18 -21 -22 -26 0 
-3 -6 -7 -10 -12 -16 -20 -22 -24 0 
-1 -6 -17 -18 -20 -21 -26 0 
-5 -8 -16 -20 -23 -25 0 
-1 -5 -11 -15 -16 0 
-1 -7 -8 -11 -24 0 
-3 -10 -13 -15 -22 -26 0 
-2 -16 -20 -23 0 
-1 -2 -5 -9 -11 -12 -15 -20 -21 -25 0 
-2 -5 -6 -10 -22 -24 0 
-8 -9 -11 -22 0 
-11 -17 -22 0 
-6 -13 -15 -17 0 
-3 -4 -10 -11 -21 -24 -25 0 
-2 -5 -11 -15 -21 0 
-6 -7 -12 -17 -23 -26 0 
-2 -6 -15 -19 -22 0 
-9 -23 -24 -26 0 
-3 -7 -16 -17 -18 -21 -26 0 
-3 -6 -14 -15 -22 0 
-3 -4 -14 -18 0 
-1 -10 -11 -18 0 
-6 -8 -15 -16 -21 0 
-1 -4 -8 -17 -23 0 
-3 -6 -11 -12 -14 -17 0 
-5 -11 -24 0 
-1 -3 -6 -8 -11 -14 -21 0 
-3 -4 -5 -8 -9 -16 -18 -21 -24 -25 0 
-6 -8 -13 -16 0 
-3 -4 -13 -15 -19 -26 0 
-3 -19 -24 0 
-5 -17 -18 -20 -21 -22 -24 0 
-7 -10 -17 -20 -23 0 
-1 -7 -14 -25 -26 0 
-8 -11 -14 -20 -24 0 
-7 -9 -17 -24 0 
-3 -7 -10 -12 0 
-3 -7 -8 -11 -18 -21 0 
-1 -8 -10 -12 -15 -19 0 
-4 -6 -8 -16 -21 0 
-1 -6 -8 -14 -16 -22 0 
-5 -16 -19 0 
-1 -2 -4 -7 -8 -10 -16 0 
-3 -15 -19 -22 -24 -25 0 
-4 -7 -8 -9 -10 -13 -15 -16 -19 0 
-3 -4 -5 -6 -7 -9 -11 -17 -24 0 
-6 -9 -15 -19 0 
-2 -6 -11 -15 -19 -24 0 
-1 -3 -6 -10 -17 -18 -21 0 
-1 -2 -4 -6 -8 -9 -17 -23 0 
-4 -7 -9 -12 -13 -15 -19 -22 0 
-10 -13 -14 -16 -18 -22 -26 0 
-3 -4 -7 -10 -12 -17 -19 -21 -22 0 
-2 -12 -15 -23 -24 0 
-1 -3 -17 -22 0 
-6 -8 -9 -10 -12 -14 -20 -21 0 
-3 -22 0 
-5 -10 -13 -14 -16 -19 -21 -26 0 
-3 -6 -20 -23 -26 0 
-4 -5 -17 -19 -20 0 
-2 -4 -5 -6 -14 -23 0 
-3 -7 -16 -20 -23 -24 0 
-8 -10 -23 -26 0 
-12 -15 -16 -20 -25 0 
-4 -5 -7 -8 -9 -10 -14 -15 -16 -19 -20 -25 0 
-3 -9 -11 -13 -15 -23 -25 0 
-7 -9 -13 -20 -23 -26 0 
-7 -15 -16 -17 -18 -22 0 
-3 -4 -5 -13 -19 -24 0 
-2 -3 -5 -16 -20 -22 -24 0 
-2 -10 -14 -17 -20 -24 -26 0 
-11 -12 -13 -17 -23 0 
-8 -11 -17 -19 -20 0 
-2 -10 -12 -17 -23 0 
-1 -6 -10 -13 -15 -23 -26 0 
-5 -10 -14 -15 -16 -18 -23 -24 0 
-1 -4 -9 -13 -14 -16 -25 0 
-2 -3 -4 -8 -10 -14 -15 -19 -21 -23 0 
-2 -4 -6 -18 -19 -26 0 
-4 -5 -10 -13 -15 -17 -26 0 
-1 -4 -9 -15 -18 -23 -24 0 
-5 -6 -12 -15 -25 0 
-3 -7 -9 -10 -21 0 
-8 -17 -18 -21 -23 -24 -25 0 
-10 -11 -14 -16 -20 -25 0 
-2 -3 -5 -11 -21 -25 -26 0 
-4 -7 -17 -20 -21 -22 0 
-3 -7 -9 -15 -16 0 
-5 -9 -10 -15 -16 -17 -19 -22 0 
-3 -5 -10 -11 -17 -18 -24 0 
-7 -8 -9 -10 -11 -13 -15 -16 -23 -24 0 
-5 -7 -8 -11 -14 -15 -18 -20 -23 0 
-6 -13 -14 -23 -25 0 
-5 -6 -7 -12 -25 -26 0 
-8 -10 -21 -22 0 
-3 -12 -15 -17 -21 -25 0 
-1 -3 -8 -16 -26 0 
-3 -8 -10 -16 -18 -22 0 
-3 -4 -12 -13 -16 -25 0 
-1 -2 -5 -10 -11 -12 -13 -15 -16 -24 0 
-11 -16 -18 -26 0 
-2 -8 -9 -16 -20 -22 0 
-3 -7 -11 -15 -20 -26 0 
-14 -17 -23 -24 0 
-2 -6 -12 -18 -21 -22 0 
-1 -4 -6 -12 -17 0 
-14 -15 -17 -21 -22 0 
-1 -4 -20 0 
-3 -11 -13 -16 -22 -26 0 
-1 -6 -8 -9 -11 -15 -20 -21 -24 0 
-1 -3 -6 -7 -9 -11 0 
-3 -9 -11 -13 -26 0 
-5 -7 -9 -13 -14 0 
-1 -2 -7 -13 -16 -22 -23 0 
-3 -8 -9 -11 -12 -16 -18 -24 0 
-2 -7 -8 -9 -16 -18 -19 -20 -22 0 
-8 -10 -12 -13 -14 -16 0 
-3 -7 -9 -14 -16 -22 -24 -25 0 
-2 -6 -8 -15 -22 0 
-1 -6 -13 -18 -25 0 
-2 -5 -13 -14 -16 -18 0 
