p cnf 27 800
3 6 8 11 19 21 26 27 0 
2 5 6 16 18 22 23 0 
1 2 5 7 9 14 19 24 0 
1 2 4 13 15 22 0 
3 9 12 21 22 24 0 
12 14 17 18 21 0 
2 7 15 16 21 23 0 
4 6 8 0 
3 6 20 25 0 
5 6 12 14 20 27 0 
3 6 7 8 10 11 20 0 
5 7 13 21 23 26 0 
4 5 7 11 15 17 0 
2 4 6 7 10 14 16 26 0 
1 3 7 14 19 0 
2 9 10 13 17 20 23 24 0 
1 5 9 15 16 19 20 25 26 0 
5 9 10 16 18 26 27 0 
4 5 6 8 11 18 19 20 27 0 
2 15 23 25 0 
8 11 23 0 
3 7 12 13 18 19 22 23 24 27 0 
8 10 13 22 25 0 
8 10 15 18 23 26 27 0 
3 7 12 16 17 18 24 27 0 
1 3 12 18 20 21 25 0 
3 9 0 
3 4 9 11 15 17 23 27 0 
6 9 10 16 20 22 0 
1 5 7 13 17 21 23 24 26 0 
20 23 0 
12 14 15 18 24 26 27 0 
9 11 13 18 21 26 27 0 
1 15 17 18 21 0 
3 5 6 10 13 25 26 0 
1 5 10 13 20 26 0 
2 5 7 8 15 21 22 24 0 
3 11 12 14 19 20 22 26 0 
6 8 9 20 0 
1 11 12 20 22 0 
1 6 18 19 27 0 
10 11 14 15 17 20 21 25 0 
7 9 10 12 16 20 0 
1 3 5 13 15 17 20 0 
1 11 12 19 22 24 25 26 0 
2 3 9 14 19 25 0 
1 2 6 18 22 25 27 0 
3 6 24 0 
2 4 6 13 15 16 19 20 0 
8 9 10 20 24 0 
1 2 3 4 22 25 0 
9 10 11 21 0 
3 5 8 14 20 22 23 27 0 
4 9 11 12 16 27 0 
1 2 3 4 5 8 9 22 0 
1 6 12 13 14 16 19 25 0 
2 4 5 9 10 12 19 21 22 0 
10 11 19 24 27 0 
1 3 8 12 14 19 0 
3 5 8 10 11 15 16 18 19 0 
2 3 8 19 21 23 25 27 0 
7 8 10 17 18 21 27 0 
3 12 22 25 0 
11 13 15 19 0 
18 19 20 22 0 
2 3 4 7 8 12 14 20 0 
3 7 10 12 13 22 0 
4 16 0 
3 5 0 
1 10 11 12 14 18 25 26 0 
3 12 13 17 19 20 25 0 
1 11 13 14 15 16 19 23 0 
2 8 13 15 22 24 0 
6 7 12 13 21 22 26 0 
1 3 6 21 22 0 
7 8 16 24 0 
2 7 9 10 12 20 24 26 0 
4 6 7 11 12 24 25 0 
1 2 17 18 19 26 0 
2 16 20 23 24 0 
4 5 8 9 12 15 17 25 26 0 
2 5 6 15 18 25 0 
12 14 18 19 27 0 
1 5 6 7 9 15 21 24 0 
4 5 7 20 21 23 0 
2 3 9 12 14 27 0 
4 6 12 18 19 0 
1 2 12 18 19 20 22 25 27 0 
1 2 6 9 18 21 24 26 0 
11 13 16 21 26 0 
2 7 13 14 15 22 26 0 
11 17 18 21 26 27 0 
1 2 3 14 17 20 27 0 
1 9 14 19 24 27 0 
7 12 15 16 20 21 22 0 
3 12 14 0 
7 13 16 17 18 23 0 
2 5 10 14 19 20 22 24 0 
2 6 10 22 24 0 
2 5 6 13 22 26 0 
4 5 6 13 14 17 27 0 
5 8 9 14 15 18 22 26 0 
6 8 19 21 0 
4 6 11 22 25 26 0 
8 13 18 26 0 
2 4 7 9 14 17 19 25 0 
1 3 7 9 12 16 21 23 24 26 27 0 
1 2 9 11 14 16 17 22 24 27 0 
2 5 7 10 11 15 18 20 0 
1 3 8 16 21 27 0 
1 10 14 27 0 
8 10 13 23 0 
8 16 17 18 19 22 25 0 
2 5 15 17 19 22 0 
14 17 19 26 27 0 
3 4 6 10 12 13 16 0 
2 21 26 0 
1 2 3 8 9 10 11 12 14 25 26 0 
3 8 19 21 25 0 
3 13 21 26 0 
13 15 19 26 0 
8 9 14 17 18 20 23 26 0 
1 9 12 13 14 22 25 0 
8 9 11 19 21 0 
6 8 10 12 15 18 25 0 
6 7 12 21 0 
8 10 17 23 25 0 
2 3 7 12 21 0 
2 6 11 13 15 24 27 0 
1 9 12 13 0 
1 2 8 19 21 26 27 0 
6 9 12 24 26 0 
4 13 18 19 21 22 27 0 
1 6 13 19 23 0 
2 3 4 7 9 11 14 18 20 21 26 0 
1 5 18 27 0 
10 11 13 20 0 
7 13 23 26 27 0 
4 5 21 26 0 
2 7 8 11 13 24 25 0 
4 6 17 0 
2 4 7 10 17 19 22 26 27 0 
4 8 9 14 16 22 23 25 0 
4 19 20 21 24 25 27 0 
4 10 19 22 23 27 0 
3 6 20 27 0 
19 26 27 0 
11 12 14 15 19 22 0 
5 6 13 14 16 19 20 23 27 0 
2 7 9 15 22 25 0 
5 12 13 14 17 21 23 27 0 
13 14 21 22 26 0 
1 3 5 7 14 15 19 20 21 0 
5 6 7 8 10 18 22 0 
6 10 13 15 18 21 22 26 0 
3 6 7 16 23 24 26 0 
7 8 12 14 18 23 0 
2 20 26 0 
2 6 10 11 21 0 
2 12 20 26 0 
2 3 11 17 22 23 24 0 
4 8 11 16 22 24 25 0 
3 5 8 10 21 24 0 
1 3 4 7 9 10 13 14 24 0 
16 17 20 25 0 
5 6 10 12 19 22 25 27 0 
1 2 4 9 10 13 20 26 0 
1 3 5 7 15 16 20 22 24 0 
2 7 9 15 16 20 24 25 0 
4 11 14 15 0 
5 6 16 18 19 25 27 0 
1 5 8 12 26 27 0 
1 2 3 5 6 7 11 13 20 21 25 26 0 
1 5 10 13 14 16 19 25 0 
2 7 8 12 15 18 23 0 
3 13 23 24 25 26 0 
2 14 16 23 0 
5 11 12 13 14 23 25 0 
2 6 17 19 21 24 0 
3 6 8 10 11 12 16 18 26 0 
5 14 15 18 22 24 25 0 
5 10 11 17 0 
6 7 13 15 23 0 
3 7 10 20 21 22 0 
3 4 17 19 21 0 
2 6 9 14 15 16 20 21 22 23 24 0 
2 11 13 14 17 20 22 0 
7 10 15 18 23 24 26 0 
6 12 14 20 24 26 0 
3 6 13 14 18 19 23 0 
4 5 8 14 17 22 24 25 0 
1 2 7 8 10 11 15 17 18 20 22 26 0 
16 17 22 0 
10 21 22 23 0 
5 9 10 18 19 20 0 
3 6 11 13 17 24 26 0 
1 12 19 21 0 
1 6 8 9 17 19 22 0 
2 5 8 12 15 26 27 0 
4 13 26 0 
3 9 10 13 16 20 21 22 27 0 
3 13 17 0 
1 2 5 9 10 0 
9 11 18 23 0 
1 9 12 13 20 0 
12 13 15 0 
2 3 15 19 22 26 0 
4 5 18 19 21 25 0 
1 2 3 12 13 24 26 0 
8 9 13 15 16 23 27 0 
5 8 12 25 0 
2 7 9 14 17 19 20 21 0 
7 10 14 15 22 0 
1 2 6 12 13 14 17 18 22 24 0 
1 6 9 16 22 24 27 0 
6 10 11 14 17 18 20 23 0 
2 16 26 0 
2 3 5 9 14 16 24 0 
1 12 17 18 19 0 
7 15 19 20 26 0 
3 13 16 18 20 22 24 26 0 
1 3 6 7 17 24 26 0 
6 11 12 18 21 26 0 
1 4 6 7 15 21 26 0 
1 7 12 13 14 19 21 27 0 
4 5 7 8 9 15 27 0 
1 6 10 20 24 25 0 
7 8 9 16 27 0 
4 6 9 22 23 27 0 
5 15 19 20 27 0 
4 12 15 16 21 25 0 
9 11 17 18 19 25 0 
7 15 17 19 22 25 0 
6 7 9 13 18 20 0 
4 6 9 10 11 14 21 22 23 24 27 0 
4 10 18 20 22 23 26 0 
3 6 15 20 22 26 0 
4 5 14 23 24 26 0 
1 3 12 14 19 22 23 24 27 0 
1 5 6 12 16 17 24 0 
1 2 5 9 13 15 16 23 24 25 0 
6 9 15 20 0 
10 13 14 18 19 23 26 27 0 
6 11 13 15 16 22 0 
7 8 12 13 20 24 27 0 
1 2 3 5 7 10 15 16 25 0 
12 13 20 21 22 25 0 
14 16 21 23 24 0 
5 9 11 12 13 17 26 0 
2 4 9 10 13 16 18 0 
12 13 21 22 23 26 0 
1 3 14 15 17 22 25 26 0 
2 3 11 16 0 
2 5 10 16 26 0 
3 7 15 21 22 24 25 27 0 
5 6 8 14 16 17 22 24 25 27 0 
1 5 8 13 19 21 24 26 27 0 
2 3 10 12 16 24 26 0 
3 7 11 14 27 0 
2 4 8 13 15 17 18 22 23 24 0 
11 14 18 24 26 0 
2 7 8 12 15 17 0 
5 12 16 18 24 27 0 
4 10 18 26 0 
13 16 21 22 23 0 
7 10 11 19 21 23 24 27 0 
10 15 16 21 0 
2 7 13 15 17 26 0 
1 6 11 17 19 21 26 0 
7 13 15 18 25 27 0 
14 17 21 24 25 26 0 
2 7 12 21 24 0 
3 8 17 18 19 22 23 27 0 
3 9 18 21 0 
1 10 15 19 22 25 27 0 
7 11 14 22 24 0 
1 24 25 0 
4 13 21 27 0 
3 5 11 17 23 0 
1 2 3 6 7 13 16 19 0 
2 3 7 12 14 17 26 0 
2 10 19 21 24 0 
3 7 16 21 22 0 
1 2 7 8 15 16 25 0 
11 20 24 25 0 
11 15 18 22 26 0 
7 11 12 14 23 24 0 
1 2 5 7 9 14 18 0 
7 14 16 0 
2 6 8 14 0 
5 8 11 12 14 17 21 24 0 
4 5 6 15 21 0 
6 10 13 16 18 21 27 0 
5 12 14 22 27 0 
1 2 5 6 8 15 23 25 0 
3 6 7 24 0 
1 2 6 7 16 26 27 0 
5 6 13 14 15 23 25 0 
7 10 12 15 26 0 
4 5 12 16 24 0 
1 7 9 11 17 20 24 26 0 
5 10 14 18 20 25 0 
5 9 11 13 15 0 
5 8 9 10 11 15 0 
1 13 19 24 27 0 
15 26 27 0 
6 7 10 21 0 
4 9 10 17 20 22 23 26 27 0 
7 9 14 19 0 
1 3 4 9 10 22 24 0 
2 6 9 15 16 18 23 24 25 0 
1 10 15 16 17 27 0 
5 6 7 10 13 25 0 
17 18 19 20 24 26 27 0 
6 8 9 11 12 13 19 20 0 
6 14 16 21 26 0 
1 6 12 14 15 17 18 20 21 0 
3 16 18 23 0 
11 14 15 19 22 23 24 27 0 
3 4 8 14 18 19 24 0 
2 4 10 11 13 23 0 
12 13 22 23 25 0 
10 15 17 20 23 0 
3 26 0 
1 6 7 23 25 26 0 
4 8 9 11 15 20 22 0 
3 4 7 8 13 25 0 
1 4 11 16 20 26 0 
1 2 5 9 0 
1 9 19 25 0 
3 6 14 15 18 19 25 26 27 0 
9 15 19 20 27 0 
7 11 17 21 23 25 0 
9 25 27 0 
1 12 15 24 26 27 0 
1 10 11 16 17 24 25 0 
1 2 12 16 22 24 26 0 
11 19 20 21 27 0 
3 4 6 10 19 20 23 0 
2 9 11 19 23 27 0 
3 11 14 15 20 23 27 0 
5 10 19 0 
3 5 7 9 11 15 16 23 25 0 
7 13 15 16 23 0 
2 7 9 10 22 0 
1 4 11 15 18 19 20 0 
4 18 19 20 26 27 0 
5 20 21 22 27 0 
4 6 7 10 11 17 24 27 0 
12 19 22 23 24 0 
2 4 6 9 12 17 18 23 24 0 
1 7 12 14 16 22 0 
7 8 13 14 15 16 18 21 0 
2 4 9 14 24 26 0 
1 3 4 8 9 13 18 19 0 
3 7 19 21 22 0 
3 18 23 24 25 0 
4 5 13 20 26 0 
3 7 8 9 11 15 17 25 0 
1 5 7 13 15 16 18 20 0 
6 8 15 16 0 
1 2 4 5 8 10 12 14 18 19 22 23 25 0 
9 10 11 17 19 20 27 0 
1 4 7 8 10 18 19 22 23 27 0 
1 4 12 17 18 21 22 0 
2 13 15 16 17 0 
5 8 12 16 17 0 
6 14 17 18 20 21 23 25 0 
2 3 9 13 15 0 
8 12 18 20 21 23 0 
9 10 20 0 
6 7 10 13 15 17 18 24 26 0 
3 4 5 8 10 14 18 20 22 27 0 
2 13 20 26 0 
3 4 7 9 13 15 16 0 
5 8 9 19 26 0 
1 5 7 8 12 13 15 24 27 0 
10 14 16 18 19 27 0 
1 4 19 22 24 25 0 
1 6 9 15 23 0 
6 11 14 15 16 26 0 
5 12 17 20 21 26 0 
4 12 20 21 23 25 26 0 
2 5 14 20 21 25 0 
3 4 12 14 22 24 0 
2 5 20 27 0 
5 9 12 18 22 23 24 26 0 
1 4 11 18 0 
1 2 3 10 12 18 22 0 
10 14 19 26 0 
1 4 25 27 0 
17 21 27 0 
2 4 6 7 10 15 21 22 26 27 0 
3 7 13 24 27 0 
3 4 5 13 16 20 21 23 0 
10 16 17 20 21 27 0 
6 7 14 17 26 27 0 
3 4 5 8 12 16 22 23 0 
1 5 6 10 13 17 25 0 
12 20 21 27 0 
-3 -6 -8 -11 -19 -21 -26 -27 0 
-2 -5 -6 -16 -18 -22 -23 0 
-1 -2 -5 -7 -9 -14 -19 -24 0 
-1 -2 -4 -13 -15 -22 0 
-3 -9 -12 -21 -22 -24 0 
-12 -14 -17 -18 -21 0 
-2 -7 -15 -16 -21 -23 0 
-4 -6 -8 0 
-3 -6 -20 -25 0 
-5 -6 -12 -14 -20 -27 0 
-3 -6 -7 -8 -10 -11 -20 0 
-5 -7 -13 -21 -23 -26 0 
-4 -5 -7 -11 -15 -17 0 
-2 -4 -6 -7 -10 -14 -16 -26 0 
-1 -3 -7 -14 -19 0 
-2 -9 -10 -13 -17 -20 -23 -24 0 
-1 -5 -9 -15 -16 -19 -20 -25 -26 0 
-5 -9 -10 -16 -18 -26 -27 0 
-4 -5 -6 -8 -11 -18 -19 -20 -27 0 
-2 -15 -23 -25 0 
-8 -11 -23 0 
-3 -7 -12 -13 -18 -19 -22 -23 -24 -27 0 
-8 -10 -13 -22 -25 0 
-8 -10 -15 -18 -23 -26 -27 0 
-3 -7 -12 -16 -17 -18 -24 -27 0 
-1 -3 -12 -18 -20 -21 -25 0 
-3 -9 0 
-3 -4 -9 -11 -15 -17 -23 -27 0 
-6 -9 -10 -16 -20 -22 0 
-1 -5 -7 -13 -17 -21 -23 -24 -26 0 
-20 -23 0 
-12 -14 -15 -18 -24 -26 -27 0 
-9 -11 -13 -18 -21 -26 -27 0 
-1 -15 -17 -18 -21 0 
-3 -5 -6 -10 -13 -25 -26 0 
-1 -5 -10 -13 -20 -26 0 
-2 -5 -7 -8 -15 -21 -22 -24 0 
-3 -11 -12 -14 -19 -20 -22 -26 0 
-6 -8 -9 -20 0 
-1 -11 -12 -20 -22 0 
-1 -6 -18 -19 -27 0 
-10 -11 -14 -15 -17 -20 -21 -25 0 
-7 -9 -10 -12 -16 -20 0 
-1 -3 -5 -13 -15 -17 -20 0 
-1 -11 -12 -19 -22 -24 -25 -26 0 
-2 -3 -9 -14 -19 -25 0 
-1 -2 -6 -18 -22 -25 -27 0 
-3 -6 -24 0 
-2 -4 -6 -13 -15 -16 -19 -20 0 
-8 -9 -10 -20 -24 0 
-1 -2 -3 -4 -22 -25 0 
-9 -10 -11 -21 0 
-3 -5 -8 -14 -20 -22 -23 -27 0 
-4 -9 -11 -12 -16 -27 0 
-1 -2 -3 -4 -5 -8 -9 -22 0 
-1 -6 -12 -13 -14 -16 -19 -25 0 
-2 -4 -5 -9 -10 -12 -19 -21 -22 0 
-10 -11 -19 -24 -27 0 
-1 -3 -8 -12 -14 -19 0 
-3 -5 -8 -10 -11 -15 -16 -18 -19 0 
-2 -3 -8 -19 -21 -23 -25 -27 0 
-7 -8 -10 -17 -18 -21 -27 0 
-3 -12 -22 -25 0 
-11 -13 -15 -19 0 
-18 -19 -20 -22 0 
-2 -3 -4 -7 -8 -12 -14 -20 0 
-3 -7 -10 -12 -13 -22 0 
-4 -16 0 
-3 -5 0 
-1 -10 -11 -12 -14 -18 -25 -26 0 
-3 -12 -13 -17 -19 -20 -25 0 
-1 -11 -13 -14 -15 -16 -19 -23 0 
-2 -8 -13 -15 -22 -24 0 
-6 -7 -12 -13 -21 -22 -26 0 
-1 -3 -6 -21 -22 0 
-7 -8 -16 -24 0 
-2 -7 -9 -10 -12 -20 -24 -26 0 
-4 -6 -7 -11 -12 -24 -25 0 
-1 -2 -17 -18 -19 -26 0 
-2 -16 -20 -23 -24 0 
-4 -5 -8 -9 -12 -15 -17 -25 -26 0 
-2 -5 -6 -15 -18 -25 0 
-12 -14 -18 -19 -27 0 
-1 -5 -6 -7 -9 -15 -21 -24 0 
-4 -5 -7 -20 -21 -23 0 
-2 -3 -9 -12 -14 -27 0 
-4 -6 -12 -18 -19 0 
-1 -2 -12 -18 -19 -20 -22 -25 -27 0 
-1 -2 -6 -9 -18 -21 -24 -26 0 
-11 -13 -16 -21 -26 0 
-2 -7 -13 -14 -15 -22 -26 0 
-11 -17 -18 -21 -26 -27 0 
-1 -2 -3 -14 -17 -20 -27 0 
-1 -9 -14 -19 -24 -27 0 
-7 -12 -15 -16 -20 -21 -22 0 
-3 -12 -14 0 
-7 -13 -16 -17 -18 -23 0 
-2 -5 -10 -14 -19 -20 -22 -24 0 
-2 -6 -10 -22 -24 0 
-2 -5 -6 -13 -22 -26 0 
-4 -5 -6 -13 -14 -17 -27 0 
-5 -8 -9 -14 -15 -18 -22 -26 0 
-6 -8 -19 -21 0 
-4 -6 -11 -22 -25 -26 0 
-8 -13 -18 -26 0 
-2 -4 -7 -9 -14 -17 -19 -25 0 
-1 -3 -7 -9 -12 -16 -21 -23 -24 -26 -27 0 
-1 -2 -9 -11 -14 -16 -17 -22 -24 -27 0 
-2 -5 -7 -10 -11 -15 -18 -20 0 
-1 -3 -8 -16 -21 -27 0 
-1 -10 -14 -27 0 
-8 -10 -13 -23 0 
-8 -16 -17 -18 -19 -22 -25 0 
-2 -5 -15 -17 -19 -22 0 
-14 -17 -19 -26 -27 0 
-3 -4 -6 -10 -12 -13 -16 0 
-2 -21 -26 0 
-1 -2 -3 -8 -9 -10 -11 -12 -14 -25 -26 0 
-3 -8 -19 -21 -25 0 
-3 -13 -21 -26 0 
-13 -15 -19 -26 0 
-8 -9 -14 -17 -18 -20 -23 -26 0 
-1 -9 -12 -13 -14 -22 -25 0 
-8 -9 -11 -19 -21 0 
-6 -8 -10 -12 -15 -18 -25 0 
-6 -7 -12 -21 0 
-8 -10 -17 -23 -25 0 
-2 -3 -7 -12 -21 0 
-2 -6 -11 -13 -15 -24 -27 0 
-1 -9 -12 -13 0 
-1 -2 -8 -19 -21 -26 -27 0 
-6 -9 -12 -24 -26 0 
-4 -13 -18 -19 -21 -22 -27 0 
-1 -6 -13 -19 -23 0 
-2 -3 -4 -7 -9 -11 -14 -18 -20 -21 -26 0 
-1 -5 -18 -27 0 
-10 -11 -13 -20 0 
-7 -13 -23 -26 -27 0 
-4 -5 -21 -26 0 
-2 -7 -8 -11 -13 -24 -25 0 
-4 -6 -17 0 
-2 -4 -7 -10 -17 -19 -22 -26 -27 0 
-4 -8 -9 -14 -16 -22 -23 -25 0 
-4 -19 -20 -21 -24 -25 -27 0 
-4 -10 -19 -22 -23 -27 0 
-3 -6 -20 -27 0 
-19 -26 -27 0 
-11 -12 -14 -15 -19 -22 0 
-5 -6 -13 -14 -16 -19 -20 -23 -27 0 
-2 -7 -9 -15 -22 -25 0 
-5 -12 -13 -14 -17 -21 -23 -27 0 
-13 -14 -21 -22 -26 0 
-1 -3 -5 -7 -14 -15 -19 -20 -21 0 
-5 -6 -7 -8 -10 -18 -22 0 
-6 -10 -13 -15 -18 -21 -22 -26 0 
-3 -6 -7 -16 -23 -24 -26 0 
-7 -8 -12 -14 -18 -23 0 
-2 -20 -26 0 
-2 -6 -10 -11 -21 0 
-2 -12 -20 -26 0 
-2 -3 -11 -17 -22 -23 -24 0 
-4 -8 -11 -16 -22 -24 -25 0 
-3 -5 -8 -10 -21 -24 0 
-1 -3 -4 -7 -9 -10 -13 -14 -24 0 
-16 -17 -20 -25 0 
-5 -6 -10 -12 -19 -22 -25 -27 0 
-1 -2 -4 -9 -10 -13 -20 -26 0 
-1 -3 -5 -7 -15 -16 -20 -22 -24 0 
-2 -7 -9 -15 -16 -20 -24 -25 0 
-4 -11 -14 -15 0 
-5 -6 -16 -18 -19 -25 -27 0 
-1 -5 -8 -12 -26 -27 0 
-1 -2 -3 -5 -6 -7 -11 -13 -20 -21 -25 -26 0 
-1 -5 -10 -13 -14 -16 -19 -25 0 
-2 -7 -8 -12 -15 -18 -23 0 
-3 -13 -23 -24 -25 -26 0 
-2 -14 -16 -23 0 
-5 -11 -12 -13 -14 -23 -25 0 
-2 -6 -17 -19 -21 -24 0 
-3 -6 -8 -10 -11 -12 -16 -18 -26 0 
-5 -14 -15 -18 -22 -24 -25 0 
-5 -10 -11 -17 0 
-6 -7 -13 -15 -23 0 
-3 -7 -10 -20 -21 -22 0 
-3 -4 -17 -19 -21 0 
-2 -6 -9 -14 -15 -16 -20 -21 -22 -23 -24 0 
-2 -11 -13 -14 -17 -20 -22 0 
-7 -10 -15 -18 -23 -24 -26 0 
-6 -12 -14 -20 -24 -26 0 
-3 -6 -13 -14 -18 -19 -23 0 
-4 -5 -8 -14 -17 -22 -24 -25 0 
-1 -2 -7 -8 -10 -11 -15 -17 -18 -20 -22 -26 0 
-16 -17 -22 0 
-10 -21 -22 -23 0 
-5 -9 -10 -18 -19 -20 0 
-3 -6 -11 -13 -17 -24 -26 0 
-1 -12 -19 -21 0 
-1 -6 -8 -9 -17 -19 -22 0 
-2 -5 -8 -12 -15 -26 -27 0 
-4 -13 -26 0 
-3 -9 -10 -13 -16 -20 -21 -22 -27 0 
-3 -13 -17 0 
-1 -2 -5 -9 -10 0 
-9 -11 -18 -23 0 
-1 -9 -12 -13 -20 0 
-12 -13 -15 0 
-2 -3 -15 -19 -22 -26 0 
-4 -5 -18 -19 -21 -25 0 
-1 -2 -3 -12 -13 -24 -26 0 
-8 -9 -13 -15 -16 -23 -27 0 
-5 -8 -12 -25 0 
-2 -7 -9 -14 -17 -19 -20 -21 0 
-7 -10 -14 -15 -22 0 
-1 -2 -6 -12 -13 -14 -17 -18 -22 -24 0 
-1 -6 -9 -16 -22 -24 -27 0 
-6 -10 -11 -14 -17 -18 -20 -23 0 
-2 -16 -26 0 
-2 -3 -5 -9 -14 -16 -24 0 
-1 -12 -17 -18 -19 0 
-7 -15 -19 -20 -26 0 
-3 -13 -16 -18 -20 -22 -24 -26 0 
-1 -3 -6 -7 -17 -24 -26 0 
-6 -11 -12 -18 -21 -26 0 
-1 -4 -6 -7 -15 -21 -26 0 
-1 -7 -12 -13 -14 -19 -21 -27 0 
-4 -5 -7 -8 -9 -15 -27 0 
-1 -6 -10 -20 -24 -25 0 
-7 -8 -9 -16 -27 0 
-4 -6 -9 -22 -23 -27 0 
-5 -15 -19 -20 -27 0 
-4 -12 -15 -16 -21 -25 0 
-9 -11 -17 -18 -19 -25 0 
-7 -15 -17 -19 -22 -25 0 
-6 -7 -9 -13 -18 -20 0 
-4 -6 -9 -10 -11 -14 -21 -22 -23 -24 -27 0 
-4 -10 -18 -20 -22 -23 -26 0 
-3 -6 -15 -20 -22 -26 0 
-4 -5 -14 -23 -24 -26 0 
-1 -3 -12 -14 -19 -22 -23 -24 -27 0 
-1 -5 -6 -12 -16 -17 -24 0 
-1 -2 -5 -9 -13 -15 -16 -23 -24 -25 0 
-6 -9 -15 -20 0 
-10 -13 -14 -18 -19 -23 -26 -27 0 
-6 -11 -13 -15 -16 -22 0 
-7 -8 -12 -13 -20 -24 -27 0 
-1 -2 -3 -5 -7 -10 -15 -16 -25 0 
-12 -13 -20 -21 -22 -25 0 
-14 -16 -21 -23 -24 0 
-5 -9 -11 -12 -13 -17 -26 0 
-2 -4 -9 -10 -13 -16 -18 0 
-12 -13 -21 -22 -23 -26 0 
-1 -3 -14 -15 -17 -22 -25 -26 0 
-2 -3 -11 -16 0 
-2 -5 -10 -16 -26 0 
-3 -7 -15 -21 -22 -24 -25 -27 0 
-5 -6 -8 -14 -16 -17 -22 -24 -25 -27 0 
-1 -5 -8 -13 -19 -21 -24 -26 -27 0 
-2 -3 -10 -12 -16 -24 -26 0 
-3 -7 -11 -14 -27 0 
-2 -4 -8 -13 -15 -17 -18 -22 -23 -24 0 
-11 -14 -18 -24 -26 0 
-2 -7 -8 -12 -15 -17 0 
-5 -12 -16 -18 -24 -27 0 
-4 -10 -18 -26 0 
-13 -16 -21 -22 -23 0 
-7 -10 -11 -19 -21 -23 -24 -27 0 
-10 -15 -16 -21 0 
-2 -7 -13 -15 -17 -26 0 
-1 -6 -11 -17 -19 -21 -26 0 
-7 -13 -15 -18 -25 -27 0 
-14 -17 -21 -24 -25 -26 0 
-2 -7 -12 -21 -24 0 
-3 -8 -17 -18 -19 -22 -23 -27 0 
-3 -9 -18 -21 0 
-1 -10 -15 -19 -22 -25 -27 0 
-7 -11 -14 -22 -24 0 
-1 -24 -25 0 
-4 -13 -21 -27 0 
-3 -5 -11 -17 -23 0 
-1 -2 -3 -6 -7 -13 -16 -19 0 
-2 -3 -7 -12 -14 -17 -26 0 
-2 -10 -19 -21 -24 0 
-3 -7 -16 -21 -22 0 
-1 -2 -7 -8 -15 -16 -25 0 
-11 -20 -24 -25 0 
-11 -15 -18 -22 -26 0 
-7 -11 -12 -14 -23 -24 0 
-1 -2 -5 -7 -9 -14 -18 0 
-7 -14 -16 0 
-2 -6 -8 -14 0 
-5 -8 -11 -12 -14 -17 -21 -24 0 
-4 -5 -6 -15 -21 0 
-6 -10 -13 -16 -18 -21 -27 0 
-5 -12 -14 -22 -27 0 
-1 -2 -5 -6 -8 -15 -23 -25 0 
-3 -6 -7 -24 0 
-1 -2 -6 -7 -16 -26 -27 0 
-5 -6 -13 -14 -15 -23 -25 0 
-7 -10 -12 -15 -26 0 
-4 -5 -12 -16 -24 0 
-1 -7 -9 -11 -17 -20 -24 -26 0 
-5 -10 -14 -18 -20 -25 0 
-5 -9 -11 -13 -15 0 
-5 -8 -9 -10 -11 -15 0 
-1 -13 -19 -24 -27 0 
-15 -26 -27 0 
-6 -7 -10 -21 0 
-4 -9 -10 -17 -20 -22 -23 -26 -27 0 
-7 -9 -14 -19 0 
-1 -3 -4 -9 -10 -22 -24 0 
-2 -6 -9 -15 -16 -18 -23 -24 -25 0 
-1 -10 -15 -16 -17 -27 0 
-5 -6 -7 -10 -13 -25 0 
-17 -18 -19 -20 -24 -26 -27 0 
-6 -8 -9 -11 -12 -13 -19 -20 0 
-6 -14 -16 -21 -26 0 
-1 -6 -12 -14 -15 -17 -18 -20 -21 0 
-3 -16 -18 -23 0 
-11 -14 -15 -19 -22 -23 -24 -27 0 
-3 -4 -8 -14 -18 -19 -24 0 
-2 -4 -10 -11 -13 -23 0 
-12 -13 -22 -23 -25 0 
-10 -15 -17 -20 -23 0 
-3 -26 0 
-1 -6 -7 -23 -25 -26 0 
-4 -8 -9 -11 -15 -20 -22 0 
-3 -4 -7 -8 -13 -25 0 
-1 -4 -11 -16 -20 -26 0 
-1 -2 -5 -9 0 
-1 -9 -19 -25 0 
-3 -6 -14 -15 -18 -19 -25 -26 -27 0 
-9 -15 -19 -20 -27 0 
-7 -11 -17 -21 -23 -25 0 
-9 -25 -27 0 
-1 -12 -15 -24 -26 -27 0 
-1 -10 -11 -16 -17 -24 -25 0 
-1 -2 -12 -16 -22 -24 -26 0 
-11 -19 -20 -21 -27 0 
-3 -4 -6 -10 -19 -20 -23 0 
-2 -9 -11 -19 -23 -27 0 
-3 -11 -14 -15 -20 -23 -27 0 
-5 -10 -19 0 
-3 -5 -7 -9 -11 -15 -16 -23 -25 0 
-7 -13 -15 -16 -23 0 
-2 -7 -9 -10 -22 0 
-1 -4 -11 -15 -18 -19 -20 0 
-4 -18 -19 -20 -26 -27 0 
-5 -20 -21 -22 -27 0 
-4 -6 -7 -10 -11 -17 -24 -27 0 
-12 -19 -22 -23 -24 0 
-2 -4 -6 -9 -12 -17 -18 -23 -24 0 
-1 -7 -12 -14 -16 -22 0 
-7 -8 -13 -14 -15 -16 -18 -21 0 
-2 -4 -9 -14 -24 -26 0 
-1 -3 -4 -8 -9 -13 -18 -19 0 
-3 -7 -19 -21 -22 0 
-3 -18 -23 -24 -25 0 
-4 -5 -13 -20 -26 0 
-3 -7 -8 -9 -11 -15 -17 -25 0 
-1 -5 -7 -13 -15 -16 -18 -20 0 
-6 -8 -15 -16 0 
-1 -2 -4 -5 -8 -10 -12 -14 -18 -19 -22 -23 -25 0 
-9 -10 -11 -17 -19 -20 -27 0 
-1 -4 -7 -8 -10 -18 -19 -22 -23 -27 0 
-1 -4 -12 -17 -18 -21 -22 0 
-2 -13 -15 -16 -17 0 
-5 -8 -12 -16 -17 0 
-6 -14 -17 -18 -20 -21 -23 -25 0 
-2 -3 -9 -13 -15 0 
-8 -12 -18 -20 -21 -23 0 
-9 -10 -20 0 
-6 -7 -10 -13 -15 -17 -18 -24 -26 0 
-3 -4 -5 -8 -10 -14 -18 -20 -22 -27 0 
-2 -13 -20 -26 0 
-3 -4 -7 -9 -13 -15 -16 0 
-5 -8 -9 -19 -26 0 
-1 -5 -7 -8 -12 -13 -15 -24 -27 0 
-10 -14 -16 -18 -19 -27 0 
-1 -4 -19 -22 -24 -25 0 
-1 -6 -9 -15 -23 0 
-6 -11 -14 -15 -16 -26 0 
-5 -12 -17 -20 -21 -26 0 
-4 -12 -20 -21 -23 -25 -26 0 
-2 -5 -14 -20 -21 -25 0 
-3 -4 -12 -14 -22 -24 0 
-2 -5 -20 -27 0 
-5 -9 -12 -18 -22 -23 -24 -26 0 
-1 -4 -11 -18 0 
-1 -2 -3 -10 -12 -18 -22 0 
-10 -14 -19 -26 0 
-1 -4 -25 -27 0 
-17 -21 -27 0 
-2 -4 -6 -7 -10 -15 -21 -22 -26 -27 0 
-3 -7 -13 -24 -27 0 
-3 -4 -5 -13 -16 -20 -21 -23 0 
-10 -16 -17 -20 -21 -27 0 
-6 -7 -14 -17 -26 -27 0 
-3 -4 -5 -8 -12 -16 -22 -23 0 
-1 -5 -6 -10 -13 -17 -25 0 
-12 -20 -21 -27 0 
