p cnf 27 800
2 6 12 19 23 25 26 0 
1 9 11 13 25 0 
1 6 10 11 17 23 24 25 0 
2 5 8 9 10 19 21 27 0 
6 9 10 15 16 17 19 20 24 0 
4 6 11 16 23 27 0 
5 6 18 23 26 27 0 
9 13 14 16 19 0 
2 8 11 14 17 20 25 27 0 
6 9 17 19 20 0 
2 9 20 21 22 0 
2 14 15 18 20 21 0 
4 15 16 17 26 0 
2 7 18 19 24 0 
1 2 8 11 14 22 23 25 0 
9 15 16 18 20 21 22 0 
4 7 12 23 24 0 
7 21 23 27 0 
9 20 22 25 0 
4 6 7 15 16 20 26 0 
10 13 14 24 25 26 27 0 
4 6 7 9 10 14 16 24 25 26 0 
5 10 12 13 18 0 
2 4 8 16 19 20 25 27 0 
4 6 12 15 22 23 24 0 
4 6 8 9 10 14 18 20 0 
1 6 10 19 27 0 
1 4 12 13 17 19 22 25 0 
9 20 21 23 25 0 
5 6 8 10 15 18 0 
4 8 11 12 13 19 20 24 25 0 
3 4 7 13 21 0 
2 7 16 18 19 21 0 
8 9 11 15 18 0 
5 9 12 13 14 16 18 20 21 25 27 0 
3 8 15 18 21 23 25 0 
1 3 7 13 18 21 23 0 
3 14 18 21 0 
2 5 9 12 15 18 26 0 
6 14 25 0 
6 8 9 14 17 19 0 
4 14 24 0 
1 6 7 8 11 15 17 22 23 26 0 
1 5 11 12 13 17 27 0 
1 4 7 8 16 20 24 0 
1 5 12 13 15 17 18 21 23 0 
1 8 10 11 20 26 27 0 
3 15 18 20 22 0 
1 9 11 19 21 22 0 
1 10 14 15 17 19 0 
2 4 9 10 17 19 23 24 0 
1 2 3 4 10 13 14 19 25 0 
3 4 5 7 8 19 20 22 0 
2 4 10 16 18 26 0 
4 5 6 8 15 0 
6 7 15 18 25 0 
1 7 8 9 10 14 0 
6 13 16 19 21 23 0 
2 4 6 11 15 18 21 22 25 0 
1 4 6 11 17 18 0 
1 8 9 26 0 
5 9 14 17 26 0 
15 16 0 
5 6 8 12 16 26 0 
3 8 9 10 26 0 
4 6 10 13 15 22 25 0 
9 11 13 20 23 25 26 27 0 
2 6 7 16 19 0 
23 26 0 
1 9 11 14 16 25 0 
1 3 5 16 21 24 25 27 0 
3 6 7 8 11 13 14 16 19 21 22 24 0 
3 10 15 17 22 25 26 27 0 
3 6 7 8 10 23 24 25 0 
12 13 19 24 25 0 
3 11 13 14 18 21 0 
3 4 5 7 10 14 25 0 
3 8 16 18 22 0 
1 2 7 8 11 12 18 19 0 
2 9 17 21 22 24 0 
5 8 16 17 19 23 0 
5 9 11 16 0 
6 9 13 14 18 20 0 
2 7 12 20 23 26 0 
2 5 9 13 17 0 
7 8 14 24 27 0 
13 17 19 22 25 0 
2 10 12 16 18 19 20 25 0 
11 16 17 27 0 
5 8 12 17 0 
2 8 13 20 21 22 0 
3 6 13 18 23 25 0 
1 7 15 24 25 27 0 
3 6 8 10 19 24 0 
2 3 7 10 13 21 22 25 0 
12 15 18 19 20 22 23 24 26 0 
2 6 11 16 18 20 21 22 0 
4 6 8 10 19 0 
6 7 8 15 19 23 26 0 
2 4 13 14 16 19 23 0 
5 8 9 24 25 26 0 
1 2 8 9 10 14 21 0 
9 13 15 19 24 25 0 
1 2 5 16 17 0 
1 2 8 10 11 13 20 0 
1 3 8 24 26 0 
6 9 10 14 16 25 0 
3 5 15 17 18 21 24 0 
5 8 15 19 27 0 
5 9 12 14 18 0 
4 5 9 15 24 0 
1 2 7 11 14 16 0 
2 5 6 8 10 12 13 16 22 24 27 0 
2 11 16 17 22 27 0 
3 8 10 14 21 25 0 
2 6 9 10 11 15 19 22 25 0 
2 5 9 10 13 16 26 27 0 
5 7 9 14 15 16 17 18 21 0 
4 6 13 17 0 
4 6 14 27 0 
6 7 22 23 24 0 
1 5 9 10 16 17 19 22 23 0 
1 3 4 10 20 25 0 
4 9 16 17 19 20 21 23 27 0 
1 7 14 21 26 27 0 
1 3 4 13 14 16 17 20 0 
2 5 10 15 0 
1 6 11 17 18 20 0 
7 8 17 18 22 0 
8 10 14 15 18 23 0 
13 14 15 18 19 25 26 0 
8 9 18 23 25 0 
15 17 20 21 24 0 
5 7 8 11 12 18 23 0 
5 10 13 15 17 18 0 
1 4 10 14 19 21 0 
14 20 23 0 
2 3 6 22 0 
5 9 16 26 0 
1 4 6 9 20 22 27 0 
1 3 4 5 11 14 18 19 26 0 
3 5 9 10 12 13 17 23 0 
2 4 6 7 11 18 0 
4 6 12 18 19 20 21 25 0 
1 2 5 6 10 18 21 0 
3 6 9 11 14 15 21 26 0 
2 3 7 8 10 15 21 22 26 0 
16 17 18 20 23 27 0 
8 11 20 23 24 0 
6 8 15 19 25 0 
5 18 21 23 26 27 0 
3 4 5 9 10 11 13 19 25 0 
7 12 14 15 21 24 26 27 0 
1 2 3 8 16 19 27 0 
1 2 5 13 18 19 26 0 
12 20 22 27 0 
4 12 13 19 22 26 27 0 
11 15 21 27 0 
2 3 8 16 19 20 21 24 27 0 
2 3 5 17 23 24 0 
5 17 19 0 
1 19 21 22 23 26 27 0 
1 4 14 17 19 20 0 
4 5 6 8 14 15 0 
3 4 6 24 26 0 
13 18 23 26 0 
6 11 13 16 20 21 26 0 
6 8 10 14 17 27 0 
6 7 8 12 18 24 27 0 
1 2 4 17 0 
10 14 0 
5 9 20 22 25 0 
4 12 14 18 20 26 27 0 
1 11 12 19 25 0 
4 5 8 9 11 14 16 23 0 
7 9 17 20 21 23 24 0 
6 8 9 18 23 26 0 
15 16 19 23 26 0 
2 5 25 26 0 
3 8 15 16 17 27 0 
7 14 15 16 18 21 23 25 0 
2 5 12 14 19 0 
2 6 12 14 15 24 0 
13 15 18 20 0 
2 8 10 13 0 
2 5 6 7 18 20 21 22 0 
5 12 18 23 24 27 0 
5 6 8 13 18 24 0 
3 7 9 12 13 19 26 0 
3 9 15 22 24 25 27 0 
2 5 14 19 23 26 0 
5 7 8 12 13 14 15 17 0 
2 3 4 17 18 19 0 
1 4 7 14 18 21 0 
1 2 3 7 8 11 18 0 
1 3 8 17 21 25 0 
1 19 21 0 
2 3 6 17 20 21 22 0 
7 8 9 24 25 26 0 
8 14 15 17 21 22 24 0 
6 14 16 20 0 
1 8 12 15 19 20 21 22 26 0 
7 11 14 16 20 21 27 0 
1 10 12 18 21 0 
5 6 9 18 19 23 27 0 
1 4 10 11 13 14 15 22 23 0 
1 3 10 13 16 23 27 0 
4 8 20 21 25 0 
8 20 24 25 0 
2 7 9 12 14 15 19 21 27 0 
1 5 6 7 12 14 15 0 
1 6 7 12 13 15 17 21 24 0 
2 3 4 8 9 10 11 21 25 0 
3 6 8 16 19 25 0 
7 12 15 20 21 27 0 
4 6 9 25 0 
1 4 9 21 24 26 0 
5 8 10 12 20 21 22 25 26 0 
1 2 4 9 16 0 
1 7 11 14 21 22 0 
1 4 21 22 25 0 
5 9 10 21 23 25 27 0 
3 6 24 26 0 
3 7 12 13 15 22 0 
2 3 6 17 0 
11 21 23 26 0 
2 3 5 23 27 0 
4 5 6 9 10 17 20 0 
8 10 12 14 18 20 0 
16 17 20 22 25 0 
1 6 8 16 17 24 26 0 
5 13 16 20 21 25 0 
4 6 7 18 19 21 22 24 27 0 
4 6 14 20 23 0 
5 6 7 12 17 18 21 25 27 0 
5 6 11 13 24 0 
3 4 9 24 0 
6 8 11 13 14 18 23 0 
1 2 4 9 12 13 15 26 0 
6 7 8 9 16 25 27 0 
6 10 15 20 0 
7 11 14 15 20 22 23 0 
4 5 12 13 17 21 22 23 24 0 
1 10 11 18 22 0 
1 5 7 15 16 23 26 27 0 
12 17 27 0 
5 8 10 14 15 17 23 24 0 
2 3 4 5 8 9 11 16 24 0 
2 7 13 14 15 17 23 24 0 
3 5 6 7 10 14 19 26 0 
2 6 8 13 19 20 0 
2 19 24 27 0 
2 12 16 21 23 25 0 
1 4 13 21 22 27 0 
7 8 15 18 24 25 0 
5 8 12 16 17 26 27 0 
1 6 19 22 23 0 
1 4 5 12 0 
10 26 0 
2 11 14 15 18 25 0 
3 5 6 7 11 26 0 
6 8 11 20 23 26 0 
2 10 17 23 26 0 
2 3 5 8 20 25 0 
5 7 8 12 17 22 27 0 
5 7 14 16 17 27 0 
4 7 8 14 27 0 
11 16 17 18 0 
1 11 12 14 17 22 25 0 
1 10 15 23 27 0 
2 4 12 18 23 24 26 0 
1 2 4 5 6 26 0 
3 4 9 11 16 19 0 
4 13 16 18 25 0 
2 3 4 6 26 0 
1 24 26 0 
14 21 22 23 25 26 27 0 
4 5 7 12 13 14 19 23 0 
1 11 16 20 24 0 
3 4 18 19 25 0 
10 13 19 23 26 0 
10 12 19 25 0 
6 8 20 21 22 0 
8 9 11 27 0 
4 7 12 19 21 26 0 
3 11 12 19 22 24 0 
11 16 19 0 
2 8 12 18 19 22 0 
4 7 8 10 13 15 24 25 0 
1 7 8 10 13 16 17 19 24 26 0 
2 4 5 6 10 11 13 16 19 20 0 
2 9 16 21 23 0 
1 7 15 27 0 
11 12 22 24 27 0 
5 7 13 14 17 20 22 23 26 27 0 
4 8 10 12 24 0 
4 16 23 24 26 0 
1 4 5 11 14 19 22 26 27 0 
3 10 20 26 27 0 
7 8 10 11 12 17 19 20 21 26 0 
3 5 12 15 17 18 24 0 
3 6 11 13 14 26 0 
3 27 0 
3 4 17 21 22 23 27 0 
1 7 8 9 10 17 23 26 0 
3 16 22 24 25 27 0 
2 5 9 22 23 26 0 
4 6 10 17 0 
1 12 16 22 23 0 
10 15 22 23 24 27 0 
11 15 20 23 24 0 
1 3 8 9 14 15 21 0 
2 5 10 11 12 13 14 15 21 25 0 
1 4 6 9 10 13 14 24 0 
2 4 7 11 12 15 16 17 27 0 
4 5 18 21 25 0 
4 12 17 18 21 26 27 0 
1 2 5 6 12 27 0 
2 4 9 12 17 20 23 24 25 26 0 
1 4 12 21 25 0 
2 13 15 20 0 
2 6 9 0 
1 3 6 11 18 19 0 
5 8 10 12 23 0 
2 3 15 17 22 24 0 
8 23 25 26 0 
1 15 16 20 22 27 0 
8 12 15 25 0 
7 11 16 20 26 0 
2 4 17 19 26 0 
4 10 14 15 19 22 23 27 0 
3 5 16 17 18 20 22 25 0 
5 10 27 0 
1 3 7 15 22 24 0 
2 7 8 11 13 19 0 
4 11 16 17 22 27 0 
9 15 19 21 25 27 0 
3 4 13 16 18 19 20 22 25 26 27 0 
8 14 16 20 24 0 
1 3 5 8 11 18 26 0 
2 6 9 10 18 21 24 0 
15 16 23 24 26 0 
3 13 21 24 25 26 0 
4 10 14 17 23 27 0 
1 3 6 7 8 10 19 22 26 0 
8 10 11 12 15 18 22 0 
4 10 11 12 15 17 19 21 0 
1 12 16 18 19 23 25 0 
3 8 12 13 22 23 24 0 
10 13 21 23 26 0 
2 4 9 11 14 15 23 0 
3 9 14 15 20 25 0 
1 5 16 24 26 27 0 
3 5 18 23 0 
5 8 11 13 16 21 25 0 
7 11 13 16 17 0 
1 2 4 11 12 17 25 0 
4 13 14 15 20 24 0 
13 14 15 17 21 25 27 0 
6 7 9 16 25 26 27 0 
3 4 6 8 12 22 25 0 
3 6 7 12 0 
7 9 11 17 23 0 
4 5 13 16 20 26 27 0 
4 7 10 11 15 19 23 26 0 
10 11 14 15 17 22 0 
1 2 5 12 14 17 0 
1 4 8 11 16 20 22 27 0 
4 6 12 13 22 0 
8 9 25 26 0 
2 11 14 18 25 0 
4 7 8 10 13 17 27 0 
10 11 15 22 25 0 
8 11 13 15 18 20 0 
1 8 9 18 20 21 0 
4 11 16 22 25 0 
6 7 9 10 14 15 18 22 0 
3 4 9 16 17 19 22 23 27 0 
8 9 10 13 15 16 19 0 
9 17 19 23 24 26 0 
4 6 10 20 24 0 
1 2 12 17 19 21 0 
4 5 7 12 13 17 19 20 21 26 0 
2 4 14 0 
9 10 12 19 20 22 23 0 
3 4 18 0 
14 17 18 21 22 27 0 
1 5 8 12 14 18 19 21 23 25 0 
7 9 21 0 
5 11 12 14 22 23 0 
2 11 14 22 25 26 0 
5 6 12 16 23 24 0 
3 7 11 12 15 16 18 27 0 
3 8 13 15 19 20 25 27 0 
2 3 4 7 14 0 
2 6 7 11 15 26 0 
1 5 8 10 11 20 0 
3 8 14 21 23 27 0 
4 16 17 26 0 
1 17 18 0 
-2 -6 -12 -19 -23 -25 -26 0 
-1 -9 -11 -13 -25 0 
-1 -6 -10 -11 -17 -23 -24 -25 0 
-2 -5 -8 -9 -10 -19 -21 -27 0 
-6 -9 -10 -15 -16 -17 -19 -20 -24 0 
-4 -6 -11 -16 -23 -27 0 
-5 -6 -18 -23 -26 -27 0 
-9 -13 -14 -16 -19 0 
-2 -8 -11 -14 -17 -20 -25 -27 0 
-6 -9 -17 -19 -20 0 
-2 -9 -20 -21 -22 0 
-2 -14 -15 -18 -20 -21 0 
-4 -15 -16 -17 -26 0 
-2 -7 -18 -19 -24 0 
-1 -2 -8 -11 -14 -22 -23 -25 0 
-9 -15 -16 -18 -20 -21 -22 0 
-4 -7 -12 -23 -24 0 
-7 -21 -23 -27 0 
-9 -20 -22 -25 0 
-4 -6 -7 -15 -16 -20 -26 0 
-10 -13 -14 -24 -25 -26 -27 0 
-4 -6 -7 -9 -10 -14 -16 -24 -25 -26 0 
-5 -10 -12 -13 -18 0 
-2 -4 -8 -16 -19 -20 -25 -27 0 
-4 -6 -12 -15 -22 -23 -24 0 
-4 -6 -8 -9 -10 -14 -18 -20 0 
-1 -6 -10 -19 -27 0 
-1 -4 -12 -13 -17 -19 -22 -25 0 
-9 -20 -21 -23 -25 0 
-5 -6 -8 -10 -15 -18 0 
-4 -8 -11 -12 -13 -19 -20 -24 -25 0 
-3 -4 -7 -13 -21 0 
-2 -7 -16 -18 -19 -21 0 
-8 -9 -11 -15 -18 0 
-5 -9 -12 -13 -14 -16 -18 -20 -21 -25 -27 0 
-3 -8 -15 -18 -21 -23 -25 0 
-1 -3 -7 -13 -18 -21 -23 0 
-3 -14 -18 -21 0 
-2 -5 -9 -12 -15 -18 -26 0 
-6 -14 -25 0 
-6 -8 -9 -14 -17 -19 0 
-4 -14 -24 0 
-1 -6 -7 -8 -11 -15 -17 -22 -23 -26 0 
-1 -5 -11 -12 -13 -17 -27 0 
-1 -4 -7 -8 -16 -20 -24 0 
-1 -5 -12 -13 -15 -17 -18 -21 -23 0 
-1 -8 -10 -11 -20 -26 -27 0 
-3 -15 -18 -20 -22 0 
-1 -9 -11 -19 -21 -22 0 
-1 -10 -14 -15 -17 -19 0 
-2 -4 -9 -10 -17 -19 -23 -24 0 
-1 -2 -3 -4 -10 -13 -14 -19 -25 0 
-3 -4 -5 -7 -8 -19 -20 -22 0 
-2 -4 -10 -16 -18 -26 0 
-4 -5 -6 -8 -15 0 
-6 -7 -15 -18 -25 0 
-1 -7 -8 -9 -10 -14 0 
-6 -13 -16 -19 -21 -23 0 
-2 -4 -6 -11 -15 -18 -21 -22 -25 0 
-1 -4 -6 -11 -17 -18 0 
-1 -8 -9 -26 0 
-5 -9 -14 -17 -26 0 
-15 -16 0 
-5 -6 -8 -12 -16 -26 0 
-3 -8 -9 -10 -26 0 
-4 -6 -10 -13 -15 -22 -25 0 
-9 -11 -13 -20 -23 -25 -26 -27 0 
-2 -6 -7 -16 -19 0 
-23 -26 0 
-1 -9 -11 -14 -16 -25 0 
-1 -3 -5 -16 -21 -24 -25 -27 0 
-3 -6 -7 -8 -11 -13 -14 -16 -19 -21 -22 -24 0 
-3 -10 -15 -17 -22 -25 -26 -27 0 
-3 -6 -7 -8 -10 -23 -24 -25 0 
-12 -13 -19 -24 -25 0 
-3 -11 -13 -14 -18 -21 0 
-3 -4 -5 -7 -10 -14 -25 0 
-3 -8 -16 -18 -22 0 
-1 -2 -7 -8 -11 -12 -18 -19 0 
-2 -9 -17 -21 -22 -24 0 
-5 -8 -16 -17 -19 -23 0 
-5 -9 -11 -16 0 
-6 -9 -13 -14 -18 -20 0 
-2 -7 -12 -20 -23 -26 0 
-2 -5 -9 -13 -17 0 
-7 -8 -14 -24 -27 0 
-13 -17 -19 -22 -25 0 
-2 -10 -12 -16 -18 -19 -20 -25 0 
-11 -16 -17 -27 0 
-5 -8 -12 -17 0 
-2 -8 -13 -20 -21 -22 0 
-3 -6 -13 -18 -23 -25 0 
-1 -7 -15 -24 -25 -27 0 
-3 -6 -8 -10 -19 -24 0 
-2 -3 -7 -10 -13 -21 -22 -25 0 
-12 -15 -18 -19 -20 -22 -23 -24 -26 0 
-2 -6 -11 -16 -18 -20 -21 -22 0 
-4 -6 -8 -10 -19 0 
-6 -7 -8 -15 -19 -23 -26 0 
-2 -4 -13 -14 -16 -19 -23 0 
-5 -8 -9 -24 -25 -26 0 
-1 -2 -8 -9 -10 -14 -21 0 
-9 -13 -15 -19 -24 -25 0 
-1 -2 -5 -16 -17 0 
-1 -2 -8 -10 -11 -13 -20 0 
-1 -3 -8 -24 -26 0 
-6 -9 -10 -14 -16 -25 0 
-3 -5 -15 -17 -18 -21 -24 0 
-5 -8 -15 -19 -27 0 
-5 -9 -12 -14 -18 0 
-4 -5 -9 -15 -24 0 
-1 -2 -7 -11 -14 -16 0 
-2 -5 -6 -8 -10 -12 -13 -16 -22 -24 -27 0 
-2 -11 -16 -17 -22 -27 0 
-3 -8 -10 -14 -21 -25 0 
-2 -6 -9 -10 -11 -15 -19 -22 -25 0 
-2 -5 -9 -10 -13 -16 -26 -27 0 
-5 -7 -9 -14 -15 -16 -17 -18 -21 0 
-4 -6 -13 -17 0 
-4 -6 -14 -27 0 
-6 -7 -22 -23 -24 0 
-1 -5 -9 -10 -16 -17 -19 -22 -23 0 
-1 -3 -4 -10 -20 -25 0 
-4 -9 -16 -17 -19 -20 -21 -23 -27 0 
-1 -7 -14 -21 -26 -27 0 
-1 -3 -4 -13 -14 -16 -17 -20 0 
-2 -5 -10 -15 0 
-1 -6 -11 -17 -18 -20 0 
-7 -8 -17 -18 -22 0 
-8 -10 -14 -15 -18 -23 0 
-13 -14 -15 -18 -19 -25 -26 0 
-8 -9 -18 -23 -25 0 
-15 -17 -20 -21 -24 0 
-5 -7 -8 -11 -12 -18 -23 0 
-5 -10 -13 -15 -17 -18 0 
-1 -4 -10 -14 -19 -21 0 
-14 -20 -23 0 
-2 -3 -6 -22 0 
-5 -9 -16 -26 0 
-1 -4 -6 -9 -20 -22 -27 0 
-1 -3 -4 -5 -11 -14 -18 -19 -26 0 
-3 -5 -9 -10 -12 -13 -17 -23 0 
-2 -4 -6 -7 -11 -18 0 
-4 -6 -12 -18 -19 -20 -21 -25 0 
-1 -2 -5 -6 -10 -18 -21 0 
-3 -6 -9 -11 -14 -15 -21 -26 0 
-2 -3 -7 -8 -10 -15 -21 -22 -26 0 
-16 -17 -18 -20 -23 -27 0 
-8 -11 -20 -23 -24 0 
-6 -8 -15 -19 -25 0 
-5 -18 -21 -23 -26 -27 0 
-3 -4 -5 -9 -10 -11 -13 -19 -25 0 
-7 -12 -14 -15 -21 -24 -26 -27 0 
-1 -2 -3 -8 -16 -19 -27 0 
-1 -2 -5 -13 -18 -19 -26 0 
-12 -20 -22 -27 0 
-4 -12 -13 -19 -22 -26 -27 0 
-11 -15 -21 -27 0 
-2 -3 -8 -16 -19 -20 -21 -24 -27 0 
-2 -3 -5 -17 -23 -24 0 
-5 -17 -19 0 
-1 -19 -21 -22 -23 -26 -27 0 
-1 -4 -14 -17 -19 -20 0 
-4 -5 -6 -8 -14 -15 0 
-3 -4 -6 -24 -26 0 
-13 -18 -23 -26 0 
-6 -11 -13 -16 -20 -21 -26 0 
-6 -8 -10 -14 -17 -27 0 
-6 -7 -8 -12 -18 -24 -27 0 
-1 -2 -4 -17 0 
-10 -14 0 
-5 -9 -20 -22 -25 0 
-4 -12 -14 -18 -20 -26 -27 0 
-1 -11 -12 -19 -25 0 
-4 -5 -8 -9 -11 -14 -16 -23 0 
-7 -9 -17 -20 -21 -23 -24 0 
-6 -8 -9 -18 -23 -26 0 
-15 -16 -19 -23 -26 0 
-2 -5 -25 -26 0 
-3 -8 -15 -16 -17 -27 0 
-7 -14 -15 -16 -18 -21 -23 -25 0 
-2 -5 -12 -14 -19 0 
-2 -6 -12 -14 -15 -24 0 
-13 -15 -18 -20 0 
-2 -8 -10 -13 0 
-2 -5 -6 -7 -18 -20 -21 -22 0 
-5 -12 -18 -23 -24 -27 0 
-5 -6 -8 -13 -18 -24 0 
-3 -7 -9 -12 -13 -19 -26 0 
-3 -9 -15 -22 -24 -25 -27 0 
-2 -5 -14 -19 -23 -26 0 
-5 -7 -8 -12 -13 -14 -15 -17 0 
-2 -3 -4 -17 -18 -19 0 
-1 -4 -7 -14 -18 -21 0 
-1 -2 -3 -7 -8 -11 -18 0 
-1 -3 -8 -17 -21 -25 0 
-1 -19 -21 0 
-2 -3 -6 -17 -20 -21 -22 0 
-7 -8 -9 -24 -25 -26 0 
-8 -14 -15 -17 -21 -22 -24 0 
-6 -14 -16 -20 0 
-1 -8 -12 -15 -19 -20 -21 -22 -26 0 
-7 -11 -14 -16 -20 -21 -27 0 
-1 -10 -12 -18 -21 0 
-5 -6 -9 -18 -19 -23 -27 0 
-1 -4 -10 -11 -13 -14 -15 -22 -23 0 
-1 -3 -10 -13 -16 -23 -27 0 
-4 -8 -20 -21 -25 0 
-8 -20 -24 -25 0 
-2 -7 -9 -12 -14 -15 -19 -21 -27 0 
-1 -5 -6 -7 -12 -14 -15 0 
-1 -6 -7 -12 -13 -15 -17 -21 -24 0 
-2 -3 -4 -8 -9 -10 -11 -21 -25 0 
-3 -6 -8 -16 -19 -25 0 
-7 -12 -15 -20 -21 -27 0 
-4 -6 -9 -25 0 
-1 -4 -9 -21 -24 -26 0 
-5 -8 -10 -12 -20 -21 -22 -25 -26 0 
-1 -2 -4 -9 -16 0 
-1 -7 -11 -14 -21 -22 0 
-1 -4 -21 -22 -25 0 
-5 -9 -10 -21 -23 -25 -27 0 
-3 -6 -24 -26 0 
-3 -7 -12 -13 -15 -22 0 
-2 -3 -6 -17 0 
-11 -21 -23 -26 0 
-2 -3 -5 -23 -27 0 
-4 -5 -6 -9 -10 -17 -20 0 
-8 -10 -12 -14 -18 -20 0 
-16 -17 -20 -22 -25 0 
-1 -6 -8 -16 -17 -24 -26 0 
-5 -13 -16 -20 -21 -25 0 
-4 -6 -7 -18 -19 -21 -22 -24 -27 0 
-4 -6 -14 -20 -23 0 
-5 -6 -7 -12 -17 -18 -21 -25 -27 0 
-5 -6 -11 -13 -24 0 
-3 -4 -9 -24 0 
-6 -8 -11 -13 -14 -18 -23 0 
-1 -2 -4 -9 -12 -13 -15 -26 0 
-6 -7 -8 -9 -16 -25 -27 0 
-6 -10 -15 -20 0 
-7 -11 -14 -15 -20 -22 -23 0 
-4 -5 -12 -13 -17 -21 -22 -23 -24 0 
-1 -10 -11 -18 -22 0 
-1 -5 -7 -15 -16 -23 -26 -27 0 
-12 -17 -27 0 
-5 -8 -10 -14 -15 -17 -23 -24 0 
-2 -3 -4 -5 -8 -9 -11 -16 -24 0 
-2 -7 -13 -14 -15 -17 -23 -24 0 
-3 -5 -6 -7 -10 -14 -19 -26 0 
-2 -6 -8 -13 -19 -20 0 
-2 -19 -24 -27 0 
-2 -12 -16 -21 -23 -25 0 
-1 -4 -13 -21 -22 -27 0 
-7 -8 -15 -18 -24 -25 0 
-5 -8 -12 -16 -17 -26 -27 0 
-1 -6 -19 -22 -23 0 
-1 -4 -5 -12 0 
-10 -26 0 
-2 -11 -14 -15 -18 -25 0 
-3 -5 -6 -7 -11 -26 0 
-6 -8 -11 -20 -23 -26 0 
-2 -10 -17 -23 -26 0 
-2 -3 -5 -8 -20 -25 0 
-5 -7 -8 -12 -17 -22 -27 0 
-5 -7 -14 -16 -17 -27 0 
-4 -7 -8 -14 -27 0 
-11 -16 -17 -18 0 
-1 -11 -12 -14 -17 -22 -25 0 
-1 -10 -15 -23 -27 0 
-2 -4 -12 -18 -23 -24 -26 0 
-1 -2 -4 -5 -6 -26 0 
-3 -4 -9 -11 -16 -19 0 
-4 -13 -16 -18 -25 0 
-2 -3 -4 -6 -26 0 
-1 -24 -26 0 
-14 -21 -22 -23 -25 -26 -27 0 
-4 -5 -7 -12 -13 -14 -19 -23 0 
-1 -11 -16 -20 -24 0 
-3 -4 -18 -19 -25 0 
-10 -13 -19 -23 -26 0 
-10 -12 -19 -25 0 
-6 -8 -20 -21 -22 0 
-8 -9 -11 -27 0 
-4 -7 -12 -19 -21 -26 0 
-3 -11 -12 -19 -22 -24 0 
-11 -16 -19 0 
-2 -8 -12 -18 -19 -22 0 
-4 -7 -8 -10 -13 -15 -24 -25 0 
-1 -7 -8 -10 -13 -16 -17 -19 -24 -26 0 
-2 -4 -5 -6 -10 -11 -13 -16 -19 -20 0 
-2 -9 -16 -21 -23 0 
-1 -7 -15 -27 0 
-11 -12 -22 -24 -27 0 
-5 -7 -13 -14 -17 -20 -22 -23 -26 -27 0 
-4 -8 -10 -12 -24 0 
-4 -16 -23 -24 -26 0 
-1 -4 -5 -11 -14 -19 -22 -26 -27 0 
-3 -10 -20 -26 -27 0 
-7 -8 -10 -11 -12 -17 -19 -20 -21 -26 0 
-3 -5 -12 -15 -17 -18 -24 0 
-3 -6 -11 -13 -14 -26 0 
-3 -27 0 
-3 -4 -17 -21 -22 -23 -27 0 
-1 -7 -8 -9 -10 -17 -23 -26 0 
-3 -16 -22 -24 -25 -27 0 
-2 -5 -9 -22 -23 -26 0 
-4 -6 -10 -17 0 
-1 -12 -16 -22 -23 0 
-10 -15 -22 -23 -24 -27 0 
-11 -15 -20 -23 -24 0 
-1 -3 -8 -9 -14 -15 -21 0 
-2 -5 -10 -11 -12 -13 -14 -15 -21 -25 0 
-1 -4 -6 -9 -10 -13 -14 -24 0 
-2 -4 -7 -11 -12 -15 -16 -17 -27 0 
-4 -5 -18 -21 -25 0 
-4 -12 -17 -18 -21 -26 -27 0 
-1 -2 -5 -6 -12 -27 0 
-2 -4 -9 -12 -17 -20 -23 -24 -25 -26 0 
-1 -4 -12 -21 -25 0 
-2 -13 -15 -20 0 
-2 -6 -9 0 
-1 -3 -6 -11 -18 -19 0 
-5 -8 -10 -12 -23 0 
-2 -3 -15 -17 -22 -24 0 
-8 -23 -25 -26 0 
-1 -15 -16 -20 -22 -27 0 
-8 -12 -15 -25 0 
-7 -11 -16 -20 -26 0 
-2 -4 -17 -19 -26 0 
-4 -10 -14 -15 -19 -22 -23 -27 0 
-3 -5 -16 -17 -18 -20 -22 -25 0 
-5 -10 -27 0 
-1 -3 -7 -15 -22 -24 0 
-2 -7 -8 -11 -13 -19 0 
-4 -11 -16 -17 -22 -27 0 
-9 -15 -19 -21 -25 -27 0 
-3 -4 -13 -16 -18 -19 -20 -22 -25 -26 -27 0 
-8 -14 -16 -20 -24 0 
-1 -3 -5 -8 -11 -18 -26 0 
-2 -6 -9 -10 -18 -21 -24 0 
-15 -16 -23 -24 -26 0 
-3 -13 -21 -24 -25 -26 0 
-4 -10 -14 -17 -23 -27 0 
-1 -3 -6 -7 -8 -10 -19 -22 -26 0 
-8 -10 -11 -12 -15 -18 -22 0 
-4 -10 -11 -12 -15 -17 -19 -21 0 
-1 -12 -16 -18 -19 -23 -25 0 
-3 -8 -12 -13 -22 -23 -24 0 
-10 -13 -21 -23 -26 0 
-2 -4 -9 -11 -14 -15 -23 0 
-3 -9 -14 -15 -20 -25 0 
-1 -5 -16 -24 -26 -27 0 
-3 -5 -18 -23 0 
-5 -8 -11 -13 -16 -21 -25 0 
-7 -11 -13 -16 -17 0 
-1 -2 -4 -11 -12 -17 -25 0 
-4 -13 -14 -15 -20 -24 0 
-13 -14 -15 -17 -21 -25 -27 0 
-6 -7 -9 -16 -25 -26 -27 0 
-3 -4 -6 -8 -12 -22 -25 0 
-3 -6 -7 -12 0 
-7 -9 -11 -17 -23 0 
-4 -5 -13 -16 -20 -26 -27 0 
-4 -7 -10 -11 -15 -19 -23 -26 0 
-10 -11 -14 -15 -17 -22 0 
-1 -2 -5 -12 -14 -17 0 
-1 -4 -8 -11 -16 -20 -22 -27 0 
-4 -6 -12 -13 -22 0 
-8 -9 -25 -26 0 
-2 -11 -14 -18 -25 0 
-4 -7 -8 -10 -13 -17 -27 0 
-10 -11 -15 -22 -25 0 
-8 -11 -13 -15 -18 -20 0 
-1 -8 -9 -18 -20 -21 0 
-4 -11 -16 -22 -25 0 
-6 -7 -9 -10 -14 -15 -18 -22 0 
-3 -4 -9 -16 -17 -19 -22 -23 -27 0 
-8 -9 -10 -13 -15 -16 -19 0 
-9 -17 -19 -23 -24 -26 0 
-4 -6 -10 -20 -24 0 
-1 -2 -12 -17 -19 -21 0 
-4 -5 -7 -12 -13 -17 -19 -20 -21 -26 0 
-2 -4 -14 0 
-9 -10 -12 -19 -20 -22 -23 0 
-3 -4 -18 0 
-14 -17 -18 -21 -22 -27 0 
-1 -5 -8 -12 -14 -18 -19 -21 -23 -25 0 
-7 -9 -21 0 
-5 -11 -12 -14 -22 -23 0 
-2 -11 -14 -22 -25 -26 0 
-5 -6 -12 -16 -23 -24 0 
-3 -7 -11 -12 -15 -16 -18 -27 0 
-3 -8 -13 -15 -19 -20 -25 -27 0 
-2 -3 -4 -7 -14 0 
-2 -6 -7 -11 -15 -26 0 
-1 -5 -8 -10 -11 -20 0 
-3 -8 -14 -21 -23 -27 0 
-4 -16 -17 -26 0 
-1 -17 -18 0 
