p cnf 27 800
2 5 6 7 12 13 14 27 0 
9 11 13 20 22 23 24 25 0 
9 18 24 0 
1 2 4 5 7 10 12 18 19 0 
1 4 11 12 15 16 20 27 0 
2 3 11 12 17 18 22 0 
3 7 19 27 0 
2 3 6 9 17 22 24 0 
4 9 11 15 21 26 0 
2 3 6 9 18 23 24 0 
4 5 18 20 21 0 
7 12 17 20 0 
13 16 22 23 26 0 
12 25 0 
4 5 6 12 14 19 20 22 27 0 
2 3 5 14 18 21 25 0 
2 6 9 15 19 22 26 27 0 
3 6 8 12 13 17 20 22 23 26 27 0 
3 4 10 13 14 22 27 0 
3 4 12 13 15 16 19 24 26 0 
5 6 7 8 16 0 
4 6 7 9 14 20 21 23 0 
11 17 27 0 
4 5 13 15 18 0 
3 4 10 13 16 22 24 0 
2 6 10 16 23 24 25 0 
5 6 14 19 23 25 0 
3 5 7 10 11 13 20 21 25 26 0 
2 6 22 24 26 27 0 
6 11 13 21 22 25 26 27 0 
3 17 24 0 
7 15 17 18 22 24 0 
1 7 8 19 25 26 27 0 
4 6 9 10 13 22 23 27 0 
4 8 9 18 20 27 0 
1 3 8 19 23 0 
6 23 24 26 0 
3 7 10 11 12 14 20 0 
7 8 19 25 0 
3 5 14 18 20 0 
5 6 18 19 0 
9 12 24 25 27 0 
1 21 24 0 
1 5 15 24 27 0 
2 8 11 13 18 26 0 
7 14 16 22 23 25 27 0 
13 16 17 18 20 22 23 24 0 
1 3 13 14 18 23 0 
3 5 6 14 24 0 
1 7 12 15 18 22 23 0 
4 16 18 0 
19 24 25 27 0 
5 6 8 18 21 0 
2 3 4 5 11 13 15 0 
3 15 21 23 27 0 
7 15 20 0 
9 10 11 13 18 19 0 
10 18 23 25 27 0 
2 3 10 14 21 23 0 
9 16 19 21 25 0 
10 13 17 21 22 24 27 0 
1 9 11 15 19 27 0 
1 4 8 9 18 20 0 
4 11 16 17 0 
5 7 11 12 18 24 25 0 
2 8 17 18 19 21 22 26 0 
1 2 6 10 11 13 16 18 27 0 
5 18 21 23 24 0 
5 6 10 23 27 0 
5 15 17 19 20 22 0 
4 5 6 7 11 21 0 
1 3 5 8 9 10 22 0 
1 4 7 8 14 15 19 25 0 
4 5 7 13 18 20 25 27 0 
2 4 9 10 11 12 17 21 0 
2 3 18 20 21 22 23 26 0 
1 9 11 12 17 19 24 0 
1 9 24 25 26 0 
2 5 7 9 14 0 
5 11 13 21 22 24 25 0 
1 5 6 10 14 15 18 20 27 0 
2 4 6 8 10 11 15 16 17 19 21 23 27 0 
3 6 13 17 23 0 
3 16 18 22 23 25 27 0 
1 3 4 8 11 12 16 18 19 0 
2 4 13 16 17 19 25 27 0 
8 15 19 23 26 0 
2 6 8 9 11 20 24 0 
3 8 10 13 14 15 16 17 19 23 24 26 0 
3 5 7 9 10 11 12 14 0 
8 12 16 18 22 27 0 
1 4 7 16 20 24 0 
1 2 4 13 15 18 25 0 
5 8 11 18 20 22 23 0 
1 10 16 20 0 
7 9 15 23 26 27 0 
5 9 16 26 0 
6 8 11 12 17 25 26 0 
10 11 12 15 17 20 0 
1 9 12 13 14 25 27 0 
1 2 15 22 24 25 0 
5 8 10 12 16 0 
4 10 19 23 24 27 0 
3 6 13 14 22 24 0 
4 5 11 21 0 
3 5 7 8 10 13 14 17 20 26 0 
4 10 11 12 22 26 0 
10 11 16 17 18 19 0 
1 3 5 6 11 20 26 0 
1 13 14 22 23 0 
2 18 23 24 0 
3 15 16 19 22 23 27 0 
4 15 17 20 22 23 25 0 
1 6 8 12 15 19 0 
3 8 9 17 25 26 0 
3 4 5 10 12 0 
1 3 6 7 11 12 0 
1 2 6 7 13 23 25 0 
2 9 14 17 27 0 
4 10 15 20 21 22 0 
2 5 8 16 17 21 22 0 
2 3 6 8 23 27 0 
4 5 6 14 19 24 0 
4 7 15 26 0 
2 4 9 11 18 20 22 24 25 0 
4 5 8 15 16 19 0 
8 9 18 21 22 25 27 0 
7 11 23 0 
1 6 18 26 0 
1 8 17 24 25 27 0 
1 2 3 6 15 20 23 25 0 
5 10 12 14 15 18 21 22 0 
6 7 10 12 16 18 19 20 0 
1 18 20 23 27 0 
1 2 6 13 0 
1 2 6 7 9 10 13 19 20 25 27 0 
7 16 18 19 23 0 
2 3 11 15 20 26 0 
1 3 13 22 27 0 
15 16 17 19 25 0 
7 20 22 26 0 
3 8 12 14 23 24 0 
1 14 20 25 26 0 
1 6 7 11 15 17 18 19 23 0 
1 5 6 11 13 15 21 22 0 
6 11 12 14 19 20 21 25 0 
2 4 7 8 18 23 0 
2 4 7 9 12 18 22 0 
3 9 14 16 24 0 
1 2 5 6 8 12 0 
4 11 17 19 22 24 27 0 
7 14 20 24 26 0 
2 10 13 15 16 20 23 0 
3 17 20 0 
4 5 8 10 13 16 17 25 0 
9 12 20 24 0 
9 10 18 21 23 0 
1 6 8 11 14 21 22 0 
2 11 22 23 0 
5 10 12 13 16 17 26 0 
4 8 17 18 19 0 
1 5 9 12 14 15 18 26 0 
3 5 12 13 15 16 18 23 0 
4 8 11 17 19 21 0 
7 9 11 12 16 20 21 24 26 27 0 
2 4 7 9 13 21 25 0 
2 7 10 13 15 18 25 0 
1 7 8 12 13 17 23 0 
6 12 16 17 21 0 
5 9 11 18 21 26 0 
1 8 12 13 14 17 19 22 0 
2 4 5 7 12 14 18 26 0 
1 2 3 7 12 13 18 0 
2 5 8 11 13 16 21 0 
5 6 8 12 17 19 20 21 22 25 0 
9 10 13 18 23 0 
7 15 18 20 0 
7 10 13 16 18 22 0 
7 8 11 15 25 0 
2 4 9 12 14 18 25 0 
1 10 13 16 20 24 26 0 
3 5 9 19 22 0 
16 19 22 23 0 
1 3 6 8 11 16 17 22 23 26 0 
7 14 25 0 
4 5 7 12 14 15 16 23 27 0 
3 4 6 12 17 18 21 0 
1 2 12 16 18 25 0 
10 12 18 20 24 25 0 
13 14 16 17 22 24 26 27 0 
12 18 19 23 0 
4 9 10 21 22 26 0 
7 10 13 14 17 25 0 
2 3 4 5 12 17 18 26 27 0 
3 7 14 18 19 21 0 
7 9 12 15 17 20 21 0 
8 10 16 22 0 
3 11 12 16 23 25 0 
6 7 13 15 16 19 21 23 26 0 
8 9 13 18 19 21 22 23 25 0 
1 6 12 17 18 20 22 24 0 
11 13 18 21 27 0 
2 3 12 15 18 0 
1 9 11 12 15 20 26 0 
4 11 12 20 23 24 0 
1 3 5 7 9 14 22 0 
2 19 22 25 26 27 0 
2 11 15 17 18 22 23 0 
5 13 15 16 17 23 25 0 
2 6 9 11 13 17 18 24 25 0 
1 8 11 12 20 22 23 0 
3 5 6 10 15 16 20 21 25 0 
1 5 9 10 16 19 20 21 22 26 27 0 
2 5 8 11 12 14 15 17 18 23 0 
12 19 21 25 0 
1 15 19 21 23 25 27 0 
1 4 10 15 24 25 26 0 
2 14 16 18 26 0 
6 13 16 22 24 0 
3 10 14 15 19 24 25 26 0 
6 16 17 0 
1 4 6 8 11 16 21 26 0 
4 5 8 11 12 21 0 
4 10 15 22 0 
3 8 12 21 26 0 
1 13 14 24 26 27 0 
5 6 9 10 18 21 24 0 
1 5 6 13 21 26 0 
2 5 8 22 27 0 
1 2 6 8 23 24 0 
3 7 15 20 24 26 0 
4 5 11 12 16 24 0 
2 5 6 18 25 0 
1 11 16 0 
2 7 10 11 14 17 18 22 25 0 
1 2 4 13 18 19 21 22 26 0 
1 5 20 21 24 0 
1 8 16 20 24 0 
18 24 25 0 
2 11 15 17 0 
8 11 14 25 0 
7 10 15 17 23 26 27 0 
5 6 11 17 18 19 0 
8 9 13 16 19 25 0 
7 10 13 14 18 23 0 
3 5 7 15 16 21 25 0 
5 16 18 23 0 
2 4 17 19 20 23 27 0 
12 14 19 22 23 0 
3 8 11 12 16 18 21 26 0 
1 2 14 15 0 
1 2 5 6 13 16 17 21 22 23 25 0 
10 11 12 21 22 23 25 0 
2 6 8 13 21 27 0 
7 9 13 14 16 19 20 0 
4 6 21 25 26 0 
7 8 9 15 20 0 
1 13 0 
1 2 5 9 15 24 27 0 
1 10 11 12 13 15 17 19 21 25 0 
3 8 10 14 15 0 
4 9 21 0 
12 15 19 22 24 0 
5 8 12 25 26 0 
3 7 14 15 16 20 27 0 
2 4 5 10 14 15 18 22 0 
8 15 18 21 23 0 
2 3 8 10 24 0 
2 8 10 18 26 27 0 
4 11 15 17 18 23 27 0 
10 11 12 13 18 19 20 23 0 
2 5 9 11 19 0 
2 4 16 22 25 27 0 
4 5 11 12 15 20 22 24 0 
3 4 10 11 12 14 18 20 22 0 
1 3 8 18 19 20 0 
3 6 12 18 0 
4 5 6 10 13 17 21 27 0 
4 7 8 10 21 23 26 0 
2 3 13 19 22 24 26 0 
1 3 12 19 25 27 0 
5 8 17 19 25 0 
3 5 7 8 12 14 16 17 21 23 24 0 
10 11 17 21 26 0 
8 10 11 12 15 20 0 
1 4 5 9 12 23 27 0 
6 8 9 14 18 23 24 27 0 
2 3 4 6 19 21 0 
5 6 7 14 19 20 24 25 0 
5 11 12 14 16 0 
6 7 15 19 22 26 27 0 
6 18 22 24 25 0 
3 4 5 6 15 24 26 0 
1 4 10 11 20 0 
6 10 13 15 16 20 21 25 27 0 
5 7 8 15 16 17 18 21 0 
3 5 7 8 9 20 23 27 0 
1 6 8 19 21 24 0 
7 11 17 19 0 
1 6 8 11 18 21 0 
3 4 13 15 16 19 26 27 0 
1 8 17 22 23 24 26 0 
3 4 7 9 12 14 16 18 20 24 0 
2 4 9 13 23 24 0 
2 3 5 6 7 14 15 19 0 
4 6 9 14 19 26 0 
10 14 19 26 0 
1 4 10 11 15 0 
4 5 6 15 26 27 0 
1 5 7 14 16 21 0 
2 3 6 8 11 16 19 23 24 0 
3 6 7 10 15 20 0 
6 9 25 0 
2 4 9 10 15 22 0 
2 4 5 6 20 27 0 
2 13 16 20 23 26 0 
4 7 12 15 20 0 
1 7 19 21 22 26 0 
6 9 14 16 21 22 23 0 
6 7 9 14 16 0 
1 5 11 17 23 26 0 
1 3 5 8 10 16 23 24 27 0 
4 5 8 13 15 19 0 
5 12 13 17 20 23 24 25 27 0 
1 25 0 
4 8 20 22 23 27 0 
2 3 4 10 16 22 0 
4 5 7 14 19 20 22 0 
1 5 11 15 21 22 24 25 26 0 
1 7 11 17 20 23 24 0 
10 13 14 22 25 0 
8 10 14 15 20 22 0 
2 4 5 16 19 0 
2 4 5 8 9 11 13 16 24 0 
4 5 8 18 19 0 
2 5 10 11 16 0 
3 21 24 25 0 
1 5 7 9 12 21 24 0 
1 3 4 5 11 13 20 23 0 
9 12 16 19 21 24 0 
1 8 10 23 27 0 
10 14 15 17 18 27 0 
12 24 27 0 
4 5 9 11 15 18 21 22 25 0 
4 10 12 13 0 
9 10 15 21 26 0 
2 8 11 13 22 0 
1 4 25 27 0 
4 5 17 20 0 
8 9 10 16 18 22 23 0 
1 3 5 17 20 23 26 0 
1 5 6 10 15 16 18 26 0 
5 6 7 9 11 15 18 19 0 
1 3 9 16 19 0 
2 8 14 18 19 20 22 23 0 
6 16 17 20 24 27 0 
3 8 13 19 21 24 0 
4 10 16 19 0 
2 6 11 16 0 
5 10 11 16 18 0 
5 11 17 19 25 0 
4 7 8 11 16 0 
2 8 9 13 19 22 25 0 
6 8 9 10 13 14 18 20 23 0 
5 6 7 13 16 17 23 24 0 
3 8 10 11 16 18 23 24 26 0 
1 3 6 12 13 0 
1 2 5 11 13 14 22 23 26 0 
1 6 17 22 0 
2 15 17 18 22 23 25 0 
9 10 11 13 0 
5 11 12 21 25 26 0 
2 7 14 16 0 
10 11 15 19 20 27 0 
1 3 5 8 11 12 19 25 26 0 
6 12 15 24 0 
5 11 19 21 0 
4 7 11 16 21 22 24 0 
5 6 8 11 15 17 23 25 0 
1 2 7 11 22 23 0 
7 15 19 20 27 0 
13 14 15 18 20 21 25 0 
7 18 19 25 0 
3 5 8 10 11 15 18 23 27 0 
5 8 10 17 22 24 0 
5 9 13 24 25 0 
2 7 12 20 22 24 25 26 0 
13 23 26 0 
4 5 8 15 16 17 21 27 0 
1 3 9 19 0 
3 4 6 16 22 25 0 
3 6 7 14 24 25 26 0 
10 15 16 18 19 0 
2 3 7 15 25 0 
13 17 22 25 27 0 
2 4 13 17 18 19 0 
2 3 6 7 11 14 15 22 26 0 
2 4 6 10 12 13 24 0 
7 8 15 16 21 22 23 25 27 0 
5 13 14 18 22 23 0 
-2 -5 -6 -7 -12 -13 -14 -27 0 
-9 -11 -13 -20 -22 -23 -24 -25 0 
-9 -18 -24 0 
-1 -2 -4 -5 -7 -10 -12 -18 -19 0 
-1 -4 -11 -12 -15 -16 -20 -27 0 
-2 -3 -11 -12 -17 -18 -22 0 
-3 -7 -19 -27 0 
-2 -3 -6 -9 -17 -22 -24 0 
-4 -9 -11 -15 -21 -26 0 
-2 -3 -6 -9 -18 -23 -24 0 
-4 -5 -18 -20 -21 0 
-7 -12 -17 -20 0 
-13 -16 -22 -23 -26 0 
-12 -25 0 
-4 -5 -6 -12 -14 -19 -20 -22 -27 0 
-2 -3 -5 -14 -18 -21 -25 0 
-2 -6 -9 -15 -19 -22 -26 -27 0 
-3 -6 -8 -12 -13 -17 -20 -22 -23 -26 -27 0 
-3 -4 -10 -13 -14 -22 -27 0 
-3 -4 -12 -13 -15 -16 -19 -24 -26 0 
-5 -6 -7 -8 -16 0 
-4 -6 -7 -9 -14 -20 -21 -23 0 
-11 -17 -27 0 
-4 -5 -13 -15 -18 0 
-3 -4 -10 -13 -16 -22 -24 0 
-2 -6 -10 -16 -23 -24 -25 0 
-5 -6 -14 -19 -23 -25 0 
-3 -5 -7 -10 -11 -13 -20 -21 -25 -26 0 
-2 -6 -22 -24 -26 -27 0 
-6 -11 -13 -21 -22 -25 -26 -27 0 
-3 -17 -24 0 
-7 -15 -17 -18 -22 -24 0 
-1 -7 -8 -19 -25 -26 -27 0 
-4 -6 -9 -10 -13 -22 -23 -27 0 
-4 -8 -9 -18 -20 -27 0 
-1 -3 -8 -19 -23 0 
-6 -23 -24 -26 0 
-3 -7 -10 -11 -12 -14 -20 0 
-7 -8 -19 -25 0 
-3 -5 -14 -18 -20 0 
-5 -6 -18 -19 0 
-9 -12 -24 -25 -27 0 
-1 -21 -24 0 
-1 -5 -15 -24 -27 0 
-2 -8 -11 -13 -18 -26 0 
-7 -14 -16 -22 -23 -25 -27 0 
-13 -16 -17 -18 -20 -22 -23 -24 0 
-1 -3 -13 -14 -18 -23 0 
-3 -5 -6 -14 -24 0 
-1 -7 -12 -15 -18 -22 -23 0 
-4 -16 -18 0 
-19 -24 -25 -27 0 
-5 -6 -8 -18 -21 0 
-2 -3 -4 -5 -11 -13 -15 0 
-3 -15 -21 -23 -27 0 
-7 -15 -20 0 
-9 -10 -11 -13 -18 -19 0 
-10 -18 -23 -25 -27 0 
-2 -3 -10 -14 -21 -23 0 
-9 -16 -19 -21 -25 0 
-10 -13 -17 -21 -22 -24 -27 0 
-1 -9 -11 -15 -19 -27 0 
-1 -4 -8 -9 -18 -20 0 
-4 -11 -16 -17 0 
-5 -7 -11 -12 -18 -24 -25 0 
-2 -8 -17 -18 -19 -21 -22 -26 0 
-1 -2 -6 -10 -11 -13 -16 -18 -27 0 
-5 -18 -21 -23 -24 0 
-5 -6 -10 -23 -27 0 
-5 -15 -17 -19 -20 -22 0 
-4 -5 -6 -7 -11 -21 0 
-1 -3 -5 -8 -9 -10 -22 0 
-1 -4 -7 -8 -14 -15 -19 -25 0 
-4 -5 -7 -13 -18 -20 -25 -27 0 
-2 -4 -9 -10 -11 -12 -17 -21 0 
-2 -3 -18 -20 -21 -22 -23 -26 0 
-1 -9 -11 -12 -17 -19 -24 0 
-1 -9 -24 -25 -26 0 
-2 -5 -7 -9 -14 0 
-5 -11 -13 -21 -22 -24 -25 0 
-1 -5 -6 -10 -14 -15 -18 -20 -27 0 
-2 -4 -6 -8 -10 -11 -15 -16 -17 -19 -21 -23 -27 0 
-3 -6 -13 -17 -23 0 
-3 -16 -18 -22 -23 -25 -27 0 
-1 -3 -4 -8 -11 -12 -16 -18 -19 0 
-2 -4 -13 -16 -17 -19 -25 -27 0 
-8 -15 -19 -23 -26 0 
-2 -6 -8 -9 -11 -20 -24 0 
-3 -8 -10 -13 -14 -15 -16 -17 -19 -23 -24 -26 0 
-3 -5 -7 -9 -10 -11 -12 -14 0 
-8 -12 -16 -18 -22 -27 0 
-1 -4 -7 -16 -20 -24 0 
-1 -2 -4 -13 -15 -18 -25 0 
-5 -8 -11 -18 -20 -22 -23 0 
-1 -10 -16 -20 0 
-7 -9 -15 -23 -26 -27 0 
-5 -9 -16 -26 0 
-6 -8 -11 -12 -17 -25 -26 0 
-10 -11 -12 -15 -17 -20 0 
-1 -9 -12 -13 -14 -25 -27 0 
-1 -2 -15 -22 -24 -25 0 
-5 -8 -10 -12 -16 0 
-4 -10 -19 -23 -24 -27 0 
-3 -6 -13 -14 -22 -24 0 
-4 -5 -11 -21 0 
-3 -5 -7 -8 -10 -13 -14 -17 -20 -26 0 
-4 -10 -11 -12 -22 -26 0 
-10 -11 -16 -17 -18 -19 0 
-1 -3 -5 -6 -11 -20 -26 0 
-1 -13 -14 -22 -23 0 
-2 -18 -23 -24 0 
-3 -15 -16 -19 -22 -23 -27 0 
-4 -15 -17 -20 -22 -23 -25 0 
-1 -6 -8 -12 -15 -19 0 
-3 -8 -9 -17 -25 -26 0 
-3 -4 -5 -10 -12 0 
-1 -3 -6 -7 -11 -12 0 
-1 -2 -6 -7 -13 -23 -25 0 
-2 -9 -14 -17 -27 0 
-4 -10 -15 -20 -21 -22 0 
-2 -5 -8 -16 -17 -21 -22 0 
-2 -3 -6 -8 -23 -27 0 
-4 -5 -6 -14 -19 -24 0 
-4 -7 -15 -26 0 
-2 -4 -9 -11 -18 -20 -22 -24 -25 0 
-4 -5 -8 -15 -16 -19 0 
-8 -9 -18 -21 -22 -25 -27 0 
-7 -11 -23 0 
-1 -6 -18 -26 0 
-1 -8 -17 -24 -25 -27 0 
-1 -2 -3 -6 -15 -20 -23 -25 0 
-5 -10 -12 -14 -15 -18 -21 -22 0 
-6 -7 -10 -12 -16 -18 -19 -20 0 
-1 -18 -20 -23 -27 0 
-1 -2 -6 -13 0 
-1 -2 -6 -7 -9 -10 -13 -19 -20 -25 -27 0 
-7 -16 -18 -19 -23 0 
-2 -3 -11 -15 -20 -26 0 
-1 -3 -13 -22 -27 0 
-15 -16 -17 -19 -25 0 
-7 -20 -22 -26 0 
-3 -8 -12 -14 -23 -24 0 
-1 -14 -20 -25 -26 0 
-1 -6 -7 -11 -15 -17 -18 -19 -23 0 
-1 -5 -6 -11 -13 -15 -21 -22 0 
-6 -11 -12 -14 -19 -20 -21 -25 0 
-2 -4 -7 -8 -18 -23 0 
-2 -4 -7 -9 -12 -18 -22 0 
-3 -9 -14 -16 -24 0 
-1 -2 -5 -6 -8 -12 0 
-4 -11 -17 -19 -22 -24 -27 0 
-7 -14 -20 -24 -26 0 
-2 -10 -13 -15 -16 -20 -23 0 
-3 -17 -20 0 
-4 -5 -8 -10 -13 -16 -17 -25 0 
-9 -12 -20 -24 0 
-9 -10 -18 -21 -23 0 
-1 -6 -8 -11 -14 -21 -22 0 
-2 -11 -22 -23 0 
-5 -10 -12 -13 -16 -17 -26 0 
-4 -8 -17 -18 -19 0 
-1 -5 -9 -12 -14 -15 -18 -26 0 
-3 -5 -12 -13 -15 -16 -18 -23 0 
-4 -8 -11 -17 -19 -21 0 
-7 -9 -11 -12 -16 -20 -21 -24 -26 -27 0 
-2 -4 -7 -9 -13 -21 -25 0 
-2 -7 -10 -13 -15 -18 -25 0 
-1 -7 -8 -12 -13 -17 -23 0 
-6 -12 -16 -17 -21 0 
-5 -9 -11 -18 -21 -26 0 
-1 -8 -12 -13 -14 -17 -19 -22 0 
-2 -4 -5 -7 -12 -14 -18 -26 0 
-1 -2 -3 -7 -12 -13 -18 0 
-2 -5 -8 -11 -13 -16 -21 0 
-5 -6 -8 -12 -17 -19 -20 -21 -22 -25 0 
-9 -10 -13 -18 -23 0 
-7 -15 -18 -20 0 
-7 -10 -13 -16 -18 -22 0 
-7 -8 -11 -15 -25 0 
-2 -4 -9 -12 -14 -18 -25 0 
-1 -10 -13 -16 -20 -24 -26 0 
-3 -5 -9 -19 -22 0 
-16 -19 -22 -23 0 
-1 -3 -6 -8 -11 -16 -17 -22 -23 -26 0 
-7 -14 -25 0 
-4 -5 -7 -12 -14 -15 -16 -23 -27 0 
-3 -4 -6 -12 -17 -18 -21 0 
-1 -2 -12 -16 -18 -25 0 
-10 -12 -18 -20 -24 -25 0 
-13 -14 -16 -17 -22 -24 -26 -27 0 
-12 -18 -19 -23 0 
-4 -9 -10 -21 -22 -26 0 
-7 -10 -13 -14 -17 -25 0 
-2 -3 -4 -5 -12 -17 -18 -26 -27 0 
-3 -7 -14 -18 -19 -21 0 
-7 -9 -12 -15 -17 -20 -21 0 
-8 -10 -16 -22 0 
-3 -11 -12 -16 -23 -25 0 
-6 -7 -13 -15 -16 -19 -21 -23 -26 0 
-8 -9 -13 -18 -19 -21 -22 -23 -25 0 
-1 -6 -12 -17 -18 -20 -22 -24 0 
-11 -13 -18 -21 -27 0 
-2 -3 -12 -15 -18 0 
-1 -9 -11 -12 -15 -20 -26 0 
-4 -11 -12 -20 -23 -24 0 
-1 -3 -5 -7 -9 -14 -22 0 
-2 -19 -22 -25 -26 -27 0 
-2 -11 -15 -17 -18 -22 -23 0 
-5 -13 -15 -16 -17 -23 -25 0 
-2 -6 -9 -11 -13 -17 -18 -24 -25 0 
-1 -8 -11 -12 -20 -22 -23 0 
-3 -5 -6 -10 -15 -16 -20 -21 -25 0 
-1 -5 -9 -10 -16 -19 -20 -21 -22 -26 -27 0 
-2 -5 -8 -11 -12 -14 -15 -17 -18 -23 0 
-12 -19 -21 -25 0 
-1 -15 -19 -21 -23 -25 -27 0 
-1 -4 -10 -15 -24 -25 -26 0 
-2 -14 -16 -18 -26 0 
-6 -13 -16 -22 -24 0 
-3 -10 -14 -15 -19 -24 -25 -26 0 
-6 -16 -17 0 
-1 -4 -6 -8 -11 -16 -21 -26 0 
-4 -5 -8 -11 -12 -21 0 
-4 -10 -15 -22 0 
-3 -8 -12 -21 -26 0 
-1 -13 -14 -24 -26 -27 0 
-5 -6 -9 -10 -18 -21 -24 0 
-1 -5 -6 -13 -21 -26 0 
-2 -5 -8 -22 -27 0 
-1 -2 -6 -8 -23 -24 0 
-3 -7 -15 -20 -24 -26 0 
-4 -5 -11 -12 -16 -24 0 
-2 -5 -6 -18 -25 0 
-1 -11 -16 0 
-2 -7 -10 -11 -14 -17 -18 -22 -25 0 
-1 -2 -4 -13 -18 -19 -21 -22 -26 0 
-1 -5 -20 -21 -24 0 
-1 -8 -16 -20 -24 0 
-18 -24 -25 0 
-2 -11 -15 -17 0 
-8 -11 -14 -25 0 
-7 -10 -15 -17 -23 -26 -27 0 
-5 -6 -11 -17 -18 -19 0 
-8 -9 -13 -16 -19 -25 0 
-7 -10 -13 -14 -18 -23 0 
-3 -5 -7 -15 -16 -21 -25 0 
-5 -16 -18 -23 0 
-2 -4 -17 -19 -20 -23 -27 0 
-12 -14 -19 -22 -23 0 
-3 -8 -11 -12 -16 -18 -21 -26 0 
-1 -2 -14 -15 0 
-1 -2 -5 -6 -13 -16 -17 -21 -22 -23 -25 0 
-10 -11 -12 -21 -22 -23 -25 0 
-2 -6 -8 -13 -21 -27 0 
-7 -9 -13 -14 -16 -19 -20 0 
-4 -6 -21 -25 -26 0 
-7 -8 -9 -15 -20 0 
-1 -13 0 
-1 -2 -5 -9 -15 -24 -27 0 
-1 -10 -11 -12 -13 -15 -17 -19 -21 -25 0 
-3 -8 -10 -14 -15 0 
-4 -9 -21 0 
-12 -15 -19 -22 -24 0 
-5 -8 -12 -25 -26 0 
-3 -7 -14 -15 -16 -20 -27 0 
-2 -4 -5 -10 -14 -15 -18 -22 0 
-8 -15 -18 -21 -23 0 
-2 -3 -8 -10 -24 0 
-2 -8 -10 -18 -26 -27 0 
-4 -11 -15 -17 -18 -23 -27 0 
-10 -11 -12 -13 -18 -19 -20 -23 0 
-2 -5 -9 -11 -19 0 
-2 -4 -16 -22 -25 -27 0 
-4 -5 -11 -12 -15 -20 -22 -24 0 
-3 -4 -10 -11 -12 -14 -18 -20 -22 0 
-1 -3 -8 -18 -19 -20 0 
-3 -6 -12 -18 0 
-4 -5 -6 -10 -13 -17 -21 -27 0 
-4 -7 -8 -10 -21 -23 -26 0 
-2 -3 -13 -19 -22 -24 -26 0 
-1 -3 -12 -19 -25 -27 0 
-5 -8 -17 -19 -25 0 
-3 -5 -7 -8 -12 -14 -16 -17 -21 -23 -24 0 
-10 -11 -17 -21 -26 0 
-8 -10 -11 -12 -15 -20 0 
-1 -4 -5 -9 -12 -23 -27 0 
-6 -8 -9 -14 -18 -23 -24 -27 0 
-2 -3 -4 -6 -19 -21 0 
-5 -6 -7 -14 -19 -20 -24 -25 0 
-5 -11 -12 -14 -16 0 
-6 -7 -15 -19 -22 -26 -27 0 
-6 -18 -22 -24 -25 0 
-3 -4 -5 -6 -15 -24 -26 0 
-1 -4 -10 -11 -20 0 
-6 -10 -13 -15 -16 -20 -21 -25 -27 0 
-5 -7 -8 -15 -16 -17 -18 -21 0 
-3 -5 -7 -8 -9 -20 -23 -27 0 
-1 -6 -8 -19 -21 -24 0 
-7 -11 -17 -19 0 
-1 -6 -8 -11 -18 -21 0 
-3 -4 -13 -15 -16 -19 -26 -27 0 
-1 -8 -17 -22 -23 -24 -26 0 
-3 -4 -7 -9 -12 -14 -16 -18 -20 -24 0 
-2 -4 -9 -13 -23 -24 0 
-2 -3 -5 -6 -7 -14 -15 -19 0 
-4 -6 -9 -14 -19 -26 0 
-10 -14 -19 -26 0 
-1 -4 -10 -11 -15 0 
-4 -5 -6 -15 -26 -27 0 
-1 -5 -7 -14 -16 -21 0 
-2 -3 -6 -8 -11 -16 -19 -23 -24 0 
-3 -6 -7 -10 -15 -20 0 
-6 -9 -25 0 
-2 -4 -9 -10 -15 -22 0 
-2 -4 -5 -6 -20 -27 0 
-2 -13 -16 -20 -23 -26 0 
-4 -7 -12 -15 -20 0 
-1 -7 -19 -21 -22 -26 0 
-6 -9 -14 -16 -21 -22 -23 0 
-6 -7 -9 -14 -16 0 
-1 -5 -11 -17 -23 -26 0 
-1 -3 -5 -8 -10 -16 -23 -24 -27 0 
-4 -5 -8 -13 -15 -19 0 
-5 -12 -13 -17 -20 -23 -24 -25 -27 0 
-1 -25 0 
-4 -8 -20 -22 -23 -27 0 
-2 -3 -4 -10 -16 -22 0 
-4 -5 -7 -14 -19 -20 -22 0 
-1 -5 -11 -15 -21 -22 -24 -25 -26 0 
-1 -7 -11 -17 -20 -23 -24 0 
-10 -13 -14 -22 -25 0 
-8 -10 -14 -15 -20 -22 0 
-2 -4 -5 -16 -19 0 
-2 -4 -5 -8 -9 -11 -13 -16 -24 0 
-4 -5 -8 -18 -19 0 
-2 -5 -10 -11 -16 0 
-3 -21 -24 -25 0 
-1 -5 -7 -9 -12 -21 -24 0 
-1 -3 -4 -5 -11 -13 -20 -23 0 
-9 -12 -16 -19 -21 -24 0 
-1 -8 -10 -23 -27 0 
-10 -14 -15 -17 -18 -27 0 
-12 -24 -27 0 
-4 -5 -9 -11 -15 -18 -21 -22 -25 0 
-4 -10 -12 -13 0 
-9 -10 -15 -21 -26 0 
-2 -8 -11 -13 -22 0 
-1 -4 -25 -27 0 
-4 -5 -17 -20 0 
-8 -9 -10 -16 -18 -22 -23 0 
-1 -3 -5 -17 -20 -23 -26 0 
-1 -5 -6 -10 -15 -16 -18 -26 0 
-5 -6 -7 -9 -11 -15 -18 -19 0 
-1 -3 -9 -16 -19 0 
-2 -8 -14 -18 -19 -20 -22 -23 0 
-6 -16 -17 -20 -24 -27 0 
-3 -8 -13 -19 -21 -24 0 
-4 -10 -16 -19 0 
-2 -6 -11 -16 0 
-5 -10 -11 -16 -18 0 
-5 -11 -17 -19 -25 0 
-4 -7 -8 -11 -16 0 
-2 -8 -9 -13 -19 -22 -25 0 
-6 -8 -9 -10 -13 -14 -18 -20 -23 0 
-5 -6 -7 -13 -16 -17 -23 -24 0 
-3 -8 -10 -11 -16 -18 -23 -24 -26 0 
-1 -3 -6 -12 -13 0 
-1 -2 -5 -11 -13 -14 -22 -23 -26 0 
-1 -6 -17 -22 0 
-2 -15 -17 -18 -22 -23 -25 0 
-9 -10 -11 -13 0 
-5 -11 -12 -21 -25 -26 0 
-2 -7 -14 -16 0 
-10 -11 -15 -19 -20 -27 0 
-1 -3 -5 -8 -11 -12 -19 -25 -26 0 
-6 -12 -15 -24 0 
-5 -11 -19 -21 0 
-4 -7 -11 -16 -21 -22 -24 0 
-5 -6 -8 -11 -15 -17 -23 -25 0 
-1 -2 -7 -11 -22 -23 0 
-7 -15 -19 -20 -27 0 
-13 -14 -15 -18 -20 -21 -25 0 
-7 -18 -19 -25 0 
-3 -5 -8 -10 -11 -15 -18 -23 -27 0 
-5 -8 -10 -17 -22 -24 0 
-5 -9 -13 -24 -25 0 
-2 -7 -12 -20 -22 -24 -25 -26 0 
-13 -23 -26 0 
-4 -5 -8 -15 -16 -17 -21 -27 0 
-1 -3 -9 -19 0 
-3 -4 -6 -16 -22 -25 0 
-3 -6 -7 -14 -24 -25 -26 0 
-10 -15 -16 -18 -19 0 
-2 -3 -7 -15 -25 0 
-13 -17 -22 -25 -27 0 
-2 -4 -13 -17 -18 -19 0 
-2 -3 -6 -7 -11 -14 -15 -22 -26 0 
-2 -4 -6 -10 -12 -13 -24 0 
-7 -8 -15 -16 -21 -22 -23 -25 -27 0 
-5 -13 -14 -18 -22 -23 0 
