p cnf 27 800
3 4 10 12 20 26 0 
6 7 17 18 21 24 0 
2 4 8 20 26 0 
2 6 18 22 24 0 
4 21 25 0 
1 2 10 17 25 0 
8 11 15 18 25 26 0 
4 13 18 19 24 0 
2 9 10 11 19 23 25 27 0 
5 10 11 15 16 26 0 
1 8 22 26 0 
2 4 11 14 17 19 27 0 
1 3 6 9 11 20 24 25 26 0 
2 3 4 9 21 26 0 
2 4 6 10 15 19 0 
3 10 11 17 18 0 
1 3 12 13 14 20 26 0 
2 5 9 20 22 0 
3 4 7 8 14 21 23 24 0 
1 6 16 17 20 26 0 
14 16 19 21 23 26 0 
2 4 7 13 14 18 23 0 
1 6 12 14 15 20 21 22 23 0 
2 3 27 0 
2 5 10 11 15 21 0 
4 7 16 18 19 20 0 
5 10 11 15 22 0 
11 21 0 
4 7 14 18 20 24 25 0 
5 6 10 20 23 0 
2 3 5 6 15 16 17 20 24 0 
1 5 7 13 14 18 0 
6 11 19 22 25 0 
12 15 16 27 0 
14 16 22 23 26 0 
2 11 12 13 15 20 0 
2 4 8 10 13 15 16 19 25 0 
1 9 12 16 17 21 0 
2 15 24 25 27 0 
11 13 14 25 27 0 
3 8 10 15 18 20 25 0 
7 8 9 12 17 23 0 
3 4 13 16 17 22 0 
4 9 10 11 20 25 27 0 
3 4 6 9 11 12 13 19 0 
1 4 12 13 21 27 0 
3 8 9 13 15 18 22 0 
4 12 14 18 19 22 23 24 0 
2 5 7 8 10 15 21 0 
7 9 11 14 15 16 25 26 0 
3 4 6 13 15 16 19 23 0 
3 4 5 10 12 16 27 0 
1 4 6 13 14 18 20 22 0 
6 7 9 12 15 17 20 23 0 
6 12 22 25 0 
2 4 21 24 26 27 0 
1 3 6 11 13 16 18 23 25 0 
5 15 22 27 0 
2 6 22 23 24 25 0 
3 5 7 9 15 24 25 0 
4 7 10 11 17 21 25 27 0 
2 4 6 8 11 13 20 24 0 
12 13 19 20 21 0 
6 10 13 16 26 27 0 
4 7 12 15 20 21 27 0 
10 13 15 16 17 23 24 26 0 
2 15 19 20 24 27 0 
3 9 12 14 16 18 22 24 0 
2 12 13 14 22 0 
13 14 18 25 27 0 
1 7 8 12 18 22 0 
2 21 0 
3 5 6 11 18 24 27 0 
10 12 20 23 26 27 0 
1 4 5 13 20 0 
6 10 15 16 0 
1 3 13 16 18 20 21 23 24 26 0 
9 12 17 21 23 0 
3 14 15 17 19 24 0 
1 4 9 11 20 21 24 26 0 
1 7 8 10 12 16 18 19 20 26 0 
3 5 9 26 0 
4 5 7 8 14 21 22 0 
7 9 10 16 23 25 0 
3 6 17 21 0 
2 11 12 23 26 27 0 
2 6 18 19 20 22 24 0 
12 14 16 17 18 20 27 0 
6 8 9 10 24 0 
2 4 6 7 8 15 17 18 22 24 0 
1 2 6 12 15 19 27 0 
5 18 20 26 0 
15 16 19 24 0 
4 14 17 19 26 27 0 
4 5 13 15 23 0 
2 3 24 0 
11 19 20 21 26 0 
2 4 5 7 9 17 21 22 0 
1 9 11 15 25 27 0 
4 11 15 16 17 19 20 22 24 0 
1 2 3 13 15 18 22 25 0 
2 15 16 22 0 
4 20 27 0 
1 2 5 7 17 20 21 25 0 
2 4 5 8 13 0 
3 13 18 20 22 23 0 
3 11 12 17 18 21 25 27 0 
13 14 15 25 26 0 
3 7 11 17 25 26 0 
2 3 5 7 9 15 21 26 0 
17 26 27 0 
7 11 13 17 18 26 0 
4 10 14 15 20 21 23 26 0 
2 11 14 15 18 24 26 0 
2 7 14 20 23 0 
3 9 10 15 16 22 0 
4 6 13 16 19 20 22 24 26 0 
2 17 18 23 0 
2 7 9 12 13 19 26 27 0 
1 5 8 20 26 0 
1 4 7 13 14 15 17 19 20 25 0 
2 3 5 8 9 11 18 19 20 21 26 27 0 
2 8 9 11 12 13 0 
6 7 27 0 
8 19 21 25 0 
3 7 11 15 22 24 0 
7 13 20 23 25 26 0 
1 5 6 13 18 23 25 27 0 
2 11 13 14 18 23 0 
3 4 5 12 17 18 23 25 26 0 
1 7 12 13 14 16 22 25 0 
1 4 10 11 13 16 0 
14 17 18 25 0 
11 14 15 16 21 0 
3 5 12 17 19 20 21 23 25 27 0 
2 3 5 13 14 18 27 0 
4 5 9 12 16 20 24 26 0 
1 3 4 9 15 24 0 
1 2 3 6 9 18 22 26 0 
2 5 6 12 23 25 0 
1 9 11 12 19 21 24 0 
4 6 14 16 20 25 0 
5 8 10 13 14 23 0 
1 13 14 15 16 22 23 25 0 
1 6 13 0 
4 7 11 12 16 23 24 0 
2 3 8 9 15 19 22 27 0 
2 9 20 26 0 
2 6 8 10 12 20 21 24 0 
6 14 23 24 25 0 
1 3 23 26 0 
9 17 0 
1 13 22 0 
3 4 11 13 18 22 25 0 
3 13 16 17 24 25 26 0 
2 18 24 25 26 0 
5 8 9 10 21 25 0 
7 10 12 13 14 15 17 20 23 0 
5 12 14 15 21 0 
2 4 5 11 14 23 24 0 
12 16 17 0 
9 18 27 0 
2 3 4 6 7 11 19 21 0 
3 20 21 23 26 0 
6 7 9 20 22 0 
5 13 18 19 0 
14 19 0 
2 5 7 8 14 24 25 0 
1 3 10 17 18 23 0 
1 3 8 15 17 19 27 0 
3 6 7 16 19 26 27 0 
3 7 11 13 14 16 19 22 23 0 
4 5 6 14 26 0 
4 7 14 15 21 23 24 0 
1 2 7 16 18 19 0 
4 10 18 20 22 24 0 
2 5 17 18 22 23 0 
3 8 10 12 13 18 26 0 
4 8 10 12 23 24 25 0 
1 4 5 6 10 0 
9 10 15 0 
12 14 19 20 22 23 0 
5 6 8 13 14 18 26 0 
1 4 7 10 14 24 0 
3 6 7 16 23 0 
5 10 15 16 18 24 0 
1 4 6 17 20 0 
5 7 8 14 20 23 24 0 
1 4 9 15 16 24 0 
1 2 6 7 12 13 14 18 22 0 
5 13 15 24 26 0 
3 9 12 13 19 23 0 
10 16 18 23 25 27 0 
3 5 7 12 18 25 0 
2 10 13 14 19 24 0 
2 3 4 12 24 0 
2 4 7 20 21 23 27 0 
3 6 8 22 24 27 0 
4 15 25 0 
4 5 6 10 12 17 19 22 0 
1 7 8 12 13 15 21 24 25 26 0 
2 6 14 17 22 23 0 
4 6 11 12 14 16 18 21 22 0 
1 2 6 7 11 13 17 24 0 
2 3 9 10 12 18 19 27 0 
1 3 9 14 25 27 0 
2 3 5 10 19 20 23 25 26 0 
1 9 12 14 16 17 27 0 
3 6 9 11 23 0 
8 9 10 17 18 19 23 27 0 
1 3 7 9 10 15 18 25 26 0 
1 14 19 23 24 0 
9 10 22 24 0 
11 12 13 17 24 0 
4 5 13 23 27 0 
1 8 13 19 20 27 0 
5 10 16 0 
1 8 9 16 18 24 0 
1 12 14 18 0 
4 7 10 11 15 16 21 26 0 
2 5 9 21 23 24 0 
1 4 5 11 13 16 18 20 22 23 27 0 
8 17 21 25 0 
8 9 11 15 25 0 
2 6 9 12 13 26 0 
9 14 19 0 
14 15 23 24 0 
1 3 9 10 17 19 20 27 0 
1 2 3 5 11 25 27 0 
1 3 4 8 14 16 23 27 0 
1 3 11 19 22 27 0 
1 9 10 11 12 14 16 18 0 
6 10 11 13 15 16 19 21 26 0 
8 10 17 22 26 27 0 
1 8 9 15 16 18 19 24 0 
3 13 17 21 0 
2 4 10 13 15 18 20 0 
1 2 6 7 21 22 0 
3 6 13 14 27 0 
1 7 15 16 17 23 24 27 0 
2 9 13 17 19 24 0 
3 5 9 12 13 14 18 24 0 
5 8 9 10 15 22 0 
3 5 12 22 26 0 
9 12 16 22 0 
7 10 11 14 15 16 17 18 19 20 22 24 27 0 
6 10 11 17 19 26 0 
6 7 8 22 0 
10 13 17 24 27 0 
7 8 10 18 22 0 
3 7 9 15 24 25 0 
2 6 16 19 20 24 0 
9 13 17 22 23 25 0 
6 17 18 19 21 25 0 
1 14 15 19 21 23 24 0 
1 2 10 14 21 24 0 
1 6 7 8 24 0 
6 10 15 17 20 0 
1 2 4 9 11 12 15 18 20 21 0 
5 8 10 11 12 15 17 19 0 
8 9 10 11 19 20 26 0 
1 7 10 19 20 0 
15 16 17 18 23 25 0 
4 6 8 11 16 17 20 24 0 
14 26 27 0 
5 13 15 19 24 25 0 
1 2 6 10 22 23 26 0 
2 10 12 13 23 26 27 0 
2 5 7 8 9 11 12 16 17 19 24 25 0 
1 22 23 24 25 0 
1 2 15 18 19 25 27 0 
8 15 17 23 25 26 0 
1 3 4 8 12 13 15 24 0 
1 2 8 13 14 26 0 
2 8 9 13 14 15 20 21 24 25 0 
1 6 11 12 15 18 22 26 0 
12 21 0 
10 11 13 15 18 24 26 0 
4 10 11 21 0 
9 12 15 18 19 23 25 0 
6 12 17 19 21 0 
6 7 12 20 21 22 23 0 
12 18 22 0 
3 8 9 19 21 24 0 
8 9 12 15 18 19 22 24 27 0 
4 5 11 18 20 24 25 0 
7 9 10 15 24 25 0 
6 8 9 11 12 15 16 17 18 23 0 
1 4 8 13 16 22 25 26 0 
5 8 14 15 17 23 25 0 
1 4 6 17 20 25 27 0 
9 11 12 14 20 21 23 0 
7 9 13 18 26 0 
6 10 11 14 18 19 23 26 0 
9 13 16 21 23 0 
4 8 21 0 
1 3 4 8 9 10 15 16 19 25 0 
1 4 9 19 20 21 0 
1 2 18 20 24 26 0 
11 14 22 26 0 
3 4 14 20 0 
9 17 23 26 27 0 
4 11 12 13 16 17 20 22 0 
2 10 11 13 16 26 0 
2 3 5 6 8 9 10 16 21 24 0 
5 9 24 27 0 
8 9 15 16 18 22 26 0 
6 11 21 27 0 
7 8 11 13 21 22 24 0 
1 9 18 25 0 
2 20 21 27 0 
8 12 24 27 0 
3 8 9 10 13 14 19 26 27 0 
1 6 13 16 26 0 
3 5 12 13 14 0 
5 9 15 17 21 27 0 
1 4 5 11 15 21 22 25 0 
8 13 19 20 27 0 
4 8 9 12 14 20 23 25 26 0 
5 8 15 0 
1 3 6 8 12 26 27 0 
6 11 16 23 26 0 
3 13 19 24 27 0 
3 6 10 12 14 18 20 21 24 26 0 
5 10 23 25 26 0 
7 14 20 24 25 0 
3 13 19 21 25 27 0 
4 13 15 18 24 0 
6 9 11 14 15 19 0 
1 5 19 23 0 
8 11 21 22 0 
3 12 19 21 22 25 0 
2 4 7 8 13 16 19 21 22 24 27 0 
3 9 15 18 19 21 0 
2 6 7 8 11 26 0 
3 4 8 9 11 18 25 0 
4 8 9 10 12 14 15 16 17 19 25 0 
1 8 21 24 27 0 
3 7 15 19 25 0 
3 4 11 12 15 17 19 24 25 0 
1 3 4 12 13 15 17 27 0 
1 3 9 12 21 24 25 0 
1 12 21 22 24 26 0 
3 5 13 17 24 25 27 0 
4 6 11 14 17 18 25 27 0 
2 5 7 11 14 18 21 0 
2 3 4 6 7 14 18 20 27 0 
1 3 4 7 14 22 26 0 
5 8 11 12 18 22 25 0 
2 4 10 14 20 25 0 
3 4 6 11 14 21 22 27 0 
1 4 18 0 
3 9 10 13 17 26 0 
1 2 8 20 21 22 24 25 26 0 
7 10 12 19 24 0 
1 23 26 0 
15 16 18 23 25 27 0 
2 4 5 9 13 15 16 19 24 26 0 
3 4 14 21 22 25 27 0 
3 8 23 0 
4 9 13 15 17 19 22 0 
1 2 3 8 11 0 
1 4 6 7 15 16 18 26 0 
1 5 8 11 12 24 0 
1 6 10 11 16 0 
3 5 8 18 21 22 0 
2 3 4 6 9 13 16 18 19 20 22 27 0 
3 11 13 15 17 18 23 24 0 
3 6 7 17 19 21 27 0 
1 9 11 13 17 24 0 
4 6 10 12 13 15 23 25 0 
1 11 19 27 0 
2 5 7 11 19 0 
2 5 10 12 18 21 0 
3 4 7 8 13 15 16 19 20 21 26 0 
9 14 17 19 26 0 
2 5 10 14 18 22 27 0 
11 13 17 23 0 
2 17 20 24 25 0 
2 3 5 6 7 25 0 
5 7 9 10 18 0 
11 12 15 16 22 23 0 
2 3 5 8 16 18 25 0 
1 3 12 17 18 0 
2 4 12 17 27 0 
4 5 8 10 16 26 0 
2 3 4 5 11 19 23 25 27 0 
8 13 23 0 
5 16 20 21 27 0 
5 6 13 14 19 0 
7 8 12 21 22 0 
1 2 3 7 13 17 0 
1 8 13 21 0 
4 8 11 18 21 23 24 0 
5 9 10 12 22 24 0 
2 4 12 15 17 18 21 25 27 0 
7 13 14 19 22 0 
1 5 7 11 15 23 26 0 
3 5 6 9 13 18 21 22 25 0 
1 7 11 13 14 16 23 0 
-3 -4 -10 -12 -20 -26 0 
-6 -7 -17 -18 -21 -24 0 
-2 -4 -8 -20 -26 0 
-2 -6 -18 -22 -24 0 
-4 -21 -25 0 
-1 -2 -10 -17 -25 0 
-8 -11 -15 -18 -25 -26 0 
-4 -13 -18 -19 -24 0 
-2 -9 -10 -11 -19 -23 -25 -27 0 
-5 -10 -11 -15 -16 -26 0 
-1 -8 -22 -26 0 
-2 -4 -11 -14 -17 -19 -27 0 
-1 -3 -6 -9 -11 -20 -24 -25 -26 0 
-2 -3 -4 -9 -21 -26 0 
-2 -4 -6 -10 -15 -19 0 
-3 -10 -11 -17 -18 0 
-1 -3 -12 -13 -14 -20 -26 0 
-2 -5 -9 -20 -22 0 
-3 -4 -7 -8 -14 -21 -23 -24 0 
-1 -6 -16 -17 -20 -26 0 
-14 -16 -19 -21 -23 -26 0 
-2 -4 -7 -13 -14 -18 -23 0 
-1 -6 -12 -14 -15 -20 -21 -22 -23 0 
-2 -3 -27 0 
-2 -5 -10 -11 -15 -21 0 
-4 -7 -16 -18 -19 -20 0 
-5 -10 -11 -15 -22 0 
-11 -21 0 
-4 -7 -14 -18 -20 -24 -25 0 
-5 -6 -10 -20 -23 0 
-2 -3 -5 -6 -15 -16 -17 -20 -24 0 
-1 -5 -7 -13 -14 -18 0 
-6 -11 -19 -22 -25 0 
-12 -15 -16 -27 0 
-14 -16 -22 -23 -26 0 
-2 -11 -12 -13 -15 -20 0 
-2 -4 -8 -10 -13 -15 -16 -19 -25 0 
-1 -9 -12 -16 -17 -21 0 
-2 -15 -24 -25 -27 0 
-11 -13 -14 -25 -27 0 
-3 -8 -10 -15 -18 -20 -25 0 
-7 -8 -9 -12 -17 -23 0 
-3 -4 -13 -16 -17 -22 0 
-4 -9 -10 -11 -20 -25 -27 0 
-3 -4 -6 -9 -11 -12 -13 -19 0 
-1 -4 -12 -13 -21 -27 0 
-3 -8 -9 -13 -15 -18 -22 0 
-4 -12 -14 -18 -19 -22 -23 -24 0 
-2 -5 -7 -8 -10 -15 -21 0 
-7 -9 -11 -14 -15 -16 -25 -26 0 
-3 -4 -6 -13 -15 -16 -19 -23 0 
-3 -4 -5 -10 -12 -16 -27 0 
-1 -4 -6 -13 -14 -18 -20 -22 0 
-6 -7 -9 -12 -15 -17 -20 -23 0 
-6 -12 -22 -25 0 
-2 -4 -21 -24 -26 -27 0 
-1 -3 -6 -11 -13 -16 -18 -23 -25 0 
-5 -15 -22 -27 0 
-2 -6 -22 -23 -24 -25 0 
-3 -5 -7 -9 -15 -24 -25 0 
-4 -7 -10 -11 -17 -21 -25 -27 0 
-2 -4 -6 -8 -11 -13 -20 -24 0 
-12 -13 -19 -20 -21 0 
-6 -10 -13 -16 -26 -27 0 
-4 -7 -12 -15 -20 -21 -27 0 
-10 -13 -15 -16 -17 -23 -24 -26 0 
-2 -15 -19 -20 -24 -27 0 
-3 -9 -12 -14 -16 -18 -22 -24 0 
-2 -12 -13 -14 -22 0 
-13 -14 -18 -25 -27 0 
-1 -7 -8 -12 -18 -22 0 
-2 -21 0 
-3 -5 -6 -11 -18 -24 -27 0 
-10 -12 -20 -23 -26 -27 0 
-1 -4 -5 -13 -20 0 
-6 -10 -15 -16 0 
-1 -3 -13 -16 -18 -20 -21 -23 -24 -26 0 
-9 -12 -17 -21 -23 0 
-3 -14 -15 -17 -19 -24 0 
-1 -4 -9 -11 -20 -21 -24 -26 0 
-1 -7 -8 -10 -12 -16 -18 -19 -20 -26 0 
-3 -5 -9 -26 0 
-4 -5 -7 -8 -14 -21 -22 0 
-7 -9 -10 -16 -23 -25 0 
-3 -6 -17 -21 0 
-2 -11 -12 -23 -26 -27 0 
-2 -6 -18 -19 -20 -22 -24 0 
-12 -14 -16 -17 -18 -20 -27 0 
-6 -8 -9 -10 -24 0 
-2 -4 -6 -7 -8 -15 -17 -18 -22 -24 0 
-1 -2 -6 -12 -15 -19 -27 0 
-5 -18 -20 -26 0 
-15 -16 -19 -24 0 
-4 -14 -17 -19 -26 -27 0 
-4 -5 -13 -15 -23 0 
-2 -3 -24 0 
-11 -19 -20 -21 -26 0 
-2 -4 -5 -7 -9 -17 -21 -22 0 
-1 -9 -11 -15 -25 -27 0 
-4 -11 -15 -16 -17 -19 -20 -22 -24 0 
-1 -2 -3 -13 -15 -18 -22 -25 0 
-2 -15 -16 -22 0 
-4 -20 -27 0 
-1 -2 -5 -7 -17 -20 -21 -25 0 
-2 -4 -5 -8 -13 0 
-3 -13 -18 -20 -22 -23 0 
-3 -11 -12 -17 -18 -21 -25 -27 0 
-13 -14 -15 -25 -26 0 
-3 -7 -11 -17 -25 -26 0 
-2 -3 -5 -7 -9 -15 -21 -26 0 
-17 -26 -27 0 
-7 -11 -13 -17 -18 -26 0 
-4 -10 -14 -15 -20 -21 -23 -26 0 
-2 -11 -14 -15 -18 -24 -26 0 
-2 -7 -14 -20 -23 0 
-3 -9 -10 -15 -16 -22 0 
-4 -6 -13 -16 -19 -20 -22 -24 -26 0 
-2 -17 -18 -23 0 
-2 -7 -9 -12 -13 -19 -26 -27 0 
-1 -5 -8 -20 -26 0 
-1 -4 -7 -13 -14 -15 -17 -19 -20 -25 0 
-2 -3 -5 -8 -9 -11 -18 -19 -20 -21 -26 -27 0 
-2 -8 -9 -11 -12 -13 0 
-6 -7 -27 0 
-8 -19 -21 -25 0 
-3 -7 -11 -15 -22 -24 0 
-7 -13 -20 -23 -25 -26 0 
-1 -5 -6 -13 -18 -23 -25 -27 0 
-2 -11 -13 -14 -18 -23 0 
-3 -4 -5 -12 -17 -18 -23 -25 -26 0 
-1 -7 -12 -13 -14 -16 -22 -25 0 
-1 -4 -10 -11 -13 -16 0 
-14 -17 -18 -25 0 
-11 -14 -15 -16 -21 0 
-3 -5 -12 -17 -19 -20 -21 -23 -25 -27 0 
-2 -3 -5 -13 -14 -18 -27 0 
-4 -5 -9 -12 -16 -20 -24 -26 0 
-1 -3 -4 -9 -15 -24 0 
-1 -2 -3 -6 -9 -18 -22 -26 0 
-2 -5 -6 -12 -23 -25 0 
-1 -9 -11 -12 -19 -21 -24 0 
-4 -6 -14 -16 -20 -25 0 
-5 -8 -10 -13 -14 -23 0 
-1 -13 -14 -15 -16 -22 -23 -25 0 
-1 -6 -13 0 
-4 -7 -11 -12 -16 -23 -24 0 
-2 -3 -8 -9 -15 -19 -22 -27 0 
-2 -9 -20 -26 0 
-2 -6 -8 -10 -12 -20 -21 -24 0 
-6 -14 -23 -24 -25 0 
-1 -3 -23 -26 0 
-9 -17 0 
-1 -13 -22 0 
-3 -4 -11 -13 -18 -22 -25 0 
-3 -13 -16 -17 -24 -25 -26 0 
-2 -18 -24 -25 -26 0 
-5 -8 -9 -10 -21 -25 0 
-7 -10 -12 -13 -14 -15 -17 -20 -23 0 
-5 -12 -14 -15 -21 0 
-2 -4 -5 -11 -14 -23 -24 0 
-12 -16 -17 0 
-9 -18 -27 0 
-2 -3 -4 -6 -7 -11 -19 -21 0 
-3 -20 -21 -23 -26 0 
-6 -7 -9 -20 -22 0 
-5 -13 -18 -19 0 
-14 -19 0 
-2 -5 -7 -8 -14 -24 -25 0 
-1 -3 -10 -17 -18 -23 0 
-1 -3 -8 -15 -17 -19 -27 0 
-3 -6 -7 -16 -19 -26 -27 0 
-3 -7 -11 -13 -14 -16 -19 -22 -23 0 
-4 -5 -6 -14 -26 0 
-4 -7 -14 -15 -21 -23 -24 0 
-1 -2 -7 -16 -18 -19 0 
-4 -10 -18 -20 -22 -24 0 
-2 -5 -17 -18 -22 -23 0 
-3 -8 -10 -12 -13 -18 -26 0 
-4 -8 -10 -12 -23 -24 -25 0 
-1 -4 -5 -6 -10 0 
-9 -10 -15 0 
-12 -14 -19 -20 -22 -23 0 
-5 -6 -8 -13 -14 -18 -26 0 
-1 -4 -7 -10 -14 -24 0 
-3 -6 -7 -16 -23 0 
-5 -10 -15 -16 -18 -24 0 
-1 -4 -6 -17 -20 0 
-5 -7 -8 -14 -20 -23 -24 0 
-1 -4 -9 -15 -16 -24 0 
-1 -2 -6 -7 -12 -13 -14 -18 -22 0 
-5 -13 -15 -24 -26 0 
-3 -9 -12 -13 -19 -23 0 
-10 -16 -18 -23 -25 -27 0 
-3 -5 -7 -12 -18 -25 0 
-2 -10 -13 -14 -19 -24 0 
-2 -3 -4 -12 -24 0 
-2 -4 -7 -20 -21 -23 -27 0 
-3 -6 -8 -22 -24 -27 0 
-4 -15 -25 0 
-4 -5 -6 -10 -12 -17 -19 -22 0 
-1 -7 -8 -12 -13 -15 -21 -24 -25 -26 0 
-2 -6 -14 -17 -22 -23 0 
-4 -6 -11 -12 -14 -16 -18 -21 -22 0 
-1 -2 -6 -7 -11 -13 -17 -24 0 
-2 -3 -9 -10 -12 -18 -19 -27 0 
-1 -3 -9 -14 -25 -27 0 
-2 -3 -5 -10 -19 -20 -23 -25 -26 0 
-1 -9 -12 -14 -16 -17 -27 0 
-3 -6 -9 -11 -23 0 
-8 -9 -10 -17 -18 -19 -23 -27 0 
-1 -3 -7 -9 -10 -15 -18 -25 -26 0 
-1 -14 -19 -23 -24 0 
-9 -10 -22 -24 0 
-11 -12 -13 -17 -24 0 
-4 -5 -13 -23 -27 0 
-1 -8 -13 -19 -20 -27 0 
-5 -10 -16 0 
-1 -8 -9 -16 -18 -24 0 
-1 -12 -14 -18 0 
-4 -7 -10 -11 -15 -16 -21 -26 0 
-2 -5 -9 -21 -23 -24 0 
-1 -4 -5 -11 -13 -16 -18 -20 -22 -23 -27 0 
-8 -17 -21 -25 0 
-8 -9 -11 -15 -25 0 
-2 -6 -9 -12 -13 -26 0 
-9 -14 -19 0 
-14 -15 -23 -24 0 
-1 -3 -9 -10 -17 -19 -20 -27 0 
-1 -2 -3 -5 -11 -25 -27 0 
-1 -3 -4 -8 -14 -16 -23 -27 0 
-1 -3 -11 -19 -22 -27 0 
-1 -9 -10 -11 -12 -14 -16 -18 0 
-6 -10 -11 -13 -15 -16 -19 -21 -26 0 
-8 -10 -17 -22 -26 -27 0 
-1 -8 -9 -15 -16 -18 -19 -24 0 
-3 -13 -17 -21 0 
-2 -4 -10 -13 -15 -18 -20 0 
-1 -2 -6 -7 -21 -22 0 
-3 -6 -13 -14 -27 0 
-1 -7 -15 -16 -17 -23 -24 -27 0 
-2 -9 -13 -17 -19 -24 0 
-3 -5 -9 -12 -13 -14 -18 -24 0 
-5 -8 -9 -10 -15 -22 0 
-3 -5 -12 -22 -26 0 
-9 -12 -16 -22 0 
-7 -10 -11 -14 -15 -16 -17 -18 -19 -20 -22 -24 -27 0 
-6 -10 -11 -17 -19 -26 0 
-6 -7 -8 -22 0 
-10 -13 -17 -24 -27 0 
-7 -8 -10 -18 -22 0 
-3 -7 -9 -15 -24 -25 0 
-2 -6 -16 -19 -20 -24 0 
-9 -13 -17 -22 -23 -25 0 
-6 -17 -18 -19 -21 -25 0 
-1 -14 -15 -19 -21 -23 -24 0 
-1 -2 -10 -14 -21 -24 0 
-1 -6 -7 -8 -24 0 
-6 -10 -15 -17 -20 0 
-1 -2 -4 -9 -11 -12 -15 -18 -20 -21 0 
-5 -8 -10 -11 -12 -15 -17 -19 0 
-8 -9 -10 -11 -19 -20 -26 0 
-1 -7 -10 -19 -20 0 
-15 -16 -17 -18 -23 -25 0 
-4 -6 -8 -11 -16 -17 -20 -24 0 
-14 -26 -27 0 
-5 -13 -15 -19 -24 -25 0 
-1 -2 -6 -10 -22 -23 -26 0 
-2 -10 -12 -13 -23 -26 -27 0 
-2 -5 -7 -8 -9 -11 -12 -16 -17 -19 -24 -25 0 
-1 -22 -23 -24 -25 0 
-1 -2 -15 -18 -19 -25 -27 0 
-8 -15 -17 -23 -25 -26 0 
-1 -3 -4 -8 -12 -13 -15 -24 0 
-1 -2 -8 -13 -14 -26 0 
-2 -8 -9 -13 -14 -15 -20 -21 -24 -25 0 
-1 -6 -11 -12 -15 -18 -22 -26 0 
-12 -21 0 
-10 -11 -13 -15 -18 -24 -26 0 
-4 -10 -11 -21 0 
-9 -12 -15 -18 -19 -23 -25 0 
-6 -12 -17 -19 -21 0 
-6 -7 -12 -20 -21 -22 -23 0 
-12 -18 -22 0 
-3 -8 -9 -19 -21 -24 0 
-8 -9 -12 -15 -18 -19 -22 -24 -27 0 
-4 -5 -11 -18 -20 -24 -25 0 
-7 -9 -10 -15 -24 -25 0 
-6 -8 -9 -11 -12 -15 -16 -17 -18 -23 0 
-1 -4 -8 -13 -16 -22 -25 -26 0 
-5 -8 -14 -15 -17 -23 -25 0 
-1 -4 -6 -17 -20 -25 -27 0 
-9 -11 -12 -14 -20 -21 -23 0 
-7 -9 -13 -18 -26 0 
-6 -10 -11 -14 -18 -19 -23 -26 0 
-9 -13 -16 -21 -23 0 
-4 -8 -21 0 
-1 -3 -4 -8 -9 -10 -15 -16 -19 -25 0 
-1 -4 -9 -19 -20 -21 0 
-1 -2 -18 -20 -24 -26 0 
-11 -14 -22 -26 0 
-3 -4 -14 -20 0 
-9 -17 -23 -26 -27 0 
-4 -11 -12 -13 -16 -17 -20 -22 0 
-2 -10 -11 -13 -16 -26 0 
-2 -3 -5 -6 -8 -9 -10 -16 -21 -24 0 
-5 -9 -24 -27 0 
-8 -9 -15 -16 -18 -22 -26 0 
-6 -11 -21 -27 0 
-7 -8 -11 -13 -21 -22 -24 0 
-1 -9 -18 -25 0 
-2 -20 -21 -27 0 
-8 -12 -24 -27 0 
-3 -8 -9 -10 -13 -14 -19 -26 -27 0 
-1 -6 -13 -16 -26 0 
-3 -5 -12 -13 -14 0 
-5 -9 -15 -17 -21 -27 0 
-1 -4 -5 -11 -15 -21 -22 -25 0 
-8 -13 -19 -20 -27 0 
-4 -8 -9 -12 -14 -20 -23 -25 -26 0 
-5 -8 -15 0 
-1 -3 -6 -8 -12 -26 -27 0 
-6 -11 -16 -23 -26 0 
-3 -13 -19 -24 -27 0 
-3 -6 -10 -12 -14 -18 -20 -21 -24 -26 0 
-5 -10 -23 -25 -26 0 
-7 -14 -20 -24 -25 0 
-3 -13 -19 -21 -25 -27 0 
-4 -13 -15 -18 -24 0 
-6 -9 -11 -14 -15 -19 0 
-1 -5 -19 -23 0 
-8 -11 -21 -22 0 
-3 -12 -19 -21 -22 -25 0 
-2 -4 -7 -8 -13 -16 -19 -21 -22 -24 -27 0 
-3 -9 -15 -18 -19 -21 0 
-2 -6 -7 -8 -11 -26 0 
-3 -4 -8 -9 -11 -18 -25 0 
-4 -8 -9 -10 -12 -14 -15 -16 -17 -19 -25 0 
-1 -8 -21 -24 -27 0 
-3 -7 -15 -19 -25 0 
-3 -4 -11 -12 -15 -17 -19 -24 -25 0 
-1 -3 -4 -12 -13 -15 -17 -27 0 
-1 -3 -9 -12 -21 -24 -25 0 
-1 -12 -21 -22 -24 -26 0 
-3 -5 -13 -17 -24 -25 -27 0 
-4 -6 -11 -14 -17 -18 -25 -27 0 
-2 -5 -7 -11 -14 -18 -21 0 
-2 -3 -4 -6 -7 -14 -18 -20 -27 0 
-1 -3 -4 -7 -14 -22 -26 0 
-5 -8 -11 -12 -18 -22 -25 0 
-2 -4 -10 -14 -20 -25 0 
-3 -4 -6 -11 -14 -21 -22 -27 0 
-1 -4 -18 0 
-3 -9 -10 -13 -17 -26 0 
-1 -2 -8 -20 -21 -22 -24 -25 -26 0 
-7 -10 -12 -19 -24 0 
-1 -23 -26 0 
-15 -16 -18 -23 -25 -27 0 
-2 -4 -5 -9 -13 -15 -16 -19 -24 -26 0 
-3 -4 -14 -21 -22 -25 -27 0 
-3 -8 -23 0 
-4 -9 -13 -15 -17 -19 -22 0 
-1 -2 -3 -8 -11 0 
-1 -4 -6 -7 -15 -16 -18 -26 0 
-1 -5 -8 -11 -12 -24 0 
-1 -6 -10 -11 -16 0 
-3 -5 -8 -18 -21 -22 0 
-2 -3 -4 -6 -9 -13 -16 -18 -19 -20 -22 -27 0 
-3 -11 -13 -15 -17 -18 -23 -24 0 
-3 -6 -7 -17 -19 -21 -27 0 
-1 -9 -11 -13 -17 -24 0 
-4 -6 -10 -12 -13 -15 -23 -25 0 
-1 -11 -19 -27 0 
-2 -5 -7 -11 -19 0 
-2 -5 -10 -12 -18 -21 0 
-3 -4 -7 -8 -13 -15 -16 -19 -20 -21 -26 0 
-9 -14 -17 -19 -26 0 
-2 -5 -10 -14 -18 -22 -27 0 
-11 -13 -17 -23 0 
-2 -17 -20 -24 -25 0 
-2 -3 -5 -6 -7 -25 0 
-5 -7 -9 -10 -18 0 
-11 -12 -15 -16 -22 -23 0 
-2 -3 -5 -8 -16 -18 -25 0 
-1 -3 -12 -17 -18 0 
-2 -4 -12 -17 -27 0 
-4 -5 -8 -10 -16 -26 0 
-2 -3 -4 -5 -11 -19 -23 -25 -27 0 
-8 -13 -23 0 
-5 -16 -20 -21 -27 0 
-5 -6 -13 -14 -19 0 
-7 -8 -12 -21 -22 0 
-1 -2 -3 -7 -13 -17 0 
-1 -8 -13 -21 0 
-4 -8 -11 -18 -21 -23 -24 0 
-5 -9 -10 -12 -22 -24 0 
-2 -4 -12 -15 -17 -18 -21 -25 -27 0 
-7 -13 -14 -19 -22 0 
-1 -5 -7 -11 -15 -23 -26 0 
-3 -5 -6 -9 -13 -18 -21 -22 -25 0 
-1 -7 -11 -13 -14 -16 -23 0 
