p cnf 28 800
4 5 12 15 19 20 25 26 0 
3 6 9 11 16 17 18 22 25 0 
4 12 15 0 
4 10 12 17 18 21 24 0 
10 15 16 17 19 27 0 
1 2 3 5 9 11 21 27 28 0 
4 8 11 14 16 21 22 0 
4 5 14 17 25 0 
11 13 15 24 26 0 
2 3 4 21 24 27 28 0 
5 6 12 22 26 27 28 0 
4 8 14 15 0 
2 3 17 18 24 0 
3 7 11 22 23 24 27 0 
3 17 21 23 25 0 
9 11 12 15 21 26 28 0 
1 7 8 14 16 0 
1 3 10 14 15 18 20 25 0 
7 9 11 15 24 0 
6 12 13 21 22 24 25 28 0 
2 3 5 7 15 17 21 24 0 
5 10 17 19 20 21 22 24 27 0 
5 6 8 13 14 15 18 19 28 0 
6 7 11 13 17 24 26 0 
4 6 21 22 25 0 
2 5 16 21 26 27 0 
7 8 12 13 14 18 20 28 0 
7 10 13 14 15 17 19 21 25 27 0 
2 4 6 9 14 17 19 23 27 0 
2 7 15 16 17 23 24 0 
4 6 11 13 19 20 24 0 
5 11 17 21 23 26 27 28 0 
1 2 8 11 12 15 21 22 28 0 
2 3 13 14 19 21 26 0 
3 11 12 19 20 0 
3 11 15 20 23 28 0 
4 17 28 0 
13 14 19 23 0 
2 5 6 11 17 28 0 
1 3 8 28 0 
2 5 8 9 18 21 24 0 
3 7 8 19 21 0 
2 14 0 
1 4 15 17 25 27 0 
1 4 9 12 14 22 0 
1 5 17 23 24 25 0 
5 6 11 17 19 27 0 
6 7 9 10 15 0 
3 8 17 23 27 28 0 
4 6 7 10 14 15 21 25 26 0 
3 5 12 14 18 19 20 0 
4 6 8 18 19 24 27 0 
2 5 7 9 15 21 27 0 
1 2 6 8 11 13 17 18 0 
4 8 10 12 17 19 26 0 
3 10 20 23 25 0 
7 9 14 15 22 25 0 
3 7 21 25 26 0 
4 6 7 10 15 23 25 0 
3 6 8 17 18 20 21 22 24 0 
2 5 11 13 21 23 28 0 
8 10 12 14 16 0 
13 14 20 22 28 0 
2 9 15 21 23 24 25 0 
8 14 16 18 27 0 
4 10 11 16 27 0 
12 17 19 20 23 25 28 0 
3 7 8 11 15 21 24 26 27 0 
1 2 11 15 20 0 
4 7 18 22 25 26 0 
4 6 20 22 25 26 0 
1 3 4 8 9 14 20 25 0 
3 9 20 21 23 25 0 
2 3 6 20 23 24 0 
2 6 7 8 10 15 16 20 21 28 0 
10 15 21 25 0 
1 12 13 27 28 0 
3 9 15 16 19 20 22 28 0 
11 17 25 0 
4 5 12 16 18 24 26 0 
4 8 11 14 21 27 0 
2 5 7 12 16 20 21 23 25 28 0 
4 7 15 17 23 0 
4 9 11 20 22 0 
7 8 12 14 15 16 17 27 0 
2 13 22 28 0 
4 8 16 17 22 24 26 0 
1 2 8 9 14 15 17 19 25 0 
5 8 12 16 17 18 23 24 25 0 
3 9 13 16 24 25 26 0 
7 14 22 25 26 27 0 
2 4 11 15 19 28 0 
2 9 12 17 28 0 
2 6 16 17 27 0 
4 11 12 15 27 28 0 
14 15 24 0 
3 16 27 0 
8 9 13 19 25 26 0 
5 6 12 22 23 28 0 
3 4 10 19 21 24 0 
1 2 6 8 13 14 15 20 25 0 
1 4 6 14 22 24 0 
2 9 12 25 0 
2 19 21 23 25 0 
2 4 18 25 28 0 
8 11 12 26 27 0 
11 12 24 27 0 
2 7 17 24 26 0 
3 5 17 20 23 24 25 0 
4 7 10 20 22 0 
4 6 11 12 13 16 20 0 
8 11 20 21 22 0 
5 16 21 22 24 0 
1 2 3 23 26 28 0 
1 8 19 21 24 25 26 28 0 
2 4 16 17 21 26 0 
1 2 8 11 15 24 27 0 
3 9 10 25 26 0 
3 6 10 28 0 
5 12 16 20 21 27 28 0 
1 8 11 17 19 21 27 0 
2 6 15 16 17 20 24 27 28 0 
8 10 12 20 21 26 0 
5 7 12 13 14 15 25 0 
2 8 10 19 24 0 
1 2 7 21 22 0 
14 15 20 21 26 28 0 
12 15 17 18 23 26 0 
1 5 20 21 25 0 
3 6 11 25 0 
1 9 13 16 21 0 
4 8 9 15 16 17 19 23 25 27 0 
5 9 19 20 21 24 25 0 
5 18 19 22 24 0 
4 5 7 10 12 15 19 22 0 
1 3 4 8 9 10 17 25 0 
4 8 10 11 15 16 18 0 
13 19 21 22 25 0 
2 5 20 24 25 26 0 
10 19 23 0 
4 6 7 8 12 14 17 18 20 23 0 
1 7 8 12 14 15 16 22 25 0 
2 3 4 5 9 12 14 16 21 24 25 0 
1 4 6 9 11 14 15 17 27 0 
10 14 25 26 0 
11 20 26 0 
3 12 13 15 19 20 23 26 0 
1 3 7 10 15 19 26 28 0 
4 11 15 19 23 24 25 0 
1 4 13 15 20 22 25 28 0 
1 3 4 6 9 11 15 21 0 
1 2 6 10 11 12 13 18 19 25 0 
5 7 13 14 19 26 0 
4 6 17 18 21 0 
8 11 13 19 20 25 28 0 
7 9 10 14 22 27 0 
2 12 13 24 27 0 
1 13 15 16 17 18 24 26 27 28 0 
4 7 10 27 0 
1 5 8 12 19 0 
8 16 18 20 25 26 0 
3 6 8 19 20 23 27 28 0 
3 4 5 7 17 18 19 20 27 28 0 
3 8 15 22 23 25 0 
1 5 10 18 20 24 0 
2 7 9 12 18 0 
2 15 26 27 0 
2 3 6 14 16 17 20 22 26 0 
3 9 20 27 0 
4 8 18 21 27 0 
8 11 14 21 23 28 0 
15 21 0 
13 16 17 19 0 
5 7 16 18 20 24 25 0 
5 7 11 21 24 25 0 
1 4 8 16 22 0 
6 7 10 14 25 0 
5 9 14 21 23 28 0 
5 12 14 17 18 28 0 
13 14 16 21 23 27 0 
13 17 19 22 27 0 
4 5 11 13 18 27 0 
6 12 13 15 16 18 27 28 0 
4 7 9 13 14 22 0 
3 14 15 23 28 0 
2 25 0 
4 6 9 11 15 24 26 28 0 
1 6 8 10 13 14 17 23 0 
6 13 14 20 22 24 0 
1 4 5 6 7 22 23 28 0 
3 16 18 20 23 27 0 
2 3 7 9 18 25 26 0 
8 10 11 17 0 
9 13 15 20 21 24 25 0 
1 5 6 9 13 17 21 22 0 
2 5 6 16 17 19 24 25 0 
12 16 22 27 0 
4 10 11 13 19 22 23 27 0 
2 4 6 11 13 18 24 26 0 
9 12 19 27 0 
3 5 11 12 13 22 28 0 
2 7 8 11 19 20 0 
8 11 13 21 0 
7 15 18 27 0 
1 6 13 15 16 18 21 23 24 27 0 
1 6 18 20 25 26 27 0 
5 8 10 12 13 26 0 
5 6 7 12 16 17 21 23 25 27 0 
1 4 8 19 21 23 0 
2 5 6 7 10 11 0 
4 5 7 11 21 25 26 0 
3 6 8 12 21 23 0 
4 7 9 25 26 0 
6 13 21 22 23 24 0 
4 11 15 22 24 26 28 0 
1 5 7 9 10 16 25 0 
2 9 14 26 0 
5 6 10 17 20 24 26 0 
1 3 13 21 24 26 0 
2 12 13 14 15 19 23 27 0 
3 13 19 23 0 
5 6 11 17 22 23 28 0 
12 17 22 28 0 
5 13 21 0 
1 2 5 7 20 22 25 27 0 
12 15 16 20 28 0 
3 7 9 11 12 22 23 27 0 
2 12 17 24 25 27 0 
3 5 8 13 17 18 19 23 0 
2 13 19 27 0 
3 5 14 16 17 20 25 28 0 
6 8 12 16 18 26 0 
6 7 9 13 14 15 21 22 28 0 
1 8 10 16 18 20 24 0 
5 7 10 12 15 20 25 26 0 
6 10 11 21 0 
2 6 7 8 21 23 26 0 
5 11 12 17 18 0 
3 6 8 10 14 16 23 0 
1 11 12 21 23 25 27 0 
4 17 23 24 25 28 0 
4 12 14 21 22 23 27 0 
4 5 7 8 10 15 20 21 0 
4 9 12 0 
3 5 7 8 9 16 17 21 25 0 
2 6 12 17 27 0 
4 11 18 20 22 25 27 0 
5 7 10 17 19 21 22 25 0 
5 10 12 13 14 15 16 17 26 27 0 
1 13 21 25 0 
7 18 21 22 25 27 0 
1 7 8 10 18 19 22 26 28 0 
15 17 24 25 0 
4 5 9 11 21 26 0 
10 11 14 15 19 0 
4 5 8 15 16 17 20 23 28 0 
2 5 7 27 28 0 
2 4 9 20 22 26 0 
2 4 5 11 13 17 25 0 
4 6 8 17 23 25 28 0 
10 11 21 23 0 
13 16 17 18 24 26 28 0 
6 11 16 25 0 
3 7 10 24 25 27 0 
7 10 17 19 21 28 0 
8 13 27 0 
7 8 14 17 26 28 0 
1 6 7 15 17 28 0 
1 2 10 13 17 19 23 0 
1 4 10 21 23 0 
4 5 12 15 16 20 24 26 0 
1 5 8 10 13 20 0 
3 9 23 0 
3 14 15 18 20 22 0 
1 12 14 18 20 24 26 27 0 
6 7 14 25 0 
2 7 8 14 16 21 27 0 
4 6 7 8 14 15 18 28 0 
7 16 19 23 24 0 
2 9 10 14 15 16 18 19 23 0 
5 6 9 10 11 19 21 24 0 
4 12 14 17 25 27 0 
3 6 13 16 17 20 22 27 0 
5 14 18 28 0 
2 4 5 10 15 16 19 23 26 0 
4 7 8 14 0 
4 5 17 22 0 
1 6 10 17 0 
7 17 19 25 26 28 0 
4 12 15 17 18 24 0 
8 10 17 18 0 
2 10 11 18 21 22 0 
1 7 9 10 15 18 20 0 
4 5 11 13 14 21 0 
1 4 7 10 15 20 27 0 
4 12 26 0 
1 4 13 18 19 22 25 27 0 
7 17 20 22 26 27 0 
3 5 8 13 15 19 24 28 0 
17 18 19 26 0 
4 11 14 17 19 22 25 0 
8 10 11 12 13 22 0 
6 10 11 20 25 27 0 
1 5 19 22 27 0 
2 8 16 18 22 26 28 0 
2 3 12 15 17 19 20 25 0 
4 7 12 13 23 25 27 0 
1 5 10 23 0 
5 11 15 20 21 28 0 
2 5 10 11 12 13 14 17 19 21 25 0 
6 7 23 0 
9 15 19 20 22 26 28 0 
3 5 10 11 12 13 18 19 26 0 
1 6 10 17 18 22 26 0 
5 10 11 14 20 22 25 26 28 0 
5 11 18 19 0 
10 12 19 23 26 0 
1 2 4 13 17 0 
12 14 22 23 24 0 
8 20 21 0 
2 3 5 11 12 24 25 26 0 
1 10 12 18 20 21 25 27 0 
2 6 24 0 
5 9 10 11 12 14 18 21 24 0 
2 5 6 9 14 18 22 24 25 27 28 0 
6 10 12 17 23 0 
5 9 10 11 12 16 17 19 0 
11 12 17 20 23 26 0 
3 4 6 23 26 0 
4 5 6 8 9 11 18 22 24 0 
2 11 12 18 24 25 26 0 
2 7 10 14 24 0 
1 2 11 17 22 0 
1 8 12 18 24 26 27 0 
5 6 11 15 17 18 21 27 28 0 
12 20 26 0 
1 8 13 22 24 27 0 
1 2 9 11 18 22 27 0 
2 5 10 11 14 17 27 0 
3 14 18 20 23 25 27 0 
1 3 11 12 19 20 27 28 0 
1 8 9 17 23 25 0 
6 8 16 19 20 23 0 
1 20 21 25 0 
11 21 24 0 
2 9 17 19 25 0 
3 4 6 12 21 24 28 0 
3 9 11 17 22 27 0 
3 7 9 11 16 19 21 22 25 0 
2 3 10 11 20 25 0 
1 2 7 20 24 27 28 0 
5 17 20 21 26 0 
20 21 24 0 
3 5 14 17 21 23 0 
2 5 9 10 15 17 22 0 
2 11 20 0 
2 10 11 12 18 19 20 23 0 
7 11 12 18 20 22 26 0 
11 13 18 25 27 0 
4 10 11 12 17 24 27 0 
1 2 5 6 8 11 22 0 
3 4 13 14 19 22 26 0 
3 10 11 13 16 18 22 23 0 
2 7 8 14 16 18 19 23 0 
4 5 9 16 26 27 28 0 
2 3 9 11 12 19 27 28 0 
1 2 4 16 19 21 25 26 28 0 
4 11 12 14 26 27 0 
2 13 15 18 19 20 24 25 26 0 
3 5 7 8 10 11 13 15 16 21 23 28 0 
1 5 13 15 19 0 
6 19 22 23 0 
10 17 26 0 
1 4 7 19 20 24 0 
1 2 7 10 11 12 14 19 21 0 
7 8 9 21 25 0 
7 9 20 23 0 
5 8 13 14 19 25 0 
1 5 6 9 11 0 
2 11 17 0 
2 8 9 11 15 17 18 19 23 0 
8 14 15 17 20 24 0 
3 12 20 22 23 28 0 
1 4 5 7 15 16 18 21 22 27 0 
1 9 16 25 0 
3 8 14 16 22 27 28 0 
4 11 12 14 21 0 
8 9 11 13 21 0 
1 3 4 10 11 12 16 18 19 27 0 
1 12 15 0 
1 10 11 12 14 15 16 23 27 0 
3 5 10 14 15 18 22 0 
2 5 15 22 23 28 0 
4 11 12 13 14 15 0 
1 8 9 17 22 28 0 
4 6 7 8 19 20 21 22 23 24 28 0 
1 7 8 16 24 25 28 0 
2 5 17 19 22 0 
15 20 21 25 26 0 
2 8 10 15 19 24 25 0 
-4 -5 -12 -15 -19 -20 -25 -26 0 
-3 -6 -9 -11 -16 -17 -18 -22 -25 0 
-4 -12 -15 0 
-4 -10 -12 -17 -18 -21 -24 0 
-10 -15 -16 -17 -19 -27 0 
-1 -2 -3 -5 -9 -11 -21 -27 -28 0 
-4 -8 -11 -14 -16 -21 -22 0 
-4 -5 -14 -17 -25 0 
-11 -13 -15 -24 -26 0 
-2 -3 -4 -21 -24 -27 -28 0 
-5 -6 -12 -22 -26 -27 -28 0 
-4 -8 -14 -15 0 
-2 -3 -17 -18 -24 0 
-3 -7 -11 -22 -23 -24 -27 0 
-3 -17 -21 -23 -25 0 
-9 -11 -12 -15 -21 -26 -28 0 
-1 -7 -8 -14 -16 0 
-1 -3 -10 -14 -15 -18 -20 -25 0 
-7 -9 -11 -15 -24 0 
-6 -12 -13 -21 -22 -24 -25 -28 0 
-2 -3 -5 -7 -15 -17 -21 -24 0 
-5 -10 -17 -19 -20 -21 -22 -24 -27 0 
-5 -6 -8 -13 -14 -15 -18 -19 -28 0 
-6 -7 -11 -13 -17 -24 -26 0 
-4 -6 -21 -22 -25 0 
-2 -5 -16 -21 -26 -27 0 
-7 -8 -12 -13 -14 -18 -20 -28 0 
-7 -10 -13 -14 -15 -17 -19 -21 -25 -27 0 
-2 -4 -6 -9 -14 -17 -19 -23 -27 0 
-2 -7 -15 -16 -17 -23 -24 0 
-4 -6 -11 -13 -19 -20 -24 0 
-5 -11 -17 -21 -23 -26 -27 -28 0 
-1 -2 -8 -11 -12 -15 -21 -22 -28 0 
-2 -3 -13 -14 -19 -21 -26 0 
-3 -11 -12 -19 -20 0 
-3 -11 -15 -20 -23 -28 0 
-4 -17 -28 0 
-13 -14 -19 -23 0 
-2 -5 -6 -11 -17 -28 0 
-1 -3 -8 -28 0 
-2 -5 -8 -9 -18 -21 -24 0 
-3 -7 -8 -19 -21 0 
-2 -14 0 
-1 -4 -15 -17 -25 -27 0 
-1 -4 -9 -12 -14 -22 0 
-1 -5 -17 -23 -24 -25 0 
-5 -6 -11 -17 -19 -27 0 
-6 -7 -9 -10 -15 0 
-3 -8 -17 -23 -27 -28 0 
-4 -6 -7 -10 -14 -15 -21 -25 -26 0 
-3 -5 -12 -14 -18 -19 -20 0 
-4 -6 -8 -18 -19 -24 -27 0 
-2 -5 -7 -9 -15 -21 -27 0 
-1 -2 -6 -8 -11 -13 -17 -18 0 
-4 -8 -10 -12 -17 -19 -26 0 
-3 -10 -20 -23 -25 0 
-7 -9 -14 -15 -22 -25 0 
-3 -7 -21 -25 -26 0 
-4 -6 -7 -10 -15 -23 -25 0 
-3 -6 -8 -17 -18 -20 -21 -22 -24 0 
-2 -5 -11 -13 -21 -23 -28 0 
-8 -10 -12 -14 -16 0 
-13 -14 -20 -22 -28 0 
-2 -9 -15 -21 -23 -24 -25 0 
-8 -14 -16 -18 -27 0 
-4 -10 -11 -16 -27 0 
-12 -17 -19 -20 -23 -25 -28 0 
-3 -7 -8 -11 -15 -21 -24 -26 -27 0 
-1 -2 -11 -15 -20 0 
-4 -7 -18 -22 -25 -26 0 
-4 -6 -20 -22 -25 -26 0 
-1 -3 -4 -8 -9 -14 -20 -25 0 
-3 -9 -20 -21 -23 -25 0 
-2 -3 -6 -20 -23 -24 0 
-2 -6 -7 -8 -10 -15 -16 -20 -21 -28 0 
-10 -15 -21 -25 0 
-1 -12 -13 -27 -28 0 
-3 -9 -15 -16 -19 -20 -22 -28 0 
-11 -17 -25 0 
-4 -5 -12 -16 -18 -24 -26 0 
-4 -8 -11 -14 -21 -27 0 
-2 -5 -7 -12 -16 -20 -21 -23 -25 -28 0 
-4 -7 -15 -17 -23 0 
-4 -9 -11 -20 -22 0 
-7 -8 -12 -14 -15 -16 -17 -27 0 
-2 -13 -22 -28 0 
-4 -8 -16 -17 -22 -24 -26 0 
-1 -2 -8 -9 -14 -15 -17 -19 -25 0 
-5 -8 -12 -16 -17 -18 -23 -24 -25 0 
-3 -9 -13 -16 -24 -25 -26 0 
-7 -14 -22 -25 -26 -27 0 
-2 -4 -11 -15 -19 -28 0 
-2 -9 -12 -17 -28 0 
-2 -6 -16 -17 -27 0 
-4 -11 -12 -15 -27 -28 0 
-14 -15 -24 0 
-3 -16 -27 0 
-8 -9 -13 -19 -25 -26 0 
-5 -6 -12 -22 -23 -28 0 
-3 -4 -10 -19 -21 -24 0 
-1 -2 -6 -8 -13 -14 -15 -20 -25 0 
-1 -4 -6 -14 -22 -24 0 
-2 -9 -12 -25 0 
-2 -19 -21 -23 -25 0 
-2 -4 -18 -25 -28 0 
-8 -11 -12 -26 -27 0 
-11 -12 -24 -27 0 
-2 -7 -17 -24 -26 0 
-3 -5 -17 -20 -23 -24 -25 0 
-4 -7 -10 -20 -22 0 
-4 -6 -11 -12 -13 -16 -20 0 
-8 -11 -20 -21 -22 0 
-5 -16 -21 -22 -24 0 
-1 -2 -3 -23 -26 -28 0 
-1 -8 -19 -21 -24 -25 -26 -28 0 
-2 -4 -16 -17 -21 -26 0 
-1 -2 -8 -11 -15 -24 -27 0 
-3 -9 -10 -25 -26 0 
-3 -6 -10 -28 0 
-5 -12 -16 -20 -21 -27 -28 0 
-1 -8 -11 -17 -19 -21 -27 0 
-2 -6 -15 -16 -17 -20 -24 -27 -28 0 
-8 -10 -12 -20 -21 -26 0 
-5 -7 -12 -13 -14 -15 -25 0 
-2 -8 -10 -19 -24 0 
-1 -2 -7 -21 -22 0 
-14 -15 -20 -21 -26 -28 0 
-12 -15 -17 -18 -23 -26 0 
-1 -5 -20 -21 -25 0 
-3 -6 -11 -25 0 
-1 -9 -13 -16 -21 0 
-4 -8 -9 -15 -16 -17 -19 -23 -25 -27 0 
-5 -9 -19 -20 -21 -24 -25 0 
-5 -18 -19 -22 -24 0 
-4 -5 -7 -10 -12 -15 -19 -22 0 
-1 -3 -4 -8 -9 -10 -17 -25 0 
-4 -8 -10 -11 -15 -16 -18 0 
-13 -19 -21 -22 -25 0 
-2 -5 -20 -24 -25 -26 0 
-10 -19 -23 0 
-4 -6 -7 -8 -12 -14 -17 -18 -20 -23 0 
-1 -7 -8 -12 -14 -15 -16 -22 -25 0 
-2 -3 -4 -5 -9 -12 -14 -16 -21 -24 -25 0 
-1 -4 -6 -9 -11 -14 -15 -17 -27 0 
-10 -14 -25 -26 0 
-11 -20 -26 0 
-3 -12 -13 -15 -19 -20 -23 -26 0 
-1 -3 -7 -10 -15 -19 -26 -28 0 
-4 -11 -15 -19 -23 -24 -25 0 
-1 -4 -13 -15 -20 -22 -25 -28 0 
-1 -3 -4 -6 -9 -11 -15 -21 0 
-1 -2 -6 -10 -11 -12 -13 -18 -19 -25 0 
-5 -7 -13 -14 -19 -26 0 
-4 -6 -17 -18 -21 0 
-8 -11 -13 -19 -20 -25 -28 0 
-7 -9 -10 -14 -22 -27 0 
-2 -12 -13 -24 -27 0 
-1 -13 -15 -16 -17 -18 -24 -26 -27 -28 0 
-4 -7 -10 -27 0 
-1 -5 -8 -12 -19 0 
-8 -16 -18 -20 -25 -26 0 
-3 -6 -8 -19 -20 -23 -27 -28 0 
-3 -4 -5 -7 -17 -18 -19 -20 -27 -28 0 
-3 -8 -15 -22 -23 -25 0 
-1 -5 -10 -18 -20 -24 0 
-2 -7 -9 -12 -18 0 
-2 -15 -26 -27 0 
-2 -3 -6 -14 -16 -17 -20 -22 -26 0 
-3 -9 -20 -27 0 
-4 -8 -18 -21 -27 0 
-8 -11 -14 -21 -23 -28 0 
-15 -21 0 
-13 -16 -17 -19 0 
-5 -7 -16 -18 -20 -24 -25 0 
-5 -7 -11 -21 -24 -25 0 
-1 -4 -8 -16 -22 0 
-6 -7 -10 -14 -25 0 
-5 -9 -14 -21 -23 -28 0 
-5 -12 -14 -17 -18 -28 0 
-13 -14 -16 -21 -23 -27 0 
-13 -17 -19 -22 -27 0 
-4 -5 -11 -13 -18 -27 0 
-6 -12 -13 -15 -16 -18 -27 -28 0 
-4 -7 -9 -13 -14 -22 0 
-3 -14 -15 -23 -28 0 
-2 -25 0 
-4 -6 -9 -11 -15 -24 -26 -28 0 
-1 -6 -8 -10 -13 -14 -17 -23 0 
-6 -13 -14 -20 -22 -24 0 
-1 -4 -5 -6 -7 -22 -23 -28 0 
-3 -16 -18 -20 -23 -27 0 
-2 -3 -7 -9 -18 -25 -26 0 
-8 -10 -11 -17 0 
-9 -13 -15 -20 -21 -24 -25 0 
-1 -5 -6 -9 -13 -17 -21 -22 0 
-2 -5 -6 -16 -17 -19 -24 -25 0 
-12 -16 -22 -27 0 
-4 -10 -11 -13 -19 -22 -23 -27 0 
-2 -4 -6 -11 -13 -18 -24 -26 0 
-9 -12 -19 -27 0 
-3 -5 -11 -12 -13 -22 -28 0 
-2 -7 -8 -11 -19 -20 0 
-8 -11 -13 -21 0 
-7 -15 -18 -27 0 
-1 -6 -13 -15 -16 -18 -21 -23 -24 -27 0 
-1 -6 -18 -20 -25 -26 -27 0 
-5 -8 -10 -12 -13 -26 0 
-5 -6 -7 -12 -16 -17 -21 -23 -25 -27 0 
-1 -4 -8 -19 -21 -23 0 
-2 -5 -6 -7 -10 -11 0 
-4 -5 -7 -11 -21 -25 -26 0 
-3 -6 -8 -12 -21 -23 0 
-4 -7 -9 -25 -26 0 
-6 -13 -21 -22 -23 -24 0 
-4 -11 -15 -22 -24 -26 -28 0 
-1 -5 -7 -9 -10 -16 -25 0 
-2 -9 -14 -26 0 
-5 -6 -10 -17 -20 -24 -26 0 
-1 -3 -13 -21 -24 -26 0 
-2 -12 -13 -14 -15 -19 -23 -27 0 
-3 -13 -19 -23 0 
-5 -6 -11 -17 -22 -23 -28 0 
-12 -17 -22 -28 0 
-5 -13 -21 0 
-1 -2 -5 -7 -20 -22 -25 -27 0 
-12 -15 -16 -20 -28 0 
-3 -7 -9 -11 -12 -22 -23 -27 0 
-2 -12 -17 -24 -25 -27 0 
-3 -5 -8 -13 -17 -18 -19 -23 0 
-2 -13 -19 -27 0 
-3 -5 -14 -16 -17 -20 -25 -28 0 
-6 -8 -12 -16 -18 -26 0 
-6 -7 -9 -13 -14 -15 -21 -22 -28 0 
-1 -8 -10 -16 -18 -20 -24 0 
-5 -7 -10 -12 -15 -20 -25 -26 0 
-6 -10 -11 -21 0 
-2 -6 -7 -8 -21 -23 -26 0 
-5 -11 -12 -17 -18 0 
-3 -6 -8 -10 -14 -16 -23 0 
-1 -11 -12 -21 -23 -25 -27 0 
-4 -17 -23 -24 -25 -28 0 
-4 -12 -14 -21 -22 -23 -27 0 
-4 -5 -7 -8 -10 -15 -20 -21 0 
-4 -9 -12 0 
-3 -5 -7 -8 -9 -16 -17 -21 -25 0 
-2 -6 -12 -17 -27 0 
-4 -11 -18 -20 -22 -25 -27 0 
-5 -7 -10 -17 -19 -21 -22 -25 0 
-5 -10 -12 -13 -14 -15 -16 -17 -26 -27 0 
-1 -13 -21 -25 0 
-7 -18 -21 -22 -25 -27 0 
-1 -7 -8 -10 -18 -19 -22 -26 -28 0 
-15 -17 -24 -25 0 
-4 -5 -9 -11 -21 -26 0 
-10 -11 -14 -15 -19 0 
-4 -5 -8 -15 -16 -17 -20 -23 -28 0 
-2 -5 -7 -27 -28 0 
-2 -4 -9 -20 -22 -26 0 
-2 -4 -5 -11 -13 -17 -25 0 
-4 -6 -8 -17 -23 -25 -28 0 
-10 -11 -21 -23 0 
-13 -16 -17 -18 -24 -26 -28 0 
-6 -11 -16 -25 0 
-3 -7 -10 -24 -25 -27 0 
-7 -10 -17 -19 -21 -28 0 
-8 -13 -27 0 
-7 -8 -14 -17 -26 -28 0 
-1 -6 -7 -15 -17 -28 0 
-1 -2 -10 -13 -17 -19 -23 0 
-1 -4 -10 -21 -23 0 
-4 -5 -12 -15 -16 -20 -24 -26 0 
-1 -5 -8 -10 -13 -20 0 
-3 -9 -23 0 
-3 -14 -15 -18 -20 -22 0 
-1 -12 -14 -18 -20 -24 -26 -27 0 
-6 -7 -14 -25 0 
-2 -7 -8 -14 -16 -21 -27 0 
-4 -6 -7 -8 -14 -15 -18 -28 0 
-7 -16 -19 -23 -24 0 
-2 -9 -10 -14 -15 -16 -18 -19 -23 0 
-5 -6 -9 -10 -11 -19 -21 -24 0 
-4 -12 -14 -17 -25 -27 0 
-3 -6 -13 -16 -17 -20 -22 -27 0 
-5 -14 -18 -28 0 
-2 -4 -5 -10 -15 -16 -19 -23 -26 0 
-4 -7 -8 -14 0 
-4 -5 -17 -22 0 
-1 -6 -10 -17 0 
-7 -17 -19 -25 -26 -28 0 
-4 -12 -15 -17 -18 -24 0 
-8 -10 -17 -18 0 
-2 -10 -11 -18 -21 -22 0 
-1 -7 -9 -10 -15 -18 -20 0 
-4 -5 -11 -13 -14 -21 0 
-1 -4 -7 -10 -15 -20 -27 0 
-4 -12 -26 0 
-1 -4 -13 -18 -19 -22 -25 -27 0 
-7 -17 -20 -22 -26 -27 0 
-3 -5 -8 -13 -15 -19 -24 -28 0 
-17 -18 -19 -26 0 
-4 -11 -14 -17 -19 -22 -25 0 
-8 -10 -11 -12 -13 -22 0 
-6 -10 -11 -20 -25 -27 0 
-1 -5 -19 -22 -27 0 
-2 -8 -16 -18 -22 -26 -28 0 
-2 -3 -12 -15 -17 -19 -20 -25 0 
-4 -7 -12 -13 -23 -25 -27 0 
-1 -5 -10 -23 0 
-5 -11 -15 -20 -21 -28 0 
-2 -5 -10 -11 -12 -13 -14 -17 -19 -21 -25 0 
-6 -7 -23 0 
-9 -15 -19 -20 -22 -26 -28 0 
-3 -5 -10 -11 -12 -13 -18 -19 -26 0 
-1 -6 -10 -17 -18 -22 -26 0 
-5 -10 -11 -14 -20 -22 -25 -26 -28 0 
-5 -11 -18 -19 0 
-10 -12 -19 -23 -26 0 
-1 -2 -4 -13 -17 0 
-12 -14 -22 -23 -24 0 
-8 -20 -21 0 
-2 -3 -5 -11 -12 -24 -25 -26 0 
-1 -10 -12 -18 -20 -21 -25 -27 0 
-2 -6 -24 0 
-5 -9 -10 -11 -12 -14 -18 -21 -24 0 
-2 -5 -6 -9 -14 -18 -22 -24 -25 -27 -28 0 
-6 -10 -12 -17 -23 0 
-5 -9 -10 -11 -12 -16 -17 -19 0 
-11 -12 -17 -20 -23 -26 0 
-3 -4 -6 -23 -26 0 
-4 -5 -6 -8 -9 -11 -18 -22 -24 0 
-2 -11 -12 -18 -24 -25 -26 0 
-2 -7 -10 -14 -24 0 
-1 -2 -11 -17 -22 0 
-1 -8 -12 -18 -24 -26 -27 0 
-5 -6 -11 -15 -17 -18 -21 -27 -28 0 
-12 -20 -26 0 
-1 -8 -13 -22 -24 -27 0 
-1 -2 -9 -11 -18 -22 -27 0 
-2 -5 -10 -11 -14 -17 -27 0 
-3 -14 -18 -20 -23 -25 -27 0 
-1 -3 -11 -12 -19 -20 -27 -28 0 
-1 -8 -9 -17 -23 -25 0 
-6 -8 -16 -19 -20 -23 0 
-1 -20 -21 -25 0 
-11 -21 -24 0 
-2 -9 -17 -19 -25 0 
-3 -4 -6 -12 -21 -24 -28 0 
-3 -9 -11 -17 -22 -27 0 
-3 -7 -9 -11 -16 -19 -21 -22 -25 0 
-2 -3 -10 -11 -20 -25 0 
-1 -2 -7 -20 -24 -27 -28 0 
-5 -17 -20 -21 -26 0 
-20 -21 -24 0 
-3 -5 -14 -17 -21 -23 0 
-2 -5 -9 -10 -15 -17 -22 0 
-2 -11 -20 0 
-2 -10 -11 -12 -18 -19 -20 -23 0 
-7 -11 -12 -18 -20 -22 -26 0 
-11 -13 -18 -25 -27 0 
-4 -10 -11 -12 -17 -24 -27 0 
-1 -2 -5 -6 -8 -11 -22 0 
-3 -4 -13 -14 -19 -22 -26 0 
-3 -10 -11 -13 -16 -18 -22 -23 0 
-2 -7 -8 -14 -16 -18 -19 -23 0 
-4 -5 -9 -16 -26 -27 -28 0 
-2 -3 -9 -11 -12 -19 -27 -28 0 
-1 -2 -4 -16 -19 -21 -25 -26 -28 0 
-4 -11 -12 -14 -26 -27 0 
-2 -13 -15 -18 -19 -20 -24 -25 -26 0 
-3 -5 -7 -8 -10 -11 -13 -15 -16 -21 -23 -28 0 
-1 -5 -13 -15 -19 0 
-6 -19 -22 -23 0 
-10 -17 -26 0 
-1 -4 -7 -19 -20 -24 0 
-1 -2 -7 -10 -11 -12 -14 -19 -21 0 
-7 -8 -9 -21 -25 0 
-7 -9 -20 -23 0 
-5 -8 -13 -14 -19 -25 0 
-1 -5 -6 -9 -11 0 
-2 -11 -17 0 
-2 -8 -9 -11 -15 -17 -18 -19 -23 0 
-8 -14 -15 -17 -20 -24 0 
-3 -12 -20 -22 -23 -28 0 
-1 -4 -5 -7 -15 -16 -18 -21 -22 -27 0 
-1 -9 -16 -25 0 
-3 -8 -14 -16 -22 -27 -28 0 
-4 -11 -12 -14 -21 0 
-8 -9 -11 -13 -21 0 
-1 -3 -4 -10 -11 -12 -16 -18 -19 -27 0 
-1 -12 -15 0 
-1 -10 -11 -12 -14 -15 -16 -23 -27 0 
-3 -5 -10 -14 -15 -18 -22 0 
-2 -5 -15 -22 -23 -28 0 
-4 -11 -12 -13 -14 -15 0 
-1 -8 -9 -17 -22 -28 0 
-4 -6 -7 -8 -19 -20 -21 -22 -23 -24 -28 0 
-1 -7 -8 -16 -24 -25 -28 0 
-2 -5 -17 -19 -22 0 
-15 -20 -21 -25 -26 0 
-2 -8 -10 -15 -19 -24 -25 0 
