p cnf 28 800
5 17 18 0 
1 8 10 13 21 0 
4 8 9 24 25 0 
1 13 14 24 28 0 
5 7 12 13 16 22 25 26 0 
8 14 15 16 20 27 0 
15 19 26 28 0 
10 12 22 23 24 0 
1 3 8 17 19 27 28 0 
6 7 17 20 27 0 
1 6 7 8 9 10 14 25 26 0 
4 15 16 17 19 23 24 0 
3 11 20 22 25 26 28 0 
1 5 7 8 21 28 0 
6 11 12 16 27 28 0 
7 12 13 16 17 22 0 
4 9 10 13 20 24 25 0 
9 13 19 20 24 26 28 0 
9 11 14 21 0 
7 14 17 20 23 24 0 
2 5 9 12 18 19 20 23 0 
7 11 16 17 24 26 0 
4 9 12 14 22 24 28 0 
4 15 23 25 26 27 0 
2 5 7 14 15 22 27 0 
3 12 15 16 20 28 0 
2 6 15 16 19 0 
6 7 19 20 24 0 
1 11 14 18 20 22 0 
1 15 20 21 22 23 27 0 
2 9 12 22 23 25 26 28 0 
1 7 13 17 22 26 28 0 
1 6 11 12 20 21 0 
8 9 21 26 28 0 
2 5 7 12 15 18 19 22 23 0 
3 7 9 13 18 21 22 24 0 
5 7 10 19 23 28 0 
2 6 23 24 25 0 
1 2 3 10 11 18 23 25 0 
9 11 15 24 26 0 
7 9 10 15 18 20 0 
4 7 10 12 24 0 
1 2 6 8 10 11 13 24 26 0 
7 8 13 15 16 18 19 20 0 
5 9 10 17 20 22 0 
14 23 28 0 
3 5 13 16 19 20 0 
1 3 7 18 19 23 26 0 
5 6 7 8 16 17 19 24 27 0 
6 10 28 0 
4 5 15 18 21 24 25 27 0 
10 11 24 0 
3 6 7 11 12 18 0 
1 8 12 13 0 
5 10 19 22 28 0 
3 6 16 17 18 19 21 0 
1 2 7 12 15 26 0 
1 2 7 12 14 23 24 0 
1 4 18 25 26 0 
2 3 4 7 19 21 23 0 
9 16 17 21 24 28 0 
5 17 21 0 
2 7 8 9 17 19 23 27 0 
4 8 9 18 24 0 
4 5 7 10 13 21 24 25 0 
3 4 11 24 26 0 
3 5 6 7 12 18 0 
12 18 21 22 25 27 0 
1 19 25 0 
5 9 10 11 19 23 28 0 
1 2 4 6 9 15 21 22 23 0 
10 14 22 25 26 0 
3 5 6 7 12 15 18 19 21 0 
3 15 23 28 0 
2 7 8 10 11 15 18 21 24 0 
12 17 19 24 25 26 27 0 
2 4 7 11 12 15 16 21 24 0 
10 15 16 18 21 23 24 25 27 0 
3 6 7 14 17 25 0 
3 8 14 15 19 27 0 
7 10 13 19 24 0 
7 9 18 27 28 0 
1 4 10 11 14 20 28 0 
7 12 13 16 17 20 0 
6 16 17 23 26 0 
2 6 10 12 23 25 26 0 
3 4 5 7 12 14 15 16 20 27 0 
4 9 15 22 27 0 
1 6 10 14 15 24 26 0 
4 5 8 10 11 16 23 27 0 
2 3 4 6 7 9 12 17 18 19 24 25 0 
1 2 5 13 15 25 0 
1 2 6 12 27 0 
3 4 8 12 19 23 27 28 0 
6 13 23 25 0 
4 7 13 17 18 21 23 0 
2 4 8 10 13 17 18 22 0 
2 3 5 7 13 15 17 27 28 0 
1 12 14 25 26 28 0 
6 7 8 10 11 22 26 28 0 
1 3 4 8 13 17 25 0 
3 8 10 15 17 24 28 0 
9 10 23 27 0 
3 11 12 17 19 27 0 
1 5 7 16 19 0 
1 12 14 15 20 23 0 
1 2 3 6 9 10 16 24 25 27 28 0 
6 9 26 0 
3 7 8 15 22 27 0 
3 6 7 8 11 20 22 0 
3 5 6 11 16 22 25 0 
1 5 11 12 18 19 22 25 0 
6 18 25 0 
2 15 16 17 19 0 
3 8 11 12 15 16 17 27 0 
2 6 8 20 22 23 0 
2 6 15 17 21 22 27 0 
7 11 15 17 18 25 0 
1 5 9 14 19 25 26 0 
1 7 9 20 28 0 
5 6 9 11 16 21 28 0 
1 7 9 21 0 
9 10 11 18 21 26 28 0 
1 10 27 0 
1 3 4 17 24 26 27 0 
2 9 10 0 
10 13 17 0 
1 2 3 16 18 19 22 0 
1 4 7 15 18 27 0 
5 6 28 0 
1 3 7 12 15 16 18 19 21 26 0 
1 4 9 11 13 23 26 27 28 0 
4 7 11 17 24 0 
4 7 16 27 0 
7 15 17 19 21 22 24 0 
6 8 11 16 20 28 0 
10 13 18 27 28 0 
9 14 19 26 28 0 
9 15 19 26 0 
2 5 6 7 9 14 18 20 28 0 
8 11 20 23 24 27 0 
5 9 12 0 
1 6 11 17 21 0 
1 15 18 19 26 0 
1 4 5 13 16 22 27 0 
5 7 14 15 21 0 
4 6 12 14 19 20 26 0 
1 2 9 10 20 23 28 0 
6 12 13 19 23 24 25 26 0 
1 2 3 16 24 28 0 
2 3 6 10 16 22 0 
1 14 17 22 27 28 0 
3 12 18 19 22 0 
3 5 7 9 11 12 17 21 23 25 0 
8 12 20 27 0 
2 7 16 18 0 
3 4 6 18 24 26 0 
1 6 12 20 0 
1 5 16 18 20 26 28 0 
1 4 9 15 0 
13 14 23 0 
5 14 15 16 19 0 
5 14 16 18 19 20 0 
10 11 20 23 25 26 0 
3 5 11 15 25 26 0 
9 11 17 25 26 28 0 
1 6 12 0 
6 9 10 11 14 16 23 0 
1 7 13 15 23 27 0 
2 6 18 19 22 27 0 
4 10 11 14 21 22 23 0 
2 5 12 19 22 23 26 27 0 
12 27 28 0 
5 10 16 17 26 27 0 
3 9 12 13 18 24 25 27 0 
7 9 14 20 27 28 0 
3 5 6 12 15 25 0 
2 3 6 13 15 22 0 
3 5 8 11 17 18 20 25 0 
4 6 17 20 24 27 28 0 
3 10 12 21 26 0 
3 10 18 19 20 25 26 0 
7 8 10 19 21 27 0 
6 8 20 25 0 
4 5 16 26 0 
7 10 17 25 26 0 
3 5 6 8 11 15 17 18 28 0 
2 7 14 15 17 23 25 0 
8 14 24 26 0 
6 10 16 22 0 
2 5 9 10 11 16 20 0 
4 5 15 16 19 22 25 0 
5 6 11 12 14 20 23 25 0 
4 8 16 21 24 28 0 
18 19 27 0 
4 6 13 15 16 20 22 24 0 
1 6 7 12 13 16 18 23 0 
7 10 18 25 27 0 
2 14 17 19 0 
1 8 14 19 24 26 0 
5 6 8 10 11 14 25 26 27 0 
3 17 27 28 0 
4 10 12 13 14 25 28 0 
9 17 24 26 27 28 0 
1 2 9 11 20 27 0 
1 13 16 17 18 25 26 0 
1 2 23 24 27 0 
5 13 20 25 0 
2 5 9 10 15 23 0 
5 8 22 26 0 
2 8 9 11 15 23 26 0 
1 4 5 6 7 8 14 15 16 20 24 0 
2 12 16 21 27 0 
1 2 7 10 12 16 21 24 26 28 0 
5 7 8 11 25 27 0 
5 8 9 11 21 25 28 0 
21 23 24 0 
5 6 18 19 20 0 
5 7 11 12 16 18 20 22 0 
27 28 0 
2 3 5 8 9 0 
2 4 5 8 9 10 11 17 23 26 0 
5 7 12 17 25 27 28 0 
1 7 11 19 25 0 
1 6 7 9 18 19 28 0 
10 12 19 23 24 26 0 
3 4 8 18 20 22 26 0 
2 6 10 16 20 23 26 27 0 
1 3 26 0 
4 6 10 12 22 26 27 0 
5 6 8 14 19 22 24 0 
7 10 12 14 17 22 25 27 0 
1 3 4 6 18 21 0 
7 12 14 16 23 24 25 27 0 
7 12 22 26 28 0 
2 3 6 8 12 19 24 0 
3 7 16 21 22 28 0 
7 9 13 16 17 28 0 
2 5 6 9 17 19 20 21 23 0 
9 10 21 24 25 0 
2 3 5 7 8 14 16 20 25 0 
7 9 20 25 0 
2 3 7 16 18 22 25 0 
2 6 7 21 24 0 
3 5 6 10 11 15 17 19 23 25 0 
1 4 7 12 15 19 23 24 28 0 
5 8 15 17 18 22 24 27 28 0 
4 8 12 18 22 24 26 28 0 
13 24 25 0 
4 5 7 9 18 21 24 0 
3 4 12 13 18 27 0 
10 17 18 21 0 
1 3 12 14 17 21 22 28 0 
3 6 7 9 19 0 
5 13 16 18 26 0 
7 12 15 17 18 26 0 
4 5 6 14 20 21 26 0 
5 9 12 13 18 23 25 28 0 
3 7 8 9 24 0 
5 7 13 22 23 0 
4 8 11 19 23 25 0 
7 14 18 27 0 
7 18 21 23 24 26 27 0 
3 13 19 23 0 
14 15 18 27 0 
5 7 19 21 23 0 
1 2 6 15 16 19 20 21 23 25 27 28 0 
1 6 9 15 16 18 19 26 0 
3 9 12 22 24 0 
4 7 8 10 19 24 25 0 
9 10 13 15 0 
9 10 16 19 21 0 
6 9 18 24 27 28 0 
1 15 17 19 20 23 24 25 28 0 
3 9 14 19 22 25 26 28 0 
4 7 9 12 16 18 20 28 0 
2 8 14 16 17 24 25 28 0 
2 4 6 18 22 23 24 25 0 
2 4 8 11 16 27 0 
4 6 9 10 17 20 22 25 27 0 
3 8 9 19 21 22 27 0 
1 6 11 16 19 20 27 0 
1 12 13 21 25 0 
1 4 17 19 28 0 
3 5 8 9 16 17 21 24 28 0 
4 7 12 17 18 24 27 0 
1 7 13 15 21 24 25 0 
5 18 22 24 25 26 27 0 
5 7 14 19 20 0 
6 10 12 18 20 21 22 0 
2 8 9 10 14 21 0 
1 5 6 7 10 18 22 25 0 
8 14 20 23 26 0 
2 8 17 20 22 27 28 0 
1 12 18 23 27 0 
4 7 13 14 16 20 28 0 
1 14 22 25 0 
3 5 11 12 15 17 23 0 
8 11 12 13 16 18 21 23 27 28 0 
9 13 15 20 22 24 0 
3 5 6 7 8 18 28 0 
7 14 15 18 20 26 28 0 
7 11 18 19 0 
3 4 8 9 15 19 21 24 26 0 
1 6 7 8 10 12 14 15 27 0 
1 13 15 17 20 24 0 
1 5 8 10 12 13 15 21 25 0 
7 18 19 24 0 
1 6 23 24 27 0 
8 9 10 15 18 20 22 23 25 27 28 0 
4 5 10 16 22 23 27 0 
3 6 19 20 26 0 
4 5 7 12 13 20 23 26 27 0 
3 5 10 12 15 20 24 25 0 
1 4 11 13 14 17 18 22 24 25 26 27 0 
3 5 16 18 25 0 
2 6 7 16 17 23 0 
3 12 16 18 23 25 27 0 
6 8 11 14 25 27 0 
3 7 9 14 24 25 0 
1 13 26 28 0 
2 7 8 16 20 21 23 0 
6 7 13 15 18 19 22 28 0 
5 6 8 10 11 12 0 
4 12 13 16 17 19 20 21 0 
7 17 20 26 0 
3 6 10 12 13 19 21 23 0 
4 10 18 23 25 0 
3 7 9 14 19 21 0 
1 4 6 11 12 18 19 0 
2 9 15 20 22 0 
2 6 10 13 22 25 26 0 
1 2 3 11 12 15 16 22 0 
8 10 11 16 19 22 23 0 
1 2 5 14 20 24 0 
5 6 12 17 20 24 27 0 
2 3 6 9 26 0 
3 13 16 17 20 0 
1 2 3 4 8 10 14 27 0 
11 15 16 24 26 28 0 
5 6 7 16 25 0 
3 7 12 0 
1 3 5 6 9 11 13 16 19 21 22 28 0 
1 2 3 11 20 27 0 
1 5 6 9 13 14 18 20 24 0 
2 3 5 7 9 12 13 16 25 26 0 
2 5 9 13 15 17 27 28 0 
17 19 22 23 27 28 0 
4 7 8 9 10 16 18 20 27 0 
3 10 16 20 21 25 0 
8 12 17 18 24 27 0 
14 18 21 26 0 
1 6 9 13 0 
2 11 12 17 22 24 26 0 
13 20 22 0 
9 11 14 16 17 19 21 25 26 0 
1 7 8 9 12 14 15 16 17 22 24 0 
4 5 7 13 27 28 0 
1 2 9 15 21 26 28 0 
1 13 14 19 0 
1 9 15 20 0 
1 7 13 16 22 0 
10 13 15 16 18 23 25 0 
4 5 6 11 13 24 0 
3 9 16 18 28 0 
3 5 14 15 16 25 0 
4 19 24 25 26 0 
6 7 9 14 23 26 0 
1 3 4 7 10 12 13 16 19 0 
1 14 15 18 26 0 
17 23 24 0 
2 7 13 14 20 24 0 
3 5 12 15 21 24 25 0 
1 7 9 28 0 
9 20 21 23 24 25 27 0 
4 6 9 12 21 26 27 0 
5 15 16 22 26 28 0 
4 11 18 19 23 28 0 
3 15 17 19 21 25 0 
1 8 13 25 26 27 0 
5 7 10 12 16 20 27 0 
12 13 16 26 0 
1 6 10 15 16 23 0 
19 21 27 0 
14 18 19 20 26 27 0 
7 9 22 25 0 
1 7 8 9 24 27 0 
4 11 13 17 26 27 0 
2 5 9 12 14 16 17 0 
3 16 26 0 
1 5 7 8 18 20 0 
4 9 16 18 23 26 0 
2 12 17 19 20 22 0 
1 4 6 7 11 12 13 23 24 0 
4 6 12 14 17 20 25 0 
5 6 7 11 27 28 0 
3 7 9 22 0 
3 4 6 9 15 16 17 18 22 24 28 0 
11 19 20 23 0 
1 5 6 8 9 11 14 17 19 23 27 0 
-5 -17 -18 0 
-1 -8 -10 -13 -21 0 
-4 -8 -9 -24 -25 0 
-1 -13 -14 -24 -28 0 
-5 -7 -12 -13 -16 -22 -25 -26 0 
-8 -14 -15 -16 -20 -27 0 
-15 -19 -26 -28 0 
-10 -12 -22 -23 -24 0 
-1 -3 -8 -17 -19 -27 -28 0 
-6 -7 -17 -20 -27 0 
-1 -6 -7 -8 -9 -10 -14 -25 -26 0 
-4 -15 -16 -17 -19 -23 -24 0 
-3 -11 -20 -22 -25 -26 -28 0 
-1 -5 -7 -8 -21 -28 0 
-6 -11 -12 -16 -27 -28 0 
-7 -12 -13 -16 -17 -22 0 
-4 -9 -10 -13 -20 -24 -25 0 
-9 -13 -19 -20 -24 -26 -28 0 
-9 -11 -14 -21 0 
-7 -14 -17 -20 -23 -24 0 
-2 -5 -9 -12 -18 -19 -20 -23 0 
-7 -11 -16 -17 -24 -26 0 
-4 -9 -12 -14 -22 -24 -28 0 
-4 -15 -23 -25 -26 -27 0 
-2 -5 -7 -14 -15 -22 -27 0 
-3 -12 -15 -16 -20 -28 0 
-2 -6 -15 -16 -19 0 
-6 -7 -19 -20 -24 0 
-1 -11 -14 -18 -20 -22 0 
-1 -15 -20 -21 -22 -23 -27 0 
-2 -9 -12 -22 -23 -25 -26 -28 0 
-1 -7 -13 -17 -22 -26 -28 0 
-1 -6 -11 -12 -20 -21 0 
-8 -9 -21 -26 -28 0 
-2 -5 -7 -12 -15 -18 -19 -22 -23 0 
-3 -7 -9 -13 -18 -21 -22 -24 0 
-5 -7 -10 -19 -23 -28 0 
-2 -6 -23 -24 -25 0 
-1 -2 -3 -10 -11 -18 -23 -25 0 
-9 -11 -15 -24 -26 0 
-7 -9 -10 -15 -18 -20 0 
-4 -7 -10 -12 -24 0 
-1 -2 -6 -8 -10 -11 -13 -24 -26 0 
-7 -8 -13 -15 -16 -18 -19 -20 0 
-5 -9 -10 -17 -20 -22 0 
-14 -23 -28 0 
-3 -5 -13 -16 -19 -20 0 
-1 -3 -7 -18 -19 -23 -26 0 
-5 -6 -7 -8 -16 -17 -19 -24 -27 0 
-6 -10 -28 0 
-4 -5 -15 -18 -21 -24 -25 -27 0 
-10 -11 -24 0 
-3 -6 -7 -11 -12 -18 0 
-1 -8 -12 -13 0 
-5 -10 -19 -22 -28 0 
-3 -6 -16 -17 -18 -19 -21 0 
-1 -2 -7 -12 -15 -26 0 
-1 -2 -7 -12 -14 -23 -24 0 
-1 -4 -18 -25 -26 0 
-2 -3 -4 -7 -19 -21 -23 0 
-9 -16 -17 -21 -24 -28 0 
-5 -17 -21 0 
-2 -7 -8 -9 -17 -19 -23 -27 0 
-4 -8 -9 -18 -24 0 
-4 -5 -7 -10 -13 -21 -24 -25 0 
-3 -4 -11 -24 -26 0 
-3 -5 -6 -7 -12 -18 0 
-12 -18 -21 -22 -25 -27 0 
-1 -19 -25 0 
-5 -9 -10 -11 -19 -23 -28 0 
-1 -2 -4 -6 -9 -15 -21 -22 -23 0 
-10 -14 -22 -25 -26 0 
-3 -5 -6 -7 -12 -15 -18 -19 -21 0 
-3 -15 -23 -28 0 
-2 -7 -8 -10 -11 -15 -18 -21 -24 0 
-12 -17 -19 -24 -25 -26 -27 0 
-2 -4 -7 -11 -12 -15 -16 -21 -24 0 
-10 -15 -16 -18 -21 -23 -24 -25 -27 0 
-3 -6 -7 -14 -17 -25 0 
-3 -8 -14 -15 -19 -27 0 
-7 -10 -13 -19 -24 0 
-7 -9 -18 -27 -28 0 
-1 -4 -10 -11 -14 -20 -28 0 
-7 -12 -13 -16 -17 -20 0 
-6 -16 -17 -23 -26 0 
-2 -6 -10 -12 -23 -25 -26 0 
-3 -4 -5 -7 -12 -14 -15 -16 -20 -27 0 
-4 -9 -15 -22 -27 0 
-1 -6 -10 -14 -15 -24 -26 0 
-4 -5 -8 -10 -11 -16 -23 -27 0 
-2 -3 -4 -6 -7 -9 -12 -17 -18 -19 -24 -25 0 
-1 -2 -5 -13 -15 -25 0 
-1 -2 -6 -12 -27 0 
-3 -4 -8 -12 -19 -23 -27 -28 0 
-6 -13 -23 -25 0 
-4 -7 -13 -17 -18 -21 -23 0 
-2 -4 -8 -10 -13 -17 -18 -22 0 
-2 -3 -5 -7 -13 -15 -17 -27 -28 0 
-1 -12 -14 -25 -26 -28 0 
-6 -7 -8 -10 -11 -22 -26 -28 0 
-1 -3 -4 -8 -13 -17 -25 0 
-3 -8 -10 -15 -17 -24 -28 0 
-9 -10 -23 -27 0 
-3 -11 -12 -17 -19 -27 0 
-1 -5 -7 -16 -19 0 
-1 -12 -14 -15 -20 -23 0 
-1 -2 -3 -6 -9 -10 -16 -24 -25 -27 -28 0 
-6 -9 -26 0 
-3 -7 -8 -15 -22 -27 0 
-3 -6 -7 -8 -11 -20 -22 0 
-3 -5 -6 -11 -16 -22 -25 0 
-1 -5 -11 -12 -18 -19 -22 -25 0 
-6 -18 -25 0 
-2 -15 -16 -17 -19 0 
-3 -8 -11 -12 -15 -16 -17 -27 0 
-2 -6 -8 -20 -22 -23 0 
-2 -6 -15 -17 -21 -22 -27 0 
-7 -11 -15 -17 -18 -25 0 
-1 -5 -9 -14 -19 -25 -26 0 
-1 -7 -9 -20 -28 0 
-5 -6 -9 -11 -16 -21 -28 0 
-1 -7 -9 -21 0 
-9 -10 -11 -18 -21 -26 -28 0 
-1 -10 -27 0 
-1 -3 -4 -17 -24 -26 -27 0 
-2 -9 -10 0 
-10 -13 -17 0 
-1 -2 -3 -16 -18 -19 -22 0 
-1 -4 -7 -15 -18 -27 0 
-5 -6 -28 0 
-1 -3 -7 -12 -15 -16 -18 -19 -21 -26 0 
-1 -4 -9 -11 -13 -23 -26 -27 -28 0 
-4 -7 -11 -17 -24 0 
-4 -7 -16 -27 0 
-7 -15 -17 -19 -21 -22 -24 0 
-6 -8 -11 -16 -20 -28 0 
-10 -13 -18 -27 -28 0 
-9 -14 -19 -26 -28 0 
-9 -15 -19 -26 0 
-2 -5 -6 -7 -9 -14 -18 -20 -28 0 
-8 -11 -20 -23 -24 -27 0 
-5 -9 -12 0 
-1 -6 -11 -17 -21 0 
-1 -15 -18 -19 -26 0 
-1 -4 -5 -13 -16 -22 -27 0 
-5 -7 -14 -15 -21 0 
-4 -6 -12 -14 -19 -20 -26 0 
-1 -2 -9 -10 -20 -23 -28 0 
-6 -12 -13 -19 -23 -24 -25 -26 0 
-1 -2 -3 -16 -24 -28 0 
-2 -3 -6 -10 -16 -22 0 
-1 -14 -17 -22 -27 -28 0 
-3 -12 -18 -19 -22 0 
-3 -5 -7 -9 -11 -12 -17 -21 -23 -25 0 
-8 -12 -20 -27 0 
-2 -7 -16 -18 0 
-3 -4 -6 -18 -24 -26 0 
-1 -6 -12 -20 0 
-1 -5 -16 -18 -20 -26 -28 0 
-1 -4 -9 -15 0 
-13 -14 -23 0 
-5 -14 -15 -16 -19 0 
-5 -14 -16 -18 -19 -20 0 
-10 -11 -20 -23 -25 -26 0 
-3 -5 -11 -15 -25 -26 0 
-9 -11 -17 -25 -26 -28 0 
-1 -6 -12 0 
-6 -9 -10 -11 -14 -16 -23 0 
-1 -7 -13 -15 -23 -27 0 
-2 -6 -18 -19 -22 -27 0 
-4 -10 -11 -14 -21 -22 -23 0 
-2 -5 -12 -19 -22 -23 -26 -27 0 
-12 -27 -28 0 
-5 -10 -16 -17 -26 -27 0 
-3 -9 -12 -13 -18 -24 -25 -27 0 
-7 -9 -14 -20 -27 -28 0 
-3 -5 -6 -12 -15 -25 0 
-2 -3 -6 -13 -15 -22 0 
-3 -5 -8 -11 -17 -18 -20 -25 0 
-4 -6 -17 -20 -24 -27 -28 0 
-3 -10 -12 -21 -26 0 
-3 -10 -18 -19 -20 -25 -26 0 
-7 -8 -10 -19 -21 -27 0 
-6 -8 -20 -25 0 
-4 -5 -16 -26 0 
-7 -10 -17 -25 -26 0 
-3 -5 -6 -8 -11 -15 -17 -18 -28 0 
-2 -7 -14 -15 -17 -23 -25 0 
-8 -14 -24 -26 0 
-6 -10 -16 -22 0 
-2 -5 -9 -10 -11 -16 -20 0 
-4 -5 -15 -16 -19 -22 -25 0 
-5 -6 -11 -12 -14 -20 -23 -25 0 
-4 -8 -16 -21 -24 -28 0 
-18 -19 -27 0 
-4 -6 -13 -15 -16 -20 -22 -24 0 
-1 -6 -7 -12 -13 -16 -18 -23 0 
-7 -10 -18 -25 -27 0 
-2 -14 -17 -19 0 
-1 -8 -14 -19 -24 -26 0 
-5 -6 -8 -10 -11 -14 -25 -26 -27 0 
-3 -17 -27 -28 0 
-4 -10 -12 -13 -14 -25 -28 0 
-9 -17 -24 -26 -27 -28 0 
-1 -2 -9 -11 -20 -27 0 
-1 -13 -16 -17 -18 -25 -26 0 
-1 -2 -23 -24 -27 0 
-5 -13 -20 -25 0 
-2 -5 -9 -10 -15 -23 0 
-5 -8 -22 -26 0 
-2 -8 -9 -11 -15 -23 -26 0 
-1 -4 -5 -6 -7 -8 -14 -15 -16 -20 -24 0 
-2 -12 -16 -21 -27 0 
-1 -2 -7 -10 -12 -16 -21 -24 -26 -28 0 
-5 -7 -8 -11 -25 -27 0 
-5 -8 -9 -11 -21 -25 -28 0 
-21 -23 -24 0 
-5 -6 -18 -19 -20 0 
-5 -7 -11 -12 -16 -18 -20 -22 0 
-27 -28 0 
-2 -3 -5 -8 -9 0 
-2 -4 -5 -8 -9 -10 -11 -17 -23 -26 0 
-5 -7 -12 -17 -25 -27 -28 0 
-1 -7 -11 -19 -25 0 
-1 -6 -7 -9 -18 -19 -28 0 
-10 -12 -19 -23 -24 -26 0 
-3 -4 -8 -18 -20 -22 -26 0 
-2 -6 -10 -16 -20 -23 -26 -27 0 
-1 -3 -26 0 
-4 -6 -10 -12 -22 -26 -27 0 
-5 -6 -8 -14 -19 -22 -24 0 
-7 -10 -12 -14 -17 -22 -25 -27 0 
-1 -3 -4 -6 -18 -21 0 
-7 -12 -14 -16 -23 -24 -25 -27 0 
-7 -12 -22 -26 -28 0 
-2 -3 -6 -8 -12 -19 -24 0 
-3 -7 -16 -21 -22 -28 0 
-7 -9 -13 -16 -17 -28 0 
-2 -5 -6 -9 -17 -19 -20 -21 -23 0 
-9 -10 -21 -24 -25 0 
-2 -3 -5 -7 -8 -14 -16 -20 -25 0 
-7 -9 -20 -25 0 
-2 -3 -7 -16 -18 -22 -25 0 
-2 -6 -7 -21 -24 0 
-3 -5 -6 -10 -11 -15 -17 -19 -23 -25 0 
-1 -4 -7 -12 -15 -19 -23 -24 -28 0 
-5 -8 -15 -17 -18 -22 -24 -27 -28 0 
-4 -8 -12 -18 -22 -24 -26 -28 0 
-13 -24 -25 0 
-4 -5 -7 -9 -18 -21 -24 0 
-3 -4 -12 -13 -18 -27 0 
-10 -17 -18 -21 0 
-1 -3 -12 -14 -17 -21 -22 -28 0 
-3 -6 -7 -9 -19 0 
-5 -13 -16 -18 -26 0 
-7 -12 -15 -17 -18 -26 0 
-4 -5 -6 -14 -20 -21 -26 0 
-5 -9 -12 -13 -18 -23 -25 -28 0 
-3 -7 -8 -9 -24 0 
-5 -7 -13 -22 -23 0 
-4 -8 -11 -19 -23 -25 0 
-7 -14 -18 -27 0 
-7 -18 -21 -23 -24 -26 -27 0 
-3 -13 -19 -23 0 
-14 -15 -18 -27 0 
-5 -7 -19 -21 -23 0 
-1 -2 -6 -15 -16 -19 -20 -21 -23 -25 -27 -28 0 
-1 -6 -9 -15 -16 -18 -19 -26 0 
-3 -9 -12 -22 -24 0 
-4 -7 -8 -10 -19 -24 -25 0 
-9 -10 -13 -15 0 
-9 -10 -16 -19 -21 0 
-6 -9 -18 -24 -27 -28 0 
-1 -15 -17 -19 -20 -23 -24 -25 -28 0 
-3 -9 -14 -19 -22 -25 -26 -28 0 
-4 -7 -9 -12 -16 -18 -20 -28 0 
-2 -8 -14 -16 -17 -24 -25 -28 0 
-2 -4 -6 -18 -22 -23 -24 -25 0 
-2 -4 -8 -11 -16 -27 0 
-4 -6 -9 -10 -17 -20 -22 -25 -27 0 
-3 -8 -9 -19 -21 -22 -27 0 
-1 -6 -11 -16 -19 -20 -27 0 
-1 -12 -13 -21 -25 0 
-1 -4 -17 -19 -28 0 
-3 -5 -8 -9 -16 -17 -21 -24 -28 0 
-4 -7 -12 -17 -18 -24 -27 0 
-1 -7 -13 -15 -21 -24 -25 0 
-5 -18 -22 -24 -25 -26 -27 0 
-5 -7 -14 -19 -20 0 
-6 -10 -12 -18 -20 -21 -22 0 
-2 -8 -9 -10 -14 -21 0 
-1 -5 -6 -7 -10 -18 -22 -25 0 
-8 -14 -20 -23 -26 0 
-2 -8 -17 -20 -22 -27 -28 0 
-1 -12 -18 -23 -27 0 
-4 -7 -13 -14 -16 -20 -28 0 
-1 -14 -22 -25 0 
-3 -5 -11 -12 -15 -17 -23 0 
-8 -11 -12 -13 -16 -18 -21 -23 -27 -28 0 
-9 -13 -15 -20 -22 -24 0 
-3 -5 -6 -7 -8 -18 -28 0 
-7 -14 -15 -18 -20 -26 -28 0 
-7 -11 -18 -19 0 
-3 -4 -8 -9 -15 -19 -21 -24 -26 0 
-1 -6 -7 -8 -10 -12 -14 -15 -27 0 
-1 -13 -15 -17 -20 -24 0 
-1 -5 -8 -10 -12 -13 -15 -21 -25 0 
-7 -18 -19 -24 0 
-1 -6 -23 -24 -27 0 
-8 -9 -10 -15 -18 -20 -22 -23 -25 -27 -28 0 
-4 -5 -10 -16 -22 -23 -27 0 
-3 -6 -19 -20 -26 0 
-4 -5 -7 -12 -13 -20 -23 -26 -27 0 
-3 -5 -10 -12 -15 -20 -24 -25 0 
-1 -4 -11 -13 -14 -17 -18 -22 -24 -25 -26 -27 0 
-3 -5 -16 -18 -25 0 
-2 -6 -7 -16 -17 -23 0 
-3 -12 -16 -18 -23 -25 -27 0 
-6 -8 -11 -14 -25 -27 0 
-3 -7 -9 -14 -24 -25 0 
-1 -13 -26 -28 0 
-2 -7 -8 -16 -20 -21 -23 0 
-6 -7 -13 -15 -18 -19 -22 -28 0 
-5 -6 -8 -10 -11 -12 0 
-4 -12 -13 -16 -17 -19 -20 -21 0 
-7 -17 -20 -26 0 
-3 -6 -10 -12 -13 -19 -21 -23 0 
-4 -10 -18 -23 -25 0 
-3 -7 -9 -14 -19 -21 0 
-1 -4 -6 -11 -12 -18 -19 0 
-2 -9 -15 -20 -22 0 
-2 -6 -10 -13 -22 -25 -26 0 
-1 -2 -3 -11 -12 -15 -16 -22 0 
-8 -10 -11 -16 -19 -22 -23 0 
-1 -2 -5 -14 -20 -24 0 
-5 -6 -12 -17 -20 -24 -27 0 
-2 -3 -6 -9 -26 0 
-3 -13 -16 -17 -20 0 
-1 -2 -3 -4 -8 -10 -14 -27 0 
-11 -15 -16 -24 -26 -28 0 
-5 -6 -7 -16 -25 0 
-3 -7 -12 0 
-1 -3 -5 -6 -9 -11 -13 -16 -19 -21 -22 -28 0 
-1 -2 -3 -11 -20 -27 0 
-1 -5 -6 -9 -13 -14 -18 -20 -24 0 
-2 -3 -5 -7 -9 -12 -13 -16 -25 -26 0 
-2 -5 -9 -13 -15 -17 -27 -28 0 
-17 -19 -22 -23 -27 -28 0 
-4 -7 -8 -9 -10 -16 -18 -20 -27 0 
-3 -10 -16 -20 -21 -25 0 
-8 -12 -17 -18 -24 -27 0 
-14 -18 -21 -26 0 
-1 -6 -9 -13 0 
-2 -11 -12 -17 -22 -24 -26 0 
-13 -20 -22 0 
-9 -11 -14 -16 -17 -19 -21 -25 -26 0 
-1 -7 -8 -9 -12 -14 -15 -16 -17 -22 -24 0 
-4 -5 -7 -13 -27 -28 0 
-1 -2 -9 -15 -21 -26 -28 0 
-1 -13 -14 -19 0 
-1 -9 -15 -20 0 
-1 -7 -13 -16 -22 0 
-10 -13 -15 -16 -18 -23 -25 0 
-4 -5 -6 -11 -13 -24 0 
-3 -9 -16 -18 -28 0 
-3 -5 -14 -15 -16 -25 0 
-4 -19 -24 -25 -26 0 
-6 -7 -9 -14 -23 -26 0 
-1 -3 -4 -7 -10 -12 -13 -16 -19 0 
-1 -14 -15 -18 -26 0 
-17 -23 -24 0 
-2 -7 -13 -14 -20 -24 0 
-3 -5 -12 -15 -21 -24 -25 0 
-1 -7 -9 -28 0 
-9 -20 -21 -23 -24 -25 -27 0 
-4 -6 -9 -12 -21 -26 -27 0 
-5 -15 -16 -22 -26 -28 0 
-4 -11 -18 -19 -23 -28 0 
-3 -15 -17 -19 -21 -25 0 
-1 -8 -13 -25 -26 -27 0 
-5 -7 -10 -12 -16 -20 -27 0 
-12 -13 -16 -26 0 
-1 -6 -10 -15 -16 -23 0 
-19 -21 -27 0 
-14 -18 -19 -20 -26 -27 0 
-7 -9 -22 -25 0 
-1 -7 -8 -9 -24 -27 0 
-4 -11 -13 -17 -26 -27 0 
-2 -5 -9 -12 -14 -16 -17 0 
-3 -16 -26 0 
-1 -5 -7 -8 -18 -20 0 
-4 -9 -16 -18 -23 -26 0 
-2 -12 -17 -19 -20 -22 0 
-1 -4 -6 -7 -11 -12 -13 -23 -24 0 
-4 -6 -12 -14 -17 -20 -25 0 
-5 -6 -7 -11 -27 -28 0 
-3 -7 -9 -22 0 
-3 -4 -6 -9 -15 -16 -17 -18 -22 -24 -28 0 
-11 -19 -20 -23 0 
-1 -5 -6 -8 -9 -11 -14 -17 -19 -23 -27 0 
