p cnf 28 800
2 3 5 6 7 10 23 0 
2 5 19 27 28 0 
2 12 21 0 
1 3 7 15 19 20 22 25 28 0 
1 12 13 14 20 0 
4 5 8 9 11 14 16 0 
3 5 8 11 13 15 22 23 0 
1 5 6 8 12 14 15 17 19 25 0 
1 2 5 6 20 21 23 0 
3 14 16 21 27 0 
1 12 13 16 17 19 27 0 
2 6 8 12 20 24 25 0 
1 7 9 11 13 17 28 0 
8 13 16 21 23 0 
1 7 10 12 13 23 28 0 
7 16 20 26 28 0 
2 6 10 18 23 24 25 0 
4 6 14 21 24 0 
4 8 10 13 17 19 23 24 25 26 0 
8 15 18 19 22 24 0 
1 3 9 11 14 16 21 22 24 28 0 
3 12 17 24 25 26 28 0 
9 13 15 21 22 24 27 0 
3 7 22 25 27 0 
1 11 15 17 22 28 0 
7 15 16 17 20 23 26 0 
1 11 15 20 21 23 0 
4 9 10 19 21 22 0 
3 4 5 9 10 11 12 24 0 
11 17 19 24 28 0 
3 7 8 12 16 17 0 
2 11 14 16 19 26 0 
4 15 17 19 20 21 0 
7 10 13 18 19 22 23 24 0 
10 13 20 21 22 0 
1 8 9 11 12 15 16 0 
2 4 15 24 26 0 
5 7 9 22 23 24 27 0 
9 11 13 19 21 26 27 0 
5 18 19 24 27 0 
5 9 17 20 27 0 
4 6 14 22 0 
12 14 17 20 26 0 
5 8 10 19 21 22 26 0 
2 5 14 21 0 
4 5 10 21 22 25 28 0 
13 24 0 
1 12 18 20 23 24 28 0 
4 8 11 13 28 0 
2 3 9 12 19 22 25 0 
1 2 6 8 18 20 28 0 
2 9 15 17 18 0 
5 7 11 14 17 0 
3 5 7 8 13 18 19 22 25 0 
4 12 13 16 22 28 0 
3 5 14 16 19 26 0 
5 7 11 13 17 0 
4 7 10 21 22 23 28 0 
9 12 16 20 22 23 25 28 0 
3 4 5 10 14 22 27 0 
5 8 18 21 25 0 
4 14 18 20 22 24 0 
1 7 10 13 18 21 0 
3 15 17 18 20 25 0 
12 13 18 20 21 24 0 
2 5 6 11 16 20 22 0 
11 12 14 15 23 27 28 0 
12 15 16 20 26 0 
13 14 20 23 27 0 
3 6 10 12 13 15 16 20 26 28 0 
3 12 28 0 
1 4 8 9 11 15 17 24 26 0 
12 16 18 20 24 26 27 0 
5 8 9 13 18 0 
16 19 23 0 
2 5 10 12 13 15 16 18 0 
3 8 15 19 21 27 0 
1 4 8 17 20 0 
2 4 5 6 15 18 19 23 25 0 
2 4 8 14 17 19 21 0 
10 11 16 17 19 20 27 0 
5 6 9 21 24 0 
14 23 26 28 0 
1 5 9 23 24 26 27 0 
6 7 12 19 0 
5 8 14 18 21 22 26 0 
8 14 15 24 27 0 
2 4 8 11 15 28 0 
4 11 14 15 18 20 27 28 0 
6 8 9 16 18 0 
6 7 10 11 27 0 
17 20 22 26 0 
2 4 6 11 12 13 22 27 0 
3 5 8 10 11 21 23 27 28 0 
6 10 12 21 23 24 26 0 
8 17 18 22 23 0 
3 9 13 16 17 21 0 
1 8 16 18 23 26 27 0 
1 12 21 22 0 
1 2 7 9 24 27 0 
2 6 9 15 16 22 25 28 0 
5 16 21 24 0 
2 4 23 25 0 
1 2 8 9 20 22 23 24 0 
3 4 7 10 12 21 22 28 0 
4 11 12 14 25 26 28 0 
6 13 14 15 16 23 24 25 0 
3 7 9 13 16 18 25 0 
2 5 9 12 14 18 21 25 0 
6 15 28 0 
1 11 12 13 15 19 25 27 0 
1 3 4 15 20 22 28 0 
3 5 6 7 14 15 19 23 24 26 0 
16 18 23 24 0 
6 7 15 24 0 
2 6 7 14 16 22 26 0 
1 3 6 12 19 22 27 0 
1 2 13 14 16 0 
3 11 13 14 16 23 0 
2 7 9 11 17 18 25 26 0 
2 3 5 7 8 9 10 12 21 22 24 0 
2 11 14 16 21 22 24 0 
2 10 11 12 16 22 24 0 
2 9 11 13 16 20 21 0 
4 5 7 8 11 19 24 0 
1 16 19 23 0 
2 5 7 10 13 16 17 19 28 0 
6 8 12 13 23 26 28 0 
12 22 26 0 
2 3 7 9 12 14 15 26 0 
2 7 11 14 18 19 24 0 
2 3 5 8 12 18 22 25 0 
5 14 18 23 24 0 
2 12 15 22 0 
4 5 8 9 14 17 28 0 
3 9 14 15 17 19 20 0 
7 9 20 22 28 0 
5 6 9 17 18 19 0 
3 4 7 9 11 23 0 
8 10 12 20 21 23 28 0 
3 9 11 15 22 23 27 0 
1 3 4 6 8 13 16 22 0 
5 18 19 0 
6 10 14 15 28 0 
1 2 5 11 13 16 22 24 0 
4 18 19 28 0 
6 11 13 17 18 23 25 0 
2 4 9 10 13 18 19 28 0 
2 3 10 15 24 0 
6 14 18 19 22 25 0 
3 11 22 23 0 
13 15 18 20 22 23 25 0 
3 11 12 13 25 27 0 
8 13 17 18 24 0 
13 14 16 17 19 25 0 
12 20 21 28 0 
1 10 11 21 24 25 26 0 
2 3 10 18 25 26 0 
2 4 13 24 25 0 
4 11 13 14 15 25 0 
3 7 10 16 20 23 0 
2 12 28 0 
1 3 13 21 24 26 0 
3 15 16 17 0 
2 6 11 12 21 24 0 
4 6 8 17 21 25 28 0 
1 9 20 23 27 28 0 
2 5 10 11 16 20 24 25 0 
2 3 13 14 21 0 
1 4 7 15 0 
4 6 10 11 23 24 27 0 
2 4 7 8 9 11 13 18 25 0 
6 7 11 14 18 20 28 0 
9 15 19 23 27 0 
2 9 20 26 28 0 
2 5 6 7 12 18 27 0 
15 16 18 20 24 27 0 
7 28 0 
1 4 13 20 21 0 
8 12 14 15 27 28 0 
15 16 17 22 23 28 0 
4 24 25 27 0 
1 3 8 19 22 24 28 0 
5 6 7 8 9 25 0 
2 10 16 20 23 27 28 0 
4 11 28 0 
2 3 4 6 8 15 18 19 25 27 0 
1 5 14 15 16 28 0 
2 9 11 13 21 27 28 0 
1 2 4 17 21 25 0 
2 8 12 14 15 19 27 0 
2 6 17 20 26 0 
3 6 8 13 15 20 24 25 27 0 
5 9 11 12 17 18 24 0 
4 11 22 23 0 
3 12 13 14 16 23 28 0 
4 5 10 19 26 28 0 
11 14 21 0 
2 6 7 8 11 16 23 25 0 
16 17 20 22 28 0 
4 6 7 10 16 25 0 
3 6 8 11 12 14 16 0 
6 12 13 21 22 27 28 0 
3 8 10 20 25 0 
3 5 6 7 10 11 20 22 25 0 
8 9 10 19 0 
2 17 20 22 0 
10 11 13 19 25 0 
4 20 26 0 
3 4 7 12 21 22 0 
14 17 18 23 26 0 
3 5 7 11 14 25 0 
7 11 13 14 18 22 24 0 
1 2 3 8 13 14 15 24 0 
4 6 11 13 14 18 19 20 0 
1 10 22 23 24 28 0 
3 14 21 25 0 
1 8 10 21 25 0 
1 2 4 9 12 14 15 20 23 0 
5 9 10 12 24 25 27 28 0 
8 9 11 16 19 20 24 0 
3 15 22 23 0 
2 4 5 6 8 16 18 22 0 
1 9 11 13 16 17 18 28 0 
4 5 7 13 23 24 25 0 
1 2 5 8 11 14 16 19 20 25 0 
3 5 8 9 12 13 18 20 0 
7 8 11 14 26 0 
4 10 11 14 24 28 0 
3 4 6 10 16 18 0 
2 5 16 18 25 0 
12 13 14 15 23 0 
3 5 9 11 13 16 20 23 24 0 
1 2 7 11 14 15 20 0 
5 7 16 17 22 28 0 
1 2 6 9 17 22 0 
4 10 17 23 27 28 0 
4 6 7 12 16 23 24 25 0 
9 12 17 24 26 0 
1 2 3 6 12 17 0 
4 7 8 16 26 27 0 
8 10 11 12 27 0 
1 10 13 15 20 22 0 
3 5 6 8 20 23 0 
3 11 17 22 0 
6 12 19 21 25 26 0 
2 6 11 18 23 0 
3 19 21 27 0 
15 16 25 0 
1 8 9 12 18 23 28 0 
5 7 11 15 16 19 21 25 28 0 
7 9 11 16 18 0 
2 5 11 12 14 0 
2 3 4 5 12 15 16 23 0 
5 7 13 15 23 26 28 0 
6 7 10 11 16 21 24 0 
4 6 15 21 24 0 
3 6 8 11 13 14 23 27 0 
11 14 16 19 22 26 0 
2 4 8 13 16 23 0 
3 4 8 9 18 19 20 28 0 
1 2 4 8 13 23 25 0 
3 6 7 11 18 24 28 0 
5 13 18 20 21 23 25 0 
1 3 11 15 24 25 26 0 
1 15 21 23 0 
4 5 8 12 14 16 28 0 
6 7 15 17 21 24 26 0 
4 11 27 28 0 
3 4 6 9 12 17 20 21 25 0 
3 10 19 0 
5 8 24 25 0 
5 6 14 15 17 18 0 
1 4 6 7 8 15 17 18 20 21 23 24 28 0 
3 4 7 8 9 12 13 15 25 0 
3 4 7 9 10 11 12 17 18 23 28 0 
3 5 15 0 
1 3 14 19 20 28 0 
3 6 7 12 13 20 25 26 0 
4 15 16 17 20 21 23 24 0 
10 11 15 23 25 26 28 0 
8 10 11 15 21 22 0 
2 11 12 16 22 0 
5 7 9 12 16 25 26 0 
4 5 8 9 17 23 0 
13 18 23 28 0 
2 8 18 19 21 24 25 0 
4 7 11 15 16 20 0 
4 5 7 11 14 16 18 20 21 0 
15 16 21 28 0 
3 5 11 13 15 23 27 0 
5 10 28 0 
1 2 7 8 14 25 0 
11 17 22 27 28 0 
2 3 5 7 10 11 12 13 22 24 0 
1 5 11 12 15 16 23 25 0 
6 7 8 16 18 19 20 28 0 
3 8 10 11 12 13 22 28 0 
9 10 13 16 18 19 21 0 
2 3 8 9 10 12 24 26 0 
1 8 15 17 19 23 27 0 
4 8 14 17 20 23 24 25 28 0 
6 7 20 21 27 0 
2 3 5 6 17 18 21 23 0 
6 8 16 17 24 27 0 
4 15 16 24 0 
2 7 14 16 23 26 27 28 0 
2 7 10 22 23 25 27 0 
5 6 7 17 21 0 
2 7 10 11 12 13 16 26 0 
5 11 15 19 22 26 0 
1 2 5 11 17 22 26 0 
6 9 10 12 13 25 0 
2 3 4 7 8 10 11 13 14 18 21 0 
4 5 10 12 16 19 24 0 
1 4 14 16 18 24 26 0 
3 7 9 11 13 20 25 26 0 
5 11 13 20 0 
1 6 7 14 15 16 19 21 0 
1 2 12 19 21 0 
5 11 15 18 20 23 25 26 0 
1 7 9 12 15 22 25 27 0 
3 7 8 10 12 18 23 24 0 
19 20 26 28 0 
8 12 19 21 25 27 0 
2 3 6 10 14 22 24 0 
2 15 16 23 24 28 0 
8 17 18 22 28 0 
5 9 12 14 17 0 
1 6 12 20 24 25 0 
1 7 16 22 24 26 27 0 
4 11 13 19 23 24 25 28 0 
8 10 19 20 24 0 
2 9 12 22 28 0 
1 3 5 16 21 25 27 0 
5 6 13 20 22 25 28 0 
1 2 6 8 9 14 16 20 21 25 0 
4 6 7 10 11 23 26 0 
2 7 10 12 15 18 21 26 0 
18 19 22 28 0 
5 7 13 15 0 
3 14 15 17 23 26 0 
5 12 24 25 0 
3 6 9 12 18 22 23 0 
1 5 10 16 20 21 24 0 
6 13 16 21 22 28 0 
1 3 4 8 16 18 19 28 0 
1 5 7 8 10 18 21 23 0 
3 12 14 15 17 20 22 25 0 
1 3 5 10 12 13 23 0 
2 9 22 0 
10 22 25 28 0 
6 9 11 14 28 0 
1 6 16 17 21 27 28 0 
5 6 9 16 17 0 
11 13 14 0 
2 7 11 12 17 21 22 23 0 
2 3 9 20 22 28 0 
1 3 4 8 10 24 0 
1 2 11 13 14 19 22 23 27 0 
2 8 11 15 19 0 
1 10 12 13 21 23 26 0 
8 9 17 19 26 0 
2 4 8 12 16 0 
3 4 19 20 25 0 
5 9 11 14 21 0 
14 17 19 21 28 0 
5 8 10 12 16 18 0 
3 5 7 10 13 27 0 
6 9 13 14 15 16 21 24 0 
3 14 15 20 25 0 
3 5 12 19 22 0 
3 4 16 20 24 0 
4 6 11 14 25 0 
15 19 22 24 25 27 0 
3 5 6 8 21 26 28 0 
5 6 12 13 14 19 25 0 
1 6 10 15 16 26 0 
6 11 17 0 
21 23 25 0 
1 11 23 26 28 0 
3 11 16 17 18 19 27 0 
3 7 10 12 14 22 26 27 0 
6 7 8 11 20 21 0 
7 8 17 22 26 27 28 0 
9 14 16 19 22 26 28 0 
1 2 6 8 11 14 18 27 0 
5 11 17 22 25 28 0 
4 5 9 10 13 15 17 26 0 
1 4 12 24 25 0 
4 6 8 9 19 22 0 
7 8 11 24 26 0 
12 13 15 20 0 
2 6 7 11 12 15 17 18 0 
1 4 5 15 0 
9 10 13 18 22 24 27 0 
4 5 13 16 17 21 23 24 0 
1 9 13 14 15 16 17 21 22 0 
1 5 7 10 11 15 0 
8 12 13 18 20 27 0 
-2 -3 -5 -6 -7 -10 -23 0 
-2 -5 -19 -27 -28 0 
-2 -12 -21 0 
-1 -3 -7 -15 -19 -20 -22 -25 -28 0 
-1 -12 -13 -14 -20 0 
-4 -5 -8 -9 -11 -14 -16 0 
-3 -5 -8 -11 -13 -15 -22 -23 0 
-1 -5 -6 -8 -12 -14 -15 -17 -19 -25 0 
-1 -2 -5 -6 -20 -21 -23 0 
-3 -14 -16 -21 -27 0 
-1 -12 -13 -16 -17 -19 -27 0 
-2 -6 -8 -12 -20 -24 -25 0 
-1 -7 -9 -11 -13 -17 -28 0 
-8 -13 -16 -21 -23 0 
-1 -7 -10 -12 -13 -23 -28 0 
-7 -16 -20 -26 -28 0 
-2 -6 -10 -18 -23 -24 -25 0 
-4 -6 -14 -21 -24 0 
-4 -8 -10 -13 -17 -19 -23 -24 -25 -26 0 
-8 -15 -18 -19 -22 -24 0 
-1 -3 -9 -11 -14 -16 -21 -22 -24 -28 0 
-3 -12 -17 -24 -25 -26 -28 0 
-9 -13 -15 -21 -22 -24 -27 0 
-3 -7 -22 -25 -27 0 
-1 -11 -15 -17 -22 -28 0 
-7 -15 -16 -17 -20 -23 -26 0 
-1 -11 -15 -20 -21 -23 0 
-4 -9 -10 -19 -21 -22 0 
-3 -4 -5 -9 -10 -11 -12 -24 0 
-11 -17 -19 -24 -28 0 
-3 -7 -8 -12 -16 -17 0 
-2 -11 -14 -16 -19 -26 0 
-4 -15 -17 -19 -20 -21 0 
-7 -10 -13 -18 -19 -22 -23 -24 0 
-10 -13 -20 -21 -22 0 
-1 -8 -9 -11 -12 -15 -16 0 
-2 -4 -15 -24 -26 0 
-5 -7 -9 -22 -23 -24 -27 0 
-9 -11 -13 -19 -21 -26 -27 0 
-5 -18 -19 -24 -27 0 
-5 -9 -17 -20 -27 0 
-4 -6 -14 -22 0 
-12 -14 -17 -20 -26 0 
-5 -8 -10 -19 -21 -22 -26 0 
-2 -5 -14 -21 0 
-4 -5 -10 -21 -22 -25 -28 0 
-13 -24 0 
-1 -12 -18 -20 -23 -24 -28 0 
-4 -8 -11 -13 -28 0 
-2 -3 -9 -12 -19 -22 -25 0 
-1 -2 -6 -8 -18 -20 -28 0 
-2 -9 -15 -17 -18 0 
-5 -7 -11 -14 -17 0 
-3 -5 -7 -8 -13 -18 -19 -22 -25 0 
-4 -12 -13 -16 -22 -28 0 
-3 -5 -14 -16 -19 -26 0 
-5 -7 -11 -13 -17 0 
-4 -7 -10 -21 -22 -23 -28 0 
-9 -12 -16 -20 -22 -23 -25 -28 0 
-3 -4 -5 -10 -14 -22 -27 0 
-5 -8 -18 -21 -25 0 
-4 -14 -18 -20 -22 -24 0 
-1 -7 -10 -13 -18 -21 0 
-3 -15 -17 -18 -20 -25 0 
-12 -13 -18 -20 -21 -24 0 
-2 -5 -6 -11 -16 -20 -22 0 
-11 -12 -14 -15 -23 -27 -28 0 
-12 -15 -16 -20 -26 0 
-13 -14 -20 -23 -27 0 
-3 -6 -10 -12 -13 -15 -16 -20 -26 -28 0 
-3 -12 -28 0 
-1 -4 -8 -9 -11 -15 -17 -24 -26 0 
-12 -16 -18 -20 -24 -26 -27 0 
-5 -8 -9 -13 -18 0 
-16 -19 -23 0 
-2 -5 -10 -12 -13 -15 -16 -18 0 
-3 -8 -15 -19 -21 -27 0 
-1 -4 -8 -17 -20 0 
-2 -4 -5 -6 -15 -18 -19 -23 -25 0 
-2 -4 -8 -14 -17 -19 -21 0 
-10 -11 -16 -17 -19 -20 -27 0 
-5 -6 -9 -21 -24 0 
-14 -23 -26 -28 0 
-1 -5 -9 -23 -24 -26 -27 0 
-6 -7 -12 -19 0 
-5 -8 -14 -18 -21 -22 -26 0 
-8 -14 -15 -24 -27 0 
-2 -4 -8 -11 -15 -28 0 
-4 -11 -14 -15 -18 -20 -27 -28 0 
-6 -8 -9 -16 -18 0 
-6 -7 -10 -11 -27 0 
-17 -20 -22 -26 0 
-2 -4 -6 -11 -12 -13 -22 -27 0 
-3 -5 -8 -10 -11 -21 -23 -27 -28 0 
-6 -10 -12 -21 -23 -24 -26 0 
-8 -17 -18 -22 -23 0 
-3 -9 -13 -16 -17 -21 0 
-1 -8 -16 -18 -23 -26 -27 0 
-1 -12 -21 -22 0 
-1 -2 -7 -9 -24 -27 0 
-2 -6 -9 -15 -16 -22 -25 -28 0 
-5 -16 -21 -24 0 
-2 -4 -23 -25 0 
-1 -2 -8 -9 -20 -22 -23 -24 0 
-3 -4 -7 -10 -12 -21 -22 -28 0 
-4 -11 -12 -14 -25 -26 -28 0 
-6 -13 -14 -15 -16 -23 -24 -25 0 
-3 -7 -9 -13 -16 -18 -25 0 
-2 -5 -9 -12 -14 -18 -21 -25 0 
-6 -15 -28 0 
-1 -11 -12 -13 -15 -19 -25 -27 0 
-1 -3 -4 -15 -20 -22 -28 0 
-3 -5 -6 -7 -14 -15 -19 -23 -24 -26 0 
-16 -18 -23 -24 0 
-6 -7 -15 -24 0 
-2 -6 -7 -14 -16 -22 -26 0 
-1 -3 -6 -12 -19 -22 -27 0 
-1 -2 -13 -14 -16 0 
-3 -11 -13 -14 -16 -23 0 
-2 -7 -9 -11 -17 -18 -25 -26 0 
-2 -3 -5 -7 -8 -9 -10 -12 -21 -22 -24 0 
-2 -11 -14 -16 -21 -22 -24 0 
-2 -10 -11 -12 -16 -22 -24 0 
-2 -9 -11 -13 -16 -20 -21 0 
-4 -5 -7 -8 -11 -19 -24 0 
-1 -16 -19 -23 0 
-2 -5 -7 -10 -13 -16 -17 -19 -28 0 
-6 -8 -12 -13 -23 -26 -28 0 
-12 -22 -26 0 
-2 -3 -7 -9 -12 -14 -15 -26 0 
-2 -7 -11 -14 -18 -19 -24 0 
-2 -3 -5 -8 -12 -18 -22 -25 0 
-5 -14 -18 -23 -24 0 
-2 -12 -15 -22 0 
-4 -5 -8 -9 -14 -17 -28 0 
-3 -9 -14 -15 -17 -19 -20 0 
-7 -9 -20 -22 -28 0 
-5 -6 -9 -17 -18 -19 0 
-3 -4 -7 -9 -11 -23 0 
-8 -10 -12 -20 -21 -23 -28 0 
-3 -9 -11 -15 -22 -23 -27 0 
-1 -3 -4 -6 -8 -13 -16 -22 0 
-5 -18 -19 0 
-6 -10 -14 -15 -28 0 
-1 -2 -5 -11 -13 -16 -22 -24 0 
-4 -18 -19 -28 0 
-6 -11 -13 -17 -18 -23 -25 0 
-2 -4 -9 -10 -13 -18 -19 -28 0 
-2 -3 -10 -15 -24 0 
-6 -14 -18 -19 -22 -25 0 
-3 -11 -22 -23 0 
-13 -15 -18 -20 -22 -23 -25 0 
-3 -11 -12 -13 -25 -27 0 
-8 -13 -17 -18 -24 0 
-13 -14 -16 -17 -19 -25 0 
-12 -20 -21 -28 0 
-1 -10 -11 -21 -24 -25 -26 0 
-2 -3 -10 -18 -25 -26 0 
-2 -4 -13 -24 -25 0 
-4 -11 -13 -14 -15 -25 0 
-3 -7 -10 -16 -20 -23 0 
-2 -12 -28 0 
-1 -3 -13 -21 -24 -26 0 
-3 -15 -16 -17 0 
-2 -6 -11 -12 -21 -24 0 
-4 -6 -8 -17 -21 -25 -28 0 
-1 -9 -20 -23 -27 -28 0 
-2 -5 -10 -11 -16 -20 -24 -25 0 
-2 -3 -13 -14 -21 0 
-1 -4 -7 -15 0 
-4 -6 -10 -11 -23 -24 -27 0 
-2 -4 -7 -8 -9 -11 -13 -18 -25 0 
-6 -7 -11 -14 -18 -20 -28 0 
-9 -15 -19 -23 -27 0 
-2 -9 -20 -26 -28 0 
-2 -5 -6 -7 -12 -18 -27 0 
-15 -16 -18 -20 -24 -27 0 
-7 -28 0 
-1 -4 -13 -20 -21 0 
-8 -12 -14 -15 -27 -28 0 
-15 -16 -17 -22 -23 -28 0 
-4 -24 -25 -27 0 
-1 -3 -8 -19 -22 -24 -28 0 
-5 -6 -7 -8 -9 -25 0 
-2 -10 -16 -20 -23 -27 -28 0 
-4 -11 -28 0 
-2 -3 -4 -6 -8 -15 -18 -19 -25 -27 0 
-1 -5 -14 -15 -16 -28 0 
-2 -9 -11 -13 -21 -27 -28 0 
-1 -2 -4 -17 -21 -25 0 
-2 -8 -12 -14 -15 -19 -27 0 
-2 -6 -17 -20 -26 0 
-3 -6 -8 -13 -15 -20 -24 -25 -27 0 
-5 -9 -11 -12 -17 -18 -24 0 
-4 -11 -22 -23 0 
-3 -12 -13 -14 -16 -23 -28 0 
-4 -5 -10 -19 -26 -28 0 
-11 -14 -21 0 
-2 -6 -7 -8 -11 -16 -23 -25 0 
-16 -17 -20 -22 -28 0 
-4 -6 -7 -10 -16 -25 0 
-3 -6 -8 -11 -12 -14 -16 0 
-6 -12 -13 -21 -22 -27 -28 0 
-3 -8 -10 -20 -25 0 
-3 -5 -6 -7 -10 -11 -20 -22 -25 0 
-8 -9 -10 -19 0 
-2 -17 -20 -22 0 
-10 -11 -13 -19 -25 0 
-4 -20 -26 0 
-3 -4 -7 -12 -21 -22 0 
-14 -17 -18 -23 -26 0 
-3 -5 -7 -11 -14 -25 0 
-7 -11 -13 -14 -18 -22 -24 0 
-1 -2 -3 -8 -13 -14 -15 -24 0 
-4 -6 -11 -13 -14 -18 -19 -20 0 
-1 -10 -22 -23 -24 -28 0 
-3 -14 -21 -25 0 
-1 -8 -10 -21 -25 0 
-1 -2 -4 -9 -12 -14 -15 -20 -23 0 
-5 -9 -10 -12 -24 -25 -27 -28 0 
-8 -9 -11 -16 -19 -20 -24 0 
-3 -15 -22 -23 0 
-2 -4 -5 -6 -8 -16 -18 -22 0 
-1 -9 -11 -13 -16 -17 -18 -28 0 
-4 -5 -7 -13 -23 -24 -25 0 
-1 -2 -5 -8 -11 -14 -16 -19 -20 -25 0 
-3 -5 -8 -9 -12 -13 -18 -20 0 
-7 -8 -11 -14 -26 0 
-4 -10 -11 -14 -24 -28 0 
-3 -4 -6 -10 -16 -18 0 
-2 -5 -16 -18 -25 0 
-12 -13 -14 -15 -23 0 
-3 -5 -9 -11 -13 -16 -20 -23 -24 0 
-1 -2 -7 -11 -14 -15 -20 0 
-5 -7 -16 -17 -22 -28 0 
-1 -2 -6 -9 -17 -22 0 
-4 -10 -17 -23 -27 -28 0 
-4 -6 -7 -12 -16 -23 -24 -25 0 
-9 -12 -17 -24 -26 0 
-1 -2 -3 -6 -12 -17 0 
-4 -7 -8 -16 -26 -27 0 
-8 -10 -11 -12 -27 0 
-1 -10 -13 -15 -20 -22 0 
-3 -5 -6 -8 -20 -23 0 
-3 -11 -17 -22 0 
-6 -12 -19 -21 -25 -26 0 
-2 -6 -11 -18 -23 0 
-3 -19 -21 -27 0 
-15 -16 -25 0 
-1 -8 -9 -12 -18 -23 -28 0 
-5 -7 -11 -15 -16 -19 -21 -25 -28 0 
-7 -9 -11 -16 -18 0 
-2 -5 -11 -12 -14 0 
-2 -3 -4 -5 -12 -15 -16 -23 0 
-5 -7 -13 -15 -23 -26 -28 0 
-6 -7 -10 -11 -16 -21 -24 0 
-4 -6 -15 -21 -24 0 
-3 -6 -8 -11 -13 -14 -23 -27 0 
-11 -14 -16 -19 -22 -26 0 
-2 -4 -8 -13 -16 -23 0 
-3 -4 -8 -9 -18 -19 -20 -28 0 
-1 -2 -4 -8 -13 -23 -25 0 
-3 -6 -7 -11 -18 -24 -28 0 
-5 -13 -18 -20 -21 -23 -25 0 
-1 -3 -11 -15 -24 -25 -26 0 
-1 -15 -21 -23 0 
-4 -5 -8 -12 -14 -16 -28 0 
-6 -7 -15 -17 -21 -24 -26 0 
-4 -11 -27 -28 0 
-3 -4 -6 -9 -12 -17 -20 -21 -25 0 
-3 -10 -19 0 
-5 -8 -24 -25 0 
-5 -6 -14 -15 -17 -18 0 
-1 -4 -6 -7 -8 -15 -17 -18 -20 -21 -23 -24 -28 0 
-3 -4 -7 -8 -9 -12 -13 -15 -25 0 
-3 -4 -7 -9 -10 -11 -12 -17 -18 -23 -28 0 
-3 -5 -15 0 
-1 -3 -14 -19 -20 -28 0 
-3 -6 -7 -12 -13 -20 -25 -26 0 
-4 -15 -16 -17 -20 -21 -23 -24 0 
-10 -11 -15 -23 -25 -26 -28 0 
-8 -10 -11 -15 -21 -22 0 
-2 -11 -12 -16 -22 0 
-5 -7 -9 -12 -16 -25 -26 0 
-4 -5 -8 -9 -17 -23 0 
-13 -18 -23 -28 0 
-2 -8 -18 -19 -21 -24 -25 0 
-4 -7 -11 -15 -16 -20 0 
-4 -5 -7 -11 -14 -16 -18 -20 -21 0 
-15 -16 -21 -28 0 
-3 -5 -11 -13 -15 -23 -27 0 
-5 -10 -28 0 
-1 -2 -7 -8 -14 -25 0 
-11 -17 -22 -27 -28 0 
-2 -3 -5 -7 -10 -11 -12 -13 -22 -24 0 
-1 -5 -11 -12 -15 -16 -23 -25 0 
-6 -7 -8 -16 -18 -19 -20 -28 0 
-3 -8 -10 -11 -12 -13 -22 -28 0 
-9 -10 -13 -16 -18 -19 -21 0 
-2 -3 -8 -9 -10 -12 -24 -26 0 
-1 -8 -15 -17 -19 -23 -27 0 
-4 -8 -14 -17 -20 -23 -24 -25 -28 0 
-6 -7 -20 -21 -27 0 
-2 -3 -5 -6 -17 -18 -21 -23 0 
-6 -8 -16 -17 -24 -27 0 
-4 -15 -16 -24 0 
-2 -7 -14 -16 -23 -26 -27 -28 0 
-2 -7 -10 -22 -23 -25 -27 0 
-5 -6 -7 -17 -21 0 
-2 -7 -10 -11 -12 -13 -16 -26 0 
-5 -11 -15 -19 -22 -26 0 
-1 -2 -5 -11 -17 -22 -26 0 
-6 -9 -10 -12 -13 -25 0 
-2 -3 -4 -7 -8 -10 -11 -13 -14 -18 -21 0 
-4 -5 -10 -12 -16 -19 -24 0 
-1 -4 -14 -16 -18 -24 -26 0 
-3 -7 -9 -11 -13 -20 -25 -26 0 
-5 -11 -13 -20 0 
-1 -6 -7 -14 -15 -16 -19 -21 0 
-1 -2 -12 -19 -21 0 
-5 -11 -15 -18 -20 -23 -25 -26 0 
-1 -7 -9 -12 -15 -22 -25 -27 0 
-3 -7 -8 -10 -12 -18 -23 -24 0 
-19 -20 -26 -28 0 
-8 -12 -19 -21 -25 -27 0 
-2 -3 -6 -10 -14 -22 -24 0 
-2 -15 -16 -23 -24 -28 0 
-8 -17 -18 -22 -28 0 
-5 -9 -12 -14 -17 0 
-1 -6 -12 -20 -24 -25 0 
-1 -7 -16 -22 -24 -26 -27 0 
-4 -11 -13 -19 -23 -24 -25 -28 0 
-8 -10 -19 -20 -24 0 
-2 -9 -12 -22 -28 0 
-1 -3 -5 -16 -21 -25 -27 0 
-5 -6 -13 -20 -22 -25 -28 0 
-1 -2 -6 -8 -9 -14 -16 -20 -21 -25 0 
-4 -6 -7 -10 -11 -23 -26 0 
-2 -7 -10 -12 -15 -18 -21 -26 0 
-18 -19 -22 -28 0 
-5 -7 -13 -15 0 
-3 -14 -15 -17 -23 -26 0 
-5 -12 -24 -25 0 
-3 -6 -9 -12 -18 -22 -23 0 
-1 -5 -10 -16 -20 -21 -24 0 
-6 -13 -16 -21 -22 -28 0 
-1 -3 -4 -8 -16 -18 -19 -28 0 
-1 -5 -7 -8 -10 -18 -21 -23 0 
-3 -12 -14 -15 -17 -20 -22 -25 0 
-1 -3 -5 -10 -12 -13 -23 0 
-2 -9 -22 0 
-10 -22 -25 -28 0 
-6 -9 -11 -14 -28 0 
-1 -6 -16 -17 -21 -27 -28 0 
-5 -6 -9 -16 -17 0 
-11 -13 -14 0 
-2 -7 -11 -12 -17 -21 -22 -23 0 
-2 -3 -9 -20 -22 -28 0 
-1 -3 -4 -8 -10 -24 0 
-1 -2 -11 -13 -14 -19 -22 -23 -27 0 
-2 -8 -11 -15 -19 0 
-1 -10 -12 -13 -21 -23 -26 0 
-8 -9 -17 -19 -26 0 
-2 -4 -8 -12 -16 0 
-3 -4 -19 -20 -25 0 
-5 -9 -11 -14 -21 0 
-14 -17 -19 -21 -28 0 
-5 -8 -10 -12 -16 -18 0 
-3 -5 -7 -10 -13 -27 0 
-6 -9 -13 -14 -15 -16 -21 -24 0 
-3 -14 -15 -20 -25 0 
-3 -5 -12 -19 -22 0 
-3 -4 -16 -20 -24 0 
-4 -6 -11 -14 -25 0 
-15 -19 -22 -24 -25 -27 0 
-3 -5 -6 -8 -21 -26 -28 0 
-5 -6 -12 -13 -14 -19 -25 0 
-1 -6 -10 -15 -16 -26 0 
-6 -11 -17 0 
-21 -23 -25 0 
-1 -11 -23 -26 -28 0 
-3 -11 -16 -17 -18 -19 -27 0 
-3 -7 -10 -12 -14 -22 -26 -27 0 
-6 -7 -8 -11 -20 -21 0 
-7 -8 -17 -22 -26 -27 -28 0 
-9 -14 -16 -19 -22 -26 -28 0 
-1 -2 -6 -8 -11 -14 -18 -27 0 
-5 -11 -17 -22 -25 -28 0 
-4 -5 -9 -10 -13 -15 -17 -26 0 
-1 -4 -12 -24 -25 0 
-4 -6 -8 -9 -19 -22 0 
-7 -8 -11 -24 -26 0 
-12 -13 -15 -20 0 
-2 -6 -7 -11 -12 -15 -17 -18 0 
-1 -4 -5 -15 0 
-9 -10 -13 -18 -22 -24 -27 0 
-4 -5 -13 -16 -17 -21 -23 -24 0 
-1 -9 -13 -14 -15 -16 -17 -21 -22 0 
-1 -5 -7 -10 -11 -15 0 
-8 -12 -13 -18 -20 -27 0 
