p cnf 28 800
4 5 7 8 18 0 
2 4 13 16 23 27 0 
1 11 15 16 25 28 0 
4 7 11 13 15 16 18 23 0 
1 7 10 12 16 19 20 24 27 0 
1 9 18 19 21 23 25 0 
4 8 12 17 20 21 0 
8 11 15 18 24 25 0 
5 14 27 0 
1 6 9 12 0 
7 8 9 23 0 
13 14 18 0 
4 7 18 27 0 
5 6 14 17 18 20 22 26 28 0 
1 7 11 26 28 0 
6 7 9 10 12 13 14 16 18 0 
5 7 15 21 22 24 0 
3 16 18 20 28 0 
15 19 22 0 
7 9 18 24 27 0 
1 6 9 13 17 18 19 20 0 
1 6 7 17 18 19 26 27 0 
4 8 9 15 23 25 28 0 
6 16 28 0 
5 14 16 19 24 25 28 0 
2 7 9 15 16 19 20 24 27 0 
5 12 15 28 0 
1 2 10 15 16 17 19 20 26 0 
6 16 17 19 24 28 0 
5 10 12 14 15 17 27 0 
3 4 11 13 17 18 0 
2 5 11 16 17 20 21 26 0 
2 3 4 6 8 22 23 0 
1 2 3 6 12 21 25 28 0 
2 7 9 11 22 28 0 
4 5 11 14 23 25 0 
2 9 15 21 22 25 0 
8 10 13 14 15 17 28 0 
3 5 14 18 0 
13 14 15 17 20 25 27 0 
2 17 18 0 
1 2 3 5 8 10 12 15 20 22 25 27 0 
1 2 8 16 20 0 
1 3 4 8 11 18 0 
5 15 23 24 0 
1 2 10 21 0 
2 3 5 6 13 17 18 26 0 
1 7 10 13 14 18 19 24 25 0 
5 8 12 13 18 19 21 0 
4 8 16 17 18 21 26 27 0 
4 11 19 22 0 
7 10 15 19 24 0 
1 6 15 17 18 24 25 26 28 0 
2 4 6 13 21 22 28 0 
2 3 4 11 16 17 19 24 25 0 
5 19 20 22 24 25 26 0 
9 14 18 20 22 27 28 0 
1 3 5 8 12 16 17 18 24 25 28 0 
7 11 12 15 16 18 19 26 0 
6 14 22 25 26 0 
5 14 20 22 23 0 
3 7 15 22 25 26 28 0 
1 8 11 15 17 18 24 0 
1 11 15 17 0 
2 6 8 13 17 19 21 28 0 
3 7 11 20 27 28 0 
3 6 11 12 13 0 
6 13 23 27 28 0 
7 13 15 17 20 21 23 25 0 
1 3 4 11 25 0 
7 9 11 17 20 24 0 
1 2 13 17 28 0 
1 9 14 15 20 22 26 28 0 
4 8 10 11 12 13 15 16 19 27 0 
4 6 12 13 16 17 21 0 
7 8 10 12 20 21 23 27 0 
2 6 11 13 15 23 25 27 0 
1 2 4 8 11 12 18 0 
3 5 15 19 21 26 0 
7 10 14 16 17 22 24 26 0 
7 12 13 17 24 0 
3 4 10 12 23 0 
11 17 18 19 22 25 0 
3 6 8 16 17 22 0 
5 11 16 19 25 0 
1 6 12 23 26 0 
3 6 15 23 24 0 
2 9 13 14 16 18 20 28 0 
3 4 6 12 14 24 27 0 
1 3 4 6 9 10 15 0 
6 13 14 17 18 20 21 28 0 
16 17 19 22 26 27 0 
1 3 7 14 15 21 0 
1 3 4 6 8 14 15 16 18 19 25 26 0 
5 10 11 14 16 20 21 0 
2 5 23 24 0 
2 7 8 11 14 24 0 
9 10 13 17 19 26 27 0 
3 7 17 22 25 28 0 
2 4 11 27 28 0 
2 6 19 22 23 27 0 
3 7 8 9 11 15 18 25 27 0 
1 8 13 21 24 0 
1 2 4 6 10 17 0 
9 10 13 16 20 22 0 
9 13 19 23 0 
1 6 9 12 25 26 0 
4 11 12 19 0 
3 10 12 14 25 0 
3 8 10 11 17 0 
3 8 12 25 28 0 
13 14 15 20 22 0 
4 6 10 11 13 0 
1 8 9 10 11 12 18 22 0 
7 22 26 27 0 
3 6 7 11 13 19 21 25 0 
1 10 11 14 23 0 
2 10 12 13 14 15 23 0 
2 8 9 12 13 14 15 16 19 0 
2 4 5 6 7 12 16 17 24 0 
14 20 27 0 
1 3 4 5 11 20 26 0 
3 4 17 18 24 0 
6 7 14 16 18 23 28 0 
3 5 7 10 11 22 0 
4 11 24 25 26 0 
1 4 5 6 8 10 12 14 17 22 23 0 
1 4 5 17 23 26 0 
1 3 6 10 17 19 27 0 
14 16 18 21 26 0 
2 4 13 24 27 0 
1 4 6 10 11 13 21 0 
3 5 6 8 9 15 22 25 26 0 
1 14 17 19 0 
3 8 9 10 12 18 20 25 26 27 28 0 
2 9 23 27 0 
6 7 9 20 21 24 25 0 
6 10 17 18 25 0 
15 16 17 19 25 28 0 
1 3 7 13 0 
1 3 6 14 16 19 24 26 0 
7 12 17 19 28 0 
2 4 7 22 23 0 
5 13 19 20 24 0 
2 7 14 19 22 0 
3 5 12 19 20 0 
6 8 17 24 26 27 0 
6 9 11 17 18 26 0 
5 11 19 23 26 0 
7 18 20 26 28 0 
1 2 14 19 21 22 0 
10 11 24 27 0 
3 7 10 13 18 22 0 
2 8 10 13 14 16 19 21 23 24 26 27 0 
6 10 25 0 
1 7 10 13 20 0 
3 7 11 12 19 21 27 0 
3 5 12 14 15 16 18 19 22 23 25 27 0 
5 10 16 20 25 0 
17 18 21 26 27 28 0 
1 2 5 6 9 15 21 27 0 
2 11 15 17 19 24 26 0 
12 16 19 23 24 0 
1 12 13 16 22 24 25 27 0 
10 13 15 17 20 22 25 26 28 0 
6 12 14 18 22 25 0 
1 15 21 24 0 
2 17 18 23 0 
2 10 13 18 20 0 
1 4 9 10 11 18 23 25 28 0 
7 10 13 22 0 
4 6 9 10 12 15 25 26 27 0 
6 10 17 21 25 0 
3 11 12 13 15 22 27 0 
5 8 10 14 22 0 
2 3 6 8 15 22 25 26 0 
3 5 7 8 11 13 15 16 18 27 0 
2 4 10 12 13 14 16 26 0 
2 8 9 10 14 15 17 18 21 22 0 
1 10 13 17 21 23 25 0 
7 8 12 16 18 28 0 
8 10 12 13 19 24 27 0 
5 19 22 28 0 
4 12 13 18 23 25 26 27 0 
3 4 7 9 11 14 15 20 21 0 
5 7 14 18 23 0 
1 4 7 10 16 27 0 
12 14 26 28 0 
3 4 8 10 12 0 
2 13 14 16 20 25 28 0 
3 10 18 19 25 26 0 
2 11 26 0 
8 11 15 20 21 22 25 0 
7 11 13 24 0 
6 11 18 28 0 
2 3 8 11 13 19 24 25 0 
2 6 13 14 18 19 22 0 
4 7 8 10 11 13 23 25 26 27 28 0 
6 8 13 18 19 20 21 22 0 
6 9 10 11 14 18 22 0 
5 20 28 0 
3 5 8 18 23 24 0 
9 10 15 17 19 0 
3 6 7 13 18 23 0 
3 11 15 16 19 23 24 0 
8 11 12 14 19 21 26 0 
1 4 14 17 19 27 0 
4 6 13 0 
2 4 8 9 16 17 18 19 22 26 0 
6 14 19 21 24 25 0 
2 6 10 11 12 17 18 23 0 
8 13 15 16 19 26 28 0 
17 21 22 0 
1 5 0 
6 11 12 16 19 26 27 0 
2 3 5 7 10 21 26 27 0 
1 3 16 17 18 19 22 24 27 0 
6 9 10 24 0 
5 7 9 14 19 20 24 0 
4 8 15 19 0 
10 12 16 22 23 27 0 
3 4 16 21 24 28 0 
5 7 8 12 14 17 21 0 
3 4 11 15 16 0 
1 7 12 23 25 0 
8 17 23 27 0 
5 13 14 17 25 27 0 
5 10 13 18 23 25 0 
9 15 17 21 22 24 0 
2 7 9 14 24 27 0 
3 9 14 18 24 0 
9 10 12 16 18 19 20 21 27 0 
10 14 16 19 23 0 
5 6 8 15 25 0 
6 16 17 20 24 28 0 
1 4 6 7 23 0 
11 12 23 24 25 0 
6 14 19 24 25 28 0 
8 12 15 16 20 22 24 0 
1 3 8 13 16 22 23 0 
2 6 11 15 27 0 
2 7 11 20 21 27 0 
5 7 13 15 23 27 28 0 
3 4 6 8 20 24 0 
5 9 11 20 26 0 
14 15 22 23 25 26 28 0 
1 7 12 13 19 24 25 26 28 0 
7 13 22 25 26 0 
6 11 16 19 0 
3 6 11 13 15 18 21 22 28 0 
1 4 5 6 8 0 
2 6 12 13 16 17 21 0 
5 7 8 11 13 21 26 0 
1 4 5 10 15 26 27 0 
5 10 20 28 0 
2 6 8 14 0 
1 5 6 15 17 20 25 26 27 0 
7 15 17 19 24 28 0 
3 5 12 15 16 21 0 
9 16 19 22 25 27 28 0 
3 5 7 9 11 12 13 16 27 28 0 
2 12 19 21 22 23 24 25 27 0 
3 6 24 0 
2 6 11 19 21 23 0 
2 5 13 15 19 27 0 
6 7 11 17 24 0 
5 6 7 16 22 0 
2 8 9 12 22 0 
9 19 21 0 
18 21 23 0 
1 2 8 24 25 27 0 
7 11 13 16 20 21 23 24 0 
6 10 12 14 19 24 0 
5 15 19 22 23 0 
2 4 6 7 16 19 28 0 
5 11 12 15 20 0 
2 10 11 15 17 18 22 26 0 
14 17 19 22 23 0 
1 3 5 14 17 19 26 0 
7 8 16 17 0 
5 7 10 12 13 18 22 25 0 
3 5 7 21 23 0 
4 12 19 27 28 0 
12 16 18 20 21 22 23 25 27 0 
4 8 9 11 13 28 0 
9 10 16 18 24 26 27 0 
6 11 12 14 17 23 0 
4 11 13 18 21 28 0 
6 7 8 14 17 28 0 
1 2 3 13 15 19 21 23 24 0 
1 7 9 12 13 15 17 19 25 0 
1 5 7 9 12 13 15 18 20 23 24 28 0 
2 5 14 16 20 25 0 
1 5 8 11 16 17 21 27 0 
3 5 13 15 18 0 
2 6 13 14 19 0 
1 3 7 9 19 20 21 26 28 0 
4 5 8 9 10 13 15 18 21 25 0 
9 10 13 16 17 21 22 24 25 0 
3 10 15 19 20 27 0 
2 9 13 17 19 23 24 0 
3 6 7 8 9 10 25 27 0 
4 12 0 
1 7 20 23 24 25 0 
5 6 13 20 21 26 0 
6 8 13 0 
1 2 8 16 18 19 28 0 
1 2 8 16 0 
16 17 24 28 0 
3 4 20 26 0 
5 8 10 11 14 17 22 26 27 28 0 
6 7 17 20 22 23 27 0 
1 9 18 26 0 
4 6 7 17 19 23 0 
1 4 8 21 25 26 27 0 
6 13 16 22 25 27 0 
1 2 3 7 8 13 17 0 
4 9 11 12 14 21 22 0 
2 3 5 6 8 9 10 11 13 21 27 28 0 
2 3 6 19 21 0 
4 7 8 11 14 19 21 26 0 
7 13 15 19 20 22 27 0 
4 17 23 24 27 28 0 
1 4 6 9 10 14 22 23 24 26 0 
2 3 8 20 24 27 0 
1 2 3 5 6 7 8 14 19 23 0 
1 6 8 12 13 16 21 26 27 0 
9 17 19 21 27 0 
6 7 9 11 23 0 
3 4 11 21 0 
5 6 21 27 0 
4 6 14 18 27 0 
11 19 27 28 0 
1 9 22 24 27 0 
2 5 7 8 9 12 13 15 20 21 28 0 
4 10 11 14 16 18 20 22 24 0 
6 11 12 15 17 18 0 
3 4 5 6 16 17 18 23 24 25 0 
7 8 10 13 15 21 24 27 0 
2 4 16 19 0 
1 3 10 13 17 18 19 23 0 
3 9 13 21 27 0 
2 4 5 9 17 25 27 28 0 
7 9 16 18 27 0 
4 8 15 16 21 28 0 
4 5 13 16 19 0 
6 8 14 19 20 23 26 0 
1 4 7 9 18 20 28 0 
1 3 17 18 19 0 
2 6 10 12 13 15 21 25 26 28 0 
4 8 9 10 11 19 21 22 23 0 
5 14 16 22 23 24 28 0 
4 15 27 0 
3 5 7 8 10 16 19 20 24 27 28 0 
3 5 7 18 20 26 0 
3 10 11 15 18 19 26 28 0 
2 12 17 18 20 23 25 27 28 0 
16 19 24 25 26 0 
4 5 7 12 21 0 
8 9 23 0 
5 18 21 23 25 27 0 
2 9 15 18 19 24 0 
6 10 15 17 20 24 26 28 0 
5 12 16 21 28 0 
5 6 23 24 26 0 
4 8 14 17 23 0 
1 8 14 15 17 20 28 0 
1 11 12 17 23 24 0 
3 5 8 23 25 28 0 
14 17 26 0 
3 8 13 28 0 
3 4 10 19 20 22 0 
4 8 9 28 0 
4 8 12 14 16 20 25 0 
5 8 22 0 
1 6 11 12 25 0 
18 19 22 23 25 27 28 0 
1 4 17 24 28 0 
6 14 21 24 25 0 
1 6 20 0 
2 7 12 20 21 27 0 
1 3 7 14 16 18 20 25 27 0 
1 4 19 0 
8 10 19 22 25 0 
3 10 13 25 0 
10 19 20 23 25 0 
10 20 25 0 
3 10 14 21 28 0 
1 3 4 6 10 18 20 21 24 26 0 
7 16 18 0 
5 6 8 13 14 19 20 22 24 27 0 
3 4 5 12 13 21 24 25 27 0 
9 21 22 25 0 
17 19 22 24 28 0 
3 13 14 18 19 25 26 0 
3 6 7 8 10 22 24 26 0 
3 4 8 15 26 0 
4 10 17 26 0 
2 4 7 8 14 18 27 0 
1 2 3 8 9 22 26 28 0 
-4 -5 -7 -8 -18 0 
-2 -4 -13 -16 -23 -27 0 
-1 -11 -15 -16 -25 -28 0 
-4 -7 -11 -13 -15 -16 -18 -23 0 
-1 -7 -10 -12 -16 -19 -20 -24 -27 0 
-1 -9 -18 -19 -21 -23 -25 0 
-4 -8 -12 -17 -20 -21 0 
-8 -11 -15 -18 -24 -25 0 
-5 -14 -27 0 
-1 -6 -9 -12 0 
-7 -8 -9 -23 0 
-13 -14 -18 0 
-4 -7 -18 -27 0 
-5 -6 -14 -17 -18 -20 -22 -26 -28 0 
-1 -7 -11 -26 -28 0 
-6 -7 -9 -10 -12 -13 -14 -16 -18 0 
-5 -7 -15 -21 -22 -24 0 
-3 -16 -18 -20 -28 0 
-15 -19 -22 0 
-7 -9 -18 -24 -27 0 
-1 -6 -9 -13 -17 -18 -19 -20 0 
-1 -6 -7 -17 -18 -19 -26 -27 0 
-4 -8 -9 -15 -23 -25 -28 0 
-6 -16 -28 0 
-5 -14 -16 -19 -24 -25 -28 0 
-2 -7 -9 -15 -16 -19 -20 -24 -27 0 
-5 -12 -15 -28 0 
-1 -2 -10 -15 -16 -17 -19 -20 -26 0 
-6 -16 -17 -19 -24 -28 0 
-5 -10 -12 -14 -15 -17 -27 0 
-3 -4 -11 -13 -17 -18 0 
-2 -5 -11 -16 -17 -20 -21 -26 0 
-2 -3 -4 -6 -8 -22 -23 0 
-1 -2 -3 -6 -12 -21 -25 -28 0 
-2 -7 -9 -11 -22 -28 0 
-4 -5 -11 -14 -23 -25 0 
-2 -9 -15 -21 -22 -25 0 
-8 -10 -13 -14 -15 -17 -28 0 
-3 -5 -14 -18 0 
-13 -14 -15 -17 -20 -25 -27 0 
-2 -17 -18 0 
-1 -2 -3 -5 -8 -10 -12 -15 -20 -22 -25 -27 0 
-1 -2 -8 -16 -20 0 
-1 -3 -4 -8 -11 -18 0 
-5 -15 -23 -24 0 
-1 -2 -10 -21 0 
-2 -3 -5 -6 -13 -17 -18 -26 0 
-1 -7 -10 -13 -14 -18 -19 -24 -25 0 
-5 -8 -12 -13 -18 -19 -21 0 
-4 -8 -16 -17 -18 -21 -26 -27 0 
-4 -11 -19 -22 0 
-7 -10 -15 -19 -24 0 
-1 -6 -15 -17 -18 -24 -25 -26 -28 0 
-2 -4 -6 -13 -21 -22 -28 0 
-2 -3 -4 -11 -16 -17 -19 -24 -25 0 
-5 -19 -20 -22 -24 -25 -26 0 
-9 -14 -18 -20 -22 -27 -28 0 
-1 -3 -5 -8 -12 -16 -17 -18 -24 -25 -28 0 
-7 -11 -12 -15 -16 -18 -19 -26 0 
-6 -14 -22 -25 -26 0 
-5 -14 -20 -22 -23 0 
-3 -7 -15 -22 -25 -26 -28 0 
-1 -8 -11 -15 -17 -18 -24 0 
-1 -11 -15 -17 0 
-2 -6 -8 -13 -17 -19 -21 -28 0 
-3 -7 -11 -20 -27 -28 0 
-3 -6 -11 -12 -13 0 
-6 -13 -23 -27 -28 0 
-7 -13 -15 -17 -20 -21 -23 -25 0 
-1 -3 -4 -11 -25 0 
-7 -9 -11 -17 -20 -24 0 
-1 -2 -13 -17 -28 0 
-1 -9 -14 -15 -20 -22 -26 -28 0 
-4 -8 -10 -11 -12 -13 -15 -16 -19 -27 0 
-4 -6 -12 -13 -16 -17 -21 0 
-7 -8 -10 -12 -20 -21 -23 -27 0 
-2 -6 -11 -13 -15 -23 -25 -27 0 
-1 -2 -4 -8 -11 -12 -18 0 
-3 -5 -15 -19 -21 -26 0 
-7 -10 -14 -16 -17 -22 -24 -26 0 
-7 -12 -13 -17 -24 0 
-3 -4 -10 -12 -23 0 
-11 -17 -18 -19 -22 -25 0 
-3 -6 -8 -16 -17 -22 0 
-5 -11 -16 -19 -25 0 
-1 -6 -12 -23 -26 0 
-3 -6 -15 -23 -24 0 
-2 -9 -13 -14 -16 -18 -20 -28 0 
-3 -4 -6 -12 -14 -24 -27 0 
-1 -3 -4 -6 -9 -10 -15 0 
-6 -13 -14 -17 -18 -20 -21 -28 0 
-16 -17 -19 -22 -26 -27 0 
-1 -3 -7 -14 -15 -21 0 
-1 -3 -4 -6 -8 -14 -15 -16 -18 -19 -25 -26 0 
-5 -10 -11 -14 -16 -20 -21 0 
-2 -5 -23 -24 0 
-2 -7 -8 -11 -14 -24 0 
-9 -10 -13 -17 -19 -26 -27 0 
-3 -7 -17 -22 -25 -28 0 
-2 -4 -11 -27 -28 0 
-2 -6 -19 -22 -23 -27 0 
-3 -7 -8 -9 -11 -15 -18 -25 -27 0 
-1 -8 -13 -21 -24 0 
-1 -2 -4 -6 -10 -17 0 
-9 -10 -13 -16 -20 -22 0 
-9 -13 -19 -23 0 
-1 -6 -9 -12 -25 -26 0 
-4 -11 -12 -19 0 
-3 -10 -12 -14 -25 0 
-3 -8 -10 -11 -17 0 
-3 -8 -12 -25 -28 0 
-13 -14 -15 -20 -22 0 
-4 -6 -10 -11 -13 0 
-1 -8 -9 -10 -11 -12 -18 -22 0 
-7 -22 -26 -27 0 
-3 -6 -7 -11 -13 -19 -21 -25 0 
-1 -10 -11 -14 -23 0 
-2 -10 -12 -13 -14 -15 -23 0 
-2 -8 -9 -12 -13 -14 -15 -16 -19 0 
-2 -4 -5 -6 -7 -12 -16 -17 -24 0 
-14 -20 -27 0 
-1 -3 -4 -5 -11 -20 -26 0 
-3 -4 -17 -18 -24 0 
-6 -7 -14 -16 -18 -23 -28 0 
-3 -5 -7 -10 -11 -22 0 
-4 -11 -24 -25 -26 0 
-1 -4 -5 -6 -8 -10 -12 -14 -17 -22 -23 0 
-1 -4 -5 -17 -23 -26 0 
-1 -3 -6 -10 -17 -19 -27 0 
-14 -16 -18 -21 -26 0 
-2 -4 -13 -24 -27 0 
-1 -4 -6 -10 -11 -13 -21 0 
-3 -5 -6 -8 -9 -15 -22 -25 -26 0 
-1 -14 -17 -19 0 
-3 -8 -9 -10 -12 -18 -20 -25 -26 -27 -28 0 
-2 -9 -23 -27 0 
-6 -7 -9 -20 -21 -24 -25 0 
-6 -10 -17 -18 -25 0 
-15 -16 -17 -19 -25 -28 0 
-1 -3 -7 -13 0 
-1 -3 -6 -14 -16 -19 -24 -26 0 
-7 -12 -17 -19 -28 0 
-2 -4 -7 -22 -23 0 
-5 -13 -19 -20 -24 0 
-2 -7 -14 -19 -22 0 
-3 -5 -12 -19 -20 0 
-6 -8 -17 -24 -26 -27 0 
-6 -9 -11 -17 -18 -26 0 
-5 -11 -19 -23 -26 0 
-7 -18 -20 -26 -28 0 
-1 -2 -14 -19 -21 -22 0 
-10 -11 -24 -27 0 
-3 -7 -10 -13 -18 -22 0 
-2 -8 -10 -13 -14 -16 -19 -21 -23 -24 -26 -27 0 
-6 -10 -25 0 
-1 -7 -10 -13 -20 0 
-3 -7 -11 -12 -19 -21 -27 0 
-3 -5 -12 -14 -15 -16 -18 -19 -22 -23 -25 -27 0 
-5 -10 -16 -20 -25 0 
-17 -18 -21 -26 -27 -28 0 
-1 -2 -5 -6 -9 -15 -21 -27 0 
-2 -11 -15 -17 -19 -24 -26 0 
-12 -16 -19 -23 -24 0 
-1 -12 -13 -16 -22 -24 -25 -27 0 
-10 -13 -15 -17 -20 -22 -25 -26 -28 0 
-6 -12 -14 -18 -22 -25 0 
-1 -15 -21 -24 0 
-2 -17 -18 -23 0 
-2 -10 -13 -18 -20 0 
-1 -4 -9 -10 -11 -18 -23 -25 -28 0 
-7 -10 -13 -22 0 
-4 -6 -9 -10 -12 -15 -25 -26 -27 0 
-6 -10 -17 -21 -25 0 
-3 -11 -12 -13 -15 -22 -27 0 
-5 -8 -10 -14 -22 0 
-2 -3 -6 -8 -15 -22 -25 -26 0 
-3 -5 -7 -8 -11 -13 -15 -16 -18 -27 0 
-2 -4 -10 -12 -13 -14 -16 -26 0 
-2 -8 -9 -10 -14 -15 -17 -18 -21 -22 0 
-1 -10 -13 -17 -21 -23 -25 0 
-7 -8 -12 -16 -18 -28 0 
-8 -10 -12 -13 -19 -24 -27 0 
-5 -19 -22 -28 0 
-4 -12 -13 -18 -23 -25 -26 -27 0 
-3 -4 -7 -9 -11 -14 -15 -20 -21 0 
-5 -7 -14 -18 -23 0 
-1 -4 -7 -10 -16 -27 0 
-12 -14 -26 -28 0 
-3 -4 -8 -10 -12 0 
-2 -13 -14 -16 -20 -25 -28 0 
-3 -10 -18 -19 -25 -26 0 
-2 -11 -26 0 
-8 -11 -15 -20 -21 -22 -25 0 
-7 -11 -13 -24 0 
-6 -11 -18 -28 0 
-2 -3 -8 -11 -13 -19 -24 -25 0 
-2 -6 -13 -14 -18 -19 -22 0 
-4 -7 -8 -10 -11 -13 -23 -25 -26 -27 -28 0 
-6 -8 -13 -18 -19 -20 -21 -22 0 
-6 -9 -10 -11 -14 -18 -22 0 
-5 -20 -28 0 
-3 -5 -8 -18 -23 -24 0 
-9 -10 -15 -17 -19 0 
-3 -6 -7 -13 -18 -23 0 
-3 -11 -15 -16 -19 -23 -24 0 
-8 -11 -12 -14 -19 -21 -26 0 
-1 -4 -14 -17 -19 -27 0 
-4 -6 -13 0 
-2 -4 -8 -9 -16 -17 -18 -19 -22 -26 0 
-6 -14 -19 -21 -24 -25 0 
-2 -6 -10 -11 -12 -17 -18 -23 0 
-8 -13 -15 -16 -19 -26 -28 0 
-17 -21 -22 0 
-1 -5 0 
-6 -11 -12 -16 -19 -26 -27 0 
-2 -3 -5 -7 -10 -21 -26 -27 0 
-1 -3 -16 -17 -18 -19 -22 -24 -27 0 
-6 -9 -10 -24 0 
-5 -7 -9 -14 -19 -20 -24 0 
-4 -8 -15 -19 0 
-10 -12 -16 -22 -23 -27 0 
-3 -4 -16 -21 -24 -28 0 
-5 -7 -8 -12 -14 -17 -21 0 
-3 -4 -11 -15 -16 0 
-1 -7 -12 -23 -25 0 
-8 -17 -23 -27 0 
-5 -13 -14 -17 -25 -27 0 
-5 -10 -13 -18 -23 -25 0 
-9 -15 -17 -21 -22 -24 0 
-2 -7 -9 -14 -24 -27 0 
-3 -9 -14 -18 -24 0 
-9 -10 -12 -16 -18 -19 -20 -21 -27 0 
-10 -14 -16 -19 -23 0 
-5 -6 -8 -15 -25 0 
-6 -16 -17 -20 -24 -28 0 
-1 -4 -6 -7 -23 0 
-11 -12 -23 -24 -25 0 
-6 -14 -19 -24 -25 -28 0 
-8 -12 -15 -16 -20 -22 -24 0 
-1 -3 -8 -13 -16 -22 -23 0 
-2 -6 -11 -15 -27 0 
-2 -7 -11 -20 -21 -27 0 
-5 -7 -13 -15 -23 -27 -28 0 
-3 -4 -6 -8 -20 -24 0 
-5 -9 -11 -20 -26 0 
-14 -15 -22 -23 -25 -26 -28 0 
-1 -7 -12 -13 -19 -24 -25 -26 -28 0 
-7 -13 -22 -25 -26 0 
-6 -11 -16 -19 0 
-3 -6 -11 -13 -15 -18 -21 -22 -28 0 
-1 -4 -5 -6 -8 0 
-2 -6 -12 -13 -16 -17 -21 0 
-5 -7 -8 -11 -13 -21 -26 0 
-1 -4 -5 -10 -15 -26 -27 0 
-5 -10 -20 -28 0 
-2 -6 -8 -14 0 
-1 -5 -6 -15 -17 -20 -25 -26 -27 0 
-7 -15 -17 -19 -24 -28 0 
-3 -5 -12 -15 -16 -21 0 
-9 -16 -19 -22 -25 -27 -28 0 
-3 -5 -7 -9 -11 -12 -13 -16 -27 -28 0 
-2 -12 -19 -21 -22 -23 -24 -25 -27 0 
-3 -6 -24 0 
-2 -6 -11 -19 -21 -23 0 
-2 -5 -13 -15 -19 -27 0 
-6 -7 -11 -17 -24 0 
-5 -6 -7 -16 -22 0 
-2 -8 -9 -12 -22 0 
-9 -19 -21 0 
-18 -21 -23 0 
-1 -2 -8 -24 -25 -27 0 
-7 -11 -13 -16 -20 -21 -23 -24 0 
-6 -10 -12 -14 -19 -24 0 
-5 -15 -19 -22 -23 0 
-2 -4 -6 -7 -16 -19 -28 0 
-5 -11 -12 -15 -20 0 
-2 -10 -11 -15 -17 -18 -22 -26 0 
-14 -17 -19 -22 -23 0 
-1 -3 -5 -14 -17 -19 -26 0 
-7 -8 -16 -17 0 
-5 -7 -10 -12 -13 -18 -22 -25 0 
-3 -5 -7 -21 -23 0 
-4 -12 -19 -27 -28 0 
-12 -16 -18 -20 -21 -22 -23 -25 -27 0 
-4 -8 -9 -11 -13 -28 0 
-9 -10 -16 -18 -24 -26 -27 0 
-6 -11 -12 -14 -17 -23 0 
-4 -11 -13 -18 -21 -28 0 
-6 -7 -8 -14 -17 -28 0 
-1 -2 -3 -13 -15 -19 -21 -23 -24 0 
-1 -7 -9 -12 -13 -15 -17 -19 -25 0 
-1 -5 -7 -9 -12 -13 -15 -18 -20 -23 -24 -28 0 
-2 -5 -14 -16 -20 -25 0 
-1 -5 -8 -11 -16 -17 -21 -27 0 
-3 -5 -13 -15 -18 0 
-2 -6 -13 -14 -19 0 
-1 -3 -7 -9 -19 -20 -21 -26 -28 0 
-4 -5 -8 -9 -10 -13 -15 -18 -21 -25 0 
-9 -10 -13 -16 -17 -21 -22 -24 -25 0 
-3 -10 -15 -19 -20 -27 0 
-2 -9 -13 -17 -19 -23 -24 0 
-3 -6 -7 -8 -9 -10 -25 -27 0 
-4 -12 0 
-1 -7 -20 -23 -24 -25 0 
-5 -6 -13 -20 -21 -26 0 
-6 -8 -13 0 
-1 -2 -8 -16 -18 -19 -28 0 
-1 -2 -8 -16 0 
-16 -17 -24 -28 0 
-3 -4 -20 -26 0 
-5 -8 -10 -11 -14 -17 -22 -26 -27 -28 0 
-6 -7 -17 -20 -22 -23 -27 0 
-1 -9 -18 -26 0 
-4 -6 -7 -17 -19 -23 0 
-1 -4 -8 -21 -25 -26 -27 0 
-6 -13 -16 -22 -25 -27 0 
-1 -2 -3 -7 -8 -13 -17 0 
-4 -9 -11 -12 -14 -21 -22 0 
-2 -3 -5 -6 -8 -9 -10 -11 -13 -21 -27 -28 0 
-2 -3 -6 -19 -21 0 
-4 -7 -8 -11 -14 -19 -21 -26 0 
-7 -13 -15 -19 -20 -22 -27 0 
-4 -17 -23 -24 -27 -28 0 
-1 -4 -6 -9 -10 -14 -22 -23 -24 -26 0 
-2 -3 -8 -20 -24 -27 0 
-1 -2 -3 -5 -6 -7 -8 -14 -19 -23 0 
-1 -6 -8 -12 -13 -16 -21 -26 -27 0 
-9 -17 -19 -21 -27 0 
-6 -7 -9 -11 -23 0 
-3 -4 -11 -21 0 
-5 -6 -21 -27 0 
-4 -6 -14 -18 -27 0 
-11 -19 -27 -28 0 
-1 -9 -22 -24 -27 0 
-2 -5 -7 -8 -9 -12 -13 -15 -20 -21 -28 0 
-4 -10 -11 -14 -16 -18 -20 -22 -24 0 
-6 -11 -12 -15 -17 -18 0 
-3 -4 -5 -6 -16 -17 -18 -23 -24 -25 0 
-7 -8 -10 -13 -15 -21 -24 -27 0 
-2 -4 -16 -19 0 
-1 -3 -10 -13 -17 -18 -19 -23 0 
-3 -9 -13 -21 -27 0 
-2 -4 -5 -9 -17 -25 -27 -28 0 
-7 -9 -16 -18 -27 0 
-4 -8 -15 -16 -21 -28 0 
-4 -5 -13 -16 -19 0 
-6 -8 -14 -19 -20 -23 -26 0 
-1 -4 -7 -9 -18 -20 -28 0 
-1 -3 -17 -18 -19 0 
-2 -6 -10 -12 -13 -15 -21 -25 -26 -28 0 
-4 -8 -9 -10 -11 -19 -21 -22 -23 0 
-5 -14 -16 -22 -23 -24 -28 0 
-4 -15 -27 0 
-3 -5 -7 -8 -10 -16 -19 -20 -24 -27 -28 0 
-3 -5 -7 -18 -20 -26 0 
-3 -10 -11 -15 -18 -19 -26 -28 0 
-2 -12 -17 -18 -20 -23 -25 -27 -28 0 
-16 -19 -24 -25 -26 0 
-4 -5 -7 -12 -21 0 
-8 -9 -23 0 
-5 -18 -21 -23 -25 -27 0 
-2 -9 -15 -18 -19 -24 0 
-6 -10 -15 -17 -20 -24 -26 -28 0 
-5 -12 -16 -21 -28 0 
-5 -6 -23 -24 -26 0 
-4 -8 -14 -17 -23 0 
-1 -8 -14 -15 -17 -20 -28 0 
-1 -11 -12 -17 -23 -24 0 
-3 -5 -8 -23 -25 -28 0 
-14 -17 -26 0 
-3 -8 -13 -28 0 
-3 -4 -10 -19 -20 -22 0 
-4 -8 -9 -28 0 
-4 -8 -12 -14 -16 -20 -25 0 
-5 -8 -22 0 
-1 -6 -11 -12 -25 0 
-18 -19 -22 -23 -25 -27 -28 0 
-1 -4 -17 -24 -28 0 
-6 -14 -21 -24 -25 0 
-1 -6 -20 0 
-2 -7 -12 -20 -21 -27 0 
-1 -3 -7 -14 -16 -18 -20 -25 -27 0 
-1 -4 -19 0 
-8 -10 -19 -22 -25 0 
-3 -10 -13 -25 0 
-10 -19 -20 -23 -25 0 
-10 -20 -25 0 
-3 -10 -14 -21 -28 0 
-1 -3 -4 -6 -10 -18 -20 -21 -24 -26 0 
-7 -16 -18 0 
-5 -6 -8 -13 -14 -19 -20 -22 -24 -27 0 
-3 -4 -5 -12 -13 -21 -24 -25 -27 0 
-9 -21 -22 -25 0 
-17 -19 -22 -24 -28 0 
-3 -13 -14 -18 -19 -25 -26 0 
-3 -6 -7 -8 -10 -22 -24 -26 0 
-3 -4 -8 -15 -26 0 
-4 -10 -17 -26 0 
-2 -4 -7 -8 -14 -18 -27 0 
-1 -2 -3 -8 -9 -22 -26 -28 0 
