p cnf 29 800
3 6 14 16 18 26 28 0 
4 7 12 17 29 0 
1 2 5 12 18 19 20 21 25 28 0 
5 7 22 0 
2 7 12 18 27 0 
3 9 10 15 19 0 
1 14 15 18 20 23 27 28 0 
2 10 19 20 28 0 
8 9 10 12 20 26 29 0 
2 7 8 15 23 24 0 
2 7 17 20 23 29 0 
1 2 5 7 11 13 20 0 
2 4 8 10 15 16 28 0 
4 5 6 9 20 21 27 0 
3 9 15 16 28 0 
3 12 14 16 21 22 26 27 0 
1 13 22 24 25 0 
9 10 13 22 23 26 0 
1 12 16 23 27 0 
1 2 4 10 11 16 23 24 0 
2 7 16 18 23 29 0 
5 6 8 22 23 0 
6 10 14 16 17 20 26 27 0 
10 15 21 23 29 0 
1 6 8 10 15 16 23 0 
1 7 15 24 27 28 0 
3 5 8 20 23 25 29 0 
3 7 8 9 10 15 16 26 0 
1 4 7 8 9 10 14 16 17 18 21 27 0 
3 4 8 9 12 20 23 26 28 0 
3 9 11 16 17 26 0 
5 6 8 11 18 29 0 
1 7 9 11 14 15 17 21 27 0 
9 10 13 19 20 21 23 0 
8 21 22 25 27 0 
5 8 0 
3 12 13 15 24 0 
1 5 16 22 0 
1 9 13 17 22 24 0 
2 7 14 22 23 27 28 0 
5 12 15 19 24 0 
4 14 25 0 
4 8 11 14 17 20 29 0 
2 8 10 11 14 17 22 26 0 
1 5 11 16 24 25 0 
2 9 10 29 0 
1 5 6 10 22 25 0 
9 10 19 0 
2 4 7 12 15 17 18 20 27 29 0 
2 4 14 19 20 24 26 28 29 0 
6 9 11 12 15 19 20 0 
1 2 14 21 23 24 25 0 
5 14 15 18 21 22 24 0 
6 14 17 18 23 27 28 0 
1 12 20 25 27 28 29 0 
4 8 12 24 0 
4 8 11 0 
11 13 26 0 
7 11 19 21 0 
14 17 24 29 0 
1 6 14 18 19 20 0 
3 8 9 15 19 22 0 
1 2 4 6 9 13 14 24 25 0 
6 11 21 25 0 
1 3 12 20 21 26 0 
2 4 19 20 28 0 
9 15 20 24 25 0 
11 22 26 29 0 
7 9 10 14 18 20 21 25 28 0 
7 17 19 21 23 25 28 0 
11 13 19 26 28 0 
3 16 21 24 25 0 
6 11 25 29 0 
5 7 10 11 12 25 28 0 
4 5 6 11 16 22 25 0 
2 24 25 0 
1 2 8 10 14 25 27 0 
4 5 11 26 0 
1 9 15 18 0 
10 13 18 0 
4 5 8 21 22 24 0 
6 7 8 12 14 15 16 19 22 27 0 
2 9 17 24 25 26 27 29 0 
11 12 22 27 0 
2 8 13 15 17 20 26 0 
5 6 7 20 28 29 0 
7 9 16 21 25 29 0 
1 9 12 15 20 21 24 0 
3 6 9 16 18 23 26 0 
7 14 22 29 0 
6 11 19 23 29 0 
1 5 6 10 13 20 21 0 
3 4 5 9 14 15 17 19 25 26 0 
2 5 11 24 0 
4 7 15 25 26 0 
9 14 20 22 24 0 
2 8 19 20 24 0 
2 5 6 10 11 12 0 
7 8 9 20 24 0 
6 12 15 16 20 25 28 0 
2 6 10 12 16 19 26 27 29 0 
2 3 12 17 18 19 22 23 28 0 
8 11 12 13 16 19 21 26 29 0 
3 5 7 9 10 11 18 21 26 27 0 
6 11 28 0 
5 9 12 15 27 0 
3 4 8 18 20 26 0 
2 5 6 13 16 18 0 
1 5 8 15 18 21 26 29 0 
3 8 9 10 11 18 28 0 
1 12 20 22 24 0 
2 4 6 9 10 11 15 17 26 29 0 
1 5 12 16 0 
2 14 15 17 24 25 0 
2 3 12 16 18 21 23 24 25 0 
8 12 18 25 0 
2 3 4 6 13 14 19 29 0 
9 10 14 16 23 0 
5 7 19 21 27 28 0 
2 3 4 5 11 15 21 24 25 28 29 0 
6 10 18 21 0 
4 5 9 19 23 26 27 28 0 
2 4 12 13 18 22 29 0 
2 8 13 15 19 26 28 0 
2 3 11 21 24 0 
11 17 24 25 0 
3 12 13 18 27 0 
7 9 19 24 25 28 0 
4 5 13 20 28 0 
2 3 7 9 12 15 16 24 26 0 
6 14 18 0 
4 10 18 24 0 
8 11 17 22 0 
6 8 14 17 24 26 0 
1 6 8 10 17 18 22 23 28 0 
3 6 9 10 15 16 20 25 0 
5 6 7 18 28 29 0 
7 9 14 22 24 27 0 
1 2 9 13 18 19 20 22 0 
2 10 16 22 27 29 0 
4 6 16 17 18 0 
4 5 6 8 13 18 21 29 0 
3 14 18 0 
1 17 25 0 
6 14 24 27 29 0 
6 7 9 12 22 24 0 
3 9 11 21 23 26 27 0 
1 6 14 15 18 19 22 24 26 0 
1 17 20 22 24 26 29 0 
13 21 27 0 
2 6 10 18 23 24 28 0 
2 14 18 19 0 
3 8 14 19 0 
1 16 25 0 
9 18 28 0 
1 5 7 13 18 24 25 29 0 
4 5 8 14 23 27 29 0 
3 14 16 17 19 0 
5 6 10 13 14 16 20 21 23 26 27 0 
12 14 18 27 0 
6 10 12 14 15 18 29 0 
3 8 10 14 20 26 0 
10 14 26 28 0 
1 3 6 7 20 21 0 
4 10 11 12 25 0 
1 6 20 25 29 0 
4 9 12 18 25 27 0 
1 2 13 14 17 22 0 
3 5 6 17 20 24 29 0 
1 8 15 21 27 0 
2 5 10 13 14 15 18 24 0 
1 8 14 16 23 27 28 29 0 
4 9 16 18 0 
4 21 22 26 0 
9 13 14 17 23 0 
4 17 19 21 23 28 0 
1 7 8 12 13 14 15 19 23 27 28 0 
6 14 15 17 19 22 27 28 0 
3 9 11 12 17 18 24 27 0 
6 10 11 20 0 
6 11 17 26 27 0 
3 6 20 24 25 26 28 0 
1 12 16 18 19 29 0 
14 18 19 20 21 25 28 29 0 
3 8 9 10 20 26 0 
2 8 12 21 22 0 
1 16 19 28 29 0 
1 11 14 17 0 
2 11 13 18 21 22 23 0 
2 4 7 10 12 18 21 28 0 
6 11 12 14 19 21 0 
12 17 19 22 25 0 
1 2 7 8 9 10 0 
3 9 12 13 21 25 28 0 
2 4 7 14 19 20 22 27 28 0 
1 2 13 18 20 22 23 26 0 
3 4 8 11 12 13 14 22 23 26 29 0 
4 7 14 22 27 28 0 
1 18 23 25 29 0 
1 3 5 7 13 15 18 21 23 26 29 0 
1 2 10 18 19 22 23 25 29 0 
1 8 14 21 23 0 
4 9 10 13 16 22 29 0 
8 15 19 0 
1 5 19 23 0 
2 13 15 16 24 0 
3 4 5 9 14 29 0 
2 4 12 29 0 
1 2 6 10 11 16 23 24 27 0 
1 2 3 8 9 20 23 0 
4 7 13 21 22 24 25 0 
8 9 10 12 13 15 16 21 23 25 27 28 0 
1 5 6 8 11 12 13 15 21 23 0 
4 9 11 15 18 19 0 
4 6 13 16 23 24 27 0 
5 14 25 0 
8 10 14 23 26 27 0 
3 9 12 22 23 25 27 0 
1 18 20 22 23 0 
10 17 18 25 27 0 
2 16 17 22 26 0 
2 7 10 20 24 25 0 
2 5 13 17 18 24 26 27 0 
1 4 8 10 12 13 14 22 27 29 0 
4 11 12 13 15 17 18 20 22 0 
8 9 16 17 19 20 0 
2 3 5 7 11 20 22 29 0 
3 10 11 17 0 
9 11 18 20 22 25 26 29 0 
1 5 11 16 19 22 23 24 27 29 0 
10 14 15 18 22 25 29 0 
1 7 10 16 18 23 25 28 0 
1 3 22 0 
1 2 6 8 11 18 20 24 25 0 
2 7 12 21 24 26 28 0 
3 17 0 
3 7 9 24 25 28 0 
2 3 4 7 18 19 0 
3 13 0 
2 5 7 11 13 16 18 22 25 26 0 
5 6 11 13 15 17 21 25 0 
8 11 16 24 0 
14 15 17 18 0 
2 4 7 9 17 19 21 26 29 0 
2 5 12 21 0 
6 9 13 18 23 0 
5 11 12 21 0 
1 5 11 12 21 24 26 0 
3 5 12 15 24 0 
10 13 14 20 23 26 29 0 
6 13 14 17 19 20 21 22 25 0 
1 8 13 20 0 
8 11 17 20 0 
6 7 8 18 19 20 25 28 29 0 
5 8 13 14 17 20 26 27 0 
1 11 16 23 24 25 0 
2 3 12 14 17 25 27 28 0 
2 5 7 8 14 16 18 25 0 
1 3 7 11 17 25 29 0 
2 4 20 24 27 0 
3 13 15 19 27 28 0 
5 9 16 18 21 26 0 
11 19 22 25 0 
2 4 15 17 18 21 22 26 27 0 
1 4 6 12 16 17 0 
4 6 11 19 22 25 0 
9 10 14 16 21 23 28 29 0 
2 4 10 11 12 14 22 26 0 
9 19 25 27 28 29 0 
3 15 23 25 0 
4 7 9 11 14 15 17 24 28 0 
1 7 8 14 20 23 28 0 
1 2 3 11 16 17 19 23 26 0 
3 11 17 18 19 24 0 
13 14 21 23 0 
1 4 8 12 15 16 19 22 25 26 0 
1 2 9 19 20 0 
1 2 4 5 12 15 20 25 0 
3 5 6 13 18 20 0 
2 3 28 0 
2 5 8 22 25 29 0 
7 16 17 18 23 25 0 
1 4 9 10 18 19 21 25 0 
2 6 7 8 22 24 25 26 29 0 
3 14 20 26 0 
2 11 14 16 23 24 26 0 
5 6 7 12 17 21 26 0 
3 11 13 19 27 0 
4 11 12 17 23 29 0 
1 10 14 16 17 21 24 26 0 
10 14 15 16 18 20 22 24 25 0 
2 4 19 26 0 
1 5 11 24 29 0 
4 7 16 19 25 28 0 
10 13 17 27 28 0 
3 6 8 10 11 12 13 15 23 0 
2 13 18 21 27 0 
6 9 20 23 28 0 
1 4 6 7 12 13 16 17 26 0 
2 4 7 10 17 28 29 0 
7 9 10 12 20 29 0 
1 3 11 14 16 20 23 0 
2 4 7 12 22 26 0 
10 15 23 25 28 0 
1 3 5 6 7 13 14 16 19 20 24 0 
1 9 23 26 0 
4 8 10 12 13 17 0 
3 5 11 13 15 16 21 26 29 0 
2 13 14 17 24 25 28 0 
3 11 14 15 25 29 0 
5 9 12 13 18 23 25 0 
1 5 8 10 22 28 29 0 
1 5 22 25 28 29 0 
2 3 4 8 10 24 25 27 29 0 
6 14 17 23 24 25 0 
13 19 21 26 0 
1 3 8 9 16 21 0 
2 3 15 18 19 21 28 0 
2 7 10 14 17 23 24 29 0 
1 7 8 15 21 22 26 27 0 
1 6 14 22 25 0 
4 7 9 13 14 15 26 29 0 
2 9 12 19 0 
8 11 14 18 19 29 0 
5 9 10 18 20 25 0 
5 6 10 23 28 0 
9 14 15 22 0 
2 3 15 23 0 
4 6 7 15 18 20 22 25 0 
14 15 18 19 23 24 28 0 
13 15 20 22 0 
7 9 12 13 21 22 23 0 
4 8 11 13 22 27 0 
1 5 11 13 15 19 26 0 
2 4 16 22 23 24 26 27 29 0 
3 5 6 12 17 0 
2 4 6 8 12 17 18 22 23 0 
15 19 24 25 29 0 
6 14 15 17 18 24 0 
1 6 8 11 15 16 0 
1 4 8 17 23 27 29 0 
2 7 8 23 24 26 28 29 0 
10 13 14 22 0 
8 10 14 16 18 22 29 0 
2 11 16 20 0 
4 7 10 13 15 18 24 26 28 0 
4 6 8 19 26 0 
4 10 17 19 21 24 0 
18 29 0 
6 7 10 12 16 20 0 
9 13 22 23 0 
1 4 6 20 21 24 27 0 
1 4 8 25 26 0 
2 7 12 13 15 18 0 
2 5 14 17 22 26 27 28 0 
11 12 17 18 24 28 0 
8 11 15 19 21 27 0 
5 7 14 18 21 23 0 
2 3 4 9 10 14 24 0 
4 5 10 12 16 18 22 0 
4 6 8 17 23 26 0 
12 13 16 19 21 23 0 
1 2 9 11 18 21 27 28 0 
3 5 12 18 19 29 0 
5 7 18 20 23 24 25 27 29 0 
2 3 12 14 17 0 
1 3 6 16 20 22 27 28 0 
13 14 17 23 25 26 0 
11 13 14 15 17 18 20 22 24 27 29 0 
14 15 22 27 29 0 
2 3 7 11 16 26 0 
7 11 19 21 29 0 
2 10 12 15 24 0 
2 11 21 22 23 0 
2 5 6 7 10 13 17 18 29 0 
3 4 9 27 0 
14 15 16 17 18 26 0 
3 5 6 12 14 20 0 
6 10 12 0 
17 23 28 0 
5 11 16 18 27 0 
1 7 12 16 22 28 0 
2 12 16 19 25 27 0 
1 3 16 18 23 0 
1 5 9 12 29 0 
2 6 8 15 20 24 0 
4 6 9 14 16 20 26 27 0 
1 6 9 11 13 18 22 25 0 
6 7 11 12 13 17 29 0 
5 7 10 13 19 20 21 22 0 
24 25 0 
4 8 12 24 25 29 0 
11 12 13 15 23 0 
1 3 18 21 25 29 0 
3 5 22 25 26 0 
5 7 11 12 15 23 27 28 0 
4 13 17 18 21 0 
2 5 6 10 12 14 15 18 21 24 0 
3 5 7 11 20 24 29 0 
7 9 12 14 24 29 0 
-3 -6 -14 -16 -18 -26 -28 0 
-4 -7 -12 -17 -29 0 
-1 -2 -5 -12 -18 -19 -20 -21 -25 -28 0 
-5 -7 -22 0 
-2 -7 -12 -18 -27 0 
-3 -9 -10 -15 -19 0 
-1 -14 -15 -18 -20 -23 -27 -28 0 
-2 -10 -19 -20 -28 0 
-8 -9 -10 -12 -20 -26 -29 0 
-2 -7 -8 -15 -23 -24 0 
-2 -7 -17 -20 -23 -29 0 
-1 -2 -5 -7 -11 -13 -20 0 
-2 -4 -8 -10 -15 -16 -28 0 
-4 -5 -6 -9 -20 -21 -27 0 
-3 -9 -15 -16 -28 0 
-3 -12 -14 -16 -21 -22 -26 -27 0 
-1 -13 -22 -24 -25 0 
-9 -10 -13 -22 -23 -26 0 
-1 -12 -16 -23 -27 0 
-1 -2 -4 -10 -11 -16 -23 -24 0 
-2 -7 -16 -18 -23 -29 0 
-5 -6 -8 -22 -23 0 
-6 -10 -14 -16 -17 -20 -26 -27 0 
-10 -15 -21 -23 -29 0 
-1 -6 -8 -10 -15 -16 -23 0 
-1 -7 -15 -24 -27 -28 0 
-3 -5 -8 -20 -23 -25 -29 0 
-3 -7 -8 -9 -10 -15 -16 -26 0 
-1 -4 -7 -8 -9 -10 -14 -16 -17 -18 -21 -27 0 
-3 -4 -8 -9 -12 -20 -23 -26 -28 0 
-3 -9 -11 -16 -17 -26 0 
-5 -6 -8 -11 -18 -29 0 
-1 -7 -9 -11 -14 -15 -17 -21 -27 0 
-9 -10 -13 -19 -20 -21 -23 0 
-8 -21 -22 -25 -27 0 
-5 -8 0 
-3 -12 -13 -15 -24 0 
-1 -5 -16 -22 0 
-1 -9 -13 -17 -22 -24 0 
-2 -7 -14 -22 -23 -27 -28 0 
-5 -12 -15 -19 -24 0 
-4 -14 -25 0 
-4 -8 -11 -14 -17 -20 -29 0 
-2 -8 -10 -11 -14 -17 -22 -26 0 
-1 -5 -11 -16 -24 -25 0 
-2 -9 -10 -29 0 
-1 -5 -6 -10 -22 -25 0 
-9 -10 -19 0 
-2 -4 -7 -12 -15 -17 -18 -20 -27 -29 0 
-2 -4 -14 -19 -20 -24 -26 -28 -29 0 
-6 -9 -11 -12 -15 -19 -20 0 
-1 -2 -14 -21 -23 -24 -25 0 
-5 -14 -15 -18 -21 -22 -24 0 
-6 -14 -17 -18 -23 -27 -28 0 
-1 -12 -20 -25 -27 -28 -29 0 
-4 -8 -12 -24 0 
-4 -8 -11 0 
-11 -13 -26 0 
-7 -11 -19 -21 0 
-14 -17 -24 -29 0 
-1 -6 -14 -18 -19 -20 0 
-3 -8 -9 -15 -19 -22 0 
-1 -2 -4 -6 -9 -13 -14 -24 -25 0 
-6 -11 -21 -25 0 
-1 -3 -12 -20 -21 -26 0 
-2 -4 -19 -20 -28 0 
-9 -15 -20 -24 -25 0 
-11 -22 -26 -29 0 
-7 -9 -10 -14 -18 -20 -21 -25 -28 0 
-7 -17 -19 -21 -23 -25 -28 0 
-11 -13 -19 -26 -28 0 
-3 -16 -21 -24 -25 0 
-6 -11 -25 -29 0 
-5 -7 -10 -11 -12 -25 -28 0 
-4 -5 -6 -11 -16 -22 -25 0 
-2 -24 -25 0 
-1 -2 -8 -10 -14 -25 -27 0 
-4 -5 -11 -26 0 
-1 -9 -15 -18 0 
-10 -13 -18 0 
-4 -5 -8 -21 -22 -24 0 
-6 -7 -8 -12 -14 -15 -16 -19 -22 -27 0 
-2 -9 -17 -24 -25 -26 -27 -29 0 
-11 -12 -22 -27 0 
-2 -8 -13 -15 -17 -20 -26 0 
-5 -6 -7 -20 -28 -29 0 
-7 -9 -16 -21 -25 -29 0 
-1 -9 -12 -15 -20 -21 -24 0 
-3 -6 -9 -16 -18 -23 -26 0 
-7 -14 -22 -29 0 
-6 -11 -19 -23 -29 0 
-1 -5 -6 -10 -13 -20 -21 0 
-3 -4 -5 -9 -14 -15 -17 -19 -25 -26 0 
-2 -5 -11 -24 0 
-4 -7 -15 -25 -26 0 
-9 -14 -20 -22 -24 0 
-2 -8 -19 -20 -24 0 
-2 -5 -6 -10 -11 -12 0 
-7 -8 -9 -20 -24 0 
-6 -12 -15 -16 -20 -25 -28 0 
-2 -6 -10 -12 -16 -19 -26 -27 -29 0 
-2 -3 -12 -17 -18 -19 -22 -23 -28 0 
-8 -11 -12 -13 -16 -19 -21 -26 -29 0 
-3 -5 -7 -9 -10 -11 -18 -21 -26 -27 0 
-6 -11 -28 0 
-5 -9 -12 -15 -27 0 
-3 -4 -8 -18 -20 -26 0 
-2 -5 -6 -13 -16 -18 0 
-1 -5 -8 -15 -18 -21 -26 -29 0 
-3 -8 -9 -10 -11 -18 -28 0 
-1 -12 -20 -22 -24 0 
-2 -4 -6 -9 -10 -11 -15 -17 -26 -29 0 
-1 -5 -12 -16 0 
-2 -14 -15 -17 -24 -25 0 
-2 -3 -12 -16 -18 -21 -23 -24 -25 0 
-8 -12 -18 -25 0 
-2 -3 -4 -6 -13 -14 -19 -29 0 
-9 -10 -14 -16 -23 0 
-5 -7 -19 -21 -27 -28 0 
-2 -3 -4 -5 -11 -15 -21 -24 -25 -28 -29 0 
-6 -10 -18 -21 0 
-4 -5 -9 -19 -23 -26 -27 -28 0 
-2 -4 -12 -13 -18 -22 -29 0 
-2 -8 -13 -15 -19 -26 -28 0 
-2 -3 -11 -21 -24 0 
-11 -17 -24 -25 0 
-3 -12 -13 -18 -27 0 
-7 -9 -19 -24 -25 -28 0 
-4 -5 -13 -20 -28 0 
-2 -3 -7 -9 -12 -15 -16 -24 -26 0 
-6 -14 -18 0 
-4 -10 -18 -24 0 
-8 -11 -17 -22 0 
-6 -8 -14 -17 -24 -26 0 
-1 -6 -8 -10 -17 -18 -22 -23 -28 0 
-3 -6 -9 -10 -15 -16 -20 -25 0 
-5 -6 -7 -18 -28 -29 0 
-7 -9 -14 -22 -24 -27 0 
-1 -2 -9 -13 -18 -19 -20 -22 0 
-2 -10 -16 -22 -27 -29 0 
-4 -6 -16 -17 -18 0 
-4 -5 -6 -8 -13 -18 -21 -29 0 
-3 -14 -18 0 
-1 -17 -25 0 
-6 -14 -24 -27 -29 0 
-6 -7 -9 -12 -22 -24 0 
-3 -9 -11 -21 -23 -26 -27 0 
-1 -6 -14 -15 -18 -19 -22 -24 -26 0 
-1 -17 -20 -22 -24 -26 -29 0 
-13 -21 -27 0 
-2 -6 -10 -18 -23 -24 -28 0 
-2 -14 -18 -19 0 
-3 -8 -14 -19 0 
-1 -16 -25 0 
-9 -18 -28 0 
-1 -5 -7 -13 -18 -24 -25 -29 0 
-4 -5 -8 -14 -23 -27 -29 0 
-3 -14 -16 -17 -19 0 
-5 -6 -10 -13 -14 -16 -20 -21 -23 -26 -27 0 
-12 -14 -18 -27 0 
-6 -10 -12 -14 -15 -18 -29 0 
-3 -8 -10 -14 -20 -26 0 
-10 -14 -26 -28 0 
-1 -3 -6 -7 -20 -21 0 
-4 -10 -11 -12 -25 0 
-1 -6 -20 -25 -29 0 
-4 -9 -12 -18 -25 -27 0 
-1 -2 -13 -14 -17 -22 0 
-3 -5 -6 -17 -20 -24 -29 0 
-1 -8 -15 -21 -27 0 
-2 -5 -10 -13 -14 -15 -18 -24 0 
-1 -8 -14 -16 -23 -27 -28 -29 0 
-4 -9 -16 -18 0 
-4 -21 -22 -26 0 
-9 -13 -14 -17 -23 0 
-4 -17 -19 -21 -23 -28 0 
-1 -7 -8 -12 -13 -14 -15 -19 -23 -27 -28 0 
-6 -14 -15 -17 -19 -22 -27 -28 0 
-3 -9 -11 -12 -17 -18 -24 -27 0 
-6 -10 -11 -20 0 
-6 -11 -17 -26 -27 0 
-3 -6 -20 -24 -25 -26 -28 0 
-1 -12 -16 -18 -19 -29 0 
-14 -18 -19 -20 -21 -25 -28 -29 0 
-3 -8 -9 -10 -20 -26 0 
-2 -8 -12 -21 -22 0 
-1 -16 -19 -28 -29 0 
-1 -11 -14 -17 0 
-2 -11 -13 -18 -21 -22 -23 0 
-2 -4 -7 -10 -12 -18 -21 -28 0 
-6 -11 -12 -14 -19 -21 0 
-12 -17 -19 -22 -25 0 
-1 -2 -7 -8 -9 -10 0 
-3 -9 -12 -13 -21 -25 -28 0 
-2 -4 -7 -14 -19 -20 -22 -27 -28 0 
-1 -2 -13 -18 -20 -22 -23 -26 0 
-3 -4 -8 -11 -12 -13 -14 -22 -23 -26 -29 0 
-4 -7 -14 -22 -27 -28 0 
-1 -18 -23 -25 -29 0 
-1 -3 -5 -7 -13 -15 -18 -21 -23 -26 -29 0 
-1 -2 -10 -18 -19 -22 -23 -25 -29 0 
-1 -8 -14 -21 -23 0 
-4 -9 -10 -13 -16 -22 -29 0 
-8 -15 -19 0 
-1 -5 -19 -23 0 
-2 -13 -15 -16 -24 0 
-3 -4 -5 -9 -14 -29 0 
-2 -4 -12 -29 0 
-1 -2 -6 -10 -11 -16 -23 -24 -27 0 
-1 -2 -3 -8 -9 -20 -23 0 
-4 -7 -13 -21 -22 -24 -25 0 
-8 -9 -10 -12 -13 -15 -16 -21 -23 -25 -27 -28 0 
-1 -5 -6 -8 -11 -12 -13 -15 -21 -23 0 
-4 -9 -11 -15 -18 -19 0 
-4 -6 -13 -16 -23 -24 -27 0 
-5 -14 -25 0 
-8 -10 -14 -23 -26 -27 0 
-3 -9 -12 -22 -23 -25 -27 0 
-1 -18 -20 -22 -23 0 
-10 -17 -18 -25 -27 0 
-2 -16 -17 -22 -26 0 
-2 -7 -10 -20 -24 -25 0 
-2 -5 -13 -17 -18 -24 -26 -27 0 
-1 -4 -8 -10 -12 -13 -14 -22 -27 -29 0 
-4 -11 -12 -13 -15 -17 -18 -20 -22 0 
-8 -9 -16 -17 -19 -20 0 
-2 -3 -5 -7 -11 -20 -22 -29 0 
-3 -10 -11 -17 0 
-9 -11 -18 -20 -22 -25 -26 -29 0 
-1 -5 -11 -16 -19 -22 -23 -24 -27 -29 0 
-10 -14 -15 -18 -22 -25 -29 0 
-1 -7 -10 -16 -18 -23 -25 -28 0 
-1 -3 -22 0 
-1 -2 -6 -8 -11 -18 -20 -24 -25 0 
-2 -7 -12 -21 -24 -26 -28 0 
-3 -17 0 
-3 -7 -9 -24 -25 -28 0 
-2 -3 -4 -7 -18 -19 0 
-3 -13 0 
-2 -5 -7 -11 -13 -16 -18 -22 -25 -26 0 
-5 -6 -11 -13 -15 -17 -21 -25 0 
-8 -11 -16 -24 0 
-14 -15 -17 -18 0 
-2 -4 -7 -9 -17 -19 -21 -26 -29 0 
-2 -5 -12 -21 0 
-6 -9 -13 -18 -23 0 
-5 -11 -12 -21 0 
-1 -5 -11 -12 -21 -24 -26 0 
-3 -5 -12 -15 -24 0 
-10 -13 -14 -20 -23 -26 -29 0 
-6 -13 -14 -17 -19 -20 -21 -22 -25 0 
-1 -8 -13 -20 0 
-8 -11 -17 -20 0 
-6 -7 -8 -18 -19 -20 -25 -28 -29 0 
-5 -8 -13 -14 -17 -20 -26 -27 0 
-1 -11 -16 -23 -24 -25 0 
-2 -3 -12 -14 -17 -25 -27 -28 0 
-2 -5 -7 -8 -14 -16 -18 -25 0 
-1 -3 -7 -11 -17 -25 -29 0 
-2 -4 -20 -24 -27 0 
-3 -13 -15 -19 -27 -28 0 
-5 -9 -16 -18 -21 -26 0 
-11 -19 -22 -25 0 
-2 -4 -15 -17 -18 -21 -22 -26 -27 0 
-1 -4 -6 -12 -16 -17 0 
-4 -6 -11 -19 -22 -25 0 
-9 -10 -14 -16 -21 -23 -28 -29 0 
-2 -4 -10 -11 -12 -14 -22 -26 0 
-9 -19 -25 -27 -28 -29 0 
-3 -15 -23 -25 0 
-4 -7 -9 -11 -14 -15 -17 -24 -28 0 
-1 -7 -8 -14 -20 -23 -28 0 
-1 -2 -3 -11 -16 -17 -19 -23 -26 0 
-3 -11 -17 -18 -19 -24 0 
-13 -14 -21 -23 0 
-1 -4 -8 -12 -15 -16 -19 -22 -25 -26 0 
-1 -2 -9 -19 -20 0 
-1 -2 -4 -5 -12 -15 -20 -25 0 
-3 -5 -6 -13 -18 -20 0 
-2 -3 -28 0 
-2 -5 -8 -22 -25 -29 0 
-7 -16 -17 -18 -23 -25 0 
-1 -4 -9 -10 -18 -19 -21 -25 0 
-2 -6 -7 -8 -22 -24 -25 -26 -29 0 
-3 -14 -20 -26 0 
-2 -11 -14 -16 -23 -24 -26 0 
-5 -6 -7 -12 -17 -21 -26 0 
-3 -11 -13 -19 -27 0 
-4 -11 -12 -17 -23 -29 0 
-1 -10 -14 -16 -17 -21 -24 -26 0 
-10 -14 -15 -16 -18 -20 -22 -24 -25 0 
-2 -4 -19 -26 0 
-1 -5 -11 -24 -29 0 
-4 -7 -16 -19 -25 -28 0 
-10 -13 -17 -27 -28 0 
-3 -6 -8 -10 -11 -12 -13 -15 -23 0 
-2 -13 -18 -21 -27 0 
-6 -9 -20 -23 -28 0 
-1 -4 -6 -7 -12 -13 -16 -17 -26 0 
-2 -4 -7 -10 -17 -28 -29 0 
-7 -9 -10 -12 -20 -29 0 
-1 -3 -11 -14 -16 -20 -23 0 
-2 -4 -7 -12 -22 -26 0 
-10 -15 -23 -25 -28 0 
-1 -3 -5 -6 -7 -13 -14 -16 -19 -20 -24 0 
-1 -9 -23 -26 0 
-4 -8 -10 -12 -13 -17 0 
-3 -5 -11 -13 -15 -16 -21 -26 -29 0 
-2 -13 -14 -17 -24 -25 -28 0 
-3 -11 -14 -15 -25 -29 0 
-5 -9 -12 -13 -18 -23 -25 0 
-1 -5 -8 -10 -22 -28 -29 0 
-1 -5 -22 -25 -28 -29 0 
-2 -3 -4 -8 -10 -24 -25 -27 -29 0 
-6 -14 -17 -23 -24 -25 0 
-13 -19 -21 -26 0 
-1 -3 -8 -9 -16 -21 0 
-2 -3 -15 -18 -19 -21 -28 0 
-2 -7 -10 -14 -17 -23 -24 -29 0 
-1 -7 -8 -15 -21 -22 -26 -27 0 
-1 -6 -14 -22 -25 0 
-4 -7 -9 -13 -14 -15 -26 -29 0 
-2 -9 -12 -19 0 
-8 -11 -14 -18 -19 -29 0 
-5 -9 -10 -18 -20 -25 0 
-5 -6 -10 -23 -28 0 
-9 -14 -15 -22 0 
-2 -3 -15 -23 0 
-4 -6 -7 -15 -18 -20 -22 -25 0 
-14 -15 -18 -19 -23 -24 -28 0 
-13 -15 -20 -22 0 
-7 -9 -12 -13 -21 -22 -23 0 
-4 -8 -11 -13 -22 -27 0 
-1 -5 -11 -13 -15 -19 -26 0 
-2 -4 -16 -22 -23 -24 -26 -27 -29 0 
-3 -5 -6 -12 -17 0 
-2 -4 -6 -8 -12 -17 -18 -22 -23 0 
-15 -19 -24 -25 -29 0 
-6 -14 -15 -17 -18 -24 0 
-1 -6 -8 -11 -15 -16 0 
-1 -4 -8 -17 -23 -27 -29 0 
-2 -7 -8 -23 -24 -26 -28 -29 0 
-10 -13 -14 -22 0 
-8 -10 -14 -16 -18 -22 -29 0 
-2 -11 -16 -20 0 
-4 -7 -10 -13 -15 -18 -24 -26 -28 0 
-4 -6 -8 -19 -26 0 
-4 -10 -17 -19 -21 -24 0 
-18 -29 0 
-6 -7 -10 -12 -16 -20 0 
-9 -13 -22 -23 0 
-1 -4 -6 -20 -21 -24 -27 0 
-1 -4 -8 -25 -26 0 
-2 -7 -12 -13 -15 -18 0 
-2 -5 -14 -17 -22 -26 -27 -28 0 
-11 -12 -17 -18 -24 -28 0 
-8 -11 -15 -19 -21 -27 0 
-5 -7 -14 -18 -21 -23 0 
-2 -3 -4 -9 -10 -14 -24 0 
-4 -5 -10 -12 -16 -18 -22 0 
-4 -6 -8 -17 -23 -26 0 
-12 -13 -16 -19 -21 -23 0 
-1 -2 -9 -11 -18 -21 -27 -28 0 
-3 -5 -12 -18 -19 -29 0 
-5 -7 -18 -20 -23 -24 -25 -27 -29 0 
-2 -3 -12 -14 -17 0 
-1 -3 -6 -16 -20 -22 -27 -28 0 
-13 -14 -17 -23 -25 -26 0 
-11 -13 -14 -15 -17 -18 -20 -22 -24 -27 -29 0 
-14 -15 -22 -27 -29 0 
-2 -3 -7 -11 -16 -26 0 
-7 -11 -19 -21 -29 0 
-2 -10 -12 -15 -24 0 
-2 -11 -21 -22 -23 0 
-2 -5 -6 -7 -10 -13 -17 -18 -29 0 
-3 -4 -9 -27 0 
-14 -15 -16 -17 -18 -26 0 
-3 -5 -6 -12 -14 -20 0 
-6 -10 -12 0 
-17 -23 -28 0 
-5 -11 -16 -18 -27 0 
-1 -7 -12 -16 -22 -28 0 
-2 -12 -16 -19 -25 -27 0 
-1 -3 -16 -18 -23 0 
-1 -5 -9 -12 -29 0 
-2 -6 -8 -15 -20 -24 0 
-4 -6 -9 -14 -16 -20 -26 -27 0 
-1 -6 -9 -11 -13 -18 -22 -25 0 
-6 -7 -11 -12 -13 -17 -29 0 
-5 -7 -10 -13 -19 -20 -21 -22 0 
-24 -25 0 
-4 -8 -12 -24 -25 -29 0 
-11 -12 -13 -15 -23 0 
-1 -3 -18 -21 -25 -29 0 
-3 -5 -22 -25 -26 0 
-5 -7 -11 -12 -15 -23 -27 -28 0 
-4 -13 -17 -18 -21 0 
-2 -5 -6 -10 -12 -14 -15 -18 -21 -24 0 
-3 -5 -7 -11 -20 -24 -29 0 
-7 -9 -12 -14 -24 -29 0 
