p cnf 29 800
5 9 13 18 0 
4 8 9 10 11 14 17 24 26 28 0 
1 3 5 6 12 13 29 0 
2 3 4 7 10 12 15 18 23 28 29 0 
4 8 14 21 0 
2 9 10 12 18 22 25 26 0 
12 20 22 29 0 
2 5 6 10 14 15 28 0 
4 5 8 9 12 27 0 
3 8 9 10 16 21 28 0 
10 15 19 0 
1 16 22 25 26 0 
9 12 15 17 18 26 27 0 
5 7 16 17 19 23 26 0 
6 7 14 15 18 0 
1 2 3 10 13 16 17 23 24 25 0 
8 12 17 26 29 0 
4 5 9 11 13 21 0 
1 5 8 9 24 25 29 0 
5 7 9 10 17 0 
4 10 12 26 0 
10 12 20 25 28 0 
3 5 9 10 16 22 25 0 
2 7 23 25 0 
1 2 3 13 18 21 25 29 0 
1 4 5 8 13 18 26 0 
3 9 25 26 27 0 
5 7 9 10 13 0 
17 20 22 0 
7 19 0 
2 5 8 11 13 15 17 22 27 0 
1 3 4 12 18 20 29 0 
1 21 22 23 28 0 
1 2 11 20 23 25 0 
1 5 6 7 17 23 29 0 
4 21 24 26 29 0 
3 13 14 26 0 
7 16 19 26 27 0 
7 12 13 14 19 20 21 24 0 
8 11 15 22 23 26 0 
2 6 7 13 15 18 19 22 29 0 
1 4 5 12 14 19 20 23 0 
2 15 20 24 25 0 
3 6 7 15 16 18 22 23 26 27 0 
2 8 13 16 21 22 25 0 
1 4 9 11 12 14 17 21 26 0 
7 11 26 28 0 
5 11 13 15 16 23 29 0 
2 11 13 29 0 
6 9 10 14 22 24 0 
5 6 18 19 20 0 
2 16 21 22 25 28 0 
2 4 5 6 8 19 23 24 27 29 0 
10 20 24 25 26 29 0 
1 5 9 11 13 0 
3 8 14 17 24 0 
4 16 18 21 0 
2 6 10 17 22 24 0 
8 15 16 20 21 25 0 
12 15 18 20 26 0 
3 6 11 12 13 15 21 0 
1 3 9 10 14 24 26 0 
1 9 12 15 23 26 0 
4 6 8 15 21 23 27 28 0 
22 24 29 0 
8 10 18 24 25 26 0 
3 5 9 12 16 17 19 20 28 0 
3 8 11 12 15 16 26 0 
2 4 11 12 17 23 24 0 
10 13 16 20 26 0 
3 4 7 9 13 15 16 19 0 
2 3 5 11 17 24 29 0 
12 14 15 20 22 28 0 
5 9 10 21 22 0 
4 17 19 27 28 0 
2 12 16 23 0 
3 10 17 21 25 0 
1 10 14 23 25 0 
1 2 6 7 14 20 22 23 25 0 
2 6 16 20 21 26 29 0 
4 15 18 20 0 
3 13 14 16 21 26 0 
1 5 13 25 26 27 0 
1 5 7 8 13 19 22 25 0 
1 11 12 14 19 22 28 0 
1 3 8 12 17 22 25 0 
4 5 6 8 14 21 0 
1 7 11 19 22 0 
3 5 6 12 25 0 
3 5 11 16 18 22 23 0 
2 4 10 11 14 17 24 28 0 
6 8 10 17 18 19 24 0 
3 4 11 15 18 22 24 27 0 
1 3 7 12 13 20 21 0 
1 12 18 20 27 29 0 
2 6 11 16 21 24 27 0 
8 14 24 26 0 
3 7 12 13 15 16 17 26 28 0 
4 12 25 26 0 
2 3 14 24 29 0 
2 4 5 7 8 9 21 0 
1 5 8 12 13 22 0 
4 7 8 12 0 
10 12 18 0 
6 15 16 25 0 
4 7 12 13 19 22 0 
2 5 10 11 15 17 20 26 29 0 
4 6 7 8 22 0 
5 9 12 13 16 19 23 28 0 
1 3 4 7 8 20 28 0 
5 13 21 24 28 29 0 
6 11 12 20 23 0 
2 5 6 11 12 13 27 28 29 0 
4 9 10 13 15 18 25 28 0 
6 8 18 19 20 21 22 26 0 
1 5 7 8 9 10 14 24 0 
6 12 14 20 23 0 
7 9 13 14 19 22 24 0 
2 6 7 8 10 15 19 23 25 28 0 
7 13 14 15 19 22 27 0 
6 8 9 13 14 18 24 25 29 0 
7 14 15 22 26 0 
10 14 18 20 21 25 0 
5 7 19 20 23 25 28 0 
1 6 9 15 17 21 22 0 
3 7 22 23 29 0 
7 9 13 17 20 23 25 26 28 0 
8 10 11 12 18 25 27 29 0 
2 3 14 17 28 29 0 
7 9 21 23 29 0 
1 5 14 26 28 0 
1 2 10 11 25 0 
8 11 14 19 22 0 
4 6 8 9 15 19 21 23 0 
10 13 28 0 
9 12 20 26 28 0 
2 5 15 20 0 
2 5 16 18 21 22 26 0 
6 7 12 20 22 23 0 
11 14 19 23 24 26 28 0 
2 4 8 12 26 28 0 
5 10 17 22 24 25 0 
6 10 15 16 21 23 29 0 
1 17 19 28 0 
1 2 9 10 11 18 19 20 21 23 26 28 0 
5 8 13 15 21 28 0 
9 16 24 27 29 0 
13 14 18 26 29 0 
1 7 11 12 14 20 22 26 29 0 
5 9 12 13 16 19 23 25 28 0 
5 6 10 12 13 19 21 22 24 0 
2 8 17 19 21 0 
1 10 13 14 15 17 19 23 24 0 
11 13 14 23 26 0 
1 5 15 19 20 21 23 25 28 0 
1 4 6 7 9 15 19 20 23 26 0 
4 9 18 23 0 
7 11 18 23 27 0 
5 10 21 23 26 29 0 
6 10 11 12 14 20 24 0 
3 6 8 14 27 28 0 
2 5 18 26 0 
6 7 11 16 0 
4 6 12 19 22 0 
1 3 8 24 28 0 
11 20 21 24 0 
7 12 18 20 23 0 
2 5 17 20 23 26 27 28 29 0 
8 11 12 19 0 
2 6 17 18 24 26 29 0 
1 6 7 15 17 24 26 0 
1 3 4 5 6 9 14 15 16 18 0 
9 14 16 26 0 
1 7 14 16 27 28 0 
5 7 11 13 14 23 29 0 
6 8 14 15 17 18 20 21 0 
4 5 13 19 28 0 
1 8 10 19 20 22 25 27 29 0 
1 2 7 8 12 18 19 29 0 
12 15 18 19 24 0 
5 7 10 17 19 23 24 28 0 
4 6 14 18 19 24 26 27 28 0 
4 8 19 20 22 0 
2 5 10 11 18 23 24 27 28 0 
2 5 7 9 12 15 18 20 29 0 
7 9 20 25 26 0 
3 6 13 17 24 25 27 0 
1 4 13 24 25 28 29 0 
3 6 7 8 14 15 17 19 21 26 27 0 
16 17 21 0 
11 15 20 22 24 29 0 
10 17 25 26 28 0 
3 4 6 11 17 25 28 0 
1 12 17 19 22 0 
1 10 18 19 26 0 
5 6 16 21 25 26 0 
3 9 16 18 25 29 0 
1 5 9 19 20 27 29 0 
14 15 22 27 0 
2 8 21 24 28 0 
6 11 13 22 27 29 0 
3 4 10 20 27 29 0 
3 4 9 12 26 0 
3 8 11 21 25 0 
7 10 19 0 
2 8 11 12 21 25 0 
1 4 18 20 22 24 0 
2 7 11 15 20 22 26 0 
7 9 12 19 20 26 28 0 
14 16 18 20 23 25 27 0 
6 7 8 15 16 17 18 22 23 25 28 29 0 
4 17 18 20 21 22 0 
5 16 19 21 26 29 0 
2 9 12 21 23 27 0 
2 10 12 18 21 27 28 0 
14 19 21 22 23 25 0 
1 2 5 9 15 18 19 21 24 0 
9 13 19 24 28 0 
15 17 18 23 0 
5 8 10 12 18 20 27 29 0 
3 4 7 8 14 18 19 27 28 0 
1 3 4 13 16 18 28 0 
6 9 10 16 17 19 27 29 0 
3 5 10 21 29 0 
10 11 13 15 19 0 
3 6 12 24 28 0 
3 8 11 23 25 0 
4 12 15 16 19 0 
4 13 14 15 20 27 0 
4 6 7 8 14 18 23 25 27 0 
14 17 23 0 
2 7 17 23 25 0 
8 17 22 23 28 0 
8 11 16 18 22 23 25 28 0 
3 10 12 16 20 24 27 0 
4 8 15 0 
8 16 18 0 
3 11 13 25 28 29 0 
3 5 9 15 26 29 0 
5 11 21 0 
6 13 17 21 24 0 
1 13 14 15 16 19 25 26 0 
3 9 10 19 22 23 0 
1 11 13 19 20 22 23 24 0 
5 7 9 18 29 0 
10 16 17 21 22 25 0 
1 5 7 18 22 0 
1 5 6 8 11 23 0 
2 9 15 16 17 18 0 
6 7 11 12 17 19 25 27 0 
2 14 15 16 19 21 0 
1 3 5 18 20 28 0 
5 6 9 23 25 26 27 0 
3 16 20 21 26 27 0 
2 10 18 23 28 0 
7 20 21 22 24 29 0 
4 11 17 19 25 0 
5 12 13 0 
1 3 7 12 21 22 23 26 0 
6 7 11 19 28 0 
2 5 8 13 20 23 25 27 29 0 
4 6 7 8 26 0 
2 3 8 14 26 0 
9 11 12 14 17 20 21 26 28 0 
4 10 15 19 21 24 0 
4 8 10 22 25 28 0 
3 8 11 23 0 
2 4 15 20 21 0 
1 3 5 6 11 14 16 18 20 26 29 0 
2 4 6 20 21 0 
11 12 14 19 26 29 0 
7 10 13 14 15 16 18 20 21 29 0 
7 12 22 26 27 0 
2 5 7 10 11 15 22 0 
2 6 13 14 17 19 21 22 0 
4 6 11 12 13 20 27 29 0 
5 17 24 27 0 
3 6 11 12 18 0 
12 13 15 25 0 
3 15 26 0 
8 10 12 13 16 17 21 28 0 
9 12 13 14 17 19 24 26 0 
1 2 3 12 15 22 0 
3 9 10 13 19 21 29 0 
8 13 18 22 25 29 0 
17 21 24 0 
3 5 7 11 12 14 16 18 19 25 27 0 
5 19 21 24 26 27 0 
13 21 22 23 25 0 
1 2 5 17 19 21 24 25 27 28 29 0 
3 5 9 15 19 22 27 28 0 
9 10 17 19 28 0 
6 7 8 9 12 17 21 22 26 29 0 
2 5 9 10 11 29 0 
2 3 9 13 16 17 19 22 0 
1 8 13 14 16 19 25 28 0 
3 9 12 15 18 19 20 23 0 
8 9 12 19 22 23 28 0 
2 8 12 16 19 22 0 
3 5 7 19 28 0 
3 6 11 13 17 21 22 24 0 
5 6 9 10 13 17 20 22 23 29 0 
11 12 16 17 22 24 27 0 
4 6 11 0 
6 11 13 19 25 29 0 
3 6 7 8 10 16 21 0 
13 15 22 27 0 
6 8 13 0 
5 7 15 0 
3 16 17 22 23 26 27 0 
9 12 18 20 28 0 
1 2 17 18 19 20 23 0 
11 13 19 21 22 0 
5 8 9 14 20 25 28 0 
6 7 18 19 22 0 
5 8 11 29 0 
1 6 8 12 14 15 29 0 
2 9 13 14 15 19 0 
1 5 7 12 13 22 0 
1 4 6 9 16 22 25 26 0 
10 15 17 18 27 0 
3 4 12 17 22 28 0 
8 10 11 14 16 26 0 
11 12 18 22 24 29 0 
3 9 14 15 29 0 
2 4 6 11 14 27 0 
5 21 23 24 0 
4 5 7 9 13 14 28 0 
3 17 18 19 21 0 
1 5 11 12 14 15 24 26 29 0 
2 8 19 21 22 28 0 
6 14 20 0 
1 3 4 5 8 10 12 13 23 27 29 0 
1 6 7 10 13 20 0 
5 11 12 13 14 23 27 0 
1 11 23 27 0 
1 2 3 4 5 10 16 19 20 29 0 
4 9 10 12 13 15 16 19 0 
10 13 17 18 26 27 0 
1 5 7 10 14 15 23 26 29 0 
2 3 7 8 15 16 19 24 25 0 
4 7 13 14 19 21 0 
1 2 9 12 19 20 22 27 0 
3 5 15 21 22 24 26 27 0 
1 2 11 16 17 19 23 29 0 
10 13 24 28 0 
1 2 5 6 7 8 11 16 18 19 25 0 
3 8 10 12 17 20 21 22 24 0 
5 9 12 13 23 26 0 
10 14 16 18 0 
1 3 6 7 12 19 26 29 0 
5 6 8 12 25 28 0 
7 8 9 11 15 16 25 0 
5 10 11 15 17 20 27 0 
4 5 7 10 13 14 16 24 26 27 28 0 
4 6 17 28 0 
2 13 17 19 0 
8 10 14 19 21 24 26 28 0 
3 6 23 26 27 0 
3 7 10 13 25 29 0 
5 6 8 18 24 29 0 
2 11 15 17 0 
5 7 8 9 11 12 13 25 27 0 
11 12 18 22 24 28 29 0 
1 2 15 17 28 0 
6 10 17 19 20 24 26 0 
8 10 21 23 26 29 0 
7 9 17 19 20 0 
5 20 23 24 28 0 
3 9 10 20 21 22 27 0 
2 5 8 10 15 27 0 
2 13 14 17 20 21 29 0 
1 10 29 0 
1 6 13 14 16 25 26 27 28 0 
16 20 24 26 0 
2 4 8 9 12 15 17 18 0 
10 17 21 23 24 25 26 0 
6 17 20 25 27 28 29 0 
12 13 18 20 22 25 0 
8 18 26 28 0 
5 8 14 19 24 26 0 
10 17 21 25 26 0 
10 18 20 29 0 
3 5 12 16 28 0 
1 2 3 8 16 24 25 26 27 0 
1 2 23 24 27 28 0 
9 10 21 22 23 26 0 
9 12 17 22 24 29 0 
2 4 6 11 15 23 26 0 
8 10 17 21 26 28 0 
12 13 15 21 24 27 29 0 
5 6 10 12 13 16 29 0 
3 7 10 11 21 0 
1 7 17 26 27 29 0 
8 15 19 24 25 29 0 
3 15 27 0 
3 18 22 25 28 0 
2 3 24 25 0 
1 3 7 8 12 16 17 21 22 23 27 0 
5 13 15 20 0 
-5 -9 -13 -18 0 
-4 -8 -9 -10 -11 -14 -17 -24 -26 -28 0 
-1 -3 -5 -6 -12 -13 -29 0 
-2 -3 -4 -7 -10 -12 -15 -18 -23 -28 -29 0 
-4 -8 -14 -21 0 
-2 -9 -10 -12 -18 -22 -25 -26 0 
-12 -20 -22 -29 0 
-2 -5 -6 -10 -14 -15 -28 0 
-4 -5 -8 -9 -12 -27 0 
-3 -8 -9 -10 -16 -21 -28 0 
-10 -15 -19 0 
-1 -16 -22 -25 -26 0 
-9 -12 -15 -17 -18 -26 -27 0 
-5 -7 -16 -17 -19 -23 -26 0 
-6 -7 -14 -15 -18 0 
-1 -2 -3 -10 -13 -16 -17 -23 -24 -25 0 
-8 -12 -17 -26 -29 0 
-4 -5 -9 -11 -13 -21 0 
-1 -5 -8 -9 -24 -25 -29 0 
-5 -7 -9 -10 -17 0 
-4 -10 -12 -26 0 
-10 -12 -20 -25 -28 0 
-3 -5 -9 -10 -16 -22 -25 0 
-2 -7 -23 -25 0 
-1 -2 -3 -13 -18 -21 -25 -29 0 
-1 -4 -5 -8 -13 -18 -26 0 
-3 -9 -25 -26 -27 0 
-5 -7 -9 -10 -13 0 
-17 -20 -22 0 
-7 -19 0 
-2 -5 -8 -11 -13 -15 -17 -22 -27 0 
-1 -3 -4 -12 -18 -20 -29 0 
-1 -21 -22 -23 -28 0 
-1 -2 -11 -20 -23 -25 0 
-1 -5 -6 -7 -17 -23 -29 0 
-4 -21 -24 -26 -29 0 
-3 -13 -14 -26 0 
-7 -16 -19 -26 -27 0 
-7 -12 -13 -14 -19 -20 -21 -24 0 
-8 -11 -15 -22 -23 -26 0 
-2 -6 -7 -13 -15 -18 -19 -22 -29 0 
-1 -4 -5 -12 -14 -19 -20 -23 0 
-2 -15 -20 -24 -25 0 
-3 -6 -7 -15 -16 -18 -22 -23 -26 -27 0 
-2 -8 -13 -16 -21 -22 -25 0 
-1 -4 -9 -11 -12 -14 -17 -21 -26 0 
-7 -11 -26 -28 0 
-5 -11 -13 -15 -16 -23 -29 0 
-2 -11 -13 -29 0 
-6 -9 -10 -14 -22 -24 0 
-5 -6 -18 -19 -20 0 
-2 -16 -21 -22 -25 -28 0 
-2 -4 -5 -6 -8 -19 -23 -24 -27 -29 0 
-10 -20 -24 -25 -26 -29 0 
-1 -5 -9 -11 -13 0 
-3 -8 -14 -17 -24 0 
-4 -16 -18 -21 0 
-2 -6 -10 -17 -22 -24 0 
-8 -15 -16 -20 -21 -25 0 
-12 -15 -18 -20 -26 0 
-3 -6 -11 -12 -13 -15 -21 0 
-1 -3 -9 -10 -14 -24 -26 0 
-1 -9 -12 -15 -23 -26 0 
-4 -6 -8 -15 -21 -23 -27 -28 0 
-22 -24 -29 0 
-8 -10 -18 -24 -25 -26 0 
-3 -5 -9 -12 -16 -17 -19 -20 -28 0 
-3 -8 -11 -12 -15 -16 -26 0 
-2 -4 -11 -12 -17 -23 -24 0 
-10 -13 -16 -20 -26 0 
-3 -4 -7 -9 -13 -15 -16 -19 0 
-2 -3 -5 -11 -17 -24 -29 0 
-12 -14 -15 -20 -22 -28 0 
-5 -9 -10 -21 -22 0 
-4 -17 -19 -27 -28 0 
-2 -12 -16 -23 0 
-3 -10 -17 -21 -25 0 
-1 -10 -14 -23 -25 0 
-1 -2 -6 -7 -14 -20 -22 -23 -25 0 
-2 -6 -16 -20 -21 -26 -29 0 
-4 -15 -18 -20 0 
-3 -13 -14 -16 -21 -26 0 
-1 -5 -13 -25 -26 -27 0 
-1 -5 -7 -8 -13 -19 -22 -25 0 
-1 -11 -12 -14 -19 -22 -28 0 
-1 -3 -8 -12 -17 -22 -25 0 
-4 -5 -6 -8 -14 -21 0 
-1 -7 -11 -19 -22 0 
-3 -5 -6 -12 -25 0 
-3 -5 -11 -16 -18 -22 -23 0 
-2 -4 -10 -11 -14 -17 -24 -28 0 
-6 -8 -10 -17 -18 -19 -24 0 
-3 -4 -11 -15 -18 -22 -24 -27 0 
-1 -3 -7 -12 -13 -20 -21 0 
-1 -12 -18 -20 -27 -29 0 
-2 -6 -11 -16 -21 -24 -27 0 
-8 -14 -24 -26 0 
-3 -7 -12 -13 -15 -16 -17 -26 -28 0 
-4 -12 -25 -26 0 
-2 -3 -14 -24 -29 0 
-2 -4 -5 -7 -8 -9 -21 0 
-1 -5 -8 -12 -13 -22 0 
-4 -7 -8 -12 0 
-10 -12 -18 0 
-6 -15 -16 -25 0 
-4 -7 -12 -13 -19 -22 0 
-2 -5 -10 -11 -15 -17 -20 -26 -29 0 
-4 -6 -7 -8 -22 0 
-5 -9 -12 -13 -16 -19 -23 -28 0 
-1 -3 -4 -7 -8 -20 -28 0 
-5 -13 -21 -24 -28 -29 0 
-6 -11 -12 -20 -23 0 
-2 -5 -6 -11 -12 -13 -27 -28 -29 0 
-4 -9 -10 -13 -15 -18 -25 -28 0 
-6 -8 -18 -19 -20 -21 -22 -26 0 
-1 -5 -7 -8 -9 -10 -14 -24 0 
-6 -12 -14 -20 -23 0 
-7 -9 -13 -14 -19 -22 -24 0 
-2 -6 -7 -8 -10 -15 -19 -23 -25 -28 0 
-7 -13 -14 -15 -19 -22 -27 0 
-6 -8 -9 -13 -14 -18 -24 -25 -29 0 
-7 -14 -15 -22 -26 0 
-10 -14 -18 -20 -21 -25 0 
-5 -7 -19 -20 -23 -25 -28 0 
-1 -6 -9 -15 -17 -21 -22 0 
-3 -7 -22 -23 -29 0 
-7 -9 -13 -17 -20 -23 -25 -26 -28 0 
-8 -10 -11 -12 -18 -25 -27 -29 0 
-2 -3 -14 -17 -28 -29 0 
-7 -9 -21 -23 -29 0 
-1 -5 -14 -26 -28 0 
-1 -2 -10 -11 -25 0 
-8 -11 -14 -19 -22 0 
-4 -6 -8 -9 -15 -19 -21 -23 0 
-10 -13 -28 0 
-9 -12 -20 -26 -28 0 
-2 -5 -15 -20 0 
-2 -5 -16 -18 -21 -22 -26 0 
-6 -7 -12 -20 -22 -23 0 
-11 -14 -19 -23 -24 -26 -28 0 
-2 -4 -8 -12 -26 -28 0 
-5 -10 -17 -22 -24 -25 0 
-6 -10 -15 -16 -21 -23 -29 0 
-1 -17 -19 -28 0 
-1 -2 -9 -10 -11 -18 -19 -20 -21 -23 -26 -28 0 
-5 -8 -13 -15 -21 -28 0 
-9 -16 -24 -27 -29 0 
-13 -14 -18 -26 -29 0 
-1 -7 -11 -12 -14 -20 -22 -26 -29 0 
-5 -9 -12 -13 -16 -19 -23 -25 -28 0 
-5 -6 -10 -12 -13 -19 -21 -22 -24 0 
-2 -8 -17 -19 -21 0 
-1 -10 -13 -14 -15 -17 -19 -23 -24 0 
-11 -13 -14 -23 -26 0 
-1 -5 -15 -19 -20 -21 -23 -25 -28 0 
-1 -4 -6 -7 -9 -15 -19 -20 -23 -26 0 
-4 -9 -18 -23 0 
-7 -11 -18 -23 -27 0 
-5 -10 -21 -23 -26 -29 0 
-6 -10 -11 -12 -14 -20 -24 0 
-3 -6 -8 -14 -27 -28 0 
-2 -5 -18 -26 0 
-6 -7 -11 -16 0 
-4 -6 -12 -19 -22 0 
-1 -3 -8 -24 -28 0 
-11 -20 -21 -24 0 
-7 -12 -18 -20 -23 0 
-2 -5 -17 -20 -23 -26 -27 -28 -29 0 
-8 -11 -12 -19 0 
-2 -6 -17 -18 -24 -26 -29 0 
-1 -6 -7 -15 -17 -24 -26 0 
-1 -3 -4 -5 -6 -9 -14 -15 -16 -18 0 
-9 -14 -16 -26 0 
-1 -7 -14 -16 -27 -28 0 
-5 -7 -11 -13 -14 -23 -29 0 
-6 -8 -14 -15 -17 -18 -20 -21 0 
-4 -5 -13 -19 -28 0 
-1 -8 -10 -19 -20 -22 -25 -27 -29 0 
-1 -2 -7 -8 -12 -18 -19 -29 0 
-12 -15 -18 -19 -24 0 
-5 -7 -10 -17 -19 -23 -24 -28 0 
-4 -6 -14 -18 -19 -24 -26 -27 -28 0 
-4 -8 -19 -20 -22 0 
-2 -5 -10 -11 -18 -23 -24 -27 -28 0 
-2 -5 -7 -9 -12 -15 -18 -20 -29 0 
-7 -9 -20 -25 -26 0 
-3 -6 -13 -17 -24 -25 -27 0 
-1 -4 -13 -24 -25 -28 -29 0 
-3 -6 -7 -8 -14 -15 -17 -19 -21 -26 -27 0 
-16 -17 -21 0 
-11 -15 -20 -22 -24 -29 0 
-10 -17 -25 -26 -28 0 
-3 -4 -6 -11 -17 -25 -28 0 
-1 -12 -17 -19 -22 0 
-1 -10 -18 -19 -26 0 
-5 -6 -16 -21 -25 -26 0 
-3 -9 -16 -18 -25 -29 0 
-1 -5 -9 -19 -20 -27 -29 0 
-14 -15 -22 -27 0 
-2 -8 -21 -24 -28 0 
-6 -11 -13 -22 -27 -29 0 
-3 -4 -10 -20 -27 -29 0 
-3 -4 -9 -12 -26 0 
-3 -8 -11 -21 -25 0 
-7 -10 -19 0 
-2 -8 -11 -12 -21 -25 0 
-1 -4 -18 -20 -22 -24 0 
-2 -7 -11 -15 -20 -22 -26 0 
-7 -9 -12 -19 -20 -26 -28 0 
-14 -16 -18 -20 -23 -25 -27 0 
-6 -7 -8 -15 -16 -17 -18 -22 -23 -25 -28 -29 0 
-4 -17 -18 -20 -21 -22 0 
-5 -16 -19 -21 -26 -29 0 
-2 -9 -12 -21 -23 -27 0 
-2 -10 -12 -18 -21 -27 -28 0 
-14 -19 -21 -22 -23 -25 0 
-1 -2 -5 -9 -15 -18 -19 -21 -24 0 
-9 -13 -19 -24 -28 0 
-15 -17 -18 -23 0 
-5 -8 -10 -12 -18 -20 -27 -29 0 
-3 -4 -7 -8 -14 -18 -19 -27 -28 0 
-1 -3 -4 -13 -16 -18 -28 0 
-6 -9 -10 -16 -17 -19 -27 -29 0 
-3 -5 -10 -21 -29 0 
-10 -11 -13 -15 -19 0 
-3 -6 -12 -24 -28 0 
-3 -8 -11 -23 -25 0 
-4 -12 -15 -16 -19 0 
-4 -13 -14 -15 -20 -27 0 
-4 -6 -7 -8 -14 -18 -23 -25 -27 0 
-14 -17 -23 0 
-2 -7 -17 -23 -25 0 
-8 -17 -22 -23 -28 0 
-8 -11 -16 -18 -22 -23 -25 -28 0 
-3 -10 -12 -16 -20 -24 -27 0 
-4 -8 -15 0 
-8 -16 -18 0 
-3 -11 -13 -25 -28 -29 0 
-3 -5 -9 -15 -26 -29 0 
-5 -11 -21 0 
-6 -13 -17 -21 -24 0 
-1 -13 -14 -15 -16 -19 -25 -26 0 
-3 -9 -10 -19 -22 -23 0 
-1 -11 -13 -19 -20 -22 -23 -24 0 
-5 -7 -9 -18 -29 0 
-10 -16 -17 -21 -22 -25 0 
-1 -5 -7 -18 -22 0 
-1 -5 -6 -8 -11 -23 0 
-2 -9 -15 -16 -17 -18 0 
-6 -7 -11 -12 -17 -19 -25 -27 0 
-2 -14 -15 -16 -19 -21 0 
-1 -3 -5 -18 -20 -28 0 
-5 -6 -9 -23 -25 -26 -27 0 
-3 -16 -20 -21 -26 -27 0 
-2 -10 -18 -23 -28 0 
-7 -20 -21 -22 -24 -29 0 
-4 -11 -17 -19 -25 0 
-5 -12 -13 0 
-1 -3 -7 -12 -21 -22 -23 -26 0 
-6 -7 -11 -19 -28 0 
-2 -5 -8 -13 -20 -23 -25 -27 -29 0 
-4 -6 -7 -8 -26 0 
-2 -3 -8 -14 -26 0 
-9 -11 -12 -14 -17 -20 -21 -26 -28 0 
-4 -10 -15 -19 -21 -24 0 
-4 -8 -10 -22 -25 -28 0 
-3 -8 -11 -23 0 
-2 -4 -15 -20 -21 0 
-1 -3 -5 -6 -11 -14 -16 -18 -20 -26 -29 0 
-2 -4 -6 -20 -21 0 
-11 -12 -14 -19 -26 -29 0 
-7 -10 -13 -14 -15 -16 -18 -20 -21 -29 0 
-7 -12 -22 -26 -27 0 
-2 -5 -7 -10 -11 -15 -22 0 
-2 -6 -13 -14 -17 -19 -21 -22 0 
-4 -6 -11 -12 -13 -20 -27 -29 0 
-5 -17 -24 -27 0 
-3 -6 -11 -12 -18 0 
-12 -13 -15 -25 0 
-3 -15 -26 0 
-8 -10 -12 -13 -16 -17 -21 -28 0 
-9 -12 -13 -14 -17 -19 -24 -26 0 
-1 -2 -3 -12 -15 -22 0 
-3 -9 -10 -13 -19 -21 -29 0 
-8 -13 -18 -22 -25 -29 0 
-17 -21 -24 0 
-3 -5 -7 -11 -12 -14 -16 -18 -19 -25 -27 0 
-5 -19 -21 -24 -26 -27 0 
-13 -21 -22 -23 -25 0 
-1 -2 -5 -17 -19 -21 -24 -25 -27 -28 -29 0 
-3 -5 -9 -15 -19 -22 -27 -28 0 
-9 -10 -17 -19 -28 0 
-6 -7 -8 -9 -12 -17 -21 -22 -26 -29 0 
-2 -5 -9 -10 -11 -29 0 
-2 -3 -9 -13 -16 -17 -19 -22 0 
-1 -8 -13 -14 -16 -19 -25 -28 0 
-3 -9 -12 -15 -18 -19 -20 -23 0 
-8 -9 -12 -19 -22 -23 -28 0 
-2 -8 -12 -16 -19 -22 0 
-3 -5 -7 -19 -28 0 
-3 -6 -11 -13 -17 -21 -22 -24 0 
-5 -6 -9 -10 -13 -17 -20 -22 -23 -29 0 
-11 -12 -16 -17 -22 -24 -27 0 
-4 -6 -11 0 
-6 -11 -13 -19 -25 -29 0 
-3 -6 -7 -8 -10 -16 -21 0 
-13 -15 -22 -27 0 
-6 -8 -13 0 
-5 -7 -15 0 
-3 -16 -17 -22 -23 -26 -27 0 
-9 -12 -18 -20 -28 0 
-1 -2 -17 -18 -19 -20 -23 0 
-11 -13 -19 -21 -22 0 
-5 -8 -9 -14 -20 -25 -28 0 
-6 -7 -18 -19 -22 0 
-5 -8 -11 -29 0 
-1 -6 -8 -12 -14 -15 -29 0 
-2 -9 -13 -14 -15 -19 0 
-1 -5 -7 -12 -13 -22 0 
-1 -4 -6 -9 -16 -22 -25 -26 0 
-10 -15 -17 -18 -27 0 
-3 -4 -12 -17 -22 -28 0 
-8 -10 -11 -14 -16 -26 0 
-11 -12 -18 -22 -24 -29 0 
-3 -9 -14 -15 -29 0 
-2 -4 -6 -11 -14 -27 0 
-5 -21 -23 -24 0 
-4 -5 -7 -9 -13 -14 -28 0 
-3 -17 -18 -19 -21 0 
-1 -5 -11 -12 -14 -15 -24 -26 -29 0 
-2 -8 -19 -21 -22 -28 0 
-6 -14 -20 0 
-1 -3 -4 -5 -8 -10 -12 -13 -23 -27 -29 0 
-1 -6 -7 -10 -13 -20 0 
-5 -11 -12 -13 -14 -23 -27 0 
-1 -11 -23 -27 0 
-1 -2 -3 -4 -5 -10 -16 -19 -20 -29 0 
-4 -9 -10 -12 -13 -15 -16 -19 0 
-10 -13 -17 -18 -26 -27 0 
-1 -5 -7 -10 -14 -15 -23 -26 -29 0 
-2 -3 -7 -8 -15 -16 -19 -24 -25 0 
-4 -7 -13 -14 -19 -21 0 
-1 -2 -9 -12 -19 -20 -22 -27 0 
-3 -5 -15 -21 -22 -24 -26 -27 0 
-1 -2 -11 -16 -17 -19 -23 -29 0 
-10 -13 -24 -28 0 
-1 -2 -5 -6 -7 -8 -11 -16 -18 -19 -25 0 
-3 -8 -10 -12 -17 -20 -21 -22 -24 0 
-5 -9 -12 -13 -23 -26 0 
-10 -14 -16 -18 0 
-1 -3 -6 -7 -12 -19 -26 -29 0 
-5 -6 -8 -12 -25 -28 0 
-7 -8 -9 -11 -15 -16 -25 0 
-5 -10 -11 -15 -17 -20 -27 0 
-4 -5 -7 -10 -13 -14 -16 -24 -26 -27 -28 0 
-4 -6 -17 -28 0 
-2 -13 -17 -19 0 
-8 -10 -14 -19 -21 -24 -26 -28 0 
-3 -6 -23 -26 -27 0 
-3 -7 -10 -13 -25 -29 0 
-5 -6 -8 -18 -24 -29 0 
-2 -11 -15 -17 0 
-5 -7 -8 -9 -11 -12 -13 -25 -27 0 
-11 -12 -18 -22 -24 -28 -29 0 
-1 -2 -15 -17 -28 0 
-6 -10 -17 -19 -20 -24 -26 0 
-8 -10 -21 -23 -26 -29 0 
-7 -9 -17 -19 -20 0 
-5 -20 -23 -24 -28 0 
-3 -9 -10 -20 -21 -22 -27 0 
-2 -5 -8 -10 -15 -27 0 
-2 -13 -14 -17 -20 -21 -29 0 
-1 -10 -29 0 
-1 -6 -13 -14 -16 -25 -26 -27 -28 0 
-16 -20 -24 -26 0 
-2 -4 -8 -9 -12 -15 -17 -18 0 
-10 -17 -21 -23 -24 -25 -26 0 
-6 -17 -20 -25 -27 -28 -29 0 
-12 -13 -18 -20 -22 -25 0 
-8 -18 -26 -28 0 
-5 -8 -14 -19 -24 -26 0 
-10 -17 -21 -25 -26 0 
-10 -18 -20 -29 0 
-3 -5 -12 -16 -28 0 
-1 -2 -3 -8 -16 -24 -25 -26 -27 0 
-1 -2 -23 -24 -27 -28 0 
-9 -10 -21 -22 -23 -26 0 
-9 -12 -17 -22 -24 -29 0 
-2 -4 -6 -11 -15 -23 -26 0 
-8 -10 -17 -21 -26 -28 0 
-12 -13 -15 -21 -24 -27 -29 0 
-5 -6 -10 -12 -13 -16 -29 0 
-3 -7 -10 -11 -21 0 
-1 -7 -17 -26 -27 -29 0 
-8 -15 -19 -24 -25 -29 0 
-3 -15 -27 0 
-3 -18 -22 -25 -28 0 
-2 -3 -24 -25 0 
-1 -3 -7 -8 -12 -16 -17 -21 -22 -23 -27 0 
-5 -13 -15 -20 0 
