p cnf 29 800
5 19 22 25 26 27 0 
12 15 22 26 27 0 
7 9 11 0 
1 2 8 9 12 17 19 21 23 26 0 
1 5 15 16 22 27 0 
9 13 15 16 20 24 0 
7 8 11 15 19 24 27 0 
1 4 5 6 7 13 15 17 27 28 0 
3 5 8 14 16 22 24 29 0 
6 12 13 20 23 27 0 
8 16 17 23 25 28 29 0 
15 17 19 21 26 0 
4 9 16 17 22 24 25 29 0 
4 6 16 19 21 22 27 0 
7 10 12 0 
2 3 7 15 16 23 27 0 
8 16 27 0 
16 19 27 29 0 
4 7 16 26 27 29 0 
4 8 11 13 15 16 24 26 0 
9 11 16 23 28 0 
2 8 12 13 23 28 0 
6 17 24 27 29 0 
2 3 9 15 16 22 29 0 
2 6 16 23 26 27 0 
4 9 17 21 22 24 26 0 
12 15 23 0 
9 11 14 16 17 22 28 0 
2 7 8 15 19 20 28 0 
4 5 18 29 0 
3 5 17 18 25 27 0 
1 3 28 0 
6 7 9 15 16 26 27 0 
4 5 6 9 11 21 0 
2 6 10 25 28 0 
5 6 9 10 15 17 0 
5 17 19 21 22 26 0 
1 2 3 10 16 21 23 0 
2 6 9 12 13 14 15 24 29 0 
1 2 15 16 22 26 0 
5 7 9 13 15 23 0 
1 9 15 20 28 0 
9 13 18 19 20 26 28 0 
8 9 16 18 0 
1 7 8 15 16 18 24 27 0 
2 15 17 19 22 23 24 28 0 
4 13 17 18 26 0 
4 6 7 10 12 14 16 18 23 24 27 29 0 
2 6 10 14 21 22 23 0 
2 9 10 13 18 24 0 
1 4 8 11 15 18 19 21 0 
1 3 7 8 13 22 26 0 
1 5 10 19 20 24 26 27 0 
1 5 8 15 17 19 25 26 27 28 0 
6 8 10 12 17 19 27 0 
1 2 4 16 20 25 29 0 
2 7 9 11 14 17 24 0 
6 7 13 23 26 0 
1 2 7 9 15 16 26 28 0 
1 7 16 24 25 0 
4 10 12 15 22 23 24 0 
11 19 21 22 25 0 
2 5 11 13 14 21 0 
1 4 5 7 29 0 
1 6 9 11 12 15 16 0 
7 16 19 21 25 26 0 
1 4 20 22 25 27 0 
7 12 13 19 25 0 
10 11 14 16 18 21 28 0 
2 7 9 11 13 25 29 0 
4 6 13 16 22 25 28 29 0 
3 12 20 26 28 0 
1 5 13 16 21 23 25 26 28 0 
5 6 7 9 13 15 16 20 28 0 
1 10 12 15 19 24 29 0 
1 4 14 17 27 0 
1 7 8 9 15 18 22 25 0 
3 12 16 20 21 26 0 
3 5 7 16 19 25 29 0 
5 7 9 11 14 15 23 29 0 
6 8 14 19 26 29 0 
3 9 16 21 27 0 
2 9 10 11 17 24 28 0 
7 10 17 19 21 22 23 29 0 
1 8 11 12 13 20 22 26 0 
1 2 15 20 23 25 27 0 
7 10 13 29 0 
4 7 8 11 17 18 22 29 0 
1 7 9 25 0 
3 6 15 20 22 23 25 28 0 
2 3 10 14 22 28 0 
2 5 6 7 22 23 0 
6 7 26 0 
2 5 7 8 21 24 25 26 0 
10 11 13 14 16 28 0 
2 3 6 13 28 0 
7 8 10 12 15 16 24 0 
1 6 14 16 21 0 
6 9 11 22 23 29 0 
10 15 16 24 26 0 
8 9 10 14 17 19 26 0 
1 5 17 19 20 22 25 27 0 
5 11 17 21 28 0 
5 7 27 0 
10 18 19 24 0 
2 8 10 12 16 26 27 0 
5 6 7 10 19 22 25 28 0 
6 9 16 21 0 
5 13 16 0 
1 3 4 6 13 20 23 25 27 0 
5 8 15 16 22 24 26 0 
8 11 13 18 21 22 25 27 29 0 
2 4 12 14 24 26 28 0 
1 4 9 10 11 12 20 0 
4 5 9 18 26 0 
4 5 8 9 11 15 20 21 23 25 26 27 28 29 0 
4 8 15 18 20 25 0 
3 8 17 18 24 25 29 0 
8 12 14 15 25 27 28 29 0 
2 15 16 24 25 0 
3 7 11 16 22 0 
5 6 12 13 14 21 28 29 0 
2 11 23 0 
3 4 6 10 14 15 16 20 27 29 0 
2 8 12 13 25 26 0 
1 11 13 21 23 24 26 0 
1 3 6 9 12 15 18 0 
4 5 8 21 23 24 29 0 
2 4 6 7 17 19 27 29 0 
3 5 10 15 17 21 27 0 
22 23 25 0 
2 5 7 8 16 19 22 0 
2 3 10 17 28 0 
2 7 17 22 28 29 0 
4 8 17 21 24 28 29 0 
12 19 22 0 
5 8 13 0 
3 5 6 9 16 27 0 
3 8 9 13 16 25 27 0 
2 4 8 16 25 0 
2 7 8 12 19 21 22 25 0 
5 9 10 16 19 22 25 27 0 
2 5 6 18 25 28 0 
2 4 13 19 21 24 29 0 
2 6 7 13 14 18 28 29 0 
15 17 18 19 24 25 27 29 0 
1 9 21 0 
2 9 15 17 26 28 0 
8 11 12 13 21 25 28 0 
12 16 23 27 0 
14 17 19 20 21 25 26 0 
3 4 16 18 19 22 25 0 
3 4 6 8 11 13 15 16 22 27 0 
2 6 13 15 22 0 
5 9 10 13 14 18 19 20 22 26 0 
7 8 10 12 29 0 
4 13 16 17 20 0 
3 4 5 7 13 16 18 20 23 27 0 
17 19 28 0 
7 8 9 13 16 22 29 0 
5 7 15 22 26 29 0 
1 3 4 7 8 17 21 22 0 
1 4 15 23 0 
10 11 17 23 0 
4 7 13 14 17 25 26 0 
1 3 13 14 23 29 0 
5 9 13 16 20 22 0 
9 18 27 29 0 
1 3 11 13 16 18 23 24 0 
3 5 7 13 14 16 19 28 29 0 
11 12 14 0 
4 6 14 16 19 27 0 
3 8 12 17 19 21 23 27 0 
7 16 21 23 24 0 
1 5 10 15 21 0 
3 6 14 17 23 0 
3 7 8 13 16 22 0 
3 19 20 21 25 0 
2 11 12 13 14 16 18 0 
1 8 9 12 15 21 23 26 28 0 
3 5 12 14 17 19 0 
1 11 15 23 26 29 0 
6 14 18 24 25 27 0 
3 9 12 13 16 17 23 26 0 
6 9 10 12 13 14 15 17 21 0 
5 7 8 11 14 20 27 0 
1 4 6 8 10 29 0 
10 17 19 25 28 0 
12 19 23 0 
1 6 9 12 15 18 19 20 26 27 28 0 
1 5 7 11 12 19 0 
10 15 23 25 0 
10 13 15 18 27 0 
8 9 16 20 28 29 0 
7 8 10 19 20 28 29 0 
6 7 9 18 21 0 
4 5 6 7 11 12 14 24 27 0 
3 4 7 15 18 24 25 0 
3 4 12 15 17 28 29 0 
2 3 7 9 16 18 26 0 
2 7 15 18 0 
2 4 10 13 19 21 22 24 26 0 
2 15 17 18 22 26 0 
1 3 6 9 14 24 25 0 
2 7 9 11 15 17 23 27 0 
9 10 13 16 20 22 25 0 
21 23 25 0 
1 4 8 12 15 28 29 0 
3 12 23 0 
6 9 10 13 15 19 22 29 0 
13 16 19 22 25 27 0 
15 17 22 24 0 
1 3 23 26 0 
9 17 19 27 28 29 0 
2 5 11 12 18 0 
1 3 4 11 12 15 22 23 24 26 0 
5 7 8 9 10 11 12 13 15 22 28 29 0 
1 6 10 11 17 18 22 0 
2 5 8 16 20 28 0 
2 6 8 9 10 13 19 25 0 
9 12 13 16 23 27 0 
6 7 12 18 21 24 25 0 
1 2 3 6 9 16 22 0 
1 12 25 28 0 
1 3 7 9 12 14 23 24 0 
7 14 18 21 22 23 0 
1 4 6 10 13 15 19 21 26 28 0 
1 17 21 22 23 0 
6 9 12 13 18 22 0 
2 3 6 8 9 14 17 19 0 
8 10 23 24 27 0 
1 2 8 11 14 17 18 19 20 25 0 
1 7 10 13 17 19 24 27 0 
2 3 4 14 16 17 20 21 22 0 
1 2 3 5 6 9 26 0 
1 5 7 10 16 25 0 
3 6 14 17 21 24 0 
11 19 24 25 28 29 0 
4 6 12 18 24 0 
9 13 18 19 20 27 28 0 
4 20 25 26 0 
1 5 10 11 17 18 22 26 0 
8 9 10 12 18 0 
4 16 18 20 21 0 
2 8 9 10 14 18 22 29 0 
7 13 14 15 19 20 22 27 28 0 
4 8 15 17 23 26 27 29 0 
2 4 8 9 10 13 17 0 
1 5 11 12 21 0 
26 27 0 
1 4 20 21 0 
4 7 8 11 12 25 27 0 
2 5 6 11 19 0 
2 5 9 18 22 29 0 
3 4 5 6 10 11 14 16 25 29 0 
10 25 0 
3 8 16 18 20 25 27 29 0 
1 2 5 9 10 16 21 22 24 26 0 
1 3 8 13 27 28 0 
1 5 9 13 14 18 0 
1 10 11 16 19 21 25 26 27 29 0 
4 10 13 23 28 0 
3 10 12 14 19 23 27 0 
2 3 13 14 15 17 18 19 25 27 0 
8 14 16 23 0 
4 7 20 24 0 
1 5 8 13 14 18 23 0 
7 9 11 15 20 21 22 0 
2 7 18 27 28 0 
4 10 12 15 21 0 
1 2 3 6 9 14 18 22 27 29 0 
2 9 19 27 28 0 
5 8 10 14 15 20 22 26 29 0 
2 10 16 23 26 0 
4 7 10 20 24 28 0 
1 7 13 18 20 29 0 
1 7 8 12 13 14 0 
2 4 5 6 9 12 13 18 0 
2 3 6 9 13 19 0 
1 5 6 9 12 15 19 26 27 0 
7 13 16 18 21 25 0 
1 15 21 22 29 0 
4 10 11 12 13 18 23 24 28 0 
1 2 3 7 21 23 29 0 
5 10 19 21 27 0 
1 3 11 12 17 18 0 
1 3 6 11 0 
1 7 10 17 0 
2 7 8 12 14 15 28 0 
1 8 11 18 22 24 29 0 
1 2 4 7 9 11 16 23 29 0 
6 10 15 16 19 20 24 0 
3 20 0 
5 7 9 13 14 15 17 18 0 
1 13 14 28 0 
4 7 8 9 11 28 0 
5 16 19 24 25 0 
9 12 22 0 
4 5 15 19 21 0 
8 14 25 29 0 
2 8 10 17 18 21 22 23 26 0 
3 4 6 7 9 16 26 0 
1 12 16 21 25 28 29 0 
1 5 11 15 16 17 18 19 0 
1 4 6 16 22 28 0 
5 8 13 0 
4 7 19 29 0 
4 7 9 10 22 29 0 
1 8 9 11 12 13 20 0 
7 15 22 24 0 
7 8 12 14 16 18 21 26 0 
1 4 5 14 15 19 27 0 
2 3 5 16 25 27 29 0 
15 18 20 29 0 
1 12 14 15 19 29 0 
3 7 12 21 22 23 26 0 
3 8 9 13 22 25 29 0 
11 13 14 15 20 21 25 27 0 
3 7 8 14 15 23 0 
1 5 8 10 12 19 20 24 0 
1 4 9 10 15 21 0 
4 8 11 12 15 19 24 27 28 29 0 
2 8 15 21 22 24 0 
8 11 0 
1 5 7 13 17 23 26 0 
7 10 17 19 21 24 26 0 
2 4 8 12 21 27 0 
3 6 15 27 0 
5 6 14 26 0 
3 12 16 19 0 
3 10 12 16 19 22 26 0 
7 8 12 13 26 27 28 0 
1 13 18 24 26 0 
2 10 11 24 0 
1 4 6 7 10 18 19 26 27 0 
2 6 9 22 24 0 
2 5 7 19 24 27 0 
1 5 13 23 27 0 
3 5 11 14 15 16 22 23 27 29 0 
2 10 14 16 19 22 0 
7 8 11 12 14 28 0 
6 9 11 21 22 26 0 
3 5 7 20 24 25 0 
8 9 16 19 25 28 0 
6 13 14 20 21 24 28 29 0 
9 10 16 22 24 25 26 29 0 
1 8 11 15 21 24 0 
1 4 7 14 16 23 28 0 
2 5 9 12 13 17 19 21 24 25 26 0 
1 11 20 25 29 0 
1 6 11 13 17 23 0 
5 8 10 14 15 19 26 0 
1 7 20 23 29 0 
10 22 24 25 26 0 
8 9 11 17 21 27 0 
2 9 12 15 18 20 23 27 0 
7 13 21 22 25 28 0 
3 10 12 24 26 27 0 
3 15 17 25 26 29 0 
1 9 13 16 17 0 
1 5 6 14 23 24 25 27 0 
6 11 19 20 23 0 
1 14 22 25 0 
5 10 15 17 0 
2 3 4 27 0 
1 6 9 12 16 17 20 23 29 0 
1 2 4 15 25 26 28 0 
7 10 14 21 29 0 
4 6 11 17 20 0 
3 12 13 23 26 0 
12 16 22 23 28 0 
6 13 15 21 27 0 
4 6 8 13 17 23 24 0 
2 6 7 8 26 27 29 0 
21 23 24 0 
6 11 19 27 28 0 
9 12 20 26 0 
2 4 6 9 16 17 20 0 
1 2 4 15 20 23 25 0 
9 11 13 21 29 0 
3 4 8 10 26 0 
2 5 10 12 13 19 20 24 27 0 
3 22 24 0 
2 6 17 20 0 
2 10 12 17 20 21 26 27 29 0 
6 8 13 17 21 22 0 
10 19 20 28 29 0 
2 7 9 14 16 24 0 
7 16 25 26 0 
3 5 7 8 27 28 0 
7 9 19 22 25 26 27 0 
4 6 14 25 0 
3 4 6 9 11 18 22 25 27 0 
1 3 6 7 9 10 17 22 25 0 
3 5 6 9 11 0 
1 12 13 22 26 0 
5 10 14 17 23 28 0 
1 2 6 8 15 25 0 
11 12 14 17 19 21 23 26 27 0 
6 12 17 19 20 28 0 
-5 -19 -22 -25 -26 -27 0 
-12 -15 -22 -26 -27 0 
-7 -9 -11 0 
-1 -2 -8 -9 -12 -17 -19 -21 -23 -26 0 
-1 -5 -15 -16 -22 -27 0 
-9 -13 -15 -16 -20 -24 0 
-7 -8 -11 -15 -19 -24 -27 0 
-1 -4 -5 -6 -7 -13 -15 -17 -27 -28 0 
-3 -5 -8 -14 -16 -22 -24 -29 0 
-6 -12 -13 -20 -23 -27 0 
-8 -16 -17 -23 -25 -28 -29 0 
-15 -17 -19 -21 -26 0 
-4 -9 -16 -17 -22 -24 -25 -29 0 
-4 -6 -16 -19 -21 -22 -27 0 
-7 -10 -12 0 
-2 -3 -7 -15 -16 -23 -27 0 
-8 -16 -27 0 
-16 -19 -27 -29 0 
-4 -7 -16 -26 -27 -29 0 
-4 -8 -11 -13 -15 -16 -24 -26 0 
-9 -11 -16 -23 -28 0 
-2 -8 -12 -13 -23 -28 0 
-6 -17 -24 -27 -29 0 
-2 -3 -9 -15 -16 -22 -29 0 
-2 -6 -16 -23 -26 -27 0 
-4 -9 -17 -21 -22 -24 -26 0 
-12 -15 -23 0 
-9 -11 -14 -16 -17 -22 -28 0 
-2 -7 -8 -15 -19 -20 -28 0 
-4 -5 -18 -29 0 
-3 -5 -17 -18 -25 -27 0 
-1 -3 -28 0 
-6 -7 -9 -15 -16 -26 -27 0 
-4 -5 -6 -9 -11 -21 0 
-2 -6 -10 -25 -28 0 
-5 -6 -9 -10 -15 -17 0 
-5 -17 -19 -21 -22 -26 0 
-1 -2 -3 -10 -16 -21 -23 0 
-2 -6 -9 -12 -13 -14 -15 -24 -29 0 
-1 -2 -15 -16 -22 -26 0 
-5 -7 -9 -13 -15 -23 0 
-1 -9 -15 -20 -28 0 
-9 -13 -18 -19 -20 -26 -28 0 
-8 -9 -16 -18 0 
-1 -7 -8 -15 -16 -18 -24 -27 0 
-2 -15 -17 -19 -22 -23 -24 -28 0 
-4 -13 -17 -18 -26 0 
-4 -6 -7 -10 -12 -14 -16 -18 -23 -24 -27 -29 0 
-2 -6 -10 -14 -21 -22 -23 0 
-2 -9 -10 -13 -18 -24 0 
-1 -4 -8 -11 -15 -18 -19 -21 0 
-1 -3 -7 -8 -13 -22 -26 0 
-1 -5 -10 -19 -20 -24 -26 -27 0 
-1 -5 -8 -15 -17 -19 -25 -26 -27 -28 0 
-6 -8 -10 -12 -17 -19 -27 0 
-1 -2 -4 -16 -20 -25 -29 0 
-2 -7 -9 -11 -14 -17 -24 0 
-6 -7 -13 -23 -26 0 
-1 -2 -7 -9 -15 -16 -26 -28 0 
-1 -7 -16 -24 -25 0 
-4 -10 -12 -15 -22 -23 -24 0 
-11 -19 -21 -22 -25 0 
-2 -5 -11 -13 -14 -21 0 
-1 -4 -5 -7 -29 0 
-1 -6 -9 -11 -12 -15 -16 0 
-7 -16 -19 -21 -25 -26 0 
-1 -4 -20 -22 -25 -27 0 
-7 -12 -13 -19 -25 0 
-10 -11 -14 -16 -18 -21 -28 0 
-2 -7 -9 -11 -13 -25 -29 0 
-4 -6 -13 -16 -22 -25 -28 -29 0 
-3 -12 -20 -26 -28 0 
-1 -5 -13 -16 -21 -23 -25 -26 -28 0 
-5 -6 -7 -9 -13 -15 -16 -20 -28 0 
-1 -10 -12 -15 -19 -24 -29 0 
-1 -4 -14 -17 -27 0 
-1 -7 -8 -9 -15 -18 -22 -25 0 
-3 -12 -16 -20 -21 -26 0 
-3 -5 -7 -16 -19 -25 -29 0 
-5 -7 -9 -11 -14 -15 -23 -29 0 
-6 -8 -14 -19 -26 -29 0 
-3 -9 -16 -21 -27 0 
-2 -9 -10 -11 -17 -24 -28 0 
-7 -10 -17 -19 -21 -22 -23 -29 0 
-1 -8 -11 -12 -13 -20 -22 -26 0 
-1 -2 -15 -20 -23 -25 -27 0 
-7 -10 -13 -29 0 
-4 -7 -8 -11 -17 -18 -22 -29 0 
-1 -7 -9 -25 0 
-3 -6 -15 -20 -22 -23 -25 -28 0 
-2 -3 -10 -14 -22 -28 0 
-2 -5 -6 -7 -22 -23 0 
-6 -7 -26 0 
-2 -5 -7 -8 -21 -24 -25 -26 0 
-10 -11 -13 -14 -16 -28 0 
-2 -3 -6 -13 -28 0 
-7 -8 -10 -12 -15 -16 -24 0 
-1 -6 -14 -16 -21 0 
-6 -9 -11 -22 -23 -29 0 
-10 -15 -16 -24 -26 0 
-8 -9 -10 -14 -17 -19 -26 0 
-1 -5 -17 -19 -20 -22 -25 -27 0 
-5 -11 -17 -21 -28 0 
-5 -7 -27 0 
-10 -18 -19 -24 0 
-2 -8 -10 -12 -16 -26 -27 0 
-5 -6 -7 -10 -19 -22 -25 -28 0 
-6 -9 -16 -21 0 
-5 -13 -16 0 
-1 -3 -4 -6 -13 -20 -23 -25 -27 0 
-5 -8 -15 -16 -22 -24 -26 0 
-8 -11 -13 -18 -21 -22 -25 -27 -29 0 
-2 -4 -12 -14 -24 -26 -28 0 
-1 -4 -9 -10 -11 -12 -20 0 
-4 -5 -9 -18 -26 0 
-4 -5 -8 -9 -11 -15 -20 -21 -23 -25 -26 -27 -28 -29 0 
-4 -8 -15 -18 -20 -25 0 
-3 -8 -17 -18 -24 -25 -29 0 
-8 -12 -14 -15 -25 -27 -28 -29 0 
-2 -15 -16 -24 -25 0 
-3 -7 -11 -16 -22 0 
-5 -6 -12 -13 -14 -21 -28 -29 0 
-2 -11 -23 0 
-3 -4 -6 -10 -14 -15 -16 -20 -27 -29 0 
-2 -8 -12 -13 -25 -26 0 
-1 -11 -13 -21 -23 -24 -26 0 
-1 -3 -6 -9 -12 -15 -18 0 
-4 -5 -8 -21 -23 -24 -29 0 
-2 -4 -6 -7 -17 -19 -27 -29 0 
-3 -5 -10 -15 -17 -21 -27 0 
-22 -23 -25 0 
-2 -5 -7 -8 -16 -19 -22 0 
-2 -3 -10 -17 -28 0 
-2 -7 -17 -22 -28 -29 0 
-4 -8 -17 -21 -24 -28 -29 0 
-12 -19 -22 0 
-5 -8 -13 0 
-3 -5 -6 -9 -16 -27 0 
-3 -8 -9 -13 -16 -25 -27 0 
-2 -4 -8 -16 -25 0 
-2 -7 -8 -12 -19 -21 -22 -25 0 
-5 -9 -10 -16 -19 -22 -25 -27 0 
-2 -5 -6 -18 -25 -28 0 
-2 -4 -13 -19 -21 -24 -29 0 
-2 -6 -7 -13 -14 -18 -28 -29 0 
-15 -17 -18 -19 -24 -25 -27 -29 0 
-1 -9 -21 0 
-2 -9 -15 -17 -26 -28 0 
-8 -11 -12 -13 -21 -25 -28 0 
-12 -16 -23 -27 0 
-14 -17 -19 -20 -21 -25 -26 0 
-3 -4 -16 -18 -19 -22 -25 0 
-3 -4 -6 -8 -11 -13 -15 -16 -22 -27 0 
-2 -6 -13 -15 -22 0 
-5 -9 -10 -13 -14 -18 -19 -20 -22 -26 0 
-7 -8 -10 -12 -29 0 
-4 -13 -16 -17 -20 0 
-3 -4 -5 -7 -13 -16 -18 -20 -23 -27 0 
-17 -19 -28 0 
-7 -8 -9 -13 -16 -22 -29 0 
-5 -7 -15 -22 -26 -29 0 
-1 -3 -4 -7 -8 -17 -21 -22 0 
-1 -4 -15 -23 0 
-10 -11 -17 -23 0 
-4 -7 -13 -14 -17 -25 -26 0 
-1 -3 -13 -14 -23 -29 0 
-5 -9 -13 -16 -20 -22 0 
-9 -18 -27 -29 0 
-1 -3 -11 -13 -16 -18 -23 -24 0 
-3 -5 -7 -13 -14 -16 -19 -28 -29 0 
-11 -12 -14 0 
-4 -6 -14 -16 -19 -27 0 
-3 -8 -12 -17 -19 -21 -23 -27 0 
-7 -16 -21 -23 -24 0 
-1 -5 -10 -15 -21 0 
-3 -6 -14 -17 -23 0 
-3 -7 -8 -13 -16 -22 0 
-3 -19 -20 -21 -25 0 
-2 -11 -12 -13 -14 -16 -18 0 
-1 -8 -9 -12 -15 -21 -23 -26 -28 0 
-3 -5 -12 -14 -17 -19 0 
-1 -11 -15 -23 -26 -29 0 
-6 -14 -18 -24 -25 -27 0 
-3 -9 -12 -13 -16 -17 -23 -26 0 
-6 -9 -10 -12 -13 -14 -15 -17 -21 0 
-5 -7 -8 -11 -14 -20 -27 0 
-1 -4 -6 -8 -10 -29 0 
-10 -17 -19 -25 -28 0 
-12 -19 -23 0 
-1 -6 -9 -12 -15 -18 -19 -20 -26 -27 -28 0 
-1 -5 -7 -11 -12 -19 0 
-10 -15 -23 -25 0 
-10 -13 -15 -18 -27 0 
-8 -9 -16 -20 -28 -29 0 
-7 -8 -10 -19 -20 -28 -29 0 
-6 -7 -9 -18 -21 0 
-4 -5 -6 -7 -11 -12 -14 -24 -27 0 
-3 -4 -7 -15 -18 -24 -25 0 
-3 -4 -12 -15 -17 -28 -29 0 
-2 -3 -7 -9 -16 -18 -26 0 
-2 -7 -15 -18 0 
-2 -4 -10 -13 -19 -21 -22 -24 -26 0 
-2 -15 -17 -18 -22 -26 0 
-1 -3 -6 -9 -14 -24 -25 0 
-2 -7 -9 -11 -15 -17 -23 -27 0 
-9 -10 -13 -16 -20 -22 -25 0 
-21 -23 -25 0 
-1 -4 -8 -12 -15 -28 -29 0 
-3 -12 -23 0 
-6 -9 -10 -13 -15 -19 -22 -29 0 
-13 -16 -19 -22 -25 -27 0 
-15 -17 -22 -24 0 
-1 -3 -23 -26 0 
-9 -17 -19 -27 -28 -29 0 
-2 -5 -11 -12 -18 0 
-1 -3 -4 -11 -12 -15 -22 -23 -24 -26 0 
-5 -7 -8 -9 -10 -11 -12 -13 -15 -22 -28 -29 0 
-1 -6 -10 -11 -17 -18 -22 0 
-2 -5 -8 -16 -20 -28 0 
-2 -6 -8 -9 -10 -13 -19 -25 0 
-9 -12 -13 -16 -23 -27 0 
-6 -7 -12 -18 -21 -24 -25 0 
-1 -2 -3 -6 -9 -16 -22 0 
-1 -12 -25 -28 0 
-1 -3 -7 -9 -12 -14 -23 -24 0 
-7 -14 -18 -21 -22 -23 0 
-1 -4 -6 -10 -13 -15 -19 -21 -26 -28 0 
-1 -17 -21 -22 -23 0 
-6 -9 -12 -13 -18 -22 0 
-2 -3 -6 -8 -9 -14 -17 -19 0 
-8 -10 -23 -24 -27 0 
-1 -2 -8 -11 -14 -17 -18 -19 -20 -25 0 
-1 -7 -10 -13 -17 -19 -24 -27 0 
-2 -3 -4 -14 -16 -17 -20 -21 -22 0 
-1 -2 -3 -5 -6 -9 -26 0 
-1 -5 -7 -10 -16 -25 0 
-3 -6 -14 -17 -21 -24 0 
-11 -19 -24 -25 -28 -29 0 
-4 -6 -12 -18 -24 0 
-9 -13 -18 -19 -20 -27 -28 0 
-4 -20 -25 -26 0 
-1 -5 -10 -11 -17 -18 -22 -26 0 
-8 -9 -10 -12 -18 0 
-4 -16 -18 -20 -21 0 
-2 -8 -9 -10 -14 -18 -22 -29 0 
-7 -13 -14 -15 -19 -20 -22 -27 -28 0 
-4 -8 -15 -17 -23 -26 -27 -29 0 
-2 -4 -8 -9 -10 -13 -17 0 
-1 -5 -11 -12 -21 0 
-26 -27 0 
-1 -4 -20 -21 0 
-4 -7 -8 -11 -12 -25 -27 0 
-2 -5 -6 -11 -19 0 
-2 -5 -9 -18 -22 -29 0 
-3 -4 -5 -6 -10 -11 -14 -16 -25 -29 0 
-10 -25 0 
-3 -8 -16 -18 -20 -25 -27 -29 0 
-1 -2 -5 -9 -10 -16 -21 -22 -24 -26 0 
-1 -3 -8 -13 -27 -28 0 
-1 -5 -9 -13 -14 -18 0 
-1 -10 -11 -16 -19 -21 -25 -26 -27 -29 0 
-4 -10 -13 -23 -28 0 
-3 -10 -12 -14 -19 -23 -27 0 
-2 -3 -13 -14 -15 -17 -18 -19 -25 -27 0 
-8 -14 -16 -23 0 
-4 -7 -20 -24 0 
-1 -5 -8 -13 -14 -18 -23 0 
-7 -9 -11 -15 -20 -21 -22 0 
-2 -7 -18 -27 -28 0 
-4 -10 -12 -15 -21 0 
-1 -2 -3 -6 -9 -14 -18 -22 -27 -29 0 
-2 -9 -19 -27 -28 0 
-5 -8 -10 -14 -15 -20 -22 -26 -29 0 
-2 -10 -16 -23 -26 0 
-4 -7 -10 -20 -24 -28 0 
-1 -7 -13 -18 -20 -29 0 
-1 -7 -8 -12 -13 -14 0 
-2 -4 -5 -6 -9 -12 -13 -18 0 
-2 -3 -6 -9 -13 -19 0 
-1 -5 -6 -9 -12 -15 -19 -26 -27 0 
-7 -13 -16 -18 -21 -25 0 
-1 -15 -21 -22 -29 0 
-4 -10 -11 -12 -13 -18 -23 -24 -28 0 
-1 -2 -3 -7 -21 -23 -29 0 
-5 -10 -19 -21 -27 0 
-1 -3 -11 -12 -17 -18 0 
-1 -3 -6 -11 0 
-1 -7 -10 -17 0 
-2 -7 -8 -12 -14 -15 -28 0 
-1 -8 -11 -18 -22 -24 -29 0 
-1 -2 -4 -7 -9 -11 -16 -23 -29 0 
-6 -10 -15 -16 -19 -20 -24 0 
-3 -20 0 
-5 -7 -9 -13 -14 -15 -17 -18 0 
-1 -13 -14 -28 0 
-4 -7 -8 -9 -11 -28 0 
-5 -16 -19 -24 -25 0 
-9 -12 -22 0 
-4 -5 -15 -19 -21 0 
-8 -14 -25 -29 0 
-2 -8 -10 -17 -18 -21 -22 -23 -26 0 
-3 -4 -6 -7 -9 -16 -26 0 
-1 -12 -16 -21 -25 -28 -29 0 
-1 -5 -11 -15 -16 -17 -18 -19 0 
-1 -4 -6 -16 -22 -28 0 
-5 -8 -13 0 
-4 -7 -19 -29 0 
-4 -7 -9 -10 -22 -29 0 
-1 -8 -9 -11 -12 -13 -20 0 
-7 -15 -22 -24 0 
-7 -8 -12 -14 -16 -18 -21 -26 0 
-1 -4 -5 -14 -15 -19 -27 0 
-2 -3 -5 -16 -25 -27 -29 0 
-15 -18 -20 -29 0 
-1 -12 -14 -15 -19 -29 0 
-3 -7 -12 -21 -22 -23 -26 0 
-3 -8 -9 -13 -22 -25 -29 0 
-11 -13 -14 -15 -20 -21 -25 -27 0 
-3 -7 -8 -14 -15 -23 0 
-1 -5 -8 -10 -12 -19 -20 -24 0 
-1 -4 -9 -10 -15 -21 0 
-4 -8 -11 -12 -15 -19 -24 -27 -28 -29 0 
-2 -8 -15 -21 -22 -24 0 
-8 -11 0 
-1 -5 -7 -13 -17 -23 -26 0 
-7 -10 -17 -19 -21 -24 -26 0 
-2 -4 -8 -12 -21 -27 0 
-3 -6 -15 -27 0 
-5 -6 -14 -26 0 
-3 -12 -16 -19 0 
-3 -10 -12 -16 -19 -22 -26 0 
-7 -8 -12 -13 -26 -27 -28 0 
-1 -13 -18 -24 -26 0 
-2 -10 -11 -24 0 
-1 -4 -6 -7 -10 -18 -19 -26 -27 0 
-2 -6 -9 -22 -24 0 
-2 -5 -7 -19 -24 -27 0 
-1 -5 -13 -23 -27 0 
-3 -5 -11 -14 -15 -16 -22 -23 -27 -29 0 
-2 -10 -14 -16 -19 -22 0 
-7 -8 -11 -12 -14 -28 0 
-6 -9 -11 -21 -22 -26 0 
-3 -5 -7 -20 -24 -25 0 
-8 -9 -16 -19 -25 -28 0 
-6 -13 -14 -20 -21 -24 -28 -29 0 
-9 -10 -16 -22 -24 -25 -26 -29 0 
-1 -8 -11 -15 -21 -24 0 
-1 -4 -7 -14 -16 -23 -28 0 
-2 -5 -9 -12 -13 -17 -19 -21 -24 -25 -26 0 
-1 -11 -20 -25 -29 0 
-1 -6 -11 -13 -17 -23 0 
-5 -8 -10 -14 -15 -19 -26 0 
-1 -7 -20 -23 -29 0 
-10 -22 -24 -25 -26 0 
-8 -9 -11 -17 -21 -27 0 
-2 -9 -12 -15 -18 -20 -23 -27 0 
-7 -13 -21 -22 -25 -28 0 
-3 -10 -12 -24 -26 -27 0 
-3 -15 -17 -25 -26 -29 0 
-1 -9 -13 -16 -17 0 
-1 -5 -6 -14 -23 -24 -25 -27 0 
-6 -11 -19 -20 -23 0 
-1 -14 -22 -25 0 
-5 -10 -15 -17 0 
-2 -3 -4 -27 0 
-1 -6 -9 -12 -16 -17 -20 -23 -29 0 
-1 -2 -4 -15 -25 -26 -28 0 
-7 -10 -14 -21 -29 0 
-4 -6 -11 -17 -20 0 
-3 -12 -13 -23 -26 0 
-12 -16 -22 -23 -28 0 
-6 -13 -15 -21 -27 0 
-4 -6 -8 -13 -17 -23 -24 0 
-2 -6 -7 -8 -26 -27 -29 0 
-21 -23 -24 0 
-6 -11 -19 -27 -28 0 
-9 -12 -20 -26 0 
-2 -4 -6 -9 -16 -17 -20 0 
-1 -2 -4 -15 -20 -23 -25 0 
-9 -11 -13 -21 -29 0 
-3 -4 -8 -10 -26 0 
-2 -5 -10 -12 -13 -19 -20 -24 -27 0 
-3 -22 -24 0 
-2 -6 -17 -20 0 
-2 -10 -12 -17 -20 -21 -26 -27 -29 0 
-6 -8 -13 -17 -21 -22 0 
-10 -19 -20 -28 -29 0 
-2 -7 -9 -14 -16 -24 0 
-7 -16 -25 -26 0 
-3 -5 -7 -8 -27 -28 0 
-7 -9 -19 -22 -25 -26 -27 0 
-4 -6 -14 -25 0 
-3 -4 -6 -9 -11 -18 -22 -25 -27 0 
-1 -3 -6 -7 -9 -10 -17 -22 -25 0 
-3 -5 -6 -9 -11 0 
-1 -12 -13 -22 -26 0 
-5 -10 -14 -17 -23 -28 0 
-1 -2 -6 -8 -15 -25 0 
-11 -12 -14 -17 -19 -21 -23 -26 -27 0 
-6 -12 -17 -19 -20 -28 0 
