p cnf 29 800
2 3 5 10 17 21 29 0 
5 8 9 12 15 17 22 0 
5 9 12 15 20 24 26 0 
4 7 9 10 12 14 20 22 29 0 
1 5 6 10 12 17 21 23 25 0 
4 15 16 22 24 26 28 0 
4 6 10 12 17 18 20 0 
7 9 10 12 15 21 22 23 27 29 0 
1 3 10 16 22 27 28 29 0 
2 7 17 18 21 26 0 
4 10 13 17 18 20 26 0 
1 11 22 24 28 29 0 
10 12 21 0 
3 4 5 9 11 15 16 28 0 
3 5 9 14 24 25 27 0 
8 12 13 18 24 0 
7 13 20 21 22 24 25 26 0 
12 27 29 0 
2 10 16 19 23 24 26 27 28 0 
2 5 10 13 15 16 24 25 0 
5 8 9 10 18 26 28 29 0 
7 9 10 14 16 17 24 29 0 
3 7 10 13 14 15 16 20 0 
1 3 9 10 26 0 
12 13 14 15 22 25 29 0 
8 12 15 16 22 23 29 0 
4 5 6 12 14 15 16 22 0 
6 7 8 17 23 29 0 
5 7 8 11 13 22 23 28 29 0 
7 8 14 19 23 0 
1 10 15 19 25 0 
5 8 13 14 16 25 0 
12 13 15 20 24 0 
1 12 15 16 22 28 0 
2 6 14 15 19 22 24 0 
3 12 14 16 17 18 23 0 
2 15 20 21 29 0 
3 4 5 27 28 29 0 
3 9 16 17 22 26 0 
2 15 25 26 0 
5 11 22 26 0 
6 9 13 14 16 0 
5 6 10 16 25 27 28 0 
1 3 15 18 19 21 26 27 0 
9 10 11 19 21 23 26 27 0 
1 6 12 16 21 22 0 
3 7 13 14 15 18 22 25 26 0 
4 7 11 0 
8 13 16 18 23 25 26 27 29 0 
2 15 24 26 29 0 
11 16 17 18 25 27 0 
4 6 9 18 24 25 27 0 
3 4 17 18 24 26 0 
3 7 8 15 18 22 28 0 
11 16 18 22 24 25 0 
1 7 11 12 15 23 27 0 
8 10 13 21 23 27 0 
28 29 0 
6 13 20 27 0 
4 10 11 12 26 0 
13 19 20 24 25 27 28 0 
4 6 8 13 19 26 0 
2 8 11 12 14 17 23 24 29 0 
2 4 6 7 9 12 23 29 0 
5 6 19 25 0 
3 6 8 11 13 16 18 19 27 0 
2 5 7 9 10 13 18 19 22 25 0 
1 9 15 26 0 
1 3 12 15 17 20 28 0 
1 12 21 26 29 0 
12 16 19 21 0 
3 5 6 8 10 13 14 15 16 21 25 0 
6 12 13 17 23 26 0 
3 4 6 11 13 21 24 25 0 
2 7 9 14 17 23 0 
3 12 13 15 26 29 0 
2 11 12 23 27 28 0 
11 16 22 24 25 28 29 0 
1 11 27 29 0 
1 7 9 17 20 24 0 
1 3 16 29 0 
4 7 10 13 14 18 20 21 28 0 
7 14 21 27 0 
6 13 18 29 0 
2 3 4 5 12 13 19 0 
10 14 16 18 0 
1 3 5 10 19 23 0 
2 3 9 14 15 24 27 0 
5 11 18 19 21 23 25 29 0 
1 4 6 20 22 27 28 29 0 
6 8 9 17 18 28 0 
1 2 3 10 13 16 21 22 23 0 
1 3 7 8 23 24 25 0 
2 4 14 15 18 21 23 25 0 
10 14 16 0 
3 6 11 13 16 17 22 23 24 26 0 
12 16 21 26 0 
3 16 22 23 0 
2 4 7 11 12 13 15 20 23 25 28 0 
5 6 12 14 26 0 
2 6 12 22 28 29 0 
7 18 19 20 24 25 28 0 
2 9 10 19 26 29 0 
8 11 19 21 22 25 27 28 0 
1 17 19 21 28 0 
14 20 22 23 25 27 28 29 0 
4 9 10 25 29 0 
5 16 17 18 23 24 28 0 
4 5 13 19 24 27 0 
4 5 7 13 18 20 0 
4 10 15 25 26 0 
1 9 21 23 0 
6 8 11 14 18 25 26 29 0 
3 10 14 0 
2 17 23 24 0 
3 5 7 13 14 15 16 21 26 0 
1 2 3 8 21 0 
7 8 13 22 25 29 0 
3 6 8 9 12 13 17 20 21 23 24 29 0 
3 6 11 18 26 0 
7 9 23 25 26 28 0 
4 5 6 11 16 18 22 26 0 
5 12 13 21 27 0 
3 5 14 16 17 18 0 
3 7 8 10 13 16 18 19 25 0 
6 10 11 16 19 21 28 0 
12 17 20 21 26 27 28 29 0 
2 19 24 27 0 
8 9 11 15 0 
4 6 13 14 15 17 20 25 28 0 
6 9 15 16 18 27 28 29 0 
2 15 17 21 23 25 27 0 
8 14 17 22 27 28 29 0 
5 8 9 11 13 22 0 
3 14 19 22 24 25 0 
3 5 11 18 19 23 24 25 0 
4 8 11 15 17 18 21 22 27 0 
3 6 15 0 
1 6 7 11 17 19 27 29 0 
3 4 6 12 15 16 17 23 29 0 
4 5 7 11 25 28 0 
1 17 26 0 
1 16 18 25 27 0 
15 16 17 19 20 25 29 0 
3 4 9 13 16 18 24 27 28 0 
2 3 8 10 11 23 24 0 
11 15 19 23 25 26 0 
2 14 15 17 19 23 26 29 0 
2 5 9 13 16 19 23 25 0 
15 24 0 
5 10 20 27 28 29 0 
1 4 8 9 12 13 15 18 24 0 
3 6 8 15 16 21 0 
1 6 10 15 22 27 28 0 
8 11 16 21 0 
2 7 12 13 15 21 28 0 
1 2 4 22 25 27 0 
5 18 19 21 0 
2 12 17 23 0 
6 9 12 19 24 25 26 27 0 
5 7 9 10 24 0 
5 6 7 8 11 14 16 20 24 0 
1 2 13 18 19 25 29 0 
5 10 21 22 23 29 0 
5 14 15 17 23 25 26 27 0 
2 3 8 11 15 24 0 
5 8 14 16 19 0 
1 4 5 15 16 18 23 24 27 28 0 
1 8 10 12 13 16 19 24 29 0 
3 8 20 21 26 28 0 
2 6 11 17 19 26 0 
3 4 14 15 18 24 0 
1 10 13 15 16 18 20 23 25 0 
21 23 28 29 0 
9 16 22 0 
2 14 19 25 0 
14 24 26 28 0 
4 6 10 12 22 0 
11 13 21 28 29 0 
1 7 8 19 21 23 28 0 
16 17 18 22 24 26 27 29 0 
2 3 15 20 22 23 25 0 
5 8 13 14 19 23 24 29 0 
13 14 15 21 26 29 0 
2 5 18 28 0 
1 6 12 25 28 29 0 
7 9 19 20 27 0 
5 10 13 16 17 0 
1 4 13 15 16 23 27 0 
2 19 28 29 0 
2 8 9 13 18 19 29 0 
7 10 14 0 
6 10 15 18 23 29 0 
1 11 12 16 18 20 29 0 
1 11 17 21 0 
2 8 14 23 28 0 
7 8 18 19 22 24 25 26 29 0 
2 3 11 14 26 28 0 
3 5 9 18 24 25 0 
4 6 8 15 16 18 25 0 
7 8 10 25 28 0 
3 14 23 24 26 27 0 
14 18 19 21 23 0 
10 11 12 18 24 26 27 29 0 
4 6 8 18 19 21 0 
5 14 21 0 
2 6 9 14 24 26 27 29 0 
5 6 8 10 14 15 19 20 28 0 
6 8 16 17 26 28 29 0 
6 10 0 
3 4 5 9 11 15 17 23 25 26 0 
4 5 6 26 0 
3 6 7 10 16 17 27 0 
6 14 26 0 
2 13 17 18 22 0 
2 14 18 26 0 
2 16 19 20 0 
4 9 15 26 0 
11 13 21 25 27 28 0 
11 17 20 21 23 27 0 
12 16 29 0 
1 10 14 16 18 0 
1 8 9 16 17 19 22 23 0 
10 17 19 21 24 25 29 0 
1 3 4 7 9 16 20 22 23 25 0 
3 10 19 23 25 0 
11 13 22 24 26 0 
2 4 16 22 24 0 
2 8 14 16 22 0 
3 5 9 19 20 22 0 
2 5 13 15 17 18 21 22 23 24 0 
1 8 0 
3 8 15 23 0 
3 4 15 17 18 27 28 0 
3 6 7 8 19 20 21 24 0 
1 4 6 8 16 20 22 24 0 
1 13 14 28 0 
7 11 24 0 
2 6 8 11 12 14 16 17 19 28 0 
1 5 12 17 25 26 0 
1 7 10 15 16 19 22 0 
4 11 12 13 18 20 21 22 27 0 
1 11 12 14 15 20 23 0 
5 8 11 14 19 20 0 
12 16 17 23 27 0 
3 6 9 11 12 20 25 27 28 0 
1 2 3 8 13 16 0 
3 7 10 12 13 15 22 0 
6 7 8 11 14 15 18 19 20 0 
5 16 19 24 27 0 
2 3 5 10 19 21 23 0 
1 12 19 21 26 0 
1 7 12 14 15 20 26 0 
4 8 16 17 28 0 
1 7 12 17 26 0 
6 16 17 24 27 28 0 
1 5 6 13 14 0 
21 24 0 
13 19 21 28 29 0 
6 8 13 20 0 
4 7 10 13 14 19 0 
1 6 15 19 20 0 
6 10 12 17 18 21 22 0 
4 9 12 15 17 20 21 24 26 0 
7 19 23 28 0 
3 4 6 13 15 28 0 
2 3 6 8 13 26 0 
4 6 7 13 14 18 20 0 
1 8 11 13 14 27 0 
2 3 5 12 17 18 0 
4 11 12 13 21 28 0 
5 8 9 10 13 14 19 21 27 0 
2 4 14 18 20 0 
2 18 22 26 0 
4 6 8 10 24 29 0 
3 4 8 10 17 23 27 0 
4 5 10 13 15 18 20 21 28 0 
2 21 22 26 0 
1 6 9 12 13 18 25 27 0 
1 2 16 17 20 21 22 0 
2 8 16 24 26 0 
1 7 10 11 22 29 0 
2 5 18 21 29 0 
6 12 14 15 18 19 26 0 
1 8 13 17 18 23 0 
7 9 16 17 18 0 
15 18 23 25 26 29 0 
3 5 6 14 15 18 21 23 0 
3 4 9 11 15 16 19 0 
2 5 6 14 26 0 
7 13 14 16 20 22 0 
4 7 9 15 18 21 22 24 0 
9 13 15 20 23 0 
13 17 19 23 24 0 
4 10 12 22 0 
7 8 9 10 27 0 
1 3 4 5 7 16 19 23 24 27 0 
8 15 16 19 23 24 27 0 
3 5 7 8 15 17 25 0 
5 6 7 12 19 20 24 27 0 
4 6 8 9 18 24 25 27 0 
5 15 22 23 26 0 
3 6 12 13 14 15 16 19 23 0 
8 10 24 28 29 0 
6 8 13 26 29 0 
1 6 7 9 11 13 18 0 
3 14 17 21 23 25 29 0 
4 5 8 14 23 29 0 
8 10 11 17 22 24 0 
2 6 7 21 23 24 25 0 
2 7 9 15 17 19 22 24 26 28 0 
2 7 21 23 25 0 
1 3 4 13 14 16 17 19 25 27 0 
6 12 20 22 25 28 29 0 
3 17 19 24 28 0 
9 12 20 22 29 0 
4 7 8 10 16 24 26 28 0 
14 16 20 25 27 0 
2 13 14 25 0 
3 4 6 8 16 17 22 25 0 
13 15 20 29 0 
14 19 25 27 0 
1 5 10 15 19 22 25 28 0 
10 14 17 18 24 28 0 
3 5 7 12 14 20 29 0 
6 8 12 17 26 0 
3 4 11 12 19 21 22 29 0 
1 2 4 5 6 9 14 15 24 0 
1 5 10 17 18 21 22 0 
2 3 4 6 7 8 19 25 0 
3 9 11 17 24 28 29 0 
9 14 16 18 20 23 0 
12 14 16 19 27 0 
1 16 22 26 0 
4 6 11 24 0 
1 5 14 20 24 29 0 
9 10 13 19 21 0 
5 10 13 20 25 28 0 
5 7 8 10 15 16 0 
6 9 15 19 28 0 
3 7 10 11 12 14 17 22 0 
6 13 14 15 16 25 0 
8 10 11 17 20 28 29 0 
1 2 4 13 24 26 0 
6 10 16 19 25 0 
6 11 13 26 0 
1 5 27 29 0 
1 5 8 20 22 25 29 0 
12 18 20 26 0 
3 13 24 25 0 
1 3 8 9 11 13 26 0 
3 4 5 9 10 13 14 23 26 0 
1 4 6 21 22 27 28 29 0 
3 11 13 15 16 21 24 28 0 
1 2 14 15 28 0 
1 4 18 23 26 0 
3 4 16 17 24 0 
2 4 6 16 20 28 29 0 
1 2 5 6 14 19 25 26 0 
1 3 7 16 27 29 0 
1 17 18 27 0 
8 22 25 28 29 0 
3 11 12 18 22 0 
6 7 10 14 18 19 23 0 
2 10 19 23 26 0 
1 8 9 15 21 22 26 0 
8 9 13 19 26 28 0 
5 15 16 22 25 0 
1 5 7 8 11 16 18 20 23 24 26 0 
3 7 12 15 16 19 22 23 24 0 
2 3 4 10 13 18 19 20 23 25 0 
4 7 8 19 0 
1 8 12 19 0 
1 8 9 20 21 22 24 0 
4 8 10 14 0 
11 14 18 21 23 26 29 0 
1 2 4 11 17 18 28 0 
5 8 11 14 15 23 24 27 0 
2 6 9 11 13 14 20 25 26 28 0 
1 9 10 15 18 20 25 28 29 0 
7 12 19 23 25 28 0 
1 11 15 19 23 26 27 0 
1 12 17 21 27 0 
7 8 11 23 0 
1 3 4 7 14 16 19 22 27 29 0 
10 12 16 28 0 
13 19 25 0 
4 6 19 0 
9 11 18 24 0 
4 5 8 11 12 22 23 24 0 
17 20 23 26 28 0 
2 7 8 12 13 15 23 24 28 29 0 
2 3 11 14 19 21 23 25 0 
2 12 14 21 23 0 
5 6 13 17 22 24 27 0 
6 9 19 23 24 29 0 
11 15 25 26 0 
6 14 25 27 28 0 
6 10 15 16 17 18 26 0 
2 16 21 24 0 
-2 -3 -5 -10 -17 -21 -29 0 
-5 -8 -9 -12 -15 -17 -22 0 
-5 -9 -12 -15 -20 -24 -26 0 
-4 -7 -9 -10 -12 -14 -20 -22 -29 0 
-1 -5 -6 -10 -12 -17 -21 -23 -25 0 
-4 -15 -16 -22 -24 -26 -28 0 
-4 -6 -10 -12 -17 -18 -20 0 
-7 -9 -10 -12 -15 -21 -22 -23 -27 -29 0 
-1 -3 -10 -16 -22 -27 -28 -29 0 
-2 -7 -17 -18 -21 -26 0 
-4 -10 -13 -17 -18 -20 -26 0 
-1 -11 -22 -24 -28 -29 0 
-10 -12 -21 0 
-3 -4 -5 -9 -11 -15 -16 -28 0 
-3 -5 -9 -14 -24 -25 -27 0 
-8 -12 -13 -18 -24 0 
-7 -13 -20 -21 -22 -24 -25 -26 0 
-12 -27 -29 0 
-2 -10 -16 -19 -23 -24 -26 -27 -28 0 
-2 -5 -10 -13 -15 -16 -24 -25 0 
-5 -8 -9 -10 -18 -26 -28 -29 0 
-7 -9 -10 -14 -16 -17 -24 -29 0 
-3 -7 -10 -13 -14 -15 -16 -20 0 
-1 -3 -9 -10 -26 0 
-12 -13 -14 -15 -22 -25 -29 0 
-8 -12 -15 -16 -22 -23 -29 0 
-4 -5 -6 -12 -14 -15 -16 -22 0 
-6 -7 -8 -17 -23 -29 0 
-5 -7 -8 -11 -13 -22 -23 -28 -29 0 
-7 -8 -14 -19 -23 0 
-1 -10 -15 -19 -25 0 
-5 -8 -13 -14 -16 -25 0 
-12 -13 -15 -20 -24 0 
-1 -12 -15 -16 -22 -28 0 
-2 -6 -14 -15 -19 -22 -24 0 
-3 -12 -14 -16 -17 -18 -23 0 
-2 -15 -20 -21 -29 0 
-3 -4 -5 -27 -28 -29 0 
-3 -9 -16 -17 -22 -26 0 
-2 -15 -25 -26 0 
-5 -11 -22 -26 0 
-6 -9 -13 -14 -16 0 
-5 -6 -10 -16 -25 -27 -28 0 
-1 -3 -15 -18 -19 -21 -26 -27 0 
-9 -10 -11 -19 -21 -23 -26 -27 0 
-1 -6 -12 -16 -21 -22 0 
-3 -7 -13 -14 -15 -18 -22 -25 -26 0 
-4 -7 -11 0 
-8 -13 -16 -18 -23 -25 -26 -27 -29 0 
-2 -15 -24 -26 -29 0 
-11 -16 -17 -18 -25 -27 0 
-4 -6 -9 -18 -24 -25 -27 0 
-3 -4 -17 -18 -24 -26 0 
-3 -7 -8 -15 -18 -22 -28 0 
-11 -16 -18 -22 -24 -25 0 
-1 -7 -11 -12 -15 -23 -27 0 
-8 -10 -13 -21 -23 -27 0 
-28 -29 0 
-6 -13 -20 -27 0 
-4 -10 -11 -12 -26 0 
-13 -19 -20 -24 -25 -27 -28 0 
-4 -6 -8 -13 -19 -26 0 
-2 -8 -11 -12 -14 -17 -23 -24 -29 0 
-2 -4 -6 -7 -9 -12 -23 -29 0 
-5 -6 -19 -25 0 
-3 -6 -8 -11 -13 -16 -18 -19 -27 0 
-2 -5 -7 -9 -10 -13 -18 -19 -22 -25 0 
-1 -9 -15 -26 0 
-1 -3 -12 -15 -17 -20 -28 0 
-1 -12 -21 -26 -29 0 
-12 -16 -19 -21 0 
-3 -5 -6 -8 -10 -13 -14 -15 -16 -21 -25 0 
-6 -12 -13 -17 -23 -26 0 
-3 -4 -6 -11 -13 -21 -24 -25 0 
-2 -7 -9 -14 -17 -23 0 
-3 -12 -13 -15 -26 -29 0 
-2 -11 -12 -23 -27 -28 0 
-11 -16 -22 -24 -25 -28 -29 0 
-1 -11 -27 -29 0 
-1 -7 -9 -17 -20 -24 0 
-1 -3 -16 -29 0 
-4 -7 -10 -13 -14 -18 -20 -21 -28 0 
-7 -14 -21 -27 0 
-6 -13 -18 -29 0 
-2 -3 -4 -5 -12 -13 -19 0 
-10 -14 -16 -18 0 
-1 -3 -5 -10 -19 -23 0 
-2 -3 -9 -14 -15 -24 -27 0 
-5 -11 -18 -19 -21 -23 -25 -29 0 
-1 -4 -6 -20 -22 -27 -28 -29 0 
-6 -8 -9 -17 -18 -28 0 
-1 -2 -3 -10 -13 -16 -21 -22 -23 0 
-1 -3 -7 -8 -23 -24 -25 0 
-2 -4 -14 -15 -18 -21 -23 -25 0 
-10 -14 -16 0 
-3 -6 -11 -13 -16 -17 -22 -23 -24 -26 0 
-12 -16 -21 -26 0 
-3 -16 -22 -23 0 
-2 -4 -7 -11 -12 -13 -15 -20 -23 -25 -28 0 
-5 -6 -12 -14 -26 0 
-2 -6 -12 -22 -28 -29 0 
-7 -18 -19 -20 -24 -25 -28 0 
-2 -9 -10 -19 -26 -29 0 
-8 -11 -19 -21 -22 -25 -27 -28 0 
-1 -17 -19 -21 -28 0 
-14 -20 -22 -23 -25 -27 -28 -29 0 
-4 -9 -10 -25 -29 0 
-5 -16 -17 -18 -23 -24 -28 0 
-4 -5 -13 -19 -24 -27 0 
-4 -5 -7 -13 -18 -20 0 
-4 -10 -15 -25 -26 0 
-1 -9 -21 -23 0 
-6 -8 -11 -14 -18 -25 -26 -29 0 
-3 -10 -14 0 
-2 -17 -23 -24 0 
-3 -5 -7 -13 -14 -15 -16 -21 -26 0 
-1 -2 -3 -8 -21 0 
-7 -8 -13 -22 -25 -29 0 
-3 -6 -8 -9 -12 -13 -17 -20 -21 -23 -24 -29 0 
-3 -6 -11 -18 -26 0 
-7 -9 -23 -25 -26 -28 0 
-4 -5 -6 -11 -16 -18 -22 -26 0 
-5 -12 -13 -21 -27 0 
-3 -5 -14 -16 -17 -18 0 
-3 -7 -8 -10 -13 -16 -18 -19 -25 0 
-6 -10 -11 -16 -19 -21 -28 0 
-12 -17 -20 -21 -26 -27 -28 -29 0 
-2 -19 -24 -27 0 
-8 -9 -11 -15 0 
-4 -6 -13 -14 -15 -17 -20 -25 -28 0 
-6 -9 -15 -16 -18 -27 -28 -29 0 
-2 -15 -17 -21 -23 -25 -27 0 
-8 -14 -17 -22 -27 -28 -29 0 
-5 -8 -9 -11 -13 -22 0 
-3 -14 -19 -22 -24 -25 0 
-3 -5 -11 -18 -19 -23 -24 -25 0 
-4 -8 -11 -15 -17 -18 -21 -22 -27 0 
-3 -6 -15 0 
-1 -6 -7 -11 -17 -19 -27 -29 0 
-3 -4 -6 -12 -15 -16 -17 -23 -29 0 
-4 -5 -7 -11 -25 -28 0 
-1 -17 -26 0 
-1 -16 -18 -25 -27 0 
-15 -16 -17 -19 -20 -25 -29 0 
-3 -4 -9 -13 -16 -18 -24 -27 -28 0 
-2 -3 -8 -10 -11 -23 -24 0 
-11 -15 -19 -23 -25 -26 0 
-2 -14 -15 -17 -19 -23 -26 -29 0 
-2 -5 -9 -13 -16 -19 -23 -25 0 
-15 -24 0 
-5 -10 -20 -27 -28 -29 0 
-1 -4 -8 -9 -12 -13 -15 -18 -24 0 
-3 -6 -8 -15 -16 -21 0 
-1 -6 -10 -15 -22 -27 -28 0 
-8 -11 -16 -21 0 
-2 -7 -12 -13 -15 -21 -28 0 
-1 -2 -4 -22 -25 -27 0 
-5 -18 -19 -21 0 
-2 -12 -17 -23 0 
-6 -9 -12 -19 -24 -25 -26 -27 0 
-5 -7 -9 -10 -24 0 
-5 -6 -7 -8 -11 -14 -16 -20 -24 0 
-1 -2 -13 -18 -19 -25 -29 0 
-5 -10 -21 -22 -23 -29 0 
-5 -14 -15 -17 -23 -25 -26 -27 0 
-2 -3 -8 -11 -15 -24 0 
-5 -8 -14 -16 -19 0 
-1 -4 -5 -15 -16 -18 -23 -24 -27 -28 0 
-1 -8 -10 -12 -13 -16 -19 -24 -29 0 
-3 -8 -20 -21 -26 -28 0 
-2 -6 -11 -17 -19 -26 0 
-3 -4 -14 -15 -18 -24 0 
-1 -10 -13 -15 -16 -18 -20 -23 -25 0 
-21 -23 -28 -29 0 
-9 -16 -22 0 
-2 -14 -19 -25 0 
-14 -24 -26 -28 0 
-4 -6 -10 -12 -22 0 
-11 -13 -21 -28 -29 0 
-1 -7 -8 -19 -21 -23 -28 0 
-16 -17 -18 -22 -24 -26 -27 -29 0 
-2 -3 -15 -20 -22 -23 -25 0 
-5 -8 -13 -14 -19 -23 -24 -29 0 
-13 -14 -15 -21 -26 -29 0 
-2 -5 -18 -28 0 
-1 -6 -12 -25 -28 -29 0 
-7 -9 -19 -20 -27 0 
-5 -10 -13 -16 -17 0 
-1 -4 -13 -15 -16 -23 -27 0 
-2 -19 -28 -29 0 
-2 -8 -9 -13 -18 -19 -29 0 
-7 -10 -14 0 
-6 -10 -15 -18 -23 -29 0 
-1 -11 -12 -16 -18 -20 -29 0 
-1 -11 -17 -21 0 
-2 -8 -14 -23 -28 0 
-7 -8 -18 -19 -22 -24 -25 -26 -29 0 
-2 -3 -11 -14 -26 -28 0 
-3 -5 -9 -18 -24 -25 0 
-4 -6 -8 -15 -16 -18 -25 0 
-7 -8 -10 -25 -28 0 
-3 -14 -23 -24 -26 -27 0 
-14 -18 -19 -21 -23 0 
-10 -11 -12 -18 -24 -26 -27 -29 0 
-4 -6 -8 -18 -19 -21 0 
-5 -14 -21 0 
-2 -6 -9 -14 -24 -26 -27 -29 0 
-5 -6 -8 -10 -14 -15 -19 -20 -28 0 
-6 -8 -16 -17 -26 -28 -29 0 
-6 -10 0 
-3 -4 -5 -9 -11 -15 -17 -23 -25 -26 0 
-4 -5 -6 -26 0 
-3 -6 -7 -10 -16 -17 -27 0 
-6 -14 -26 0 
-2 -13 -17 -18 -22 0 
-2 -14 -18 -26 0 
-2 -16 -19 -20 0 
-4 -9 -15 -26 0 
-11 -13 -21 -25 -27 -28 0 
-11 -17 -20 -21 -23 -27 0 
-12 -16 -29 0 
-1 -10 -14 -16 -18 0 
-1 -8 -9 -16 -17 -19 -22 -23 0 
-10 -17 -19 -21 -24 -25 -29 0 
-1 -3 -4 -7 -9 -16 -20 -22 -23 -25 0 
-3 -10 -19 -23 -25 0 
-11 -13 -22 -24 -26 0 
-2 -4 -16 -22 -24 0 
-2 -8 -14 -16 -22 0 
-3 -5 -9 -19 -20 -22 0 
-2 -5 -13 -15 -17 -18 -21 -22 -23 -24 0 
-1 -8 0 
-3 -8 -15 -23 0 
-3 -4 -15 -17 -18 -27 -28 0 
-3 -6 -7 -8 -19 -20 -21 -24 0 
-1 -4 -6 -8 -16 -20 -22 -24 0 
-1 -13 -14 -28 0 
-7 -11 -24 0 
-2 -6 -8 -11 -12 -14 -16 -17 -19 -28 0 
-1 -5 -12 -17 -25 -26 0 
-1 -7 -10 -15 -16 -19 -22 0 
-4 -11 -12 -13 -18 -20 -21 -22 -27 0 
-1 -11 -12 -14 -15 -20 -23 0 
-5 -8 -11 -14 -19 -20 0 
-12 -16 -17 -23 -27 0 
-3 -6 -9 -11 -12 -20 -25 -27 -28 0 
-1 -2 -3 -8 -13 -16 0 
-3 -7 -10 -12 -13 -15 -22 0 
-6 -7 -8 -11 -14 -15 -18 -19 -20 0 
-5 -16 -19 -24 -27 0 
-2 -3 -5 -10 -19 -21 -23 0 
-1 -12 -19 -21 -26 0 
-1 -7 -12 -14 -15 -20 -26 0 
-4 -8 -16 -17 -28 0 
-1 -7 -12 -17 -26 0 
-6 -16 -17 -24 -27 -28 0 
-1 -5 -6 -13 -14 0 
-21 -24 0 
-13 -19 -21 -28 -29 0 
-6 -8 -13 -20 0 
-4 -7 -10 -13 -14 -19 0 
-1 -6 -15 -19 -20 0 
-6 -10 -12 -17 -18 -21 -22 0 
-4 -9 -12 -15 -17 -20 -21 -24 -26 0 
-7 -19 -23 -28 0 
-3 -4 -6 -13 -15 -28 0 
-2 -3 -6 -8 -13 -26 0 
-4 -6 -7 -13 -14 -18 -20 0 
-1 -8 -11 -13 -14 -27 0 
-2 -3 -5 -12 -17 -18 0 
-4 -11 -12 -13 -21 -28 0 
-5 -8 -9 -10 -13 -14 -19 -21 -27 0 
-2 -4 -14 -18 -20 0 
-2 -18 -22 -26 0 
-4 -6 -8 -10 -24 -29 0 
-3 -4 -8 -10 -17 -23 -27 0 
-4 -5 -10 -13 -15 -18 -20 -21 -28 0 
-2 -21 -22 -26 0 
-1 -6 -9 -12 -13 -18 -25 -27 0 
-1 -2 -16 -17 -20 -21 -22 0 
-2 -8 -16 -24 -26 0 
-1 -7 -10 -11 -22 -29 0 
-2 -5 -18 -21 -29 0 
-6 -12 -14 -15 -18 -19 -26 0 
-1 -8 -13 -17 -18 -23 0 
-7 -9 -16 -17 -18 0 
-15 -18 -23 -25 -26 -29 0 
-3 -5 -6 -14 -15 -18 -21 -23 0 
-3 -4 -9 -11 -15 -16 -19 0 
-2 -5 -6 -14 -26 0 
-7 -13 -14 -16 -20 -22 0 
-4 -7 -9 -15 -18 -21 -22 -24 0 
-9 -13 -15 -20 -23 0 
-13 -17 -19 -23 -24 0 
-4 -10 -12 -22 0 
-7 -8 -9 -10 -27 0 
-1 -3 -4 -5 -7 -16 -19 -23 -24 -27 0 
-8 -15 -16 -19 -23 -24 -27 0 
-3 -5 -7 -8 -15 -17 -25 0 
-5 -6 -7 -12 -19 -20 -24 -27 0 
-4 -6 -8 -9 -18 -24 -25 -27 0 
-5 -15 -22 -23 -26 0 
-3 -6 -12 -13 -14 -15 -16 -19 -23 0 
-8 -10 -24 -28 -29 0 
-6 -8 -13 -26 -29 0 
-1 -6 -7 -9 -11 -13 -18 0 
-3 -14 -17 -21 -23 -25 -29 0 
-4 -5 -8 -14 -23 -29 0 
-8 -10 -11 -17 -22 -24 0 
-2 -6 -7 -21 -23 -24 -25 0 
-2 -7 -9 -15 -17 -19 -22 -24 -26 -28 0 
-2 -7 -21 -23 -25 0 
-1 -3 -4 -13 -14 -16 -17 -19 -25 -27 0 
-6 -12 -20 -22 -25 -28 -29 0 
-3 -17 -19 -24 -28 0 
-9 -12 -20 -22 -29 0 
-4 -7 -8 -10 -16 -24 -26 -28 0 
-14 -16 -20 -25 -27 0 
-2 -13 -14 -25 0 
-3 -4 -6 -8 -16 -17 -22 -25 0 
-13 -15 -20 -29 0 
-14 -19 -25 -27 0 
-1 -5 -10 -15 -19 -22 -25 -28 0 
-10 -14 -17 -18 -24 -28 0 
-3 -5 -7 -12 -14 -20 -29 0 
-6 -8 -12 -17 -26 0 
-3 -4 -11 -12 -19 -21 -22 -29 0 
-1 -2 -4 -5 -6 -9 -14 -15 -24 0 
-1 -5 -10 -17 -18 -21 -22 0 
-2 -3 -4 -6 -7 -8 -19 -25 0 
-3 -9 -11 -17 -24 -28 -29 0 
-9 -14 -16 -18 -20 -23 0 
-12 -14 -16 -19 -27 0 
-1 -16 -22 -26 0 
-4 -6 -11 -24 0 
-1 -5 -14 -20 -24 -29 0 
-9 -10 -13 -19 -21 0 
-5 -10 -13 -20 -25 -28 0 
-5 -7 -8 -10 -15 -16 0 
-6 -9 -15 -19 -28 0 
-3 -7 -10 -11 -12 -14 -17 -22 0 
-6 -13 -14 -15 -16 -25 0 
-8 -10 -11 -17 -20 -28 -29 0 
-1 -2 -4 -13 -24 -26 0 
-6 -10 -16 -19 -25 0 
-6 -11 -13 -26 0 
-1 -5 -27 -29 0 
-1 -5 -8 -20 -22 -25 -29 0 
-12 -18 -20 -26 0 
-3 -13 -24 -25 0 
-1 -3 -8 -9 -11 -13 -26 0 
-3 -4 -5 -9 -10 -13 -14 -23 -26 0 
-1 -4 -6 -21 -22 -27 -28 -29 0 
-3 -11 -13 -15 -16 -21 -24 -28 0 
-1 -2 -14 -15 -28 0 
-1 -4 -18 -23 -26 0 
-3 -4 -16 -17 -24 0 
-2 -4 -6 -16 -20 -28 -29 0 
-1 -2 -5 -6 -14 -19 -25 -26 0 
-1 -3 -7 -16 -27 -29 0 
-1 -17 -18 -27 0 
-8 -22 -25 -28 -29 0 
-3 -11 -12 -18 -22 0 
-6 -7 -10 -14 -18 -19 -23 0 
-2 -10 -19 -23 -26 0 
-1 -8 -9 -15 -21 -22 -26 0 
-8 -9 -13 -19 -26 -28 0 
-5 -15 -16 -22 -25 0 
-1 -5 -7 -8 -11 -16 -18 -20 -23 -24 -26 0 
-3 -7 -12 -15 -16 -19 -22 -23 -24 0 
-2 -3 -4 -10 -13 -18 -19 -20 -23 -25 0 
-4 -7 -8 -19 0 
-1 -8 -12 -19 0 
-1 -8 -9 -20 -21 -22 -24 0 
-4 -8 -10 -14 0 
-11 -14 -18 -21 -23 -26 -29 0 
-1 -2 -4 -11 -17 -18 -28 0 
-5 -8 -11 -14 -15 -23 -24 -27 0 
-2 -6 -9 -11 -13 -14 -20 -25 -26 -28 0 
-1 -9 -10 -15 -18 -20 -25 -28 -29 0 
-7 -12 -19 -23 -25 -28 0 
-1 -11 -15 -19 -23 -26 -27 0 
-1 -12 -17 -21 -27 0 
-7 -8 -11 -23 0 
-1 -3 -4 -7 -14 -16 -19 -22 -27 -29 0 
-10 -12 -16 -28 0 
-13 -19 -25 0 
-4 -6 -19 0 
-9 -11 -18 -24 0 
-4 -5 -8 -11 -12 -22 -23 -24 0 
-17 -20 -23 -26 -28 0 
-2 -7 -8 -12 -13 -15 -23 -24 -28 -29 0 
-2 -3 -11 -14 -19 -21 -23 -25 0 
-2 -12 -14 -21 -23 0 
-5 -6 -13 -17 -22 -24 -27 0 
-6 -9 -19 -23 -24 -29 0 
-11 -15 -25 -26 0 
-6 -14 -25 -27 -28 0 
-6 -10 -15 -16 -17 -18 -26 0 
-2 -16 -21 -24 0 
