p cnf 30 800
1 2 5 11 12 20 22 25 27 29 0 
3 11 15 16 21 25 0 
2 3 7 15 28 0 
3 7 12 14 16 17 20 24 28 0 
6 8 10 13 18 28 0 
2 6 8 11 16 17 22 24 28 0 
1 7 17 18 28 0 
9 13 15 16 20 22 28 0 
10 12 21 28 0 
4 20 23 0 
6 7 10 23 0 
2 3 10 15 16 17 22 27 0 
5 10 11 17 18 23 0 
8 9 17 23 24 28 30 0 
4 7 11 12 16 18 19 22 30 0 
2 3 16 18 24 25 30 0 
1 10 12 17 21 25 0 
6 8 27 0 
1 6 11 21 0 
2 4 6 7 13 0 
5 12 17 18 19 21 22 24 28 0 
15 17 20 24 25 28 0 
4 6 8 13 19 21 0 
2 8 10 21 0 
5 23 24 25 0 
5 8 12 15 21 27 0 
14 19 21 23 0 
8 13 14 21 23 28 30 0 
11 16 21 23 24 28 0 
11 12 13 15 17 18 0 
2 7 14 20 0 
2 11 14 26 27 0 
13 14 18 20 21 22 23 28 0 
2 12 14 20 21 26 0 
1 5 9 13 24 28 0 
3 5 6 7 10 15 18 0 
1 4 5 10 16 21 0 
1 21 26 0 
1 4 6 7 10 16 19 26 27 0 
8 11 21 22 23 26 0 
3 5 7 10 14 25 26 0 
3 6 9 16 29 30 0 
2 4 6 7 15 18 26 28 30 0 
2 5 7 12 14 26 27 0 
3 17 18 20 0 
2 6 13 22 0 
9 12 13 15 18 23 24 25 0 
4 6 7 9 10 11 12 20 25 29 0 
6 9 11 12 16 18 22 30 0 
9 12 26 27 29 0 
5 16 18 21 0 
4 6 9 15 20 26 30 0 
1 9 11 13 14 18 19 25 30 0 
3 6 16 17 29 0 
7 13 17 23 24 29 0 
3 14 28 30 0 
7 11 12 22 25 28 0 
5 10 13 20 22 26 28 0 
4 5 8 11 16 17 19 28 29 0 
3 5 6 9 10 14 24 28 0 
2 9 21 26 29 0 
7 10 11 15 21 0 
2 7 17 20 23 30 0 
3 12 15 17 25 28 0 
3 5 14 16 18 20 21 23 0 
3 7 22 25 28 0 
3 13 22 24 0 
7 9 18 28 0 
5 9 13 26 0 
3 6 10 13 14 17 21 25 29 0 
2 3 10 21 25 26 0 
1 4 7 10 11 15 20 0 
3 4 9 11 12 13 14 16 23 26 28 0 
7 8 15 16 20 29 0 
4 20 25 30 0 
5 9 25 28 0 
8 17 18 29 0 
12 19 26 30 0 
1 3 4 10 14 21 28 0 
2 3 4 8 17 23 24 0 
4 7 10 15 18 24 29 30 0 
6 7 16 20 27 0 
9 20 24 25 0 
12 22 29 30 0 
6 14 25 0 
4 7 11 17 25 29 0 
9 14 27 28 0 
2 7 9 17 29 0 
7 17 24 27 29 0 
4 5 12 13 16 18 25 29 0 
3 7 13 14 15 19 24 28 0 
8 12 17 22 23 29 30 0 
3 9 10 20 22 24 27 0 
3 7 20 23 26 27 0 
1 5 11 24 0 
4 9 12 20 22 23 24 25 0 
2 4 12 15 19 20 26 28 30 0 
3 6 19 21 23 26 0 
7 8 14 19 22 25 28 0 
2 3 7 20 21 26 27 28 0 
1 4 13 18 22 23 27 30 0 
2 17 22 23 24 0 
10 16 21 24 27 29 0 
1 4 10 17 18 19 23 27 29 0 
9 11 17 18 28 0 
5 6 9 11 15 22 0 
3 7 15 18 21 28 30 0 
4 5 7 8 11 18 0 
1 10 17 22 25 0 
2 3 8 13 15 19 21 25 26 0 
3 5 8 14 26 27 28 30 0 
1 2 15 16 24 0 
5 11 15 19 21 22 0 
14 18 20 21 22 0 
2 3 7 9 10 22 30 0 
11 12 13 16 19 28 30 0 
2 4 9 11 14 15 22 23 26 0 
4 5 7 9 13 16 19 20 24 25 26 28 0 
3 9 14 15 25 28 0 
2 3 7 14 20 23 24 26 27 0 
1 12 13 29 0 
3 6 7 28 0 
2 5 6 7 16 18 21 26 0 
1 2 7 10 11 17 18 21 25 29 0 
2 8 10 12 19 27 0 
4 7 9 12 15 21 22 23 0 
2 7 9 14 18 19 21 22 28 0 
1 3 9 12 0 
1 11 14 15 0 
2 9 27 0 
1 3 5 6 7 14 15 23 0 
6 13 17 21 27 0 
3 13 14 28 29 0 
1 2 3 13 14 20 24 27 29 30 0 
3 8 12 15 22 24 0 
4 5 13 16 23 24 25 30 0 
1 7 11 14 22 23 28 0 
1 2 3 12 24 29 30 0 
1 8 13 14 17 20 25 28 30 0 
1 2 7 8 19 22 23 24 26 30 0 
16 20 21 24 27 0 
2 9 12 19 26 0 
2 3 13 19 20 26 0 
3 4 14 16 17 20 22 26 0 
8 10 14 17 24 0 
4 8 13 21 0 
4 8 9 16 22 24 27 0 
5 8 10 12 14 15 21 25 0 
2 5 10 18 19 22 0 
7 11 15 25 26 0 
1 11 14 15 28 0 
5 6 18 25 27 0 
4 17 18 22 30 0 
5 9 16 18 24 0 
7 8 10 16 18 29 0 
2 3 9 14 20 23 0 
13 20 24 26 28 30 0 
1 14 21 30 0 
7 10 23 26 28 0 
2 3 8 0 
3 22 27 28 0 
10 11 12 15 17 19 0 
2 8 12 14 20 0 
13 15 17 21 23 0 
2 10 12 13 25 0 
4 8 19 25 26 29 0 
1 4 9 13 19 24 25 28 30 0 
12 15 16 18 24 26 0 
7 11 16 19 24 0 
3 4 10 13 14 19 0 
1 6 16 19 20 21 22 0 
1 3 7 25 29 0 
9 13 16 18 20 21 24 25 0 
2 8 22 0 
2 3 16 19 20 22 0 
3 10 12 16 17 19 28 0 
2 3 14 20 22 23 26 0 
1 5 9 11 15 17 19 21 22 25 26 27 0 
1 4 11 18 0 
11 12 14 21 22 27 29 0 
1 4 10 12 15 16 18 27 30 0 
2 7 8 9 11 17 29 30 0 
4 5 7 11 16 17 22 24 28 30 0 
1 4 5 11 14 19 21 26 0 
1 3 6 9 12 14 16 0 
3 5 9 12 17 21 24 25 26 0 
15 17 20 29 0 
6 10 13 20 28 29 0 
6 9 15 19 22 23 0 
2 5 6 8 14 16 21 0 
3 7 16 18 19 20 23 30 0 
9 11 15 16 19 28 30 0 
6 14 18 23 29 0 
3 6 11 15 17 18 26 0 
3 12 14 17 21 22 26 30 0 
1 3 6 13 21 22 0 
2 4 6 17 30 0 
3 4 6 10 15 16 23 29 0 
4 17 0 
17 23 25 26 27 0 
4 5 7 8 9 11 24 25 0 
2 5 6 8 12 16 23 24 26 0 
6 7 17 18 24 25 0 
5 9 13 16 29 30 0 
12 18 19 21 24 0 
11 12 16 17 25 29 0 
12 13 17 25 29 0 
9 18 19 23 25 27 28 0 
2 5 6 14 20 21 29 0 
2 3 5 11 12 14 16 17 22 23 28 30 0 
1 5 10 12 20 26 30 0 
5 6 13 14 20 21 22 0 
3 6 8 18 21 25 28 0 
3 7 8 12 24 27 28 29 0 
2 3 9 11 12 14 20 0 
8 11 14 22 23 28 0 
9 13 17 18 30 0 
1 2 6 7 8 11 14 0 
16 17 0 
3 4 7 9 20 22 23 24 30 0 
6 21 22 24 25 29 0 
3 7 11 23 25 29 0 
17 18 22 30 0 
1 3 4 7 8 13 22 24 28 0 
1 6 7 9 14 15 23 24 27 29 0 
3 7 15 19 20 23 28 0 
1 9 15 17 18 19 30 0 
1 11 13 23 24 0 
5 9 14 19 0 
7 19 22 28 29 0 
2 5 6 7 9 20 26 0 
2 3 11 14 19 20 25 27 0 
1 6 11 16 20 21 25 0 
4 6 12 22 25 28 29 0 
5 13 26 27 28 0 
3 17 0 
7 9 15 23 0 
8 9 13 14 17 25 0 
1 9 11 12 13 19 20 27 0 
7 8 16 23 26 29 0 
7 11 13 14 20 22 0 
10 13 17 21 0 
2 15 17 23 24 27 0 
3 6 9 13 0 
3 4 6 9 16 20 25 28 0 
10 11 12 15 19 21 0 
2 12 17 22 0 
1 3 19 23 30 0 
13 18 26 0 
3 10 12 13 25 27 0 
2 12 18 22 27 0 
2 7 8 21 22 23 24 28 0 
2 7 9 10 11 18 24 27 28 30 0 
3 4 12 14 24 0 
3 5 10 16 18 28 30 0 
6 18 23 0 
7 15 17 27 0 
2 3 16 19 25 0 
9 16 26 29 30 0 
1 3 22 25 29 30 0 
5 7 28 29 30 0 
8 11 15 21 23 24 26 28 0 
8 26 27 0 
14 17 18 25 0 
2 4 11 15 16 23 24 27 0 
1 5 6 14 16 21 26 0 
2 3 9 10 15 29 30 0 
7 19 26 30 0 
6 7 16 17 18 22 24 0 
3 7 12 18 25 0 
13 14 24 30 0 
3 5 7 9 12 15 19 22 26 29 0 
1 6 8 13 16 20 26 28 0 
6 9 11 15 16 0 
1 7 15 16 22 23 29 0 
1 5 9 19 21 27 30 0 
1 3 8 10 11 16 0 
3 11 17 18 21 28 0 
3 5 6 12 14 19 25 27 0 
1 4 5 15 16 21 25 29 0 
2 5 13 15 18 19 20 22 27 0 
4 7 14 19 22 28 29 0 
2 15 17 26 30 0 
4 5 13 18 20 21 27 29 0 
8 16 23 26 28 0 
5 13 14 21 24 0 
3 7 13 21 22 0 
6 10 13 16 17 26 0 
3 9 11 12 22 25 27 29 0 
10 14 16 19 24 29 0 
1 18 19 24 27 0 
7 9 10 13 22 23 26 0 
5 23 26 30 0 
3 4 6 9 13 16 23 24 25 28 0 
3 5 12 13 26 0 
1 11 13 14 26 0 
3 17 19 21 25 26 0 
1 15 19 22 24 25 0 
2 3 5 7 12 14 22 27 28 29 0 
9 13 14 16 18 23 24 26 28 0 
3 9 10 15 28 0 
5 10 16 20 22 25 26 27 28 0 
1 3 5 6 13 14 24 0 
7 12 13 25 29 0 
12 15 19 30 0 
8 16 19 26 27 30 0 
3 12 25 26 28 30 0 
3 13 17 20 24 26 0 
2 5 6 10 14 16 17 19 24 28 0 
3 8 13 15 18 20 28 0 
1 5 10 15 17 26 27 28 0 
7 10 21 28 0 
3 9 20 22 0 
3 6 9 10 12 14 19 25 28 0 
4 17 0 
4 6 10 19 20 21 22 24 28 0 
2 9 15 16 18 0 
8 18 20 23 24 25 0 
2 8 9 17 22 25 0 
15 16 18 21 28 0 
1 3 6 10 13 20 25 26 0 
7 8 11 19 0 
4 5 8 14 19 0 
6 10 14 16 20 23 27 29 0 
7 9 15 16 18 21 22 23 0 
4 10 14 20 28 0 
2 3 13 18 27 30 0 
11 16 18 25 26 27 30 0 
2 3 5 6 7 13 18 19 23 29 0 
3 5 7 11 12 13 26 0 
7 11 12 17 20 21 25 0 
10 11 18 19 29 0 
3 7 10 11 14 25 26 0 
3 5 8 13 22 0 
1 5 9 10 11 14 16 19 20 22 23 24 25 30 0 
7 21 24 29 0 
4 13 14 15 16 17 18 0 
7 12 14 23 27 28 0 
3 7 13 17 26 29 0 
1 5 6 7 8 10 13 14 20 0 
1 3 12 15 23 24 28 0 
1 4 6 9 13 19 20 21 0 
2 15 19 20 28 29 0 
8 9 17 20 30 0 
4 7 12 13 22 29 0 
3 5 6 8 10 21 22 0 
1 4 5 12 22 28 29 30 0 
6 11 13 22 23 25 28 0 
4 8 14 17 27 0 
17 18 24 27 29 0 
1 5 7 11 17 18 21 22 26 0 
5 6 21 22 29 0 
6 11 22 23 28 0 
3 10 12 18 19 21 25 0 
4 10 14 20 21 24 29 30 0 
6 7 11 17 18 20 24 0 
1 6 7 11 19 0 
12 14 21 22 24 0 
6 8 14 20 0 
17 20 29 30 0 
2 8 11 18 25 30 0 
1 12 13 24 29 0 
8 11 15 24 27 28 0 
1 4 6 10 12 22 26 0 
4 18 24 27 29 0 
2 21 24 26 0 
1 2 14 17 19 25 0 
2 8 9 12 18 21 24 26 27 0 
4 5 7 9 15 20 25 29 0 
1 3 7 16 24 25 28 0 
6 7 11 13 19 25 26 30 0 
6 8 9 15 17 20 21 27 0 
1 2 3 4 6 7 0 
2 18 24 0 
6 7 8 16 17 20 21 27 29 0 
18 23 25 0 
2 10 14 16 20 23 25 0 
12 18 23 27 0 
11 13 17 25 29 0 
12 16 18 27 0 
2 4 8 16 20 26 27 28 0 
9 17 21 24 0 
2 9 14 24 29 0 
8 20 23 24 25 27 28 30 0 
6 7 8 12 18 19 22 26 27 28 0 
5 9 11 12 18 28 29 0 
5 9 12 16 26 27 29 0 
1 2 15 17 20 27 0 
5 6 8 14 16 21 0 
4 6 8 10 11 12 20 0 
2 21 22 0 
4 14 15 23 30 0 
18 24 25 28 0 
3 6 7 9 12 15 20 27 0 
3 15 16 26 27 0 
1 6 8 11 15 17 18 19 0 
5 6 7 11 14 15 16 19 22 0 
4 13 19 27 29 0 
5 7 19 30 0 
3 6 8 14 17 20 28 0 
-1 -2 -5 -11 -12 -20 -22 -25 -27 -29 0 
-3 -11 -15 -16 -21 -25 0 
-2 -3 -7 -15 -28 0 
-3 -7 -12 -14 -16 -17 -20 -24 -28 0 
-6 -8 -10 -13 -18 -28 0 
-2 -6 -8 -11 -16 -17 -22 -24 -28 0 
-1 -7 -17 -18 -28 0 
-9 -13 -15 -16 -20 -22 -28 0 
-10 -12 -21 -28 0 
-4 -20 -23 0 
-6 -7 -10 -23 0 
-2 -3 -10 -15 -16 -17 -22 -27 0 
-5 -10 -11 -17 -18 -23 0 
-8 -9 -17 -23 -24 -28 -30 0 
-4 -7 -11 -12 -16 -18 -19 -22 -30 0 
-2 -3 -16 -18 -24 -25 -30 0 
-1 -10 -12 -17 -21 -25 0 
-6 -8 -27 0 
-1 -6 -11 -21 0 
-2 -4 -6 -7 -13 0 
-5 -12 -17 -18 -19 -21 -22 -24 -28 0 
-15 -17 -20 -24 -25 -28 0 
-4 -6 -8 -13 -19 -21 0 
-2 -8 -10 -21 0 
-5 -23 -24 -25 0 
-5 -8 -12 -15 -21 -27 0 
-14 -19 -21 -23 0 
-8 -13 -14 -21 -23 -28 -30 0 
-11 -16 -21 -23 -24 -28 0 
-11 -12 -13 -15 -17 -18 0 
-2 -7 -14 -20 0 
-2 -11 -14 -26 -27 0 
-13 -14 -18 -20 -21 -22 -23 -28 0 
-2 -12 -14 -20 -21 -26 0 
-1 -5 -9 -13 -24 -28 0 
-3 -5 -6 -7 -10 -15 -18 0 
-1 -4 -5 -10 -16 -21 0 
-1 -21 -26 0 
-1 -4 -6 -7 -10 -16 -19 -26 -27 0 
-8 -11 -21 -22 -23 -26 0 
-3 -5 -7 -10 -14 -25 -26 0 
-3 -6 -9 -16 -29 -30 0 
-2 -4 -6 -7 -15 -18 -26 -28 -30 0 
-2 -5 -7 -12 -14 -26 -27 0 
-3 -17 -18 -20 0 
-2 -6 -13 -22 0 
-9 -12 -13 -15 -18 -23 -24 -25 0 
-4 -6 -7 -9 -10 -11 -12 -20 -25 -29 0 
-6 -9 -11 -12 -16 -18 -22 -30 0 
-9 -12 -26 -27 -29 0 
-5 -16 -18 -21 0 
-4 -6 -9 -15 -20 -26 -30 0 
-1 -9 -11 -13 -14 -18 -19 -25 -30 0 
-3 -6 -16 -17 -29 0 
-7 -13 -17 -23 -24 -29 0 
-3 -14 -28 -30 0 
-7 -11 -12 -22 -25 -28 0 
-5 -10 -13 -20 -22 -26 -28 0 
-4 -5 -8 -11 -16 -17 -19 -28 -29 0 
-3 -5 -6 -9 -10 -14 -24 -28 0 
-2 -9 -21 -26 -29 0 
-7 -10 -11 -15 -21 0 
-2 -7 -17 -20 -23 -30 0 
-3 -12 -15 -17 -25 -28 0 
-3 -5 -14 -16 -18 -20 -21 -23 0 
-3 -7 -22 -25 -28 0 
-3 -13 -22 -24 0 
-7 -9 -18 -28 0 
-5 -9 -13 -26 0 
-3 -6 -10 -13 -14 -17 -21 -25 -29 0 
-2 -3 -10 -21 -25 -26 0 
-1 -4 -7 -10 -11 -15 -20 0 
-3 -4 -9 -11 -12 -13 -14 -16 -23 -26 -28 0 
-7 -8 -15 -16 -20 -29 0 
-4 -20 -25 -30 0 
-5 -9 -25 -28 0 
-8 -17 -18 -29 0 
-12 -19 -26 -30 0 
-1 -3 -4 -10 -14 -21 -28 0 
-2 -3 -4 -8 -17 -23 -24 0 
-4 -7 -10 -15 -18 -24 -29 -30 0 
-6 -7 -16 -20 -27 0 
-9 -20 -24 -25 0 
-12 -22 -29 -30 0 
-6 -14 -25 0 
-4 -7 -11 -17 -25 -29 0 
-9 -14 -27 -28 0 
-2 -7 -9 -17 -29 0 
-7 -17 -24 -27 -29 0 
-4 -5 -12 -13 -16 -18 -25 -29 0 
-3 -7 -13 -14 -15 -19 -24 -28 0 
-8 -12 -17 -22 -23 -29 -30 0 
-3 -9 -10 -20 -22 -24 -27 0 
-3 -7 -20 -23 -26 -27 0 
-1 -5 -11 -24 0 
-4 -9 -12 -20 -22 -23 -24 -25 0 
-2 -4 -12 -15 -19 -20 -26 -28 -30 0 
-3 -6 -19 -21 -23 -26 0 
-7 -8 -14 -19 -22 -25 -28 0 
-2 -3 -7 -20 -21 -26 -27 -28 0 
-1 -4 -13 -18 -22 -23 -27 -30 0 
-2 -17 -22 -23 -24 0 
-10 -16 -21 -24 -27 -29 0 
-1 -4 -10 -17 -18 -19 -23 -27 -29 0 
-9 -11 -17 -18 -28 0 
-5 -6 -9 -11 -15 -22 0 
-3 -7 -15 -18 -21 -28 -30 0 
-4 -5 -7 -8 -11 -18 0 
-1 -10 -17 -22 -25 0 
-2 -3 -8 -13 -15 -19 -21 -25 -26 0 
-3 -5 -8 -14 -26 -27 -28 -30 0 
-1 -2 -15 -16 -24 0 
-5 -11 -15 -19 -21 -22 0 
-14 -18 -20 -21 -22 0 
-2 -3 -7 -9 -10 -22 -30 0 
-11 -12 -13 -16 -19 -28 -30 0 
-2 -4 -9 -11 -14 -15 -22 -23 -26 0 
-4 -5 -7 -9 -13 -16 -19 -20 -24 -25 -26 -28 0 
-3 -9 -14 -15 -25 -28 0 
-2 -3 -7 -14 -20 -23 -24 -26 -27 0 
-1 -12 -13 -29 0 
-3 -6 -7 -28 0 
-2 -5 -6 -7 -16 -18 -21 -26 0 
-1 -2 -7 -10 -11 -17 -18 -21 -25 -29 0 
-2 -8 -10 -12 -19 -27 0 
-4 -7 -9 -12 -15 -21 -22 -23 0 
-2 -7 -9 -14 -18 -19 -21 -22 -28 0 
-1 -3 -9 -12 0 
-1 -11 -14 -15 0 
-2 -9 -27 0 
-1 -3 -5 -6 -7 -14 -15 -23 0 
-6 -13 -17 -21 -27 0 
-3 -13 -14 -28 -29 0 
-1 -2 -3 -13 -14 -20 -24 -27 -29 -30 0 
-3 -8 -12 -15 -22 -24 0 
-4 -5 -13 -16 -23 -24 -25 -30 0 
-1 -7 -11 -14 -22 -23 -28 0 
-1 -2 -3 -12 -24 -29 -30 0 
-1 -8 -13 -14 -17 -20 -25 -28 -30 0 
-1 -2 -7 -8 -19 -22 -23 -24 -26 -30 0 
-16 -20 -21 -24 -27 0 
-2 -9 -12 -19 -26 0 
-2 -3 -13 -19 -20 -26 0 
-3 -4 -14 -16 -17 -20 -22 -26 0 
-8 -10 -14 -17 -24 0 
-4 -8 -13 -21 0 
-4 -8 -9 -16 -22 -24 -27 0 
-5 -8 -10 -12 -14 -15 -21 -25 0 
-2 -5 -10 -18 -19 -22 0 
-7 -11 -15 -25 -26 0 
-1 -11 -14 -15 -28 0 
-5 -6 -18 -25 -27 0 
-4 -17 -18 -22 -30 0 
-5 -9 -16 -18 -24 0 
-7 -8 -10 -16 -18 -29 0 
-2 -3 -9 -14 -20 -23 0 
-13 -20 -24 -26 -28 -30 0 
-1 -14 -21 -30 0 
-7 -10 -23 -26 -28 0 
-2 -3 -8 0 
-3 -22 -27 -28 0 
-10 -11 -12 -15 -17 -19 0 
-2 -8 -12 -14 -20 0 
-13 -15 -17 -21 -23 0 
-2 -10 -12 -13 -25 0 
-4 -8 -19 -25 -26 -29 0 
-1 -4 -9 -13 -19 -24 -25 -28 -30 0 
-12 -15 -16 -18 -24 -26 0 
-7 -11 -16 -19 -24 0 
-3 -4 -10 -13 -14 -19 0 
-1 -6 -16 -19 -20 -21 -22 0 
-1 -3 -7 -25 -29 0 
-9 -13 -16 -18 -20 -21 -24 -25 0 
-2 -8 -22 0 
-2 -3 -16 -19 -20 -22 0 
-3 -10 -12 -16 -17 -19 -28 0 
-2 -3 -14 -20 -22 -23 -26 0 
-1 -5 -9 -11 -15 -17 -19 -21 -22 -25 -26 -27 0 
-1 -4 -11 -18 0 
-11 -12 -14 -21 -22 -27 -29 0 
-1 -4 -10 -12 -15 -16 -18 -27 -30 0 
-2 -7 -8 -9 -11 -17 -29 -30 0 
-4 -5 -7 -11 -16 -17 -22 -24 -28 -30 0 
-1 -4 -5 -11 -14 -19 -21 -26 0 
-1 -3 -6 -9 -12 -14 -16 0 
-3 -5 -9 -12 -17 -21 -24 -25 -26 0 
-15 -17 -20 -29 0 
-6 -10 -13 -20 -28 -29 0 
-6 -9 -15 -19 -22 -23 0 
-2 -5 -6 -8 -14 -16 -21 0 
-3 -7 -16 -18 -19 -20 -23 -30 0 
-9 -11 -15 -16 -19 -28 -30 0 
-6 -14 -18 -23 -29 0 
-3 -6 -11 -15 -17 -18 -26 0 
-3 -12 -14 -17 -21 -22 -26 -30 0 
-1 -3 -6 -13 -21 -22 0 
-2 -4 -6 -17 -30 0 
-3 -4 -6 -10 -15 -16 -23 -29 0 
-4 -17 0 
-17 -23 -25 -26 -27 0 
-4 -5 -7 -8 -9 -11 -24 -25 0 
-2 -5 -6 -8 -12 -16 -23 -24 -26 0 
-6 -7 -17 -18 -24 -25 0 
-5 -9 -13 -16 -29 -30 0 
-12 -18 -19 -21 -24 0 
-11 -12 -16 -17 -25 -29 0 
-12 -13 -17 -25 -29 0 
-9 -18 -19 -23 -25 -27 -28 0 
-2 -5 -6 -14 -20 -21 -29 0 
-2 -3 -5 -11 -12 -14 -16 -17 -22 -23 -28 -30 0 
-1 -5 -10 -12 -20 -26 -30 0 
-5 -6 -13 -14 -20 -21 -22 0 
-3 -6 -8 -18 -21 -25 -28 0 
-3 -7 -8 -12 -24 -27 -28 -29 0 
-2 -3 -9 -11 -12 -14 -20 0 
-8 -11 -14 -22 -23 -28 0 
-9 -13 -17 -18 -30 0 
-1 -2 -6 -7 -8 -11 -14 0 
-16 -17 0 
-3 -4 -7 -9 -20 -22 -23 -24 -30 0 
-6 -21 -22 -24 -25 -29 0 
-3 -7 -11 -23 -25 -29 0 
-17 -18 -22 -30 0 
-1 -3 -4 -7 -8 -13 -22 -24 -28 0 
-1 -6 -7 -9 -14 -15 -23 -24 -27 -29 0 
-3 -7 -15 -19 -20 -23 -28 0 
-1 -9 -15 -17 -18 -19 -30 0 
-1 -11 -13 -23 -24 0 
-5 -9 -14 -19 0 
-7 -19 -22 -28 -29 0 
-2 -5 -6 -7 -9 -20 -26 0 
-2 -3 -11 -14 -19 -20 -25 -27 0 
-1 -6 -11 -16 -20 -21 -25 0 
-4 -6 -12 -22 -25 -28 -29 0 
-5 -13 -26 -27 -28 0 
-3 -17 0 
-7 -9 -15 -23 0 
-8 -9 -13 -14 -17 -25 0 
-1 -9 -11 -12 -13 -19 -20 -27 0 
-7 -8 -16 -23 -26 -29 0 
-7 -11 -13 -14 -20 -22 0 
-10 -13 -17 -21 0 
-2 -15 -17 -23 -24 -27 0 
-3 -6 -9 -13 0 
-3 -4 -6 -9 -16 -20 -25 -28 0 
-10 -11 -12 -15 -19 -21 0 
-2 -12 -17 -22 0 
-1 -3 -19 -23 -30 0 
-13 -18 -26 0 
-3 -10 -12 -13 -25 -27 0 
-2 -12 -18 -22 -27 0 
-2 -7 -8 -21 -22 -23 -24 -28 0 
-2 -7 -9 -10 -11 -18 -24 -27 -28 -30 0 
-3 -4 -12 -14 -24 0 
-3 -5 -10 -16 -18 -28 -30 0 
-6 -18 -23 0 
-7 -15 -17 -27 0 
-2 -3 -16 -19 -25 0 
-9 -16 -26 -29 -30 0 
-1 -3 -22 -25 -29 -30 0 
-5 -7 -28 -29 -30 0 
-8 -11 -15 -21 -23 -24 -26 -28 0 
-8 -26 -27 0 
-14 -17 -18 -25 0 
-2 -4 -11 -15 -16 -23 -24 -27 0 
-1 -5 -6 -14 -16 -21 -26 0 
-2 -3 -9 -10 -15 -29 -30 0 
-7 -19 -26 -30 0 
-6 -7 -16 -17 -18 -22 -24 0 
-3 -7 -12 -18 -25 0 
-13 -14 -24 -30 0 
-3 -5 -7 -9 -12 -15 -19 -22 -26 -29 0 
-1 -6 -8 -13 -16 -20 -26 -28 0 
-6 -9 -11 -15 -16 0 
-1 -7 -15 -16 -22 -23 -29 0 
-1 -5 -9 -19 -21 -27 -30 0 
-1 -3 -8 -10 -11 -16 0 
-3 -11 -17 -18 -21 -28 0 
-3 -5 -6 -12 -14 -19 -25 -27 0 
-1 -4 -5 -15 -16 -21 -25 -29 0 
-2 -5 -13 -15 -18 -19 -20 -22 -27 0 
-4 -7 -14 -19 -22 -28 -29 0 
-2 -15 -17 -26 -30 0 
-4 -5 -13 -18 -20 -21 -27 -29 0 
-8 -16 -23 -26 -28 0 
-5 -13 -14 -21 -24 0 
-3 -7 -13 -21 -22 0 
-6 -10 -13 -16 -17 -26 0 
-3 -9 -11 -12 -22 -25 -27 -29 0 
-10 -14 -16 -19 -24 -29 0 
-1 -18 -19 -24 -27 0 
-7 -9 -10 -13 -22 -23 -26 0 
-5 -23 -26 -30 0 
-3 -4 -6 -9 -13 -16 -23 -24 -25 -28 0 
-3 -5 -12 -13 -26 0 
-1 -11 -13 -14 -26 0 
-3 -17 -19 -21 -25 -26 0 
-1 -15 -19 -22 -24 -25 0 
-2 -3 -5 -7 -12 -14 -22 -27 -28 -29 0 
-9 -13 -14 -16 -18 -23 -24 -26 -28 0 
-3 -9 -10 -15 -28 0 
-5 -10 -16 -20 -22 -25 -26 -27 -28 0 
-1 -3 -5 -6 -13 -14 -24 0 
-7 -12 -13 -25 -29 0 
-12 -15 -19 -30 0 
-8 -16 -19 -26 -27 -30 0 
-3 -12 -25 -26 -28 -30 0 
-3 -13 -17 -20 -24 -26 0 
-2 -5 -6 -10 -14 -16 -17 -19 -24 -28 0 
-3 -8 -13 -15 -18 -20 -28 0 
-1 -5 -10 -15 -17 -26 -27 -28 0 
-7 -10 -21 -28 0 
-3 -9 -20 -22 0 
-3 -6 -9 -10 -12 -14 -19 -25 -28 0 
-4 -17 0 
-4 -6 -10 -19 -20 -21 -22 -24 -28 0 
-2 -9 -15 -16 -18 0 
-8 -18 -20 -23 -24 -25 0 
-2 -8 -9 -17 -22 -25 0 
-15 -16 -18 -21 -28 0 
-1 -3 -6 -10 -13 -20 -25 -26 0 
-7 -8 -11 -19 0 
-4 -5 -8 -14 -19 0 
-6 -10 -14 -16 -20 -23 -27 -29 0 
-7 -9 -15 -16 -18 -21 -22 -23 0 
-4 -10 -14 -20 -28 0 
-2 -3 -13 -18 -27 -30 0 
-11 -16 -18 -25 -26 -27 -30 0 
-2 -3 -5 -6 -7 -13 -18 -19 -23 -29 0 
-3 -5 -7 -11 -12 -13 -26 0 
-7 -11 -12 -17 -20 -21 -25 0 
-10 -11 -18 -19 -29 0 
-3 -7 -10 -11 -14 -25 -26 0 
-3 -5 -8 -13 -22 0 
-1 -5 -9 -10 -11 -14 -16 -19 -20 -22 -23 -24 -25 -30 0 
-7 -21 -24 -29 0 
-4 -13 -14 -15 -16 -17 -18 0 
-7 -12 -14 -23 -27 -28 0 
-3 -7 -13 -17 -26 -29 0 
-1 -5 -6 -7 -8 -10 -13 -14 -20 0 
-1 -3 -12 -15 -23 -24 -28 0 
-1 -4 -6 -9 -13 -19 -20 -21 0 
-2 -15 -19 -20 -28 -29 0 
-8 -9 -17 -20 -30 0 
-4 -7 -12 -13 -22 -29 0 
-3 -5 -6 -8 -10 -21 -22 0 
-1 -4 -5 -12 -22 -28 -29 -30 0 
-6 -11 -13 -22 -23 -25 -28 0 
-4 -8 -14 -17 -27 0 
-17 -18 -24 -27 -29 0 
-1 -5 -7 -11 -17 -18 -21 -22 -26 0 
-5 -6 -21 -22 -29 0 
-6 -11 -22 -23 -28 0 
-3 -10 -12 -18 -19 -21 -25 0 
-4 -10 -14 -20 -21 -24 -29 -30 0 
-6 -7 -11 -17 -18 -20 -24 0 
-1 -6 -7 -11 -19 0 
-12 -14 -21 -22 -24 0 
-6 -8 -14 -20 0 
-17 -20 -29 -30 0 
-2 -8 -11 -18 -25 -30 0 
-1 -12 -13 -24 -29 0 
-8 -11 -15 -24 -27 -28 0 
-1 -4 -6 -10 -12 -22 -26 0 
-4 -18 -24 -27 -29 0 
-2 -21 -24 -26 0 
-1 -2 -14 -17 -19 -25 0 
-2 -8 -9 -12 -18 -21 -24 -26 -27 0 
-4 -5 -7 -9 -15 -20 -25 -29 0 
-1 -3 -7 -16 -24 -25 -28 0 
-6 -7 -11 -13 -19 -25 -26 -30 0 
-6 -8 -9 -15 -17 -20 -21 -27 0 
-1 -2 -3 -4 -6 -7 0 
-2 -18 -24 0 
-6 -7 -8 -16 -17 -20 -21 -27 -29 0 
-18 -23 -25 0 
-2 -10 -14 -16 -20 -23 -25 0 
-12 -18 -23 -27 0 
-11 -13 -17 -25 -29 0 
-12 -16 -18 -27 0 
-2 -4 -8 -16 -20 -26 -27 -28 0 
-9 -17 -21 -24 0 
-2 -9 -14 -24 -29 0 
-8 -20 -23 -24 -25 -27 -28 -30 0 
-6 -7 -8 -12 -18 -19 -22 -26 -27 -28 0 
-5 -9 -11 -12 -18 -28 -29 0 
-5 -9 -12 -16 -26 -27 -29 0 
-1 -2 -15 -17 -20 -27 0 
-5 -6 -8 -14 -16 -21 0 
-4 -6 -8 -10 -11 -12 -20 0 
-2 -21 -22 0 
-4 -14 -15 -23 -30 0 
-18 -24 -25 -28 0 
-3 -6 -7 -9 -12 -15 -20 -27 0 
-3 -15 -16 -26 -27 0 
-1 -6 -8 -11 -15 -17 -18 -19 0 
-5 -6 -7 -11 -14 -15 -16 -19 -22 0 
-4 -13 -19 -27 -29 0 
-5 -7 -19 -30 0 
-3 -6 -8 -14 -17 -20 -28 0 
