p cnf 30 800
2 7 18 20 26 0 
5 7 10 13 17 20 21 30 0 
16 17 24 28 29 0 
8 10 12 18 25 0 
9 13 14 17 0 
2 9 10 14 15 22 25 26 28 0 
9 10 12 20 22 25 26 0 
7 9 11 13 14 27 28 0 
3 4 6 10 14 15 20 23 27 0 
2 8 13 18 24 25 0 
8 9 10 17 18 0 
4 22 23 28 30 0 
1 2 8 10 0 
1 13 21 22 25 29 30 0 
15 18 24 26 27 0 
8 11 12 16 17 18 19 21 30 0 
4 5 6 7 10 14 21 25 28 0 
1 9 14 16 19 23 0 
5 12 14 18 27 29 30 0 
3 7 10 13 21 25 28 0 
6 9 14 15 18 20 30 0 
2 18 20 24 28 0 
2 6 7 13 22 27 29 0 
6 7 8 10 12 16 24 0 
1 16 22 24 25 0 
1 2 3 6 9 11 12 17 18 22 24 0 
3 14 16 0 
1 8 24 0 
1 2 13 16 26 28 30 0 
2 5 7 10 11 20 25 26 0 
3 19 20 26 0 
1 2 3 4 7 0 
1 5 16 19 21 24 30 0 
12 13 20 29 0 
3 6 7 8 9 11 12 15 19 21 0 
2 3 12 14 19 21 24 0 
3 5 10 12 14 15 18 20 23 0 
4 10 11 28 30 0 
1 7 10 16 21 23 25 26 0 
6 14 17 26 0 
2 4 9 10 13 20 24 27 0 
15 16 18 20 22 25 27 28 0 
1 5 7 10 12 13 15 22 27 30 0 
2 13 14 20 25 28 0 
3 4 7 8 15 26 28 30 0 
13 15 0 
7 12 13 27 0 
2 18 21 28 30 0 
6 10 11 13 15 18 26 0 
4 5 7 10 11 12 26 0 
2 7 8 9 12 15 18 20 23 30 0 
2 5 11 19 25 29 0 
4 5 9 25 0 
1 2 18 27 30 0 
1 10 17 18 19 22 27 28 29 30 0 
2 6 9 10 12 26 0 
8 11 12 17 20 28 30 0 
2 9 30 0 
1 2 4 5 14 30 0 
14 15 28 30 0 
10 11 20 27 28 0 
5 6 10 11 0 
1 2 3 5 7 8 10 21 25 26 29 30 0 
9 12 30 0 
2 7 9 11 13 0 
2 8 13 14 16 19 20 22 23 29 0 
8 22 25 0 
8 11 21 23 0 
2 3 5 11 12 19 20 0 
4 7 18 19 23 0 
9 10 16 30 0 
14 22 23 25 26 29 0 
5 14 15 18 27 0 
6 13 16 19 22 23 26 0 
6 10 14 20 22 25 28 29 30 0 
1 9 11 13 19 20 25 30 0 
11 17 22 28 30 0 
1 4 6 9 12 14 18 29 0 
4 8 13 17 0 
8 21 22 25 30 0 
5 6 7 17 21 25 0 
2 3 11 13 20 21 24 27 0 
1 5 10 12 15 18 19 25 28 0 
12 16 20 21 28 0 
1 5 7 8 22 29 0 
8 11 13 17 23 29 30 0 
7 12 13 16 18 20 25 28 0 
3 20 21 29 0 
5 9 20 21 22 27 0 
1 4 7 10 15 17 0 
2 6 7 9 10 13 18 20 24 28 0 
4 6 26 0 
19 21 24 27 0 
1 13 17 28 0 
3 11 12 15 17 21 22 0 
2 8 9 14 22 29 0 
3 7 17 19 28 0 
3 4 10 21 29 0 
10 14 22 26 0 
1 3 5 6 8 17 19 20 22 26 0 
1 10 13 19 20 0 
3 8 19 0 
12 17 18 19 20 22 28 0 
11 15 29 0 
6 7 8 9 14 16 17 24 27 29 30 0 
6 7 11 15 16 25 26 29 30 0 
8 11 12 15 18 26 29 30 0 
4 6 7 12 22 24 29 0 
1 2 15 25 29 0 
6 7 9 10 27 30 0 
13 16 17 23 24 0 
8 14 16 21 25 29 0 
4 10 12 18 26 0 
2 11 21 27 0 
5 7 19 22 23 0 
6 20 28 30 0 
1 5 10 13 15 26 0 
4 8 11 18 22 26 0 
3 4 14 17 28 29 0 
3 16 17 18 23 25 0 
1 2 8 9 19 21 22 23 27 28 29 0 
5 13 17 18 19 25 28 0 
1 3 4 9 15 19 20 25 0 
1 9 12 18 24 29 0 
1 9 10 14 16 20 22 23 27 29 0 
5 17 21 26 0 
3 4 6 11 13 22 24 0 
14 15 17 21 25 29 30 0 
12 18 23 25 28 30 0 
1 2 3 6 7 23 25 0 
11 19 20 29 0 
2 5 20 25 26 29 0 
1 11 19 22 25 26 29 0 
7 10 15 18 0 
5 8 12 14 23 29 30 0 
10 11 12 13 19 21 29 0 
14 16 20 27 28 0 
15 16 22 0 
10 12 14 16 18 20 22 25 27 0 
3 10 11 15 22 23 25 27 0 
1 7 8 10 14 24 29 0 
1 4 7 15 18 25 28 0 
5 19 23 24 30 0 
7 10 14 16 17 29 0 
3 6 8 13 18 20 22 0 
4 8 15 18 19 0 
2 3 8 15 27 29 0 
2 3 10 19 23 27 28 30 0 
3 22 23 25 26 0 
3 4 6 9 15 17 18 22 0 
2 3 4 5 18 24 29 30 0 
3 8 20 27 28 0 
3 11 12 14 0 
3 10 14 16 20 28 0 
1 6 8 9 10 11 27 28 0 
9 13 16 17 21 25 29 0 
1 2 6 8 11 14 18 27 30 0 
8 9 16 30 0 
10 17 18 20 25 0 
3 5 6 9 21 24 25 26 28 0 
7 10 14 26 0 
2 9 12 16 25 0 
3 18 19 27 28 0 
12 16 17 22 28 0 
6 7 19 22 26 27 0 
11 13 14 19 20 0 
2 13 23 24 25 29 0 
2 9 12 13 18 25 28 0 
8 11 14 20 27 28 0 
1 6 11 17 19 26 27 0 
1 4 5 7 18 26 0 
3 5 8 9 12 14 18 22 26 28 0 
8 10 14 19 23 30 0 
2 4 11 12 26 28 30 0 
2 5 6 8 16 20 21 28 0 
3 7 12 13 14 20 25 28 0 
5 6 17 20 25 0 
2 8 19 0 
10 13 17 27 0 
5 14 15 17 19 20 26 27 30 0 
3 4 6 15 22 0 
4 7 9 12 13 19 20 24 29 0 
5 7 18 0 
3 11 15 17 27 0 
6 8 12 14 20 28 29 0 
1 3 9 16 18 21 25 30 0 
8 14 21 24 26 27 0 
5 6 18 20 21 28 30 0 
8 9 13 16 20 0 
2 3 9 13 15 24 28 0 
4 14 15 21 0 
2 4 5 18 22 30 0 
1 7 9 11 17 26 0 
1 2 5 12 16 17 21 0 
13 18 19 20 24 28 0 
3 10 11 14 20 22 23 24 27 29 0 
2 5 6 13 16 22 0 
12 17 20 24 27 28 0 
1 11 13 15 17 19 21 24 25 0 
10 22 23 30 0 
5 9 12 0 
1 3 9 12 14 18 25 0 
3 7 9 16 17 18 26 29 0 
2 8 11 14 18 24 0 
1 3 5 6 7 11 14 27 29 0 
3 5 11 20 21 25 0 
11 14 19 20 25 26 28 0 
2 3 5 8 9 16 20 23 28 30 0 
1 22 23 27 0 
2 3 6 16 0 
2 4 6 8 12 20 24 29 0 
15 29 30 0 
2 3 16 26 0 
4 10 12 14 22 28 0 
3 11 13 18 21 25 0 
1 3 14 20 22 23 0 
4 7 8 30 0 
15 22 24 25 0 
9 10 14 21 23 26 0 
14 15 16 17 19 21 24 25 29 30 0 
1 10 13 15 16 18 20 25 0 
1 10 11 0 
5 6 13 20 21 26 28 29 0 
16 20 25 29 30 0 
14 18 20 22 0 
3 16 19 22 0 
4 6 10 12 15 21 27 0 
5 10 13 21 23 24 30 0 
1 6 9 14 15 20 26 0 
7 9 11 14 15 24 25 29 0 
5 11 12 13 23 24 0 
3 9 15 18 28 30 0 
8 13 18 22 27 30 0 
2 5 11 13 21 22 0 
1 8 9 11 21 28 29 30 0 
2 5 8 9 12 14 17 20 22 25 26 0 
4 8 9 14 16 17 30 0 
2 3 18 24 28 29 30 0 
10 19 23 28 0 
1 4 7 9 11 23 24 30 0 
2 9 16 21 24 26 30 0 
6 9 14 18 20 24 0 
4 7 8 13 20 0 
3 11 14 15 20 29 0 
1 2 4 6 13 17 18 19 21 24 28 30 0 
2 5 12 13 21 22 29 0 
2 12 13 18 0 
7 9 11 13 14 16 18 23 24 29 30 0 
3 5 10 15 16 17 21 22 27 28 30 0 
3 9 14 15 17 21 23 24 25 28 29 0 
1 3 4 6 17 27 28 0 
3 8 21 22 24 28 0 
1 5 10 14 15 20 25 0 
1 4 5 11 18 25 28 29 0 
1 2 5 8 17 20 22 25 28 0 
1 5 10 15 26 0 
6 9 18 20 24 0 
8 14 15 27 29 0 
3 5 7 18 21 23 0 
12 21 22 0 
1 11 13 20 22 30 0 
1 4 5 7 11 24 0 
8 10 11 14 15 18 28 30 0 
15 16 24 25 26 28 29 0 
1 4 8 19 29 0 
13 20 23 24 26 27 0 
1 2 4 5 10 17 24 29 0 
1 3 7 17 21 22 0 
3 11 22 26 27 0 
3 24 29 0 
2 3 12 17 19 20 28 0 
4 14 17 19 20 21 27 30 0 
3 8 9 12 15 17 21 0 
14 17 28 29 0 
4 6 12 25 26 27 30 0 
2 9 11 17 18 23 25 28 0 
1 2 4 9 14 18 24 25 0 
8 17 27 0 
3 5 6 18 22 23 26 28 0 
10 17 18 19 20 21 26 29 0 
2 8 11 18 0 
5 8 11 14 15 23 28 0 
5 6 7 8 10 13 21 24 26 27 0 
4 8 11 12 13 16 20 23 29 0 
1 2 4 7 10 16 24 27 30 0 
1 4 7 11 13 14 30 0 
1 3 4 6 15 16 22 23 27 29 0 
1 5 9 13 28 0 
4 6 18 20 28 0 
2 5 19 23 25 27 0 
2 12 19 28 0 
3 11 13 28 30 0 
7 9 12 20 23 29 30 0 
1 3 7 9 16 17 19 20 27 0 
4 9 11 15 18 26 29 0 
11 13 24 25 0 
4 15 21 26 30 0 
5 7 14 16 19 21 0 
3 5 7 8 10 12 15 16 17 21 23 26 28 0 
2 9 18 24 28 30 0 
13 18 24 25 28 0 
1 2 6 8 18 22 23 28 29 0 
4 5 13 16 19 21 25 0 
2 8 10 12 14 15 22 0 
9 15 23 26 0 
2 3 8 14 22 25 28 0 
2 4 5 13 17 18 23 0 
1 8 12 14 16 22 28 0 
2 3 5 6 7 13 22 24 26 27 28 0 
1 5 6 7 13 16 22 23 25 29 0 
8 13 16 19 0 
8 14 16 17 22 26 30 0 
1 26 0 
12 13 16 21 22 24 29 0 
4 10 11 18 20 24 30 0 
12 14 15 16 25 0 
2 12 26 29 0 
2 10 16 24 0 
3 7 12 26 29 0 
2 13 14 15 18 23 25 28 30 0 
5 18 22 27 30 0 
2 5 7 9 15 0 
12 22 30 0 
8 9 11 12 16 17 19 23 27 29 30 0 
6 15 24 29 30 0 
6 19 21 22 23 0 
6 15 21 22 24 26 28 0 
1 3 4 5 7 8 23 0 
4 9 17 23 29 0 
10 14 19 22 23 25 0 
2 3 10 11 13 16 18 20 25 27 30 0 
8 11 0 
2 3 11 13 24 26 28 0 
1 11 16 0 
4 6 7 8 15 16 17 23 30 0 
15 20 28 0 
2 5 9 24 27 29 0 
3 8 19 21 26 0 
15 17 20 24 28 29 0 
4 5 19 27 0 
1 2 3 10 12 19 22 24 0 
4 22 0 
3 8 13 16 22 23 0 
11 12 17 23 30 0 
6 15 20 28 0 
1 2 3 10 19 25 26 0 
8 9 24 30 0 
4 7 8 13 14 16 23 28 30 0 
2 3 4 5 7 20 24 25 30 0 
4 7 8 15 18 21 0 
2 8 21 28 29 30 0 
15 17 26 0 
9 15 16 18 21 27 0 
1 2 12 17 18 23 0 
6 10 16 17 30 0 
2 6 14 16 17 27 0 
4 5 9 13 16 21 22 23 0 
1 2 12 20 0 
16 19 22 23 28 0 
4 23 25 0 
7 10 13 15 22 26 30 0 
1 4 5 13 18 21 23 26 0 
3 8 14 20 23 28 0 
2 19 22 25 0 
4 9 24 0 
9 13 14 17 20 27 0 
1 8 11 16 20 21 22 26 29 0 
3 15 17 26 0 
4 15 19 29 30 0 
4 6 10 11 12 18 20 0 
10 13 16 17 19 29 0 
2 13 14 15 18 19 21 25 0 
2 7 10 14 20 27 30 0 
2 4 15 17 24 0 
2 6 16 18 27 0 
4 8 10 13 20 23 25 30 0 
5 10 11 12 16 20 22 24 0 
2 4 9 22 30 0 
7 18 19 29 30 0 
8 10 17 25 29 0 
3 7 10 12 0 
5 8 9 11 12 14 16 28 29 0 
5 6 7 12 15 0 
12 14 22 24 29 30 0 
3 6 8 10 17 19 20 24 25 29 0 
4 5 15 19 30 0 
2 8 10 16 20 23 25 0 
10 13 14 15 22 23 0 
7 16 17 18 25 26 27 0 
5 9 10 13 17 18 20 24 27 0 
8 17 23 29 30 0 
11 20 21 22 26 27 0 
3 17 20 22 30 0 
3 11 12 22 0 
9 11 12 15 17 0 
2 6 9 18 21 24 29 0 
3 10 24 28 29 0 
1 4 6 11 16 21 22 26 28 0 
4 11 14 20 22 24 27 30 0 
2 6 14 16 18 23 24 27 0 
-2 -7 -18 -20 -26 0 
-5 -7 -10 -13 -17 -20 -21 -30 0 
-16 -17 -24 -28 -29 0 
-8 -10 -12 -18 -25 0 
-9 -13 -14 -17 0 
-2 -9 -10 -14 -15 -22 -25 -26 -28 0 
-9 -10 -12 -20 -22 -25 -26 0 
-7 -9 -11 -13 -14 -27 -28 0 
-3 -4 -6 -10 -14 -15 -20 -23 -27 0 
-2 -8 -13 -18 -24 -25 0 
-8 -9 -10 -17 -18 0 
-4 -22 -23 -28 -30 0 
-1 -2 -8 -10 0 
-1 -13 -21 -22 -25 -29 -30 0 
-15 -18 -24 -26 -27 0 
-8 -11 -12 -16 -17 -18 -19 -21 -30 0 
-4 -5 -6 -7 -10 -14 -21 -25 -28 0 
-1 -9 -14 -16 -19 -23 0 
-5 -12 -14 -18 -27 -29 -30 0 
-3 -7 -10 -13 -21 -25 -28 0 
-6 -9 -14 -15 -18 -20 -30 0 
-2 -18 -20 -24 -28 0 
-2 -6 -7 -13 -22 -27 -29 0 
-6 -7 -8 -10 -12 -16 -24 0 
-1 -16 -22 -24 -25 0 
-1 -2 -3 -6 -9 -11 -12 -17 -18 -22 -24 0 
-3 -14 -16 0 
-1 -8 -24 0 
-1 -2 -13 -16 -26 -28 -30 0 
-2 -5 -7 -10 -11 -20 -25 -26 0 
-3 -19 -20 -26 0 
-1 -2 -3 -4 -7 0 
-1 -5 -16 -19 -21 -24 -30 0 
-12 -13 -20 -29 0 
-3 -6 -7 -8 -9 -11 -12 -15 -19 -21 0 
-2 -3 -12 -14 -19 -21 -24 0 
-3 -5 -10 -12 -14 -15 -18 -20 -23 0 
-4 -10 -11 -28 -30 0 
-1 -7 -10 -16 -21 -23 -25 -26 0 
-6 -14 -17 -26 0 
-2 -4 -9 -10 -13 -20 -24 -27 0 
-15 -16 -18 -20 -22 -25 -27 -28 0 
-1 -5 -7 -10 -12 -13 -15 -22 -27 -30 0 
-2 -13 -14 -20 -25 -28 0 
-3 -4 -7 -8 -15 -26 -28 -30 0 
-13 -15 0 
-7 -12 -13 -27 0 
-2 -18 -21 -28 -30 0 
-6 -10 -11 -13 -15 -18 -26 0 
-4 -5 -7 -10 -11 -12 -26 0 
-2 -7 -8 -9 -12 -15 -18 -20 -23 -30 0 
-2 -5 -11 -19 -25 -29 0 
-4 -5 -9 -25 0 
-1 -2 -18 -27 -30 0 
-1 -10 -17 -18 -19 -22 -27 -28 -29 -30 0 
-2 -6 -9 -10 -12 -26 0 
-8 -11 -12 -17 -20 -28 -30 0 
-2 -9 -30 0 
-1 -2 -4 -5 -14 -30 0 
-14 -15 -28 -30 0 
-10 -11 -20 -27 -28 0 
-5 -6 -10 -11 0 
-1 -2 -3 -5 -7 -8 -10 -21 -25 -26 -29 -30 0 
-9 -12 -30 0 
-2 -7 -9 -11 -13 0 
-2 -8 -13 -14 -16 -19 -20 -22 -23 -29 0 
-8 -22 -25 0 
-8 -11 -21 -23 0 
-2 -3 -5 -11 -12 -19 -20 0 
-4 -7 -18 -19 -23 0 
-9 -10 -16 -30 0 
-14 -22 -23 -25 -26 -29 0 
-5 -14 -15 -18 -27 0 
-6 -13 -16 -19 -22 -23 -26 0 
-6 -10 -14 -20 -22 -25 -28 -29 -30 0 
-1 -9 -11 -13 -19 -20 -25 -30 0 
-11 -17 -22 -28 -30 0 
-1 -4 -6 -9 -12 -14 -18 -29 0 
-4 -8 -13 -17 0 
-8 -21 -22 -25 -30 0 
-5 -6 -7 -17 -21 -25 0 
-2 -3 -11 -13 -20 -21 -24 -27 0 
-1 -5 -10 -12 -15 -18 -19 -25 -28 0 
-12 -16 -20 -21 -28 0 
-1 -5 -7 -8 -22 -29 0 
-8 -11 -13 -17 -23 -29 -30 0 
-7 -12 -13 -16 -18 -20 -25 -28 0 
-3 -20 -21 -29 0 
-5 -9 -20 -21 -22 -27 0 
-1 -4 -7 -10 -15 -17 0 
-2 -6 -7 -9 -10 -13 -18 -20 -24 -28 0 
-4 -6 -26 0 
-19 -21 -24 -27 0 
-1 -13 -17 -28 0 
-3 -11 -12 -15 -17 -21 -22 0 
-2 -8 -9 -14 -22 -29 0 
-3 -7 -17 -19 -28 0 
-3 -4 -10 -21 -29 0 
-10 -14 -22 -26 0 
-1 -3 -5 -6 -8 -17 -19 -20 -22 -26 0 
-1 -10 -13 -19 -20 0 
-3 -8 -19 0 
-12 -17 -18 -19 -20 -22 -28 0 
-11 -15 -29 0 
-6 -7 -8 -9 -14 -16 -17 -24 -27 -29 -30 0 
-6 -7 -11 -15 -16 -25 -26 -29 -30 0 
-8 -11 -12 -15 -18 -26 -29 -30 0 
-4 -6 -7 -12 -22 -24 -29 0 
-1 -2 -15 -25 -29 0 
-6 -7 -9 -10 -27 -30 0 
-13 -16 -17 -23 -24 0 
-8 -14 -16 -21 -25 -29 0 
-4 -10 -12 -18 -26 0 
-2 -11 -21 -27 0 
-5 -7 -19 -22 -23 0 
-6 -20 -28 -30 0 
-1 -5 -10 -13 -15 -26 0 
-4 -8 -11 -18 -22 -26 0 
-3 -4 -14 -17 -28 -29 0 
-3 -16 -17 -18 -23 -25 0 
-1 -2 -8 -9 -19 -21 -22 -23 -27 -28 -29 0 
-5 -13 -17 -18 -19 -25 -28 0 
-1 -3 -4 -9 -15 -19 -20 -25 0 
-1 -9 -12 -18 -24 -29 0 
-1 -9 -10 -14 -16 -20 -22 -23 -27 -29 0 
-5 -17 -21 -26 0 
-3 -4 -6 -11 -13 -22 -24 0 
-14 -15 -17 -21 -25 -29 -30 0 
-12 -18 -23 -25 -28 -30 0 
-1 -2 -3 -6 -7 -23 -25 0 
-11 -19 -20 -29 0 
-2 -5 -20 -25 -26 -29 0 
-1 -11 -19 -22 -25 -26 -29 0 
-7 -10 -15 -18 0 
-5 -8 -12 -14 -23 -29 -30 0 
-10 -11 -12 -13 -19 -21 -29 0 
-14 -16 -20 -27 -28 0 
-15 -16 -22 0 
-10 -12 -14 -16 -18 -20 -22 -25 -27 0 
-3 -10 -11 -15 -22 -23 -25 -27 0 
-1 -7 -8 -10 -14 -24 -29 0 
-1 -4 -7 -15 -18 -25 -28 0 
-5 -19 -23 -24 -30 0 
-7 -10 -14 -16 -17 -29 0 
-3 -6 -8 -13 -18 -20 -22 0 
-4 -8 -15 -18 -19 0 
-2 -3 -8 -15 -27 -29 0 
-2 -3 -10 -19 -23 -27 -28 -30 0 
-3 -22 -23 -25 -26 0 
-3 -4 -6 -9 -15 -17 -18 -22 0 
-2 -3 -4 -5 -18 -24 -29 -30 0 
-3 -8 -20 -27 -28 0 
-3 -11 -12 -14 0 
-3 -10 -14 -16 -20 -28 0 
-1 -6 -8 -9 -10 -11 -27 -28 0 
-9 -13 -16 -17 -21 -25 -29 0 
-1 -2 -6 -8 -11 -14 -18 -27 -30 0 
-8 -9 -16 -30 0 
-10 -17 -18 -20 -25 0 
-3 -5 -6 -9 -21 -24 -25 -26 -28 0 
-7 -10 -14 -26 0 
-2 -9 -12 -16 -25 0 
-3 -18 -19 -27 -28 0 
-12 -16 -17 -22 -28 0 
-6 -7 -19 -22 -26 -27 0 
-11 -13 -14 -19 -20 0 
-2 -13 -23 -24 -25 -29 0 
-2 -9 -12 -13 -18 -25 -28 0 
-8 -11 -14 -20 -27 -28 0 
-1 -6 -11 -17 -19 -26 -27 0 
-1 -4 -5 -7 -18 -26 0 
-3 -5 -8 -9 -12 -14 -18 -22 -26 -28 0 
-8 -10 -14 -19 -23 -30 0 
-2 -4 -11 -12 -26 -28 -30 0 
-2 -5 -6 -8 -16 -20 -21 -28 0 
-3 -7 -12 -13 -14 -20 -25 -28 0 
-5 -6 -17 -20 -25 0 
-2 -8 -19 0 
-10 -13 -17 -27 0 
-5 -14 -15 -17 -19 -20 -26 -27 -30 0 
-3 -4 -6 -15 -22 0 
-4 -7 -9 -12 -13 -19 -20 -24 -29 0 
-5 -7 -18 0 
-3 -11 -15 -17 -27 0 
-6 -8 -12 -14 -20 -28 -29 0 
-1 -3 -9 -16 -18 -21 -25 -30 0 
-8 -14 -21 -24 -26 -27 0 
-5 -6 -18 -20 -21 -28 -30 0 
-8 -9 -13 -16 -20 0 
-2 -3 -9 -13 -15 -24 -28 0 
-4 -14 -15 -21 0 
-2 -4 -5 -18 -22 -30 0 
-1 -7 -9 -11 -17 -26 0 
-1 -2 -5 -12 -16 -17 -21 0 
-13 -18 -19 -20 -24 -28 0 
-3 -10 -11 -14 -20 -22 -23 -24 -27 -29 0 
-2 -5 -6 -13 -16 -22 0 
-12 -17 -20 -24 -27 -28 0 
-1 -11 -13 -15 -17 -19 -21 -24 -25 0 
-10 -22 -23 -30 0 
-5 -9 -12 0 
-1 -3 -9 -12 -14 -18 -25 0 
-3 -7 -9 -16 -17 -18 -26 -29 0 
-2 -8 -11 -14 -18 -24 0 
-1 -3 -5 -6 -7 -11 -14 -27 -29 0 
-3 -5 -11 -20 -21 -25 0 
-11 -14 -19 -20 -25 -26 -28 0 
-2 -3 -5 -8 -9 -16 -20 -23 -28 -30 0 
-1 -22 -23 -27 0 
-2 -3 -6 -16 0 
-2 -4 -6 -8 -12 -20 -24 -29 0 
-15 -29 -30 0 
-2 -3 -16 -26 0 
-4 -10 -12 -14 -22 -28 0 
-3 -11 -13 -18 -21 -25 0 
-1 -3 -14 -20 -22 -23 0 
-4 -7 -8 -30 0 
-15 -22 -24 -25 0 
-9 -10 -14 -21 -23 -26 0 
-14 -15 -16 -17 -19 -21 -24 -25 -29 -30 0 
-1 -10 -13 -15 -16 -18 -20 -25 0 
-1 -10 -11 0 
-5 -6 -13 -20 -21 -26 -28 -29 0 
-16 -20 -25 -29 -30 0 
-14 -18 -20 -22 0 
-3 -16 -19 -22 0 
-4 -6 -10 -12 -15 -21 -27 0 
-5 -10 -13 -21 -23 -24 -30 0 
-1 -6 -9 -14 -15 -20 -26 0 
-7 -9 -11 -14 -15 -24 -25 -29 0 
-5 -11 -12 -13 -23 -24 0 
-3 -9 -15 -18 -28 -30 0 
-8 -13 -18 -22 -27 -30 0 
-2 -5 -11 -13 -21 -22 0 
-1 -8 -9 -11 -21 -28 -29 -30 0 
-2 -5 -8 -9 -12 -14 -17 -20 -22 -25 -26 0 
-4 -8 -9 -14 -16 -17 -30 0 
-2 -3 -18 -24 -28 -29 -30 0 
-10 -19 -23 -28 0 
-1 -4 -7 -9 -11 -23 -24 -30 0 
-2 -9 -16 -21 -24 -26 -30 0 
-6 -9 -14 -18 -20 -24 0 
-4 -7 -8 -13 -20 0 
-3 -11 -14 -15 -20 -29 0 
-1 -2 -4 -6 -13 -17 -18 -19 -21 -24 -28 -30 0 
-2 -5 -12 -13 -21 -22 -29 0 
-2 -12 -13 -18 0 
-7 -9 -11 -13 -14 -16 -18 -23 -24 -29 -30 0 
-3 -5 -10 -15 -16 -17 -21 -22 -27 -28 -30 0 
-3 -9 -14 -15 -17 -21 -23 -24 -25 -28 -29 0 
-1 -3 -4 -6 -17 -27 -28 0 
-3 -8 -21 -22 -24 -28 0 
-1 -5 -10 -14 -15 -20 -25 0 
-1 -4 -5 -11 -18 -25 -28 -29 0 
-1 -2 -5 -8 -17 -20 -22 -25 -28 0 
-1 -5 -10 -15 -26 0 
-6 -9 -18 -20 -24 0 
-8 -14 -15 -27 -29 0 
-3 -5 -7 -18 -21 -23 0 
-12 -21 -22 0 
-1 -11 -13 -20 -22 -30 0 
-1 -4 -5 -7 -11 -24 0 
-8 -10 -11 -14 -15 -18 -28 -30 0 
-15 -16 -24 -25 -26 -28 -29 0 
-1 -4 -8 -19 -29 0 
-13 -20 -23 -24 -26 -27 0 
-1 -2 -4 -5 -10 -17 -24 -29 0 
-1 -3 -7 -17 -21 -22 0 
-3 -11 -22 -26 -27 0 
-3 -24 -29 0 
-2 -3 -12 -17 -19 -20 -28 0 
-4 -14 -17 -19 -20 -21 -27 -30 0 
-3 -8 -9 -12 -15 -17 -21 0 
-14 -17 -28 -29 0 
-4 -6 -12 -25 -26 -27 -30 0 
-2 -9 -11 -17 -18 -23 -25 -28 0 
-1 -2 -4 -9 -14 -18 -24 -25 0 
-8 -17 -27 0 
-3 -5 -6 -18 -22 -23 -26 -28 0 
-10 -17 -18 -19 -20 -21 -26 -29 0 
-2 -8 -11 -18 0 
-5 -8 -11 -14 -15 -23 -28 0 
-5 -6 -7 -8 -10 -13 -21 -24 -26 -27 0 
-4 -8 -11 -12 -13 -16 -20 -23 -29 0 
-1 -2 -4 -7 -10 -16 -24 -27 -30 0 
-1 -4 -7 -11 -13 -14 -30 0 
-1 -3 -4 -6 -15 -16 -22 -23 -27 -29 0 
-1 -5 -9 -13 -28 0 
-4 -6 -18 -20 -28 0 
-2 -5 -19 -23 -25 -27 0 
-2 -12 -19 -28 0 
-3 -11 -13 -28 -30 0 
-7 -9 -12 -20 -23 -29 -30 0 
-1 -3 -7 -9 -16 -17 -19 -20 -27 0 
-4 -9 -11 -15 -18 -26 -29 0 
-11 -13 -24 -25 0 
-4 -15 -21 -26 -30 0 
-5 -7 -14 -16 -19 -21 0 
-3 -5 -7 -8 -10 -12 -15 -16 -17 -21 -23 -26 -28 0 
-2 -9 -18 -24 -28 -30 0 
-13 -18 -24 -25 -28 0 
-1 -2 -6 -8 -18 -22 -23 -28 -29 0 
-4 -5 -13 -16 -19 -21 -25 0 
-2 -8 -10 -12 -14 -15 -22 0 
-9 -15 -23 -26 0 
-2 -3 -8 -14 -22 -25 -28 0 
-2 -4 -5 -13 -17 -18 -23 0 
-1 -8 -12 -14 -16 -22 -28 0 
-2 -3 -5 -6 -7 -13 -22 -24 -26 -27 -28 0 
-1 -5 -6 -7 -13 -16 -22 -23 -25 -29 0 
-8 -13 -16 -19 0 
-8 -14 -16 -17 -22 -26 -30 0 
-1 -26 0 
-12 -13 -16 -21 -22 -24 -29 0 
-4 -10 -11 -18 -20 -24 -30 0 
-12 -14 -15 -16 -25 0 
-2 -12 -26 -29 0 
-2 -10 -16 -24 0 
-3 -7 -12 -26 -29 0 
-2 -13 -14 -15 -18 -23 -25 -28 -30 0 
-5 -18 -22 -27 -30 0 
-2 -5 -7 -9 -15 0 
-12 -22 -30 0 
-8 -9 -11 -12 -16 -17 -19 -23 -27 -29 -30 0 
-6 -15 -24 -29 -30 0 
-6 -19 -21 -22 -23 0 
-6 -15 -21 -22 -24 -26 -28 0 
-1 -3 -4 -5 -7 -8 -23 0 
-4 -9 -17 -23 -29 0 
-10 -14 -19 -22 -23 -25 0 
-2 -3 -10 -11 -13 -16 -18 -20 -25 -27 -30 0 
-8 -11 0 
-2 -3 -11 -13 -24 -26 -28 0 
-1 -11 -16 0 
-4 -6 -7 -8 -15 -16 -17 -23 -30 0 
-15 -20 -28 0 
-2 -5 -9 -24 -27 -29 0 
-3 -8 -19 -21 -26 0 
-15 -17 -20 -24 -28 -29 0 
-4 -5 -19 -27 0 
-1 -2 -3 -10 -12 -19 -22 -24 0 
-4 -22 0 
-3 -8 -13 -16 -22 -23 0 
-11 -12 -17 -23 -30 0 
-6 -15 -20 -28 0 
-1 -2 -3 -10 -19 -25 -26 0 
-8 -9 -24 -30 0 
-4 -7 -8 -13 -14 -16 -23 -28 -30 0 
-2 -3 -4 -5 -7 -20 -24 -25 -30 0 
-4 -7 -8 -15 -18 -21 0 
-2 -8 -21 -28 -29 -30 0 
-15 -17 -26 0 
-9 -15 -16 -18 -21 -27 0 
-1 -2 -12 -17 -18 -23 0 
-6 -10 -16 -17 -30 0 
-2 -6 -14 -16 -17 -27 0 
-4 -5 -9 -13 -16 -21 -22 -23 0 
-1 -2 -12 -20 0 
-16 -19 -22 -23 -28 0 
-4 -23 -25 0 
-7 -10 -13 -15 -22 -26 -30 0 
-1 -4 -5 -13 -18 -21 -23 -26 0 
-3 -8 -14 -20 -23 -28 0 
-2 -19 -22 -25 0 
-4 -9 -24 0 
-9 -13 -14 -17 -20 -27 0 
-1 -8 -11 -16 -20 -21 -22 -26 -29 0 
-3 -15 -17 -26 0 
-4 -15 -19 -29 -30 0 
-4 -6 -10 -11 -12 -18 -20 0 
-10 -13 -16 -17 -19 -29 0 
-2 -13 -14 -15 -18 -19 -21 -25 0 
-2 -7 -10 -14 -20 -27 -30 0 
-2 -4 -15 -17 -24 0 
-2 -6 -16 -18 -27 0 
-4 -8 -10 -13 -20 -23 -25 -30 0 
-5 -10 -11 -12 -16 -20 -22 -24 0 
-2 -4 -9 -22 -30 0 
-7 -18 -19 -29 -30 0 
-8 -10 -17 -25 -29 0 
-3 -7 -10 -12 0 
-5 -8 -9 -11 -12 -14 -16 -28 -29 0 
-5 -6 -7 -12 -15 0 
-12 -14 -22 -24 -29 -30 0 
-3 -6 -8 -10 -17 -19 -20 -24 -25 -29 0 
-4 -5 -15 -19 -30 0 
-2 -8 -10 -16 -20 -23 -25 0 
-10 -13 -14 -15 -22 -23 0 
-7 -16 -17 -18 -25 -26 -27 0 
-5 -9 -10 -13 -17 -18 -20 -24 -27 0 
-8 -17 -23 -29 -30 0 
-11 -20 -21 -22 -26 -27 0 
-3 -17 -20 -22 -30 0 
-3 -11 -12 -22 0 
-9 -11 -12 -15 -17 0 
-2 -6 -9 -18 -21 -24 -29 0 
-3 -10 -24 -28 -29 0 
-1 -4 -6 -11 -16 -21 -22 -26 -28 0 
-4 -11 -14 -20 -22 -24 -27 -30 0 
-2 -6 -14 -16 -18 -23 -24 -27 0 
