p cnf 30 800
4 7 8 9 10 12 13 19 26 30 0 
2 9 11 13 16 17 25 27 0 
1 5 12 17 20 0 
3 4 7 8 11 17 18 27 28 30 0 
3 6 11 22 0 
4 7 8 19 25 0 
4 7 9 12 18 21 0 
4 5 9 22 25 27 28 30 0 
2 6 9 12 14 15 16 17 25 27 0 
1 5 10 0 
7 10 19 23 0 
9 14 15 20 22 23 28 0 
5 13 20 21 23 25 30 0 
3 9 10 15 16 21 25 0 
1 9 17 23 24 25 27 29 0 
7 20 22 26 0 
3 4 7 9 18 19 23 26 0 
5 12 13 14 17 20 25 27 29 0 
6 7 14 19 21 25 27 29 0 
10 14 19 24 27 30 0 
8 22 0 
2 4 12 16 19 22 25 26 0 
4 10 11 20 23 27 29 0 
9 13 14 16 21 22 26 28 0 
5 10 11 26 0 
2 3 6 12 14 18 25 28 0 
2 6 8 0 
2 5 16 19 20 22 23 0 
10 21 26 27 0 
9 13 19 20 30 0 
4 17 20 27 0 
7 8 9 13 18 22 25 26 30 0 
10 13 16 22 23 28 0 
5 8 10 20 26 30 0 
13 14 20 23 25 0 
3 7 17 21 23 24 28 29 0 
1 3 19 25 28 30 0 
3 6 9 27 0 
5 6 7 14 22 23 0 
14 16 19 24 25 26 28 0 
8 10 11 13 14 20 22 28 0 
3 8 10 11 16 20 0 
10 14 15 18 23 0 
1 13 20 26 27 30 0 
5 8 9 10 11 13 20 21 0 
3 6 30 0 
4 5 7 8 11 12 16 22 26 29 0 
1 4 5 7 10 12 17 19 28 29 0 
3 8 13 18 21 24 0 
2 12 13 14 16 18 0 
1 8 11 15 16 22 0 
1 4 5 14 16 18 21 25 26 0 
1 15 22 29 30 0 
3 8 9 11 12 16 20 22 0 
1 14 17 20 25 28 0 
13 16 20 22 23 24 25 28 0 
1 4 7 8 13 19 21 29 0 
3 6 8 0 
5 12 16 0 
3 8 11 15 20 0 
3 11 14 15 16 17 18 0 
1 14 15 17 23 0 
3 11 12 15 18 19 20 22 26 0 
8 11 13 14 16 21 22 26 0 
4 6 7 14 19 24 30 0 
1 8 10 27 28 30 0 
4 5 9 14 24 29 0 
3 5 12 20 21 27 0 
3 4 10 14 0 
1 2 3 8 13 23 26 29 0 
16 25 0 
3 15 16 26 28 0 
12 14 17 29 30 0 
3 4 5 19 27 28 0 
2 8 11 12 18 20 28 0 
1 3 4 6 23 30 0 
1 15 19 23 25 27 0 
1 2 7 8 9 13 16 19 0 
4 9 15 25 30 0 
13 14 18 27 0 
1 10 20 22 29 0 
10 12 20 23 0 
4 24 0 
6 8 16 26 0 
6 7 16 25 26 30 0 
4 6 11 13 16 17 18 22 23 0 
6 10 15 24 26 0 
9 13 18 0 
6 8 15 27 28 0 
6 7 8 13 22 0 
2 3 6 15 20 21 29 0 
4 7 8 11 18 20 26 30 0 
2 3 12 26 0 
2 11 18 22 27 28 0 
2 8 15 27 0 
2 3 17 21 30 0 
3 9 11 13 16 22 24 0 
16 19 20 24 28 29 0 
10 13 14 17 18 25 29 0 
2 3 10 20 22 26 27 30 0 
3 8 17 19 25 30 0 
2 7 21 26 27 0 
14 16 17 18 25 0 
9 12 18 22 25 29 30 0 
6 7 11 13 14 17 18 0 
2 3 8 11 13 16 25 0 
2 6 14 16 27 0 
2 9 13 16 17 18 19 24 28 0 
4 5 20 21 0 
6 8 9 11 18 19 22 0 
1 2 8 17 19 21 26 30 0 
11 20 25 27 0 
1 2 3 8 15 20 26 0 
6 7 11 23 28 29 0 
7 10 17 18 22 24 0 
3 9 14 24 0 
2 26 29 30 0 
1 4 6 9 10 13 14 17 22 27 0 
5 11 25 30 0 
13 14 17 20 28 30 0 
4 5 6 13 14 20 21 27 30 0 
4 6 8 19 22 0 
6 10 19 27 0 
1 10 16 19 22 25 0 
1 2 10 22 27 28 0 
6 7 9 11 12 14 25 0 
1 4 8 13 20 25 0 
1 4 9 16 25 29 30 0 
1 4 6 19 23 27 28 0 
6 7 11 13 24 0 
7 10 11 12 21 29 0 
4 7 12 13 14 23 27 0 
7 16 26 27 28 0 
1 2 3 7 12 22 23 0 
1 2 3 4 6 8 14 0 
4 10 12 14 17 19 24 26 0 
2 7 12 15 16 18 24 29 0 
6 17 25 0 
1 14 26 29 0 
10 16 17 19 23 25 0 
4 9 15 20 28 0 
16 17 21 24 28 29 30 0 
9 12 13 15 21 0 
3 6 7 9 17 19 25 0 
4 6 14 16 28 29 30 0 
3 7 9 13 16 19 23 29 0 
3 8 10 14 18 28 0 
11 14 22 24 25 26 0 
5 16 21 22 0 
10 26 30 0 
2 3 17 18 23 0 
2 6 10 11 22 23 25 30 0 
4 9 24 27 0 
13 21 0 
3 12 22 23 25 26 27 28 0 
3 5 6 9 12 13 25 0 
11 12 17 20 27 0 
2 4 7 8 13 18 0 
8 11 23 0 
1 4 5 20 22 24 28 0 
4 7 21 24 28 0 
4 17 20 22 0 
2 5 18 20 25 29 30 0 
11 13 16 28 29 0 
3 6 8 14 21 22 25 27 28 0 
1 3 5 10 12 19 20 0 
6 10 19 26 0 
8 10 11 19 24 0 
4 10 17 19 20 23 26 28 0 
13 19 23 24 25 0 
2 3 8 9 10 13 15 30 0 
1 8 12 23 0 
2 3 9 10 13 17 26 27 0 
6 18 22 23 26 28 0 
3 5 6 7 20 25 0 
13 23 25 28 0 
3 9 10 13 16 26 0 
4 7 9 17 21 24 29 0 
3 5 6 12 22 0 
1 6 10 16 18 24 25 0 
5 9 15 21 0 
10 20 22 0 
10 19 20 25 0 
2 12 17 21 23 27 28 30 0 
1 9 19 22 25 26 28 0 
2 10 12 16 0 
4 10 11 13 16 21 23 28 0 
4 8 13 18 22 0 
1 3 5 6 7 8 9 16 20 21 0 
10 14 16 20 22 30 0 
4 8 11 14 23 0 
2 5 13 14 17 27 0 
3 8 9 20 22 25 0 
8 9 12 19 25 0 
1 3 6 9 18 20 21 23 24 27 30 0 
9 11 13 0 
10 14 16 17 26 29 0 
2 4 8 9 16 23 0 
1 5 10 26 27 0 
3 5 6 8 9 13 20 22 26 0 
6 7 8 11 14 23 0 
6 7 8 16 21 24 27 0 
1 2 3 11 17 26 0 
5 8 22 24 26 0 
4 8 16 22 23 25 28 0 
2 8 18 23 24 29 30 0 
8 12 13 18 22 23 24 0 
3 5 6 8 12 22 23 0 
1 5 6 7 8 12 25 30 0 
2 3 5 6 9 11 21 0 
2 6 16 17 19 23 0 
4 9 11 17 18 21 29 30 0 
2 3 5 11 15 27 28 29 0 
3 4 7 15 18 19 0 
1 3 14 0 
13 14 19 20 24 28 0 
2 17 19 20 0 
12 15 17 22 23 25 26 0 
3 6 7 10 18 20 30 0 
4 6 7 14 15 17 21 0 
1 6 10 12 18 26 30 0 
3 11 16 22 24 26 0 
3 4 6 16 18 19 23 25 0 
3 14 15 23 24 30 0 
4 8 13 21 25 0 
2 9 11 12 18 21 26 0 
2 10 19 28 29 30 0 
2 3 19 22 26 0 
8 14 15 24 26 28 0 
4 9 11 17 21 28 30 0 
6 13 14 16 21 23 28 0 
4 8 9 14 21 23 25 29 30 0 
5 9 12 14 16 18 29 0 
1 4 9 12 22 24 0 
5 9 10 16 28 0 
2 3 5 14 15 18 19 22 25 30 0 
4 7 13 14 16 21 22 25 27 28 0 
2 3 7 9 11 17 21 24 29 0 
3 4 6 16 17 18 19 20 22 27 0 
2 8 11 12 14 19 20 21 28 29 0 
1 14 18 20 22 23 27 29 0 
3 6 8 13 27 28 0 
4 14 0 
11 14 16 17 19 22 23 24 26 0 
1 2 5 10 13 19 26 27 30 0 
2 3 11 18 25 26 27 0 
7 9 20 21 25 0 
3 13 14 16 21 30 0 
2 5 6 13 17 21 0 
3 10 18 26 28 0 
11 19 20 23 25 27 29 30 0 
4 6 11 15 24 28 0 
1 4 8 16 22 23 29 0 
2 4 5 8 10 15 19 26 0 
3 4 11 13 15 16 17 24 25 28 0 
5 8 9 12 14 21 23 25 26 0 
11 16 21 25 29 0 
1 4 10 19 20 30 0 
5 8 9 11 13 16 23 25 0 
3 5 6 26 0 
3 20 21 23 27 30 0 
6 12 22 27 0 
3 11 15 20 24 25 30 0 
6 7 10 17 24 0 
16 20 26 0 
2 5 11 16 17 23 27 0 
1 10 16 19 22 0 
5 17 19 20 24 27 30 0 
1 2 3 4 10 15 18 19 0 
4 5 7 9 26 27 0 
4 6 7 15 16 20 27 0 
5 12 14 25 0 
1 13 19 26 0 
4 9 17 20 24 0 
2 3 7 15 18 19 0 
2 3 5 8 24 25 26 28 29 0 
5 7 14 20 26 28 29 30 0 
3 6 11 22 23 30 0 
16 22 25 27 0 
4 7 10 13 14 15 16 17 18 23 24 0 
3 8 14 15 20 23 29 0 
10 15 25 27 30 0 
4 10 11 13 19 25 26 0 
5 7 15 17 19 25 26 28 0 
1 4 5 10 15 17 26 0 
3 5 6 8 11 16 19 22 23 24 27 29 0 
2 14 15 17 19 20 22 24 27 29 0 
1 10 15 17 19 25 30 0 
1 3 6 11 12 16 18 23 25 0 
1 16 28 29 0 
2 3 6 9 14 19 22 28 0 
2 7 9 11 17 23 26 28 0 
3 7 8 11 13 0 
1 3 7 10 11 17 18 22 27 30 0 
7 8 9 11 12 20 21 27 29 0 
2 3 7 15 18 24 30 0 
14 19 0 
2 6 19 21 26 27 28 0 
5 12 19 26 0 
4 10 28 30 0 
5 6 10 15 18 21 23 28 0 
2 24 27 0 
8 10 11 18 22 0 
5 16 18 24 26 27 28 30 0 
4 7 11 16 20 30 0 
9 10 13 14 24 27 0 
13 15 16 22 23 27 28 0 
11 12 13 21 0 
1 7 12 19 0 
1 3 6 12 27 30 0 
1 2 9 10 14 15 21 24 0 
3 7 16 17 24 26 28 0 
1 8 11 20 22 23 26 28 0 
2 3 26 27 29 30 0 
3 7 9 19 0 
4 6 8 12 13 16 0 
2 6 12 16 18 22 30 0 
1 3 5 7 10 17 18 25 0 
2 11 18 26 0 
6 8 11 13 16 23 24 0 
7 20 21 24 26 29 0 
5 9 27 29 0 
2 3 15 16 17 18 20 23 24 26 30 0 
2 3 6 22 23 26 30 0 
2 3 6 7 12 13 22 24 0 
1 4 7 14 17 19 24 0 
6 12 20 22 30 0 
4 9 11 12 13 15 21 25 0 
2 9 11 12 13 14 22 26 0 
13 19 20 21 23 30 0 
5 11 19 22 25 28 29 30 0 
5 7 11 16 20 0 
2 6 11 16 17 20 21 24 26 0 
5 7 11 19 23 24 0 
9 10 13 19 0 
3 7 16 28 29 30 0 
14 15 19 20 29 0 
3 7 18 20 28 29 0 
2 9 22 24 26 29 0 
20 26 30 0 
6 7 13 14 16 18 20 0 
2 3 4 7 12 13 14 21 22 24 25 0 
6 17 0 
4 9 10 13 22 23 26 28 0 
3 5 6 7 27 0 
11 13 21 22 24 0 
3 8 15 18 22 24 27 0 
1 3 4 10 12 13 18 19 23 28 0 
3 5 8 13 0 
1 17 18 20 23 26 0 
1 4 7 9 10 14 18 20 24 0 
3 7 8 11 15 17 18 20 28 30 0 
5 19 26 28 0 
4 9 10 26 27 28 30 0 
1 13 21 26 30 0 
9 10 16 18 23 28 0 
12 16 19 21 23 28 0 
4 6 9 13 20 27 30 0 
6 10 14 16 24 29 30 0 
3 4 5 10 12 17 19 23 26 30 0 
8 10 11 17 18 19 22 29 0 
5 8 11 12 20 22 26 29 0 
3 4 7 10 16 22 23 24 26 28 29 0 
2 20 21 24 26 30 0 
5 6 8 11 22 25 0 
3 5 11 25 26 27 0 
12 14 18 21 0 
5 8 9 17 22 25 0 
1 2 5 6 11 13 14 15 20 22 23 0 
2 13 15 0 
3 6 10 19 0 
4 6 17 19 21 25 0 
1 2 10 17 0 
3 8 14 15 20 22 25 0 
1 11 14 15 26 28 29 30 0 
4 11 18 23 0 
4 5 8 9 11 13 19 20 25 29 0 
15 16 20 21 22 26 30 0 
3 10 11 15 17 20 25 29 0 
5 8 11 22 27 0 
5 9 11 14 19 20 21 0 
3 10 11 12 18 21 25 27 0 
12 23 24 25 0 
2 3 5 30 0 
1 4 13 16 23 24 28 0 
2 8 14 25 0 
1 3 10 15 18 19 20 26 0 
4 7 8 19 24 0 
3 8 12 23 0 
3 9 16 22 0 
4 5 17 18 25 0 
2 9 10 12 13 17 20 21 24 29 0 
6 8 9 11 15 16 24 29 30 0 
3 19 28 0 
8 19 22 26 0 
3 4 6 12 16 23 24 30 0 
10 14 17 26 28 29 30 0 
2 3 5 6 14 15 17 25 0 
4 6 16 19 20 21 23 24 26 27 28 30 0 
2 6 14 30 0 
-4 -7 -8 -9 -10 -12 -13 -19 -26 -30 0 
-2 -9 -11 -13 -16 -17 -25 -27 0 
-1 -5 -12 -17 -20 0 
-3 -4 -7 -8 -11 -17 -18 -27 -28 -30 0 
-3 -6 -11 -22 0 
-4 -7 -8 -19 -25 0 
-4 -7 -9 -12 -18 -21 0 
-4 -5 -9 -22 -25 -27 -28 -30 0 
-2 -6 -9 -12 -14 -15 -16 -17 -25 -27 0 
-1 -5 -10 0 
-7 -10 -19 -23 0 
-9 -14 -15 -20 -22 -23 -28 0 
-5 -13 -20 -21 -23 -25 -30 0 
-3 -9 -10 -15 -16 -21 -25 0 
-1 -9 -17 -23 -24 -25 -27 -29 0 
-7 -20 -22 -26 0 
-3 -4 -7 -9 -18 -19 -23 -26 0 
-5 -12 -13 -14 -17 -20 -25 -27 -29 0 
-6 -7 -14 -19 -21 -25 -27 -29 0 
-10 -14 -19 -24 -27 -30 0 
-8 -22 0 
-2 -4 -12 -16 -19 -22 -25 -26 0 
-4 -10 -11 -20 -23 -27 -29 0 
-9 -13 -14 -16 -21 -22 -26 -28 0 
-5 -10 -11 -26 0 
-2 -3 -6 -12 -14 -18 -25 -28 0 
-2 -6 -8 0 
-2 -5 -16 -19 -20 -22 -23 0 
-10 -21 -26 -27 0 
-9 -13 -19 -20 -30 0 
-4 -17 -20 -27 0 
-7 -8 -9 -13 -18 -22 -25 -26 -30 0 
-10 -13 -16 -22 -23 -28 0 
-5 -8 -10 -20 -26 -30 0 
-13 -14 -20 -23 -25 0 
-3 -7 -17 -21 -23 -24 -28 -29 0 
-1 -3 -19 -25 -28 -30 0 
-3 -6 -9 -27 0 
-5 -6 -7 -14 -22 -23 0 
-14 -16 -19 -24 -25 -26 -28 0 
-8 -10 -11 -13 -14 -20 -22 -28 0 
-3 -8 -10 -11 -16 -20 0 
-10 -14 -15 -18 -23 0 
-1 -13 -20 -26 -27 -30 0 
-5 -8 -9 -10 -11 -13 -20 -21 0 
-3 -6 -30 0 
-4 -5 -7 -8 -11 -12 -16 -22 -26 -29 0 
-1 -4 -5 -7 -10 -12 -17 -19 -28 -29 0 
-3 -8 -13 -18 -21 -24 0 
-2 -12 -13 -14 -16 -18 0 
-1 -8 -11 -15 -16 -22 0 
-1 -4 -5 -14 -16 -18 -21 -25 -26 0 
-1 -15 -22 -29 -30 0 
-3 -8 -9 -11 -12 -16 -20 -22 0 
-1 -14 -17 -20 -25 -28 0 
-13 -16 -20 -22 -23 -24 -25 -28 0 
-1 -4 -7 -8 -13 -19 -21 -29 0 
-3 -6 -8 0 
-5 -12 -16 0 
-3 -8 -11 -15 -20 0 
-3 -11 -14 -15 -16 -17 -18 0 
-1 -14 -15 -17 -23 0 
-3 -11 -12 -15 -18 -19 -20 -22 -26 0 
-8 -11 -13 -14 -16 -21 -22 -26 0 
-4 -6 -7 -14 -19 -24 -30 0 
-1 -8 -10 -27 -28 -30 0 
-4 -5 -9 -14 -24 -29 0 
-3 -5 -12 -20 -21 -27 0 
-3 -4 -10 -14 0 
-1 -2 -3 -8 -13 -23 -26 -29 0 
-16 -25 0 
-3 -15 -16 -26 -28 0 
-12 -14 -17 -29 -30 0 
-3 -4 -5 -19 -27 -28 0 
-2 -8 -11 -12 -18 -20 -28 0 
-1 -3 -4 -6 -23 -30 0 
-1 -15 -19 -23 -25 -27 0 
-1 -2 -7 -8 -9 -13 -16 -19 0 
-4 -9 -15 -25 -30 0 
-13 -14 -18 -27 0 
-1 -10 -20 -22 -29 0 
-10 -12 -20 -23 0 
-4 -24 0 
-6 -8 -16 -26 0 
-6 -7 -16 -25 -26 -30 0 
-4 -6 -11 -13 -16 -17 -18 -22 -23 0 
-6 -10 -15 -24 -26 0 
-9 -13 -18 0 
-6 -8 -15 -27 -28 0 
-6 -7 -8 -13 -22 0 
-2 -3 -6 -15 -20 -21 -29 0 
-4 -7 -8 -11 -18 -20 -26 -30 0 
-2 -3 -12 -26 0 
-2 -11 -18 -22 -27 -28 0 
-2 -8 -15 -27 0 
-2 -3 -17 -21 -30 0 
-3 -9 -11 -13 -16 -22 -24 0 
-16 -19 -20 -24 -28 -29 0 
-10 -13 -14 -17 -18 -25 -29 0 
-2 -3 -10 -20 -22 -26 -27 -30 0 
-3 -8 -17 -19 -25 -30 0 
-2 -7 -21 -26 -27 0 
-14 -16 -17 -18 -25 0 
-9 -12 -18 -22 -25 -29 -30 0 
-6 -7 -11 -13 -14 -17 -18 0 
-2 -3 -8 -11 -13 -16 -25 0 
-2 -6 -14 -16 -27 0 
-2 -9 -13 -16 -17 -18 -19 -24 -28 0 
-4 -5 -20 -21 0 
-6 -8 -9 -11 -18 -19 -22 0 
-1 -2 -8 -17 -19 -21 -26 -30 0 
-11 -20 -25 -27 0 
-1 -2 -3 -8 -15 -20 -26 0 
-6 -7 -11 -23 -28 -29 0 
-7 -10 -17 -18 -22 -24 0 
-3 -9 -14 -24 0 
-2 -26 -29 -30 0 
-1 -4 -6 -9 -10 -13 -14 -17 -22 -27 0 
-5 -11 -25 -30 0 
-13 -14 -17 -20 -28 -30 0 
-4 -5 -6 -13 -14 -20 -21 -27 -30 0 
-4 -6 -8 -19 -22 0 
-6 -10 -19 -27 0 
-1 -10 -16 -19 -22 -25 0 
-1 -2 -10 -22 -27 -28 0 
-6 -7 -9 -11 -12 -14 -25 0 
-1 -4 -8 -13 -20 -25 0 
-1 -4 -9 -16 -25 -29 -30 0 
-1 -4 -6 -19 -23 -27 -28 0 
-6 -7 -11 -13 -24 0 
-7 -10 -11 -12 -21 -29 0 
-4 -7 -12 -13 -14 -23 -27 0 
-7 -16 -26 -27 -28 0 
-1 -2 -3 -7 -12 -22 -23 0 
-1 -2 -3 -4 -6 -8 -14 0 
-4 -10 -12 -14 -17 -19 -24 -26 0 
-2 -7 -12 -15 -16 -18 -24 -29 0 
-6 -17 -25 0 
-1 -14 -26 -29 0 
-10 -16 -17 -19 -23 -25 0 
-4 -9 -15 -20 -28 0 
-16 -17 -21 -24 -28 -29 -30 0 
-9 -12 -13 -15 -21 0 
-3 -6 -7 -9 -17 -19 -25 0 
-4 -6 -14 -16 -28 -29 -30 0 
-3 -7 -9 -13 -16 -19 -23 -29 0 
-3 -8 -10 -14 -18 -28 0 
-11 -14 -22 -24 -25 -26 0 
-5 -16 -21 -22 0 
-10 -26 -30 0 
-2 -3 -17 -18 -23 0 
-2 -6 -10 -11 -22 -23 -25 -30 0 
-4 -9 -24 -27 0 
-13 -21 0 
-3 -12 -22 -23 -25 -26 -27 -28 0 
-3 -5 -6 -9 -12 -13 -25 0 
-11 -12 -17 -20 -27 0 
-2 -4 -7 -8 -13 -18 0 
-8 -11 -23 0 
-1 -4 -5 -20 -22 -24 -28 0 
-4 -7 -21 -24 -28 0 
-4 -17 -20 -22 0 
-2 -5 -18 -20 -25 -29 -30 0 
-11 -13 -16 -28 -29 0 
-3 -6 -8 -14 -21 -22 -25 -27 -28 0 
-1 -3 -5 -10 -12 -19 -20 0 
-6 -10 -19 -26 0 
-8 -10 -11 -19 -24 0 
-4 -10 -17 -19 -20 -23 -26 -28 0 
-13 -19 -23 -24 -25 0 
-2 -3 -8 -9 -10 -13 -15 -30 0 
-1 -8 -12 -23 0 
-2 -3 -9 -10 -13 -17 -26 -27 0 
-6 -18 -22 -23 -26 -28 0 
-3 -5 -6 -7 -20 -25 0 
-13 -23 -25 -28 0 
-3 -9 -10 -13 -16 -26 0 
-4 -7 -9 -17 -21 -24 -29 0 
-3 -5 -6 -12 -22 0 
-1 -6 -10 -16 -18 -24 -25 0 
-5 -9 -15 -21 0 
-10 -20 -22 0 
-10 -19 -20 -25 0 
-2 -12 -17 -21 -23 -27 -28 -30 0 
-1 -9 -19 -22 -25 -26 -28 0 
-2 -10 -12 -16 0 
-4 -10 -11 -13 -16 -21 -23 -28 0 
-4 -8 -13 -18 -22 0 
-1 -3 -5 -6 -7 -8 -9 -16 -20 -21 0 
-10 -14 -16 -20 -22 -30 0 
-4 -8 -11 -14 -23 0 
-2 -5 -13 -14 -17 -27 0 
-3 -8 -9 -20 -22 -25 0 
-8 -9 -12 -19 -25 0 
-1 -3 -6 -9 -18 -20 -21 -23 -24 -27 -30 0 
-9 -11 -13 0 
-10 -14 -16 -17 -26 -29 0 
-2 -4 -8 -9 -16 -23 0 
-1 -5 -10 -26 -27 0 
-3 -5 -6 -8 -9 -13 -20 -22 -26 0 
-6 -7 -8 -11 -14 -23 0 
-6 -7 -8 -16 -21 -24 -27 0 
-1 -2 -3 -11 -17 -26 0 
-5 -8 -22 -24 -26 0 
-4 -8 -16 -22 -23 -25 -28 0 
-2 -8 -18 -23 -24 -29 -30 0 
-8 -12 -13 -18 -22 -23 -24 0 
-3 -5 -6 -8 -12 -22 -23 0 
-1 -5 -6 -7 -8 -12 -25 -30 0 
-2 -3 -5 -6 -9 -11 -21 0 
-2 -6 -16 -17 -19 -23 0 
-4 -9 -11 -17 -18 -21 -29 -30 0 
-2 -3 -5 -11 -15 -27 -28 -29 0 
-3 -4 -7 -15 -18 -19 0 
-1 -3 -14 0 
-13 -14 -19 -20 -24 -28 0 
-2 -17 -19 -20 0 
-12 -15 -17 -22 -23 -25 -26 0 
-3 -6 -7 -10 -18 -20 -30 0 
-4 -6 -7 -14 -15 -17 -21 0 
-1 -6 -10 -12 -18 -26 -30 0 
-3 -11 -16 -22 -24 -26 0 
-3 -4 -6 -16 -18 -19 -23 -25 0 
-3 -14 -15 -23 -24 -30 0 
-4 -8 -13 -21 -25 0 
-2 -9 -11 -12 -18 -21 -26 0 
-2 -10 -19 -28 -29 -30 0 
-2 -3 -19 -22 -26 0 
-8 -14 -15 -24 -26 -28 0 
-4 -9 -11 -17 -21 -28 -30 0 
-6 -13 -14 -16 -21 -23 -28 0 
-4 -8 -9 -14 -21 -23 -25 -29 -30 0 
-5 -9 -12 -14 -16 -18 -29 0 
-1 -4 -9 -12 -22 -24 0 
-5 -9 -10 -16 -28 0 
-2 -3 -5 -14 -15 -18 -19 -22 -25 -30 0 
-4 -7 -13 -14 -16 -21 -22 -25 -27 -28 0 
-2 -3 -7 -9 -11 -17 -21 -24 -29 0 
-3 -4 -6 -16 -17 -18 -19 -20 -22 -27 0 
-2 -8 -11 -12 -14 -19 -20 -21 -28 -29 0 
-1 -14 -18 -20 -22 -23 -27 -29 0 
-3 -6 -8 -13 -27 -28 0 
-4 -14 0 
-11 -14 -16 -17 -19 -22 -23 -24 -26 0 
-1 -2 -5 -10 -13 -19 -26 -27 -30 0 
-2 -3 -11 -18 -25 -26 -27 0 
-7 -9 -20 -21 -25 0 
-3 -13 -14 -16 -21 -30 0 
-2 -5 -6 -13 -17 -21 0 
-3 -10 -18 -26 -28 0 
-11 -19 -20 -23 -25 -27 -29 -30 0 
-4 -6 -11 -15 -24 -28 0 
-1 -4 -8 -16 -22 -23 -29 0 
-2 -4 -5 -8 -10 -15 -19 -26 0 
-3 -4 -11 -13 -15 -16 -17 -24 -25 -28 0 
-5 -8 -9 -12 -14 -21 -23 -25 -26 0 
-11 -16 -21 -25 -29 0 
-1 -4 -10 -19 -20 -30 0 
-5 -8 -9 -11 -13 -16 -23 -25 0 
-3 -5 -6 -26 0 
-3 -20 -21 -23 -27 -30 0 
-6 -12 -22 -27 0 
-3 -11 -15 -20 -24 -25 -30 0 
-6 -7 -10 -17 -24 0 
-16 -20 -26 0 
-2 -5 -11 -16 -17 -23 -27 0 
-1 -10 -16 -19 -22 0 
-5 -17 -19 -20 -24 -27 -30 0 
-1 -2 -3 -4 -10 -15 -18 -19 0 
-4 -5 -7 -9 -26 -27 0 
-4 -6 -7 -15 -16 -20 -27 0 
-5 -12 -14 -25 0 
-1 -13 -19 -26 0 
-4 -9 -17 -20 -24 0 
-2 -3 -7 -15 -18 -19 0 
-2 -3 -5 -8 -24 -25 -26 -28 -29 0 
-5 -7 -14 -20 -26 -28 -29 -30 0 
-3 -6 -11 -22 -23 -30 0 
-16 -22 -25 -27 0 
-4 -7 -10 -13 -14 -15 -16 -17 -18 -23 -24 0 
-3 -8 -14 -15 -20 -23 -29 0 
-10 -15 -25 -27 -30 0 
-4 -10 -11 -13 -19 -25 -26 0 
-5 -7 -15 -17 -19 -25 -26 -28 0 
-1 -4 -5 -10 -15 -17 -26 0 
-3 -5 -6 -8 -11 -16 -19 -22 -23 -24 -27 -29 0 
-2 -14 -15 -17 -19 -20 -22 -24 -27 -29 0 
-1 -10 -15 -17 -19 -25 -30 0 
-1 -3 -6 -11 -12 -16 -18 -23 -25 0 
-1 -16 -28 -29 0 
-2 -3 -6 -9 -14 -19 -22 -28 0 
-2 -7 -9 -11 -17 -23 -26 -28 0 
-3 -7 -8 -11 -13 0 
-1 -3 -7 -10 -11 -17 -18 -22 -27 -30 0 
-7 -8 -9 -11 -12 -20 -21 -27 -29 0 
-2 -3 -7 -15 -18 -24 -30 0 
-14 -19 0 
-2 -6 -19 -21 -26 -27 -28 0 
-5 -12 -19 -26 0 
-4 -10 -28 -30 0 
-5 -6 -10 -15 -18 -21 -23 -28 0 
-2 -24 -27 0 
-8 -10 -11 -18 -22 0 
-5 -16 -18 -24 -26 -27 -28 -30 0 
-4 -7 -11 -16 -20 -30 0 
-9 -10 -13 -14 -24 -27 0 
-13 -15 -16 -22 -23 -27 -28 0 
-11 -12 -13 -21 0 
-1 -7 -12 -19 0 
-1 -3 -6 -12 -27 -30 0 
-1 -2 -9 -10 -14 -15 -21 -24 0 
-3 -7 -16 -17 -24 -26 -28 0 
-1 -8 -11 -20 -22 -23 -26 -28 0 
-2 -3 -26 -27 -29 -30 0 
-3 -7 -9 -19 0 
-4 -6 -8 -12 -13 -16 0 
-2 -6 -12 -16 -18 -22 -30 0 
-1 -3 -5 -7 -10 -17 -18 -25 0 
-2 -11 -18 -26 0 
-6 -8 -11 -13 -16 -23 -24 0 
-7 -20 -21 -24 -26 -29 0 
-5 -9 -27 -29 0 
-2 -3 -15 -16 -17 -18 -20 -23 -24 -26 -30 0 
-2 -3 -6 -22 -23 -26 -30 0 
-2 -3 -6 -7 -12 -13 -22 -24 0 
-1 -4 -7 -14 -17 -19 -24 0 
-6 -12 -20 -22 -30 0 
-4 -9 -11 -12 -13 -15 -21 -25 0 
-2 -9 -11 -12 -13 -14 -22 -26 0 
-13 -19 -20 -21 -23 -30 0 
-5 -11 -19 -22 -25 -28 -29 -30 0 
-5 -7 -11 -16 -20 0 
-2 -6 -11 -16 -17 -20 -21 -24 -26 0 
-5 -7 -11 -19 -23 -24 0 
-9 -10 -13 -19 0 
-3 -7 -16 -28 -29 -30 0 
-14 -15 -19 -20 -29 0 
-3 -7 -18 -20 -28 -29 0 
-2 -9 -22 -24 -26 -29 0 
-20 -26 -30 0 
-6 -7 -13 -14 -16 -18 -20 0 
-2 -3 -4 -7 -12 -13 -14 -21 -22 -24 -25 0 
-6 -17 0 
-4 -9 -10 -13 -22 -23 -26 -28 0 
-3 -5 -6 -7 -27 0 
-11 -13 -21 -22 -24 0 
-3 -8 -15 -18 -22 -24 -27 0 
-1 -3 -4 -10 -12 -13 -18 -19 -23 -28 0 
-3 -5 -8 -13 0 
-1 -17 -18 -20 -23 -26 0 
-1 -4 -7 -9 -10 -14 -18 -20 -24 0 
-3 -7 -8 -11 -15 -17 -18 -20 -28 -30 0 
-5 -19 -26 -28 0 
-4 -9 -10 -26 -27 -28 -30 0 
-1 -13 -21 -26 -30 0 
-9 -10 -16 -18 -23 -28 0 
-12 -16 -19 -21 -23 -28 0 
-4 -6 -9 -13 -20 -27 -30 0 
-6 -10 -14 -16 -24 -29 -30 0 
-3 -4 -5 -10 -12 -17 -19 -23 -26 -30 0 
-8 -10 -11 -17 -18 -19 -22 -29 0 
-5 -8 -11 -12 -20 -22 -26 -29 0 
-3 -4 -7 -10 -16 -22 -23 -24 -26 -28 -29 0 
-2 -20 -21 -24 -26 -30 0 
-5 -6 -8 -11 -22 -25 0 
-3 -5 -11 -25 -26 -27 0 
-12 -14 -18 -21 0 
-5 -8 -9 -17 -22 -25 0 
-1 -2 -5 -6 -11 -13 -14 -15 -20 -22 -23 0 
-2 -13 -15 0 
-3 -6 -10 -19 0 
-4 -6 -17 -19 -21 -25 0 
-1 -2 -10 -17 0 
-3 -8 -14 -15 -20 -22 -25 0 
-1 -11 -14 -15 -26 -28 -29 -30 0 
-4 -11 -18 -23 0 
-4 -5 -8 -9 -11 -13 -19 -20 -25 -29 0 
-15 -16 -20 -21 -22 -26 -30 0 
-3 -10 -11 -15 -17 -20 -25 -29 0 
-5 -8 -11 -22 -27 0 
-5 -9 -11 -14 -19 -20 -21 0 
-3 -10 -11 -12 -18 -21 -25 -27 0 
-12 -23 -24 -25 0 
-2 -3 -5 -30 0 
-1 -4 -13 -16 -23 -24 -28 0 
-2 -8 -14 -25 0 
-1 -3 -10 -15 -18 -19 -20 -26 0 
-4 -7 -8 -19 -24 0 
-3 -8 -12 -23 0 
-3 -9 -16 -22 0 
-4 -5 -17 -18 -25 0 
-2 -9 -10 -12 -13 -17 -20 -21 -24 -29 0 
-6 -8 -9 -11 -15 -16 -24 -29 -30 0 
-3 -19 -28 0 
-8 -19 -22 -26 0 
-3 -4 -6 -12 -16 -23 -24 -30 0 
-10 -14 -17 -26 -28 -29 -30 0 
-2 -3 -5 -6 -14 -15 -17 -25 0 
-4 -6 -16 -19 -20 -21 -23 -24 -26 -27 -28 -30 0 
-2 -6 -14 -30 0 
