p cnf 30 800
2 9 14 19 30 0 
1 6 7 17 19 22 28 30 0 
3 4 5 12 19 28 0 
5 10 11 13 21 29 0 
10 17 19 22 26 0 
4 15 23 0 
16 17 18 21 23 26 27 29 0 
8 10 11 27 0 
10 13 16 29 30 0 
3 8 14 16 18 30 0 
14 28 0 
7 11 13 18 19 25 0 
6 9 16 17 18 19 24 27 28 30 0 
4 5 6 11 12 16 20 23 24 27 0 
3 4 9 11 12 21 26 0 
6 14 15 19 24 25 27 0 
14 15 19 0 
9 14 22 23 30 0 
3 5 7 11 16 21 0 
5 10 12 20 28 30 0 
5 13 16 23 0 
2 3 10 12 20 22 30 0 
2 4 6 12 14 16 17 18 22 29 30 0 
8 9 12 14 23 30 0 
9 10 22 26 29 0 
7 9 15 20 0 
6 9 11 16 19 21 0 
3 8 11 13 17 27 0 
16 18 23 30 0 
7 15 16 21 25 28 29 0 
3 5 10 11 24 27 0 
5 10 11 13 15 0 
1 3 4 8 0 
4 9 12 14 16 30 0 
2 5 14 15 16 19 27 28 0 
2 3 6 7 9 13 21 23 0 
7 9 12 15 16 18 26 0 
2 12 17 19 26 30 0 
1 3 8 14 18 24 27 0 
4 5 12 14 15 21 23 0 
2 4 11 25 0 
10 11 12 17 19 26 27 29 0 
1 5 13 15 22 24 0 
6 7 19 20 25 29 30 0 
2 9 13 16 18 26 30 0 
11 18 22 23 28 30 0 
2 3 5 8 9 11 20 28 0 
9 11 17 20 22 23 26 0 
4 5 17 29 0 
3 4 8 13 14 17 19 23 27 30 0 
20 23 27 30 0 
6 7 12 24 28 0 
3 4 6 9 12 13 14 18 20 26 29 0 
5 6 8 10 21 0 
2 3 8 10 20 22 26 27 0 
6 10 16 17 18 0 
3 4 16 18 23 28 30 0 
8 11 12 13 17 23 0 
2 8 9 11 13 16 17 21 28 29 0 
8 14 18 20 30 0 
5 8 19 21 22 27 0 
1 4 9 11 23 25 27 30 0 
5 9 18 19 26 0 
4 7 9 11 15 21 27 28 29 0 
9 10 13 15 16 19 22 25 0 
4 9 17 30 0 
17 18 21 24 0 
2 5 6 10 11 15 20 22 0 
3 4 6 12 15 19 26 27 0 
1 7 9 10 13 14 16 18 19 21 24 25 27 0 
4 5 8 9 11 24 0 
3 6 19 23 0 
1 5 7 19 20 22 27 28 30 0 
2 4 11 13 18 0 
2 4 7 9 15 30 0 
1 16 20 22 25 0 
4 5 15 21 26 27 0 
3 5 7 10 17 0 
7 9 12 22 23 28 0 
3 4 5 6 7 16 25 26 30 0 
4 5 7 10 12 16 29 30 0 
7 10 16 23 25 29 30 0 
7 11 16 22 24 26 0 
2 6 11 12 13 20 23 24 25 28 30 0 
2 5 7 10 11 12 13 15 18 25 27 28 0 
4 9 11 12 19 22 25 26 29 0 
1 11 13 17 25 27 29 0 
1 5 24 27 0 
5 9 14 28 0 
2 7 12 18 19 21 22 0 
4 9 12 14 0 
2 12 16 20 21 24 26 28 0 
3 7 9 14 22 23 0 
1 4 9 10 13 15 0 
5 8 22 0 
12 20 23 26 0 
5 6 8 10 18 21 30 0 
3 9 10 11 16 0 
1 10 16 17 21 0 
4 6 10 23 26 30 0 
7 9 11 15 18 24 26 30 0 
3 4 6 9 11 13 0 
4 5 13 17 24 0 
1 4 5 10 13 14 18 0 
9 16 18 19 30 0 
9 14 15 16 20 0 
9 13 17 18 22 24 26 27 0 
9 17 18 20 0 
2 9 11 18 19 21 23 25 0 
7 8 9 11 23 29 0 
1 5 8 9 10 13 26 0 
1 3 11 13 17 18 25 0 
1 3 6 7 10 15 16 17 20 0 
3 10 14 15 19 21 25 26 27 28 0 
5 15 18 22 27 0 
4 7 10 11 12 0 
6 11 17 18 22 27 29 0 
6 9 18 21 26 30 0 
5 10 15 23 24 0 
4 11 20 25 26 27 0 
1 7 13 16 17 21 23 24 26 0 
2 7 17 18 29 0 
3 5 7 8 9 15 16 30 0 
3 7 11 13 17 18 23 30 0 
4 8 13 16 24 26 0 
4 6 8 13 17 20 23 27 0 
6 8 10 23 24 29 0 
14 29 0 
3 4 9 26 0 
3 5 13 14 21 22 29 0 
10 21 28 30 0 
10 14 22 0 
3 5 6 9 16 17 22 26 27 28 0 
1 3 4 5 9 16 18 19 26 27 0 
4 13 19 23 30 0 
2 4 6 20 24 27 30 0 
2 8 10 13 15 17 28 0 
1 2 4 12 17 22 23 29 30 0 
12 14 18 19 20 23 24 0 
8 11 12 16 18 23 0 
9 10 11 14 15 28 30 0 
1 4 10 14 15 17 22 26 28 0 
1 2 7 8 20 21 23 24 0 
10 12 18 21 23 26 28 29 0 
1 4 11 12 18 25 0 
7 14 20 22 23 29 30 0 
1 3 18 24 25 28 0 
1 3 13 17 18 24 30 0 
4 8 11 13 21 27 0 
15 16 23 0 
2 11 13 15 17 23 26 0 
4 12 19 23 0 
2 3 15 19 0 
1 3 8 9 13 19 23 29 30 0 
1 12 13 14 22 26 29 0 
3 4 9 16 20 22 23 24 27 28 0 
5 16 21 26 0 
10 11 12 13 0 
1 5 6 7 10 18 0 
4 5 14 26 30 0 
6 7 10 12 13 19 22 25 0 
12 23 25 28 0 
3 5 11 15 19 21 27 0 
1 6 9 10 20 23 0 
7 11 15 18 27 28 29 0 
3 8 11 17 23 26 0 
5 8 13 17 19 21 28 0 
1 2 5 9 22 23 27 30 0 
12 19 22 29 0 
2 3 4 5 15 17 25 27 0 
4 10 12 13 20 30 0 
3 5 8 13 18 22 24 25 30 0 
1 2 3 4 15 18 19 24 25 29 0 
5 8 13 19 23 0 
6 9 10 14 16 18 21 24 28 30 0 
5 11 22 23 25 0 
10 11 15 18 19 23 29 30 0 
16 19 22 27 30 0 
6 7 12 21 22 0 
8 15 17 18 26 30 0 
4 12 16 29 0 
2 17 19 22 28 30 0 
2 3 4 5 11 17 20 23 25 27 0 
7 9 12 18 23 27 28 0 
1 14 15 20 24 25 0 
4 9 10 18 19 0 
12 13 17 23 24 29 0 
2 8 25 28 30 0 
2 15 16 17 20 25 0 
3 8 13 15 17 29 0 
3 5 8 26 29 0 
8 13 23 30 0 
3 4 8 18 22 26 27 28 0 
1 5 7 10 14 17 21 26 0 
3 8 10 11 17 25 28 0 
6 8 11 30 0 
14 23 0 
3 10 12 22 28 0 
4 5 6 7 8 18 19 20 22 30 0 
1 3 7 10 12 14 17 21 25 27 28 29 0 
2 4 5 9 14 16 19 20 0 
1 3 6 16 29 0 
2 3 7 11 18 19 21 24 26 0 
2 3 8 11 18 0 
15 24 25 0 
1 10 16 18 21 22 0 
1 10 17 22 30 0 
4 5 7 11 14 27 0 
1 4 5 10 13 14 15 18 19 24 28 30 0 
3 10 12 15 17 21 23 24 0 
7 9 12 13 17 19 20 22 26 28 0 
7 11 20 23 26 0 
1 3 6 13 15 24 25 27 0 
4 13 19 20 21 25 26 0 
3 8 13 23 26 28 0 
1 3 5 7 8 11 12 15 21 0 
15 18 29 0 
5 6 7 8 10 25 0 
2 4 7 14 16 19 29 0 
1 8 10 13 17 20 26 0 
16 18 25 30 0 
2 5 14 17 23 24 0 
4 6 13 0 
8 10 12 23 25 26 0 
1 11 15 20 24 0 
4 7 12 23 24 27 28 0 
5 7 9 20 24 27 28 29 0 
5 8 12 15 19 21 25 29 0 
2 4 10 17 18 23 0 
4 8 14 21 26 0 
5 8 14 15 18 19 25 29 0 
4 6 7 14 16 17 24 28 0 
7 15 16 21 29 0 
3 5 6 11 15 17 18 19 23 0 
2 3 6 16 17 19 22 0 
1 4 7 11 14 0 
1 29 0 
3 5 14 30 0 
4 14 22 24 29 0 
16 19 22 26 30 0 
3 6 14 15 19 23 25 28 29 30 0 
5 16 17 25 0 
2 7 9 14 15 27 30 0 
8 20 29 0 
3 7 10 17 25 26 28 0 
2 5 9 18 25 0 
1 5 7 10 11 12 15 16 18 21 0 
2 14 16 20 24 26 28 30 0 
3 4 5 7 28 0 
1 5 7 8 20 27 0 
2 4 9 13 14 20 29 0 
11 12 17 22 27 0 
1 2 6 12 17 27 0 
3 6 7 8 25 27 0 
1 4 13 23 26 30 0 
3 11 19 25 0 
3 6 10 20 26 0 
2 7 8 9 12 14 18 25 27 29 0 
5 9 10 18 22 27 0 
2 3 7 12 16 20 28 0 
11 13 15 16 30 0 
3 10 16 19 20 27 30 0 
6 10 11 12 13 15 18 26 27 0 
8 19 21 0 
7 9 18 25 0 
1 13 14 15 18 21 27 0 
3 9 11 13 14 19 0 
1 11 16 20 23 0 
2 15 20 21 23 0 
1 7 8 10 13 18 22 24 25 27 30 0 
5 10 18 19 20 24 0 
4 8 10 14 16 19 21 24 28 0 
1 6 9 14 27 0 
3 10 11 28 30 0 
4 9 18 0 
4 6 14 16 20 21 23 27 29 0 
14 17 18 21 0 
4 9 17 27 0 
16 17 19 20 22 29 0 
4 6 15 16 22 27 29 30 0 
8 9 18 24 25 28 0 
3 4 5 9 12 28 0 
2 11 15 25 0 
4 5 6 9 13 15 16 22 0 
1 2 12 14 27 28 0 
2 4 12 13 15 18 20 21 0 
3 19 21 24 29 0 
2 5 0 
11 14 17 27 0 
9 11 16 17 21 26 28 30 0 
8 9 24 26 27 0 
7 19 20 0 
14 21 22 25 27 30 0 
2 9 21 30 0 
10 16 18 20 21 0 
3 7 10 21 24 28 29 0 
6 11 15 23 24 29 0 
7 12 13 15 18 0 
7 9 10 12 23 24 0 
4 9 11 14 22 0 
1 2 6 12 15 17 25 27 0 
7 15 0 
4 8 13 15 19 21 29 30 0 
2 10 11 16 24 25 27 0 
11 23 27 29 0 
11 14 19 24 27 29 30 0 
2 12 13 24 0 
2 7 8 9 21 26 0 
1 10 28 29 0 
6 9 10 15 0 
6 7 13 20 21 22 24 25 26 0 
7 9 12 13 14 16 17 18 26 30 0 
15 23 26 0 
7 9 11 13 15 27 29 0 
2 4 6 7 14 25 27 28 29 0 
1 20 25 0 
7 16 21 27 0 
2 8 9 12 15 19 27 0 
1 3 5 7 13 15 18 19 23 29 0 
19 22 27 29 0 
1 6 9 24 0 
4 7 15 16 17 26 28 30 0 
2 11 16 18 20 21 22 29 0 
1 6 7 12 14 26 0 
8 9 14 15 16 20 30 0 
2 12 17 18 19 22 24 26 27 28 29 0 
4 12 14 28 0 
1 2 5 6 12 15 20 0 
2 7 13 20 21 23 29 0 
7 17 19 20 26 30 0 
3 6 7 10 11 23 25 0 
7 15 0 
4 14 17 0 
9 13 14 16 17 22 25 0 
1 6 14 15 22 26 27 0 
1 5 11 12 17 18 19 25 0 
5 6 10 14 15 16 17 19 22 23 27 28 30 0 
2 5 6 8 16 19 22 0 
3 5 24 28 30 0 
9 10 17 18 28 30 0 
8 19 27 0 
1 5 13 16 26 27 0 
4 19 21 22 28 0 
1 2 3 5 12 13 15 23 25 26 0 
8 9 12 15 17 20 21 25 30 0 
4 7 9 13 17 19 23 0 
1 5 13 17 23 0 
6 7 9 12 15 16 17 26 0 
2 3 20 26 28 0 
1 7 12 16 17 24 0 
4 5 9 18 23 26 27 0 
3 8 19 23 25 27 0 
1 14 19 21 0 
8 10 14 21 23 0 
1 4 13 15 16 20 23 30 0 
5 9 12 13 26 28 0 
3 10 11 15 16 25 27 0 
8 12 17 23 24 26 0 
2 14 21 24 26 27 28 0 
9 10 16 18 20 24 25 0 
11 18 26 28 30 0 
8 9 10 13 19 21 0 
2 8 9 10 11 25 0 
2 25 0 
5 8 17 19 22 25 27 0 
8 10 12 19 22 27 28 30 0 
3 9 11 13 14 19 24 27 0 
9 10 28 0 
5 7 9 10 12 15 23 25 30 0 
2 7 10 11 14 23 30 0 
1 16 18 19 26 27 28 29 0 
12 16 20 21 26 28 29 0 
10 13 17 24 28 30 0 
1 6 8 10 15 20 21 27 0 
5 8 9 17 26 0 
1 5 25 27 29 0 
8 10 15 16 24 0 
3 4 9 10 12 17 18 20 22 29 0 
6 10 11 24 25 26 0 
5 10 12 21 28 0 
8 10 11 15 18 22 25 0 
6 9 12 14 22 24 25 26 28 0 
4 12 19 28 30 0 
3 11 12 16 21 23 25 0 
11 13 14 17 24 25 28 0 
3 9 10 19 28 30 0 
3 7 8 16 21 24 28 0 
1 6 15 21 0 
2 8 14 23 26 0 
2 10 11 13 15 19 30 0 
1 2 3 7 9 21 0 
2 3 7 15 24 25 26 0 
10 13 14 18 19 0 
3 18 20 29 0 
8 16 21 23 0 
2 4 5 12 19 22 23 24 30 0 
1 3 6 9 28 0 
2 8 15 18 19 22 25 0 
11 17 23 28 0 
5 9 16 21 24 25 26 27 30 0 
-2 -9 -14 -19 -30 0 
-1 -6 -7 -17 -19 -22 -28 -30 0 
-3 -4 -5 -12 -19 -28 0 
-5 -10 -11 -13 -21 -29 0 
-10 -17 -19 -22 -26 0 
-4 -15 -23 0 
-16 -17 -18 -21 -23 -26 -27 -29 0 
-8 -10 -11 -27 0 
-10 -13 -16 -29 -30 0 
-3 -8 -14 -16 -18 -30 0 
-14 -28 0 
-7 -11 -13 -18 -19 -25 0 
-6 -9 -16 -17 -18 -19 -24 -27 -28 -30 0 
-4 -5 -6 -11 -12 -16 -20 -23 -24 -27 0 
-3 -4 -9 -11 -12 -21 -26 0 
-6 -14 -15 -19 -24 -25 -27 0 
-14 -15 -19 0 
-9 -14 -22 -23 -30 0 
-3 -5 -7 -11 -16 -21 0 
-5 -10 -12 -20 -28 -30 0 
-5 -13 -16 -23 0 
-2 -3 -10 -12 -20 -22 -30 0 
-2 -4 -6 -12 -14 -16 -17 -18 -22 -29 -30 0 
-8 -9 -12 -14 -23 -30 0 
-9 -10 -22 -26 -29 0 
-7 -9 -15 -20 0 
-6 -9 -11 -16 -19 -21 0 
-3 -8 -11 -13 -17 -27 0 
-16 -18 -23 -30 0 
-7 -15 -16 -21 -25 -28 -29 0 
-3 -5 -10 -11 -24 -27 0 
-5 -10 -11 -13 -15 0 
-1 -3 -4 -8 0 
-4 -9 -12 -14 -16 -30 0 
-2 -5 -14 -15 -16 -19 -27 -28 0 
-2 -3 -6 -7 -9 -13 -21 -23 0 
-7 -9 -12 -15 -16 -18 -26 0 
-2 -12 -17 -19 -26 -30 0 
-1 -3 -8 -14 -18 -24 -27 0 
-4 -5 -12 -14 -15 -21 -23 0 
-2 -4 -11 -25 0 
-10 -11 -12 -17 -19 -26 -27 -29 0 
-1 -5 -13 -15 -22 -24 0 
-6 -7 -19 -20 -25 -29 -30 0 
-2 -9 -13 -16 -18 -26 -30 0 
-11 -18 -22 -23 -28 -30 0 
-2 -3 -5 -8 -9 -11 -20 -28 0 
-9 -11 -17 -20 -22 -23 -26 0 
-4 -5 -17 -29 0 
-3 -4 -8 -13 -14 -17 -19 -23 -27 -30 0 
-20 -23 -27 -30 0 
-6 -7 -12 -24 -28 0 
-3 -4 -6 -9 -12 -13 -14 -18 -20 -26 -29 0 
-5 -6 -8 -10 -21 0 
-2 -3 -8 -10 -20 -22 -26 -27 0 
-6 -10 -16 -17 -18 0 
-3 -4 -16 -18 -23 -28 -30 0 
-8 -11 -12 -13 -17 -23 0 
-2 -8 -9 -11 -13 -16 -17 -21 -28 -29 0 
-8 -14 -18 -20 -30 0 
-5 -8 -19 -21 -22 -27 0 
-1 -4 -9 -11 -23 -25 -27 -30 0 
-5 -9 -18 -19 -26 0 
-4 -7 -9 -11 -15 -21 -27 -28 -29 0 
-9 -10 -13 -15 -16 -19 -22 -25 0 
-4 -9 -17 -30 0 
-17 -18 -21 -24 0 
-2 -5 -6 -10 -11 -15 -20 -22 0 
-3 -4 -6 -12 -15 -19 -26 -27 0 
-1 -7 -9 -10 -13 -14 -16 -18 -19 -21 -24 -25 -27 0 
-4 -5 -8 -9 -11 -24 0 
-3 -6 -19 -23 0 
-1 -5 -7 -19 -20 -22 -27 -28 -30 0 
-2 -4 -11 -13 -18 0 
-2 -4 -7 -9 -15 -30 0 
-1 -16 -20 -22 -25 0 
-4 -5 -15 -21 -26 -27 0 
-3 -5 -7 -10 -17 0 
-7 -9 -12 -22 -23 -28 0 
-3 -4 -5 -6 -7 -16 -25 -26 -30 0 
-4 -5 -7 -10 -12 -16 -29 -30 0 
-7 -10 -16 -23 -25 -29 -30 0 
-7 -11 -16 -22 -24 -26 0 
-2 -6 -11 -12 -13 -20 -23 -24 -25 -28 -30 0 
-2 -5 -7 -10 -11 -12 -13 -15 -18 -25 -27 -28 0 
-4 -9 -11 -12 -19 -22 -25 -26 -29 0 
-1 -11 -13 -17 -25 -27 -29 0 
-1 -5 -24 -27 0 
-5 -9 -14 -28 0 
-2 -7 -12 -18 -19 -21 -22 0 
-4 -9 -12 -14 0 
-2 -12 -16 -20 -21 -24 -26 -28 0 
-3 -7 -9 -14 -22 -23 0 
-1 -4 -9 -10 -13 -15 0 
-5 -8 -22 0 
-12 -20 -23 -26 0 
-5 -6 -8 -10 -18 -21 -30 0 
-3 -9 -10 -11 -16 0 
-1 -10 -16 -17 -21 0 
-4 -6 -10 -23 -26 -30 0 
-7 -9 -11 -15 -18 -24 -26 -30 0 
-3 -4 -6 -9 -11 -13 0 
-4 -5 -13 -17 -24 0 
-1 -4 -5 -10 -13 -14 -18 0 
-9 -16 -18 -19 -30 0 
-9 -14 -15 -16 -20 0 
-9 -13 -17 -18 -22 -24 -26 -27 0 
-9 -17 -18 -20 0 
-2 -9 -11 -18 -19 -21 -23 -25 0 
-7 -8 -9 -11 -23 -29 0 
-1 -5 -8 -9 -10 -13 -26 0 
-1 -3 -11 -13 -17 -18 -25 0 
-1 -3 -6 -7 -10 -15 -16 -17 -20 0 
-3 -10 -14 -15 -19 -21 -25 -26 -27 -28 0 
-5 -15 -18 -22 -27 0 
-4 -7 -10 -11 -12 0 
-6 -11 -17 -18 -22 -27 -29 0 
-6 -9 -18 -21 -26 -30 0 
-5 -10 -15 -23 -24 0 
-4 -11 -20 -25 -26 -27 0 
-1 -7 -13 -16 -17 -21 -23 -24 -26 0 
-2 -7 -17 -18 -29 0 
-3 -5 -7 -8 -9 -15 -16 -30 0 
-3 -7 -11 -13 -17 -18 -23 -30 0 
-4 -8 -13 -16 -24 -26 0 
-4 -6 -8 -13 -17 -20 -23 -27 0 
-6 -8 -10 -23 -24 -29 0 
-14 -29 0 
-3 -4 -9 -26 0 
-3 -5 -13 -14 -21 -22 -29 0 
-10 -21 -28 -30 0 
-10 -14 -22 0 
-3 -5 -6 -9 -16 -17 -22 -26 -27 -28 0 
-1 -3 -4 -5 -9 -16 -18 -19 -26 -27 0 
-4 -13 -19 -23 -30 0 
-2 -4 -6 -20 -24 -27 -30 0 
-2 -8 -10 -13 -15 -17 -28 0 
-1 -2 -4 -12 -17 -22 -23 -29 -30 0 
-12 -14 -18 -19 -20 -23 -24 0 
-8 -11 -12 -16 -18 -23 0 
-9 -10 -11 -14 -15 -28 -30 0 
-1 -4 -10 -14 -15 -17 -22 -26 -28 0 
-1 -2 -7 -8 -20 -21 -23 -24 0 
-10 -12 -18 -21 -23 -26 -28 -29 0 
-1 -4 -11 -12 -18 -25 0 
-7 -14 -20 -22 -23 -29 -30 0 
-1 -3 -18 -24 -25 -28 0 
-1 -3 -13 -17 -18 -24 -30 0 
-4 -8 -11 -13 -21 -27 0 
-15 -16 -23 0 
-2 -11 -13 -15 -17 -23 -26 0 
-4 -12 -19 -23 0 
-2 -3 -15 -19 0 
-1 -3 -8 -9 -13 -19 -23 -29 -30 0 
-1 -12 -13 -14 -22 -26 -29 0 
-3 -4 -9 -16 -20 -22 -23 -24 -27 -28 0 
-5 -16 -21 -26 0 
-10 -11 -12 -13 0 
-1 -5 -6 -7 -10 -18 0 
-4 -5 -14 -26 -30 0 
-6 -7 -10 -12 -13 -19 -22 -25 0 
-12 -23 -25 -28 0 
-3 -5 -11 -15 -19 -21 -27 0 
-1 -6 -9 -10 -20 -23 0 
-7 -11 -15 -18 -27 -28 -29 0 
-3 -8 -11 -17 -23 -26 0 
-5 -8 -13 -17 -19 -21 -28 0 
-1 -2 -5 -9 -22 -23 -27 -30 0 
-12 -19 -22 -29 0 
-2 -3 -4 -5 -15 -17 -25 -27 0 
-4 -10 -12 -13 -20 -30 0 
-3 -5 -8 -13 -18 -22 -24 -25 -30 0 
-1 -2 -3 -4 -15 -18 -19 -24 -25 -29 0 
-5 -8 -13 -19 -23 0 
-6 -9 -10 -14 -16 -18 -21 -24 -28 -30 0 
-5 -11 -22 -23 -25 0 
-10 -11 -15 -18 -19 -23 -29 -30 0 
-16 -19 -22 -27 -30 0 
-6 -7 -12 -21 -22 0 
-8 -15 -17 -18 -26 -30 0 
-4 -12 -16 -29 0 
-2 -17 -19 -22 -28 -30 0 
-2 -3 -4 -5 -11 -17 -20 -23 -25 -27 0 
-7 -9 -12 -18 -23 -27 -28 0 
-1 -14 -15 -20 -24 -25 0 
-4 -9 -10 -18 -19 0 
-12 -13 -17 -23 -24 -29 0 
-2 -8 -25 -28 -30 0 
-2 -15 -16 -17 -20 -25 0 
-3 -8 -13 -15 -17 -29 0 
-3 -5 -8 -26 -29 0 
-8 -13 -23 -30 0 
-3 -4 -8 -18 -22 -26 -27 -28 0 
-1 -5 -7 -10 -14 -17 -21 -26 0 
-3 -8 -10 -11 -17 -25 -28 0 
-6 -8 -11 -30 0 
-14 -23 0 
-3 -10 -12 -22 -28 0 
-4 -5 -6 -7 -8 -18 -19 -20 -22 -30 0 
-1 -3 -7 -10 -12 -14 -17 -21 -25 -27 -28 -29 0 
-2 -4 -5 -9 -14 -16 -19 -20 0 
-1 -3 -6 -16 -29 0 
-2 -3 -7 -11 -18 -19 -21 -24 -26 0 
-2 -3 -8 -11 -18 0 
-15 -24 -25 0 
-1 -10 -16 -18 -21 -22 0 
-1 -10 -17 -22 -30 0 
-4 -5 -7 -11 -14 -27 0 
-1 -4 -5 -10 -13 -14 -15 -18 -19 -24 -28 -30 0 
-3 -10 -12 -15 -17 -21 -23 -24 0 
-7 -9 -12 -13 -17 -19 -20 -22 -26 -28 0 
-7 -11 -20 -23 -26 0 
-1 -3 -6 -13 -15 -24 -25 -27 0 
-4 -13 -19 -20 -21 -25 -26 0 
-3 -8 -13 -23 -26 -28 0 
-1 -3 -5 -7 -8 -11 -12 -15 -21 0 
-15 -18 -29 0 
-5 -6 -7 -8 -10 -25 0 
-2 -4 -7 -14 -16 -19 -29 0 
-1 -8 -10 -13 -17 -20 -26 0 
-16 -18 -25 -30 0 
-2 -5 -14 -17 -23 -24 0 
-4 -6 -13 0 
-8 -10 -12 -23 -25 -26 0 
-1 -11 -15 -20 -24 0 
-4 -7 -12 -23 -24 -27 -28 0 
-5 -7 -9 -20 -24 -27 -28 -29 0 
-5 -8 -12 -15 -19 -21 -25 -29 0 
-2 -4 -10 -17 -18 -23 0 
-4 -8 -14 -21 -26 0 
-5 -8 -14 -15 -18 -19 -25 -29 0 
-4 -6 -7 -14 -16 -17 -24 -28 0 
-7 -15 -16 -21 -29 0 
-3 -5 -6 -11 -15 -17 -18 -19 -23 0 
-2 -3 -6 -16 -17 -19 -22 0 
-1 -4 -7 -11 -14 0 
-1 -29 0 
-3 -5 -14 -30 0 
-4 -14 -22 -24 -29 0 
-16 -19 -22 -26 -30 0 
-3 -6 -14 -15 -19 -23 -25 -28 -29 -30 0 
-5 -16 -17 -25 0 
-2 -7 -9 -14 -15 -27 -30 0 
-8 -20 -29 0 
-3 -7 -10 -17 -25 -26 -28 0 
-2 -5 -9 -18 -25 0 
-1 -5 -7 -10 -11 -12 -15 -16 -18 -21 0 
-2 -14 -16 -20 -24 -26 -28 -30 0 
-3 -4 -5 -7 -28 0 
-1 -5 -7 -8 -20 -27 0 
-2 -4 -9 -13 -14 -20 -29 0 
-11 -12 -17 -22 -27 0 
-1 -2 -6 -12 -17 -27 0 
-3 -6 -7 -8 -25 -27 0 
-1 -4 -13 -23 -26 -30 0 
-3 -11 -19 -25 0 
-3 -6 -10 -20 -26 0 
-2 -7 -8 -9 -12 -14 -18 -25 -27 -29 0 
-5 -9 -10 -18 -22 -27 0 
-2 -3 -7 -12 -16 -20 -28 0 
-11 -13 -15 -16 -30 0 
-3 -10 -16 -19 -20 -27 -30 0 
-6 -10 -11 -12 -13 -15 -18 -26 -27 0 
-8 -19 -21 0 
-7 -9 -18 -25 0 
-1 -13 -14 -15 -18 -21 -27 0 
-3 -9 -11 -13 -14 -19 0 
-1 -11 -16 -20 -23 0 
-2 -15 -20 -21 -23 0 
-1 -7 -8 -10 -13 -18 -22 -24 -25 -27 -30 0 
-5 -10 -18 -19 -20 -24 0 
-4 -8 -10 -14 -16 -19 -21 -24 -28 0 
-1 -6 -9 -14 -27 0 
-3 -10 -11 -28 -30 0 
-4 -9 -18 0 
-4 -6 -14 -16 -20 -21 -23 -27 -29 0 
-14 -17 -18 -21 0 
-4 -9 -17 -27 0 
-16 -17 -19 -20 -22 -29 0 
-4 -6 -15 -16 -22 -27 -29 -30 0 
-8 -9 -18 -24 -25 -28 0 
-3 -4 -5 -9 -12 -28 0 
-2 -11 -15 -25 0 
-4 -5 -6 -9 -13 -15 -16 -22 0 
-1 -2 -12 -14 -27 -28 0 
-2 -4 -12 -13 -15 -18 -20 -21 0 
-3 -19 -21 -24 -29 0 
-2 -5 0 
-11 -14 -17 -27 0 
-9 -11 -16 -17 -21 -26 -28 -30 0 
-8 -9 -24 -26 -27 0 
-7 -19 -20 0 
-14 -21 -22 -25 -27 -30 0 
-2 -9 -21 -30 0 
-10 -16 -18 -20 -21 0 
-3 -7 -10 -21 -24 -28 -29 0 
-6 -11 -15 -23 -24 -29 0 
-7 -12 -13 -15 -18 0 
-7 -9 -10 -12 -23 -24 0 
-4 -9 -11 -14 -22 0 
-1 -2 -6 -12 -15 -17 -25 -27 0 
-7 -15 0 
-4 -8 -13 -15 -19 -21 -29 -30 0 
-2 -10 -11 -16 -24 -25 -27 0 
-11 -23 -27 -29 0 
-11 -14 -19 -24 -27 -29 -30 0 
-2 -12 -13 -24 0 
-2 -7 -8 -9 -21 -26 0 
-1 -10 -28 -29 0 
-6 -9 -10 -15 0 
-6 -7 -13 -20 -21 -22 -24 -25 -26 0 
-7 -9 -12 -13 -14 -16 -17 -18 -26 -30 0 
-15 -23 -26 0 
-7 -9 -11 -13 -15 -27 -29 0 
-2 -4 -6 -7 -14 -25 -27 -28 -29 0 
-1 -20 -25 0 
-7 -16 -21 -27 0 
-2 -8 -9 -12 -15 -19 -27 0 
-1 -3 -5 -7 -13 -15 -18 -19 -23 -29 0 
-19 -22 -27 -29 0 
-1 -6 -9 -24 0 
-4 -7 -15 -16 -17 -26 -28 -30 0 
-2 -11 -16 -18 -20 -21 -22 -29 0 
-1 -6 -7 -12 -14 -26 0 
-8 -9 -14 -15 -16 -20 -30 0 
-2 -12 -17 -18 -19 -22 -24 -26 -27 -28 -29 0 
-4 -12 -14 -28 0 
-1 -2 -5 -6 -12 -15 -20 0 
-2 -7 -13 -20 -21 -23 -29 0 
-7 -17 -19 -20 -26 -30 0 
-3 -6 -7 -10 -11 -23 -25 0 
-7 -15 0 
-4 -14 -17 0 
-9 -13 -14 -16 -17 -22 -25 0 
-1 -6 -14 -15 -22 -26 -27 0 
-1 -5 -11 -12 -17 -18 -19 -25 0 
-5 -6 -10 -14 -15 -16 -17 -19 -22 -23 -27 -28 -30 0 
-2 -5 -6 -8 -16 -19 -22 0 
-3 -5 -24 -28 -30 0 
-9 -10 -17 -18 -28 -30 0 
-8 -19 -27 0 
-1 -5 -13 -16 -26 -27 0 
-4 -19 -21 -22 -28 0 
-1 -2 -3 -5 -12 -13 -15 -23 -25 -26 0 
-8 -9 -12 -15 -17 -20 -21 -25 -30 0 
-4 -7 -9 -13 -17 -19 -23 0 
-1 -5 -13 -17 -23 0 
-6 -7 -9 -12 -15 -16 -17 -26 0 
-2 -3 -20 -26 -28 0 
-1 -7 -12 -16 -17 -24 0 
-4 -5 -9 -18 -23 -26 -27 0 
-3 -8 -19 -23 -25 -27 0 
-1 -14 -19 -21 0 
-8 -10 -14 -21 -23 0 
-1 -4 -13 -15 -16 -20 -23 -30 0 
-5 -9 -12 -13 -26 -28 0 
-3 -10 -11 -15 -16 -25 -27 0 
-8 -12 -17 -23 -24 -26 0 
-2 -14 -21 -24 -26 -27 -28 0 
-9 -10 -16 -18 -20 -24 -25 0 
-11 -18 -26 -28 -30 0 
-8 -9 -10 -13 -19 -21 0 
-2 -8 -9 -10 -11 -25 0 
-2 -25 0 
-5 -8 -17 -19 -22 -25 -27 0 
-8 -10 -12 -19 -22 -27 -28 -30 0 
-3 -9 -11 -13 -14 -19 -24 -27 0 
-9 -10 -28 0 
-5 -7 -9 -10 -12 -15 -23 -25 -30 0 
-2 -7 -10 -11 -14 -23 -30 0 
-1 -16 -18 -19 -26 -27 -28 -29 0 
-12 -16 -20 -21 -26 -28 -29 0 
-10 -13 -17 -24 -28 -30 0 
-1 -6 -8 -10 -15 -20 -21 -27 0 
-5 -8 -9 -17 -26 0 
-1 -5 -25 -27 -29 0 
-8 -10 -15 -16 -24 0 
-3 -4 -9 -10 -12 -17 -18 -20 -22 -29 0 
-6 -10 -11 -24 -25 -26 0 
-5 -10 -12 -21 -28 0 
-8 -10 -11 -15 -18 -22 -25 0 
-6 -9 -12 -14 -22 -24 -25 -26 -28 0 
-4 -12 -19 -28 -30 0 
-3 -11 -12 -16 -21 -23 -25 0 
-11 -13 -14 -17 -24 -25 -28 0 
-3 -9 -10 -19 -28 -30 0 
-3 -7 -8 -16 -21 -24 -28 0 
-1 -6 -15 -21 0 
-2 -8 -14 -23 -26 0 
-2 -10 -11 -13 -15 -19 -30 0 
-1 -2 -3 -7 -9 -21 0 
-2 -3 -7 -15 -24 -25 -26 0 
-10 -13 -14 -18 -19 0 
-3 -18 -20 -29 0 
-8 -16 -21 -23 0 
-2 -4 -5 -12 -19 -22 -23 -24 -30 0 
-1 -3 -6 -9 -28 0 
-2 -8 -15 -18 -19 -22 -25 0 
-11 -17 -23 -28 0 
-5 -9 -16 -21 -24 -25 -26 -27 -30 0 
