p cnf 30 800
2 5 7 9 12 23 25 26 29 0 
1 14 15 17 19 20 24 0 
1 5 9 19 24 0 
8 9 11 14 15 18 19 30 0 
4 6 8 22 25 0 
10 13 14 17 20 26 27 29 0 
20 23 26 27 0 
8 9 10 18 19 22 24 25 26 28 0 
6 8 15 17 21 24 25 28 0 
3 10 23 0 
2 5 6 10 14 16 19 20 0 
7 10 13 29 0 
12 14 15 21 28 0 
1 14 25 28 29 30 0 
3 5 9 10 15 22 25 30 0 
4 5 8 9 27 30 0 
1 16 17 18 29 0 
3 10 22 26 0 
9 15 22 23 30 0 
1 6 8 17 19 24 27 28 0 
5 9 15 17 23 24 25 28 0 
12 14 18 23 24 27 0 
2 4 5 9 14 15 0 
4 6 9 11 15 21 24 29 30 0 
14 15 20 22 30 0 
3 8 14 18 22 26 0 
2 4 18 26 0 
3 4 13 21 22 24 0 
3 5 10 17 19 21 25 28 29 0 
23 24 28 0 
4 14 15 17 18 25 30 0 
2 3 6 10 14 20 0 
4 9 12 21 22 24 26 28 0 
3 5 9 12 15 18 0 
7 12 15 19 20 27 0 
5 9 10 19 24 26 0 
9 22 29 0 
6 9 12 21 0 
6 12 17 29 0 
2 6 8 9 12 16 22 30 0 
1 6 8 14 20 23 27 0 
11 12 13 15 23 28 29 0 
13 15 16 28 29 0 
7 11 13 17 29 0 
9 10 13 19 26 0 
5 12 13 18 21 25 0 
4 7 10 15 26 27 30 0 
11 13 19 27 30 0 
8 10 13 24 29 30 0 
5 12 17 23 25 28 30 0 
3 13 18 22 27 0 
1 4 7 13 22 24 26 0 
1 9 10 14 16 22 25 26 0 
2 3 10 12 18 21 0 
5 8 9 10 11 12 16 17 21 0 
1 3 4 7 9 28 0 
14 18 20 21 25 27 0 
5 8 13 14 15 19 22 25 0 
8 10 15 19 23 25 30 0 
4 22 24 25 30 0 
1 10 13 16 21 25 26 27 28 0 
10 13 14 19 21 24 0 
1 4 6 7 14 17 30 0 
2 7 8 19 20 22 0 
6 8 29 0 
1 13 15 22 23 27 0 
3 4 13 21 24 28 29 0 
1 7 9 11 13 14 23 25 28 0 
5 14 27 0 
8 14 17 29 30 0 
2 9 18 19 21 24 25 28 0 
3 9 13 15 19 26 28 0 
1 7 29 0 
3 7 23 25 0 
2 3 6 11 13 20 28 30 0 
10 14 17 18 19 24 29 0 
5 6 9 23 0 
7 9 13 17 30 0 
4 5 7 13 14 19 27 30 0 
5 10 12 22 26 27 0 
4 5 8 9 12 17 19 22 26 27 0 
2 4 10 14 15 19 22 25 28 0 
3 7 9 10 15 16 19 25 0 
3 9 14 17 18 24 25 0 
1 5 7 23 0 
5 7 10 13 19 21 23 26 29 0 
5 18 19 23 0 
3 7 10 21 0 
12 16 21 22 25 30 0 
4 7 9 18 20 24 27 0 
4 9 16 18 19 23 0 
2 7 9 10 12 14 17 22 28 0 
8 13 14 17 22 0 
6 7 10 12 13 14 18 22 26 27 29 0 
1 6 14 15 19 23 0 
6 7 10 23 30 0 
3 10 11 24 25 0 
7 14 27 30 0 
3 10 13 14 24 30 0 
1 2 3 7 11 29 0 
1 5 9 13 0 
3 6 14 16 18 29 0 
4 5 14 20 23 24 27 28 29 30 0 
4 7 8 17 18 19 20 23 0 
7 9 22 24 25 28 30 0 
4 10 11 15 20 29 0 
3 10 19 0 
11 19 0 
1 2 4 5 6 9 18 22 24 0 
7 11 19 20 21 29 0 
8 9 11 12 23 24 0 
3 10 14 17 0 
1 11 23 28 0 
5 6 11 14 21 29 0 
9 13 14 15 29 0 
2 10 15 19 0 
1 2 7 11 14 15 16 17 21 0 
2 6 12 16 19 20 0 
13 14 17 27 28 30 0 
12 18 21 23 25 28 0 
2 8 18 24 28 0 
3 9 12 19 25 26 29 30 0 
5 8 10 12 18 30 0 
3 5 13 20 21 24 27 28 0 
1 6 7 9 12 29 0 
2 6 15 26 0 
6 7 8 17 19 22 26 30 0 
7 8 12 14 15 0 
16 25 0 
5 8 14 15 20 22 25 29 0 
3 5 6 7 12 15 19 29 0 
6 7 15 19 30 0 
3 9 13 18 30 0 
3 13 16 18 19 22 0 
1 3 4 6 7 9 20 21 22 24 26 27 0 
5 6 18 23 25 28 29 30 0 
6 15 17 20 22 24 25 0 
1 6 13 24 25 0 
5 7 9 18 26 0 
5 7 10 15 17 19 23 27 29 0 
9 11 17 19 23 0 
1 2 4 5 14 23 25 30 0 
1 17 23 28 0 
5 16 29 0 
3 7 8 11 12 20 22 0 
4 9 14 18 25 26 0 
5 6 8 9 11 23 29 0 
16 21 28 0 
2 4 26 30 0 
1 4 5 8 9 12 20 21 25 30 0 
2 6 9 11 17 18 21 29 0 
10 11 12 17 18 21 28 0 
11 14 16 20 21 25 28 0 
8 9 11 12 19 22 0 
1 3 11 13 14 19 25 28 0 
4 8 12 18 24 27 28 0 
3 4 5 9 11 16 19 23 24 30 0 
2 15 17 20 26 0 
8 13 20 25 26 0 
1 22 24 25 30 0 
9 11 15 16 21 0 
1 5 7 11 14 21 26 30 0 
3 4 16 17 21 26 28 0 
12 26 27 29 0 
6 12 13 14 20 0 
5 11 14 26 27 28 0 
8 11 0 
4 6 11 17 19 21 22 23 0 
2 6 20 21 26 0 
10 13 19 21 29 30 0 
2 9 11 19 27 0 
1 3 7 23 28 0 
3 6 7 11 12 14 21 26 27 0 
1 2 3 13 14 15 21 0 
7 14 22 24 28 0 
5 16 17 18 23 26 30 0 
1 3 5 6 9 11 16 28 0 
1 6 8 14 19 22 25 26 28 0 
1 2 4 5 10 11 20 22 24 0 
1 11 14 28 0 
1 4 9 13 15 25 0 
2 4 7 11 18 20 23 28 0 
8 24 28 30 0 
3 7 14 20 24 26 28 0 
5 6 12 24 29 0 
2 5 6 10 17 20 26 0 
6 7 8 13 15 19 21 27 0 
12 20 27 29 0 
7 11 14 16 24 0 
3 4 5 12 29 30 0 
6 10 14 16 18 22 25 26 0 
16 18 19 21 24 28 0 
1 2 10 11 16 23 27 29 0 
3 7 11 12 13 17 21 24 30 0 
6 10 11 15 16 21 26 28 0 
6 9 11 25 27 29 0 
1 3 7 8 12 13 17 20 21 24 25 28 0 
8 13 25 0 
1 2 11 14 21 24 29 0 
3 8 16 21 27 28 0 
5 10 16 21 0 
2 3 4 5 8 12 28 0 
15 19 21 24 25 0 
6 8 11 17 22 30 0 
10 12 21 25 27 29 0 
4 15 18 29 0 
3 4 5 6 7 8 9 10 18 19 23 26 0 
2 7 9 14 0 
5 7 9 10 16 20 22 25 27 0 
2 4 6 11 17 25 28 29 0 
3 4 8 19 20 21 27 29 0 
4 5 6 7 8 15 28 0 
3 6 7 8 11 17 19 22 24 27 0 
3 9 18 0 
2 5 7 10 11 20 21 0 
1 2 7 14 18 22 23 28 0 
6 10 11 12 13 18 20 21 25 26 0 
3 8 17 24 0 
2 7 8 10 14 15 16 20 23 27 0 
6 9 11 21 26 30 0 
3 13 14 29 0 
4 5 7 20 0 
6 10 19 23 0 
6 10 16 21 26 0 
7 12 14 19 0 
2 7 11 20 21 24 30 0 
3 8 14 20 26 29 0 
10 16 17 18 22 26 27 28 0 
13 20 21 22 28 0 
2 8 10 14 25 0 
6 11 13 14 19 23 26 0 
2 7 13 16 21 26 27 0 
1 6 7 11 19 20 30 0 
3 4 6 7 11 22 25 0 
7 8 10 11 14 15 17 19 0 
1 9 16 18 19 0 
2 4 14 16 27 29 0 
2 3 12 18 19 21 0 
5 8 15 21 30 0 
6 8 12 16 19 23 24 0 
2 7 29 0 
1 8 9 17 18 24 27 0 
2 8 13 14 15 18 24 26 0 
3 8 18 20 23 26 0 
8 13 15 18 20 27 30 0 
6 18 20 25 27 0 
3 4 8 14 18 19 23 29 0 
2 4 11 12 13 26 30 0 
14 18 19 24 0 
10 11 14 18 20 30 0 
2 7 9 10 21 28 29 0 
6 10 14 15 19 20 0 
1 5 9 12 15 18 29 0 
2 4 10 28 30 0 
8 10 14 26 0 
1 9 10 11 12 15 29 0 
3 5 7 10 12 13 16 18 24 28 0 
6 11 16 17 20 28 0 
8 13 16 22 23 24 27 0 
2 3 4 10 14 16 19 20 24 27 0 
3 10 13 16 18 24 26 27 29 0 
3 6 15 16 19 20 21 23 0 
3 12 15 17 23 0 
2 9 12 16 26 0 
5 11 12 13 15 18 22 25 27 0 
7 9 12 14 18 19 24 27 29 0 
1 2 16 19 0 
1 7 10 24 25 26 27 29 0 
11 12 16 24 27 28 0 
1 7 8 22 0 
1 4 12 14 15 20 24 29 0 
1 8 11 13 21 30 0 
7 10 17 27 29 0 
9 10 15 16 17 18 0 
2 4 5 9 12 16 0 
1 8 14 21 23 24 0 
2 3 5 10 13 14 26 0 
1 7 10 17 20 25 27 0 
3 7 8 10 12 15 26 0 
4 18 19 20 21 24 0 
7 9 12 21 22 23 27 28 0 
1 6 10 11 12 24 29 0 
1 5 22 24 25 28 0 
11 17 25 30 0 
6 9 15 20 25 27 0 
3 8 15 17 24 0 
2 6 7 10 0 
1 4 7 14 0 
15 26 27 0 
1 3 4 11 20 23 25 29 0 
15 16 19 21 22 24 25 0 
6 7 9 11 14 17 23 26 0 
5 8 9 10 20 23 27 0 
2 3 4 5 18 26 27 0 
2 3 5 13 17 20 25 27 0 
11 13 14 16 17 20 21 24 0 
1 6 10 13 15 25 0 
11 13 16 22 30 0 
3 4 20 27 30 0 
3 20 26 27 28 29 0 
5 13 14 18 21 26 0 
3 7 14 18 22 25 29 0 
8 11 18 0 
5 12 23 26 27 28 29 0 
6 8 14 18 29 0 
3 7 8 9 12 17 22 24 26 27 28 0 
5 6 9 12 14 19 23 0 
5 7 14 17 0 
2 6 7 9 12 20 21 24 30 0 
1 18 19 23 29 0 
18 21 0 
2 8 9 15 18 19 27 0 
17 21 27 0 
2 3 7 16 18 22 0 
6 10 14 17 23 28 0 
5 12 18 19 20 0 
9 17 19 22 24 28 0 
7 21 22 0 
3 4 8 15 17 21 22 25 26 27 28 0 
5 8 12 15 18 26 29 0 
5 6 7 13 14 21 0 
7 12 13 20 24 0 
2 3 7 10 13 17 19 27 30 0 
2 3 8 15 18 20 22 25 0 
14 18 25 26 29 0 
2 4 11 12 13 21 0 
2 3 14 15 27 30 0 
1 10 15 18 19 22 23 25 29 0 
1 13 16 24 0 
4 7 11 14 21 0 
6 18 21 25 26 28 29 0 
8 11 16 25 30 0 
5 6 7 10 11 23 24 0 
4 7 18 21 24 28 0 
4 10 11 12 14 15 26 30 0 
2 15 20 21 27 0 
6 12 18 20 25 27 30 0 
5 7 10 25 27 29 0 
2 5 7 13 14 18 25 29 0 
12 15 18 26 0 
4 17 18 21 23 24 0 
10 11 15 20 26 0 
13 15 19 22 23 24 0 
2 8 13 17 21 22 27 0 
11 21 23 0 
17 21 25 26 30 0 
4 6 9 14 28 29 30 0 
6 7 9 11 16 25 26 0 
4 9 12 15 21 26 0 
4 14 28 30 0 
4 9 18 19 20 25 27 29 0 
4 11 12 14 18 19 20 26 29 0 
8 9 14 30 0 
2 5 27 0 
1 8 13 14 16 24 0 
3 7 8 11 14 22 0 
9 10 17 23 28 0 
7 11 15 18 26 28 0 
5 8 10 13 17 19 21 25 30 0 
12 13 14 15 24 25 29 0 
3 4 10 13 29 0 
6 9 17 26 29 30 0 
1 3 4 7 23 24 28 0 
6 8 10 24 25 26 28 0 
7 10 13 15 17 22 23 24 28 0 
5 7 9 10 15 16 21 24 0 
2 5 11 16 0 
5 6 8 28 0 
2 3 7 10 23 0 
6 15 24 26 0 
2 11 12 13 15 22 25 0 
1 8 12 13 16 17 24 28 0 
1 2 8 22 24 0 
8 14 16 17 18 23 0 
2 4 7 10 15 16 22 30 0 
2 4 9 12 16 0 
5 6 7 10 14 23 0 
4 8 10 11 18 30 0 
6 7 9 14 15 17 19 23 24 0 
2 4 11 15 20 21 27 28 0 
1 9 14 17 22 0 
5 6 11 20 23 24 27 0 
2 10 11 15 25 27 28 0 
2 10 11 12 22 26 30 0 
1 11 15 16 30 0 
2 5 8 16 18 20 21 24 0 
1 11 20 24 29 30 0 
3 5 7 11 15 25 0 
10 18 19 23 29 0 
3 6 7 12 23 25 26 28 0 
7 8 11 16 18 22 23 28 29 0 
1 11 15 16 17 22 29 0 
1 2 4 6 7 9 23 26 28 0 
9 17 18 21 25 0 
6 13 18 24 0 
1 6 9 13 24 25 26 28 29 0 
7 10 12 13 16 18 23 27 0 
8 12 13 17 18 25 27 29 0 
10 12 13 15 22 25 26 0 
5 6 11 19 28 0 
-2 -5 -7 -9 -12 -23 -25 -26 -29 0 
-1 -14 -15 -17 -19 -20 -24 0 
-1 -5 -9 -19 -24 0 
-8 -9 -11 -14 -15 -18 -19 -30 0 
-4 -6 -8 -22 -25 0 
-10 -13 -14 -17 -20 -26 -27 -29 0 
-20 -23 -26 -27 0 
-8 -9 -10 -18 -19 -22 -24 -25 -26 -28 0 
-6 -8 -15 -17 -21 -24 -25 -28 0 
-3 -10 -23 0 
-2 -5 -6 -10 -14 -16 -19 -20 0 
-7 -10 -13 -29 0 
-12 -14 -15 -21 -28 0 
-1 -14 -25 -28 -29 -30 0 
-3 -5 -9 -10 -15 -22 -25 -30 0 
-4 -5 -8 -9 -27 -30 0 
-1 -16 -17 -18 -29 0 
-3 -10 -22 -26 0 
-9 -15 -22 -23 -30 0 
-1 -6 -8 -17 -19 -24 -27 -28 0 
-5 -9 -15 -17 -23 -24 -25 -28 0 
-12 -14 -18 -23 -24 -27 0 
-2 -4 -5 -9 -14 -15 0 
-4 -6 -9 -11 -15 -21 -24 -29 -30 0 
-14 -15 -20 -22 -30 0 
-3 -8 -14 -18 -22 -26 0 
-2 -4 -18 -26 0 
-3 -4 -13 -21 -22 -24 0 
-3 -5 -10 -17 -19 -21 -25 -28 -29 0 
-23 -24 -28 0 
-4 -14 -15 -17 -18 -25 -30 0 
-2 -3 -6 -10 -14 -20 0 
-4 -9 -12 -21 -22 -24 -26 -28 0 
-3 -5 -9 -12 -15 -18 0 
-7 -12 -15 -19 -20 -27 0 
-5 -9 -10 -19 -24 -26 0 
-9 -22 -29 0 
-6 -9 -12 -21 0 
-6 -12 -17 -29 0 
-2 -6 -8 -9 -12 -16 -22 -30 0 
-1 -6 -8 -14 -20 -23 -27 0 
-11 -12 -13 -15 -23 -28 -29 0 
-13 -15 -16 -28 -29 0 
-7 -11 -13 -17 -29 0 
-9 -10 -13 -19 -26 0 
-5 -12 -13 -18 -21 -25 0 
-4 -7 -10 -15 -26 -27 -30 0 
-11 -13 -19 -27 -30 0 
-8 -10 -13 -24 -29 -30 0 
-5 -12 -17 -23 -25 -28 -30 0 
-3 -13 -18 -22 -27 0 
-1 -4 -7 -13 -22 -24 -26 0 
-1 -9 -10 -14 -16 -22 -25 -26 0 
-2 -3 -10 -12 -18 -21 0 
-5 -8 -9 -10 -11 -12 -16 -17 -21 0 
-1 -3 -4 -7 -9 -28 0 
-14 -18 -20 -21 -25 -27 0 
-5 -8 -13 -14 -15 -19 -22 -25 0 
-8 -10 -15 -19 -23 -25 -30 0 
-4 -22 -24 -25 -30 0 
-1 -10 -13 -16 -21 -25 -26 -27 -28 0 
-10 -13 -14 -19 -21 -24 0 
-1 -4 -6 -7 -14 -17 -30 0 
-2 -7 -8 -19 -20 -22 0 
-6 -8 -29 0 
-1 -13 -15 -22 -23 -27 0 
-3 -4 -13 -21 -24 -28 -29 0 
-1 -7 -9 -11 -13 -14 -23 -25 -28 0 
-5 -14 -27 0 
-8 -14 -17 -29 -30 0 
-2 -9 -18 -19 -21 -24 -25 -28 0 
-3 -9 -13 -15 -19 -26 -28 0 
-1 -7 -29 0 
-3 -7 -23 -25 0 
-2 -3 -6 -11 -13 -20 -28 -30 0 
-10 -14 -17 -18 -19 -24 -29 0 
-5 -6 -9 -23 0 
-7 -9 -13 -17 -30 0 
-4 -5 -7 -13 -14 -19 -27 -30 0 
-5 -10 -12 -22 -26 -27 0 
-4 -5 -8 -9 -12 -17 -19 -22 -26 -27 0 
-2 -4 -10 -14 -15 -19 -22 -25 -28 0 
-3 -7 -9 -10 -15 -16 -19 -25 0 
-3 -9 -14 -17 -18 -24 -25 0 
-1 -5 -7 -23 0 
-5 -7 -10 -13 -19 -21 -23 -26 -29 0 
-5 -18 -19 -23 0 
-3 -7 -10 -21 0 
-12 -16 -21 -22 -25 -30 0 
-4 -7 -9 -18 -20 -24 -27 0 
-4 -9 -16 -18 -19 -23 0 
-2 -7 -9 -10 -12 -14 -17 -22 -28 0 
-8 -13 -14 -17 -22 0 
-6 -7 -10 -12 -13 -14 -18 -22 -26 -27 -29 0 
-1 -6 -14 -15 -19 -23 0 
-6 -7 -10 -23 -30 0 
-3 -10 -11 -24 -25 0 
-7 -14 -27 -30 0 
-3 -10 -13 -14 -24 -30 0 
-1 -2 -3 -7 -11 -29 0 
-1 -5 -9 -13 0 
-3 -6 -14 -16 -18 -29 0 
-4 -5 -14 -20 -23 -24 -27 -28 -29 -30 0 
-4 -7 -8 -17 -18 -19 -20 -23 0 
-7 -9 -22 -24 -25 -28 -30 0 
-4 -10 -11 -15 -20 -29 0 
-3 -10 -19 0 
-11 -19 0 
-1 -2 -4 -5 -6 -9 -18 -22 -24 0 
-7 -11 -19 -20 -21 -29 0 
-8 -9 -11 -12 -23 -24 0 
-3 -10 -14 -17 0 
-1 -11 -23 -28 0 
-5 -6 -11 -14 -21 -29 0 
-9 -13 -14 -15 -29 0 
-2 -10 -15 -19 0 
-1 -2 -7 -11 -14 -15 -16 -17 -21 0 
-2 -6 -12 -16 -19 -20 0 
-13 -14 -17 -27 -28 -30 0 
-12 -18 -21 -23 -25 -28 0 
-2 -8 -18 -24 -28 0 
-3 -9 -12 -19 -25 -26 -29 -30 0 
-5 -8 -10 -12 -18 -30 0 
-3 -5 -13 -20 -21 -24 -27 -28 0 
-1 -6 -7 -9 -12 -29 0 
-2 -6 -15 -26 0 
-6 -7 -8 -17 -19 -22 -26 -30 0 
-7 -8 -12 -14 -15 0 
-16 -25 0 
-5 -8 -14 -15 -20 -22 -25 -29 0 
-3 -5 -6 -7 -12 -15 -19 -29 0 
-6 -7 -15 -19 -30 0 
-3 -9 -13 -18 -30 0 
-3 -13 -16 -18 -19 -22 0 
-1 -3 -4 -6 -7 -9 -20 -21 -22 -24 -26 -27 0 
-5 -6 -18 -23 -25 -28 -29 -30 0 
-6 -15 -17 -20 -22 -24 -25 0 
-1 -6 -13 -24 -25 0 
-5 -7 -9 -18 -26 0 
-5 -7 -10 -15 -17 -19 -23 -27 -29 0 
-9 -11 -17 -19 -23 0 
-1 -2 -4 -5 -14 -23 -25 -30 0 
-1 -17 -23 -28 0 
-5 -16 -29 0 
-3 -7 -8 -11 -12 -20 -22 0 
-4 -9 -14 -18 -25 -26 0 
-5 -6 -8 -9 -11 -23 -29 0 
-16 -21 -28 0 
-2 -4 -26 -30 0 
-1 -4 -5 -8 -9 -12 -20 -21 -25 -30 0 
-2 -6 -9 -11 -17 -18 -21 -29 0 
-10 -11 -12 -17 -18 -21 -28 0 
-11 -14 -16 -20 -21 -25 -28 0 
-8 -9 -11 -12 -19 -22 0 
-1 -3 -11 -13 -14 -19 -25 -28 0 
-4 -8 -12 -18 -24 -27 -28 0 
-3 -4 -5 -9 -11 -16 -19 -23 -24 -30 0 
-2 -15 -17 -20 -26 0 
-8 -13 -20 -25 -26 0 
-1 -22 -24 -25 -30 0 
-9 -11 -15 -16 -21 0 
-1 -5 -7 -11 -14 -21 -26 -30 0 
-3 -4 -16 -17 -21 -26 -28 0 
-12 -26 -27 -29 0 
-6 -12 -13 -14 -20 0 
-5 -11 -14 -26 -27 -28 0 
-8 -11 0 
-4 -6 -11 -17 -19 -21 -22 -23 0 
-2 -6 -20 -21 -26 0 
-10 -13 -19 -21 -29 -30 0 
-2 -9 -11 -19 -27 0 
-1 -3 -7 -23 -28 0 
-3 -6 -7 -11 -12 -14 -21 -26 -27 0 
-1 -2 -3 -13 -14 -15 -21 0 
-7 -14 -22 -24 -28 0 
-5 -16 -17 -18 -23 -26 -30 0 
-1 -3 -5 -6 -9 -11 -16 -28 0 
-1 -6 -8 -14 -19 -22 -25 -26 -28 0 
-1 -2 -4 -5 -10 -11 -20 -22 -24 0 
-1 -11 -14 -28 0 
-1 -4 -9 -13 -15 -25 0 
-2 -4 -7 -11 -18 -20 -23 -28 0 
-8 -24 -28 -30 0 
-3 -7 -14 -20 -24 -26 -28 0 
-5 -6 -12 -24 -29 0 
-2 -5 -6 -10 -17 -20 -26 0 
-6 -7 -8 -13 -15 -19 -21 -27 0 
-12 -20 -27 -29 0 
-7 -11 -14 -16 -24 0 
-3 -4 -5 -12 -29 -30 0 
-6 -10 -14 -16 -18 -22 -25 -26 0 
-16 -18 -19 -21 -24 -28 0 
-1 -2 -10 -11 -16 -23 -27 -29 0 
-3 -7 -11 -12 -13 -17 -21 -24 -30 0 
-6 -10 -11 -15 -16 -21 -26 -28 0 
-6 -9 -11 -25 -27 -29 0 
-1 -3 -7 -8 -12 -13 -17 -20 -21 -24 -25 -28 0 
-8 -13 -25 0 
-1 -2 -11 -14 -21 -24 -29 0 
-3 -8 -16 -21 -27 -28 0 
-5 -10 -16 -21 0 
-2 -3 -4 -5 -8 -12 -28 0 
-15 -19 -21 -24 -25 0 
-6 -8 -11 -17 -22 -30 0 
-10 -12 -21 -25 -27 -29 0 
-4 -15 -18 -29 0 
-3 -4 -5 -6 -7 -8 -9 -10 -18 -19 -23 -26 0 
-2 -7 -9 -14 0 
-5 -7 -9 -10 -16 -20 -22 -25 -27 0 
-2 -4 -6 -11 -17 -25 -28 -29 0 
-3 -4 -8 -19 -20 -21 -27 -29 0 
-4 -5 -6 -7 -8 -15 -28 0 
-3 -6 -7 -8 -11 -17 -19 -22 -24 -27 0 
-3 -9 -18 0 
-2 -5 -7 -10 -11 -20 -21 0 
-1 -2 -7 -14 -18 -22 -23 -28 0 
-6 -10 -11 -12 -13 -18 -20 -21 -25 -26 0 
-3 -8 -17 -24 0 
-2 -7 -8 -10 -14 -15 -16 -20 -23 -27 0 
-6 -9 -11 -21 -26 -30 0 
-3 -13 -14 -29 0 
-4 -5 -7 -20 0 
-6 -10 -19 -23 0 
-6 -10 -16 -21 -26 0 
-7 -12 -14 -19 0 
-2 -7 -11 -20 -21 -24 -30 0 
-3 -8 -14 -20 -26 -29 0 
-10 -16 -17 -18 -22 -26 -27 -28 0 
-13 -20 -21 -22 -28 0 
-2 -8 -10 -14 -25 0 
-6 -11 -13 -14 -19 -23 -26 0 
-2 -7 -13 -16 -21 -26 -27 0 
-1 -6 -7 -11 -19 -20 -30 0 
-3 -4 -6 -7 -11 -22 -25 0 
-7 -8 -10 -11 -14 -15 -17 -19 0 
-1 -9 -16 -18 -19 0 
-2 -4 -14 -16 -27 -29 0 
-2 -3 -12 -18 -19 -21 0 
-5 -8 -15 -21 -30 0 
-6 -8 -12 -16 -19 -23 -24 0 
-2 -7 -29 0 
-1 -8 -9 -17 -18 -24 -27 0 
-2 -8 -13 -14 -15 -18 -24 -26 0 
-3 -8 -18 -20 -23 -26 0 
-8 -13 -15 -18 -20 -27 -30 0 
-6 -18 -20 -25 -27 0 
-3 -4 -8 -14 -18 -19 -23 -29 0 
-2 -4 -11 -12 -13 -26 -30 0 
-14 -18 -19 -24 0 
-10 -11 -14 -18 -20 -30 0 
-2 -7 -9 -10 -21 -28 -29 0 
-6 -10 -14 -15 -19 -20 0 
-1 -5 -9 -12 -15 -18 -29 0 
-2 -4 -10 -28 -30 0 
-8 -10 -14 -26 0 
-1 -9 -10 -11 -12 -15 -29 0 
-3 -5 -7 -10 -12 -13 -16 -18 -24 -28 0 
-6 -11 -16 -17 -20 -28 0 
-8 -13 -16 -22 -23 -24 -27 0 
-2 -3 -4 -10 -14 -16 -19 -20 -24 -27 0 
-3 -10 -13 -16 -18 -24 -26 -27 -29 0 
-3 -6 -15 -16 -19 -20 -21 -23 0 
-3 -12 -15 -17 -23 0 
-2 -9 -12 -16 -26 0 
-5 -11 -12 -13 -15 -18 -22 -25 -27 0 
-7 -9 -12 -14 -18 -19 -24 -27 -29 0 
-1 -2 -16 -19 0 
-1 -7 -10 -24 -25 -26 -27 -29 0 
-11 -12 -16 -24 -27 -28 0 
-1 -7 -8 -22 0 
-1 -4 -12 -14 -15 -20 -24 -29 0 
-1 -8 -11 -13 -21 -30 0 
-7 -10 -17 -27 -29 0 
-9 -10 -15 -16 -17 -18 0 
-2 -4 -5 -9 -12 -16 0 
-1 -8 -14 -21 -23 -24 0 
-2 -3 -5 -10 -13 -14 -26 0 
-1 -7 -10 -17 -20 -25 -27 0 
-3 -7 -8 -10 -12 -15 -26 0 
-4 -18 -19 -20 -21 -24 0 
-7 -9 -12 -21 -22 -23 -27 -28 0 
-1 -6 -10 -11 -12 -24 -29 0 
-1 -5 -22 -24 -25 -28 0 
-11 -17 -25 -30 0 
-6 -9 -15 -20 -25 -27 0 
-3 -8 -15 -17 -24 0 
-2 -6 -7 -10 0 
-1 -4 -7 -14 0 
-15 -26 -27 0 
-1 -3 -4 -11 -20 -23 -25 -29 0 
-15 -16 -19 -21 -22 -24 -25 0 
-6 -7 -9 -11 -14 -17 -23 -26 0 
-5 -8 -9 -10 -20 -23 -27 0 
-2 -3 -4 -5 -18 -26 -27 0 
-2 -3 -5 -13 -17 -20 -25 -27 0 
-11 -13 -14 -16 -17 -20 -21 -24 0 
-1 -6 -10 -13 -15 -25 0 
-11 -13 -16 -22 -30 0 
-3 -4 -20 -27 -30 0 
-3 -20 -26 -27 -28 -29 0 
-5 -13 -14 -18 -21 -26 0 
-3 -7 -14 -18 -22 -25 -29 0 
-8 -11 -18 0 
-5 -12 -23 -26 -27 -28 -29 0 
-6 -8 -14 -18 -29 0 
-3 -7 -8 -9 -12 -17 -22 -24 -26 -27 -28 0 
-5 -6 -9 -12 -14 -19 -23 0 
-5 -7 -14 -17 0 
-2 -6 -7 -9 -12 -20 -21 -24 -30 0 
-1 -18 -19 -23 -29 0 
-18 -21 0 
-2 -8 -9 -15 -18 -19 -27 0 
-17 -21 -27 0 
-2 -3 -7 -16 -18 -22 0 
-6 -10 -14 -17 -23 -28 0 
-5 -12 -18 -19 -20 0 
-9 -17 -19 -22 -24 -28 0 
-7 -21 -22 0 
-3 -4 -8 -15 -17 -21 -22 -25 -26 -27 -28 0 
-5 -8 -12 -15 -18 -26 -29 0 
-5 -6 -7 -13 -14 -21 0 
-7 -12 -13 -20 -24 0 
-2 -3 -7 -10 -13 -17 -19 -27 -30 0 
-2 -3 -8 -15 -18 -20 -22 -25 0 
-14 -18 -25 -26 -29 0 
-2 -4 -11 -12 -13 -21 0 
-2 -3 -14 -15 -27 -30 0 
-1 -10 -15 -18 -19 -22 -23 -25 -29 0 
-1 -13 -16 -24 0 
-4 -7 -11 -14 -21 0 
-6 -18 -21 -25 -26 -28 -29 0 
-8 -11 -16 -25 -30 0 
-5 -6 -7 -10 -11 -23 -24 0 
-4 -7 -18 -21 -24 -28 0 
-4 -10 -11 -12 -14 -15 -26 -30 0 
-2 -15 -20 -21 -27 0 
-6 -12 -18 -20 -25 -27 -30 0 
-5 -7 -10 -25 -27 -29 0 
-2 -5 -7 -13 -14 -18 -25 -29 0 
-12 -15 -18 -26 0 
-4 -17 -18 -21 -23 -24 0 
-10 -11 -15 -20 -26 0 
-13 -15 -19 -22 -23 -24 0 
-2 -8 -13 -17 -21 -22 -27 0 
-11 -21 -23 0 
-17 -21 -25 -26 -30 0 
-4 -6 -9 -14 -28 -29 -30 0 
-6 -7 -9 -11 -16 -25 -26 0 
-4 -9 -12 -15 -21 -26 0 
-4 -14 -28 -30 0 
-4 -9 -18 -19 -20 -25 -27 -29 0 
-4 -11 -12 -14 -18 -19 -20 -26 -29 0 
-8 -9 -14 -30 0 
-2 -5 -27 0 
-1 -8 -13 -14 -16 -24 0 
-3 -7 -8 -11 -14 -22 0 
-9 -10 -17 -23 -28 0 
-7 -11 -15 -18 -26 -28 0 
-5 -8 -10 -13 -17 -19 -21 -25 -30 0 
-12 -13 -14 -15 -24 -25 -29 0 
-3 -4 -10 -13 -29 0 
-6 -9 -17 -26 -29 -30 0 
-1 -3 -4 -7 -23 -24 -28 0 
-6 -8 -10 -24 -25 -26 -28 0 
-7 -10 -13 -15 -17 -22 -23 -24 -28 0 
-5 -7 -9 -10 -15 -16 -21 -24 0 
-2 -5 -11 -16 0 
-5 -6 -8 -28 0 
-2 -3 -7 -10 -23 0 
-6 -15 -24 -26 0 
-2 -11 -12 -13 -15 -22 -25 0 
-1 -8 -12 -13 -16 -17 -24 -28 0 
-1 -2 -8 -22 -24 0 
-8 -14 -16 -17 -18 -23 0 
-2 -4 -7 -10 -15 -16 -22 -30 0 
-2 -4 -9 -12 -16 0 
-5 -6 -7 -10 -14 -23 0 
-4 -8 -10 -11 -18 -30 0 
-6 -7 -9 -14 -15 -17 -19 -23 -24 0 
-2 -4 -11 -15 -20 -21 -27 -28 0 
-1 -9 -14 -17 -22 0 
-5 -6 -11 -20 -23 -24 -27 0 
-2 -10 -11 -15 -25 -27 -28 0 
-2 -10 -11 -12 -22 -26 -30 0 
-1 -11 -15 -16 -30 0 
-2 -5 -8 -16 -18 -20 -21 -24 0 
-1 -11 -20 -24 -29 -30 0 
-3 -5 -7 -11 -15 -25 0 
-10 -18 -19 -23 -29 0 
-3 -6 -7 -12 -23 -25 -26 -28 0 
-7 -8 -11 -16 -18 -22 -23 -28 -29 0 
-1 -11 -15 -16 -17 -22 -29 0 
-1 -2 -4 -6 -7 -9 -23 -26 -28 0 
-9 -17 -18 -21 -25 0 
-6 -13 -18 -24 0 
-1 -6 -9 -13 -24 -25 -26 -28 -29 0 
-7 -10 -12 -13 -16 -18 -23 -27 0 
-8 -12 -13 -17 -18 -25 -27 -29 0 
-10 -12 -13 -15 -22 -25 -26 0 
-5 -6 -11 -19 -28 0 
