p cnf 30 800
3 8 9 22 27 29 30 0 
1 2 11 22 25 28 0 
1 2 5 8 13 15 23 24 27 30 0 
2 3 4 7 27 0 
2 17 22 24 29 0 
6 7 12 13 21 25 27 28 0 
1 6 12 15 23 24 0 
9 14 18 19 22 26 30 0 
5 7 22 24 30 0 
8 14 15 24 25 29 0 
8 10 17 20 0 
3 13 14 15 19 21 26 0 
11 14 20 22 30 0 
18 19 21 24 29 0 
2 5 9 10 18 19 21 0 
15 20 25 27 29 0 
2 3 22 26 28 30 0 
2 11 16 19 20 25 29 0 
1 4 14 17 22 23 28 0 
3 6 12 13 14 22 28 30 0 
13 14 25 0 
4 7 11 15 18 19 20 26 0 
1 2 4 5 8 11 14 17 27 0 
6 12 22 24 26 28 0 
2 3 7 9 10 19 30 0 
4 12 18 19 20 22 26 30 0 
6 11 14 15 17 23 0 
5 6 9 12 16 23 28 0 
5 8 9 13 17 18 28 0 
4 5 10 17 23 29 0 
1 5 13 16 0 
1 3 4 11 12 16 20 27 30 0 
2 4 6 21 24 30 0 
10 12 13 18 19 22 24 0 
17 20 23 25 29 0 
2 11 12 15 17 20 24 25 29 0 
3 4 9 23 0 
5 9 18 27 30 0 
2 18 19 20 21 0 
1 3 5 7 13 15 22 26 30 0 
21 22 0 
7 9 0 
4 6 7 15 17 19 27 0 
4 5 6 7 12 15 19 0 
5 12 14 24 26 30 0 
8 12 13 14 20 23 24 0 
1 6 12 23 27 0 
1 3 5 8 14 17 26 27 0 
2 5 7 12 26 30 0 
2 12 22 23 28 0 
2 6 9 15 18 21 22 30 0 
5 6 7 8 9 13 18 19 30 0 
2 12 15 16 18 21 24 29 0 
6 10 15 24 26 27 29 0 
19 20 25 27 29 0 
17 22 28 0 
2 6 13 20 0 
1 5 10 15 20 21 27 28 0 
4 6 13 22 23 25 28 0 
4 7 9 15 18 20 0 
5 14 15 17 24 26 0 
1 6 11 12 19 26 0 
9 11 13 17 22 26 0 
3 10 19 23 28 0 
9 18 21 24 26 29 0 
6 12 13 18 19 25 30 0 
1 7 9 24 28 0 
3 15 19 22 25 30 0 
5 12 25 27 29 0 
5 11 13 23 0 
7 10 11 14 19 20 21 24 25 27 28 30 0 
2 5 6 8 14 20 22 27 0 
4 10 12 13 16 17 18 24 0 
17 23 25 0 
11 17 18 20 26 27 29 0 
4 5 10 13 17 25 27 0 
5 9 10 14 15 19 0 
1 12 19 21 0 
3 6 11 24 25 26 27 0 
2 5 12 27 28 29 0 
3 21 23 26 28 29 0 
2 7 9 10 20 26 0 
3 5 16 19 29 30 0 
2 4 8 13 15 19 26 0 
3 5 10 16 18 19 0 
1 4 11 12 13 17 20 28 0 
14 16 20 23 0 
5 8 15 17 18 22 24 25 27 0 
1 12 27 30 0 
4 5 9 12 17 18 26 0 
2 4 7 10 12 17 22 27 30 0 
9 10 16 24 0 
5 13 21 23 0 
3 5 7 8 11 12 20 23 24 25 0 
5 7 10 28 0 
4 5 6 11 12 15 16 28 30 0 
3 6 8 12 14 22 23 0 
1 2 3 4 10 11 18 22 26 0 
3 4 25 26 0 
6 7 8 22 25 0 
1 9 10 11 25 26 30 0 
3 5 8 13 22 0 
1 7 14 15 20 21 0 
4 5 6 10 15 23 24 0 
8 12 13 14 27 0 
1 2 3 4 11 13 16 18 21 29 0 
6 7 19 21 22 29 30 0 
1 7 11 13 14 17 19 27 29 0 
3 6 19 20 23 27 30 0 
1 11 14 23 0 
10 13 17 20 26 27 0 
5 18 19 21 28 0 
1 6 8 14 15 28 0 
16 19 20 27 0 
1 14 15 16 18 19 21 26 28 0 
3 5 7 10 14 19 20 0 
2 3 8 10 18 19 22 23 0 
2 10 11 13 18 23 28 0 
4 10 19 23 24 26 0 
1 3 9 11 12 18 20 22 23 25 29 0 
8 12 14 18 21 27 29 0 
4 5 12 25 30 0 
5 6 10 21 25 26 0 
10 13 18 27 0 
1 13 15 21 23 27 0 
3 4 5 8 0 
10 12 18 24 29 0 
6 11 14 16 17 22 23 0 
4 5 6 0 
8 14 16 18 23 28 30 0 
5 7 13 17 21 22 28 29 0 
3 6 10 17 18 23 24 25 30 0 
12 21 0 
8 9 14 16 19 26 28 0 
1 5 6 13 15 18 0 
3 5 6 14 21 27 0 
3 18 26 0 
8 10 13 17 18 20 25 30 0 
2 4 13 17 0 
3 4 14 18 19 23 28 0 
2 4 5 17 19 22 27 0 
1 2 3 8 30 0 
4 7 8 9 19 30 0 
1 6 14 22 26 27 29 0 
2 8 9 11 14 22 27 28 0 
5 18 23 26 29 0 
1 3 4 11 27 0 
4 12 16 26 0 
3 4 15 16 19 22 0 
6 9 17 26 0 
9 19 20 29 0 
3 14 16 19 21 27 28 29 30 0 
2 6 7 10 15 17 20 26 0 
2 11 12 25 27 28 0 
6 9 10 13 17 27 0 
7 14 16 21 22 25 27 0 
11 13 20 25 29 0 
9 15 22 23 25 0 
4 10 13 19 28 0 
3 6 16 20 0 
3 9 10 14 16 18 19 20 28 29 0 
4 11 13 15 16 18 19 21 22 23 0 
1 2 7 18 28 30 0 
2 5 8 9 11 14 16 28 0 
2 16 24 0 
2 13 16 27 0 
4 14 26 28 0 
3 4 5 7 11 14 16 21 27 0 
4 9 16 24 26 27 28 0 
1 4 17 23 26 0 
2 5 6 7 21 27 28 0 
13 14 18 19 25 26 0 
2 7 9 10 12 13 22 26 30 0 
3 5 11 12 16 0 
3 5 8 11 13 15 16 18 0 
3 9 16 26 27 0 
1 5 8 10 11 13 16 19 21 22 28 29 0 
7 8 12 0 
2 8 9 12 17 18 0 
3 7 10 23 25 26 0 
5 7 8 10 14 18 0 
17 25 26 29 0 
8 11 13 14 24 27 0 
6 10 13 15 19 24 0 
6 11 18 23 26 29 0 
1 3 5 8 13 28 0 
2 6 11 15 20 24 26 0 
8 13 14 22 24 27 29 0 
3 5 14 18 19 20 29 0 
2 5 10 11 17 18 22 30 0 
1 16 17 18 22 23 28 0 
7 11 15 20 22 24 27 0 
29 30 0 
7 11 22 0 
8 15 25 27 30 0 
4 5 7 8 16 17 20 0 
2 3 11 13 21 25 28 0 
4 5 9 13 20 0 
11 12 16 18 23 26 0 
6 7 9 17 19 21 25 0 
2 4 7 12 19 20 28 29 30 0 
10 13 22 25 0 
3 7 12 16 17 20 29 30 0 
1 4 12 16 19 22 23 28 0 
3 4 6 8 14 16 20 21 22 24 26 29 0 
6 9 14 17 24 27 29 0 
2 22 23 25 28 29 30 0 
4 11 13 15 27 28 0 
11 20 22 25 26 28 0 
13 19 25 27 28 29 0 
1 2 4 9 11 20 30 0 
7 8 10 12 13 17 30 0 
5 10 13 22 23 26 27 29 0 
1 2 7 8 13 26 0 
1 2 11 15 26 30 0 
8 10 12 14 17 21 24 26 0 
1 5 14 19 25 30 0 
14 15 22 23 26 29 30 0 
2 15 18 22 30 0 
2 11 17 18 20 24 29 0 
8 11 13 20 0 
3 14 18 26 29 30 0 
1 12 22 28 0 
2 5 11 13 14 15 17 20 27 0 
1 8 9 15 25 29 0 
1 6 15 17 21 23 25 26 29 0 
1 7 10 15 18 23 0 
1 3 7 10 13 17 19 21 25 28 30 0 
6 10 18 19 30 0 
5 11 14 15 20 21 28 0 
10 11 20 24 25 27 28 0 
4 6 9 11 19 21 23 0 
20 21 23 28 0 
2 3 12 14 15 19 21 23 27 0 
11 19 29 0 
1 3 4 15 16 18 29 0 
3 9 10 13 14 16 17 19 26 0 
1 4 6 27 0 
2 5 10 13 14 15 16 19 21 0 
1 5 11 14 16 0 
9 11 13 14 15 21 22 0 
1 8 11 12 14 15 21 0 
1 6 7 8 10 16 20 24 0 
2 8 17 22 30 0 
6 15 17 0 
1 3 4 28 30 0 
3 10 13 25 26 0 
1 5 12 14 18 22 0 
6 9 10 12 15 22 26 0 
2 3 5 8 10 14 17 25 28 0 
1 14 17 24 30 0 
11 16 18 25 0 
1 6 14 18 21 27 0 
1 5 7 9 15 17 18 30 0 
1 3 10 13 16 19 22 0 
14 16 20 23 25 0 
1 2 14 17 19 20 23 25 30 0 
3 9 16 17 18 22 0 
2 3 8 13 17 22 0 
1 4 8 10 19 22 0 
1 3 4 13 14 19 22 27 28 0 
7 10 13 19 22 23 24 0 
2 5 6 9 10 15 27 30 0 
5 6 10 13 19 28 0 
6 13 15 23 25 28 29 0 
6 16 18 23 27 30 0 
1 3 5 6 12 14 21 0 
1 10 14 18 23 24 28 30 0 
2 4 6 10 18 20 26 0 
7 12 21 25 0 
2 6 8 9 25 0 
3 14 20 25 0 
1 2 7 8 11 13 23 29 0 
2 3 9 17 21 22 29 30 0 
1 2 5 8 10 12 13 17 18 20 24 26 29 30 0 
7 20 24 0 
2 4 5 6 8 9 10 19 24 25 0 
2 16 25 27 28 0 
10 14 17 25 28 0 
2 5 10 14 30 0 
4 8 11 14 23 28 0 
1 7 17 18 24 26 0 
1 10 18 19 24 27 28 0 
7 15 16 19 23 24 29 30 0 
6 7 22 27 0 
1 2 3 6 7 9 14 28 0 
7 8 27 0 
7 19 30 0 
3 5 8 10 23 0 
1 3 10 13 16 17 18 0 
1 7 14 17 20 25 0 
14 15 18 20 23 25 28 0 
3 7 8 13 15 21 23 25 0 
1 12 18 25 0 
2 5 12 14 23 30 0 
3 9 12 13 19 20 21 24 25 26 29 30 0 
1 22 26 27 28 0 
3 6 10 13 14 19 22 25 27 30 0 
3 14 16 17 19 26 30 0 
5 9 11 14 16 20 0 
4 9 11 16 21 23 25 0 
14 18 28 0 
1 6 10 14 20 23 27 30 0 
5 8 14 18 21 22 26 28 29 0 
6 8 9 14 22 25 29 0 
1 3 6 21 23 0 
6 10 18 21 24 0 
2 12 13 26 28 0 
7 13 22 30 0 
7 9 10 13 30 0 
9 11 17 20 26 30 0 
3 4 5 7 8 11 29 30 0 
3 21 25 0 
4 5 8 16 19 23 27 0 
4 8 13 19 21 24 25 26 0 
6 7 9 27 0 
3 10 18 28 0 
1 13 16 23 0 
2 5 8 9 15 0 
9 14 21 24 25 30 0 
4 6 9 17 26 0 
7 9 15 18 19 21 22 27 28 30 0 
9 11 12 14 25 26 28 30 0 
14 15 16 20 23 0 
4 5 9 12 13 15 0 
3 15 20 27 28 0 
3 6 11 15 21 22 24 0 
1 2 4 5 6 8 11 16 21 26 30 0 
17 22 23 26 28 30 0 
4 7 8 12 13 22 23 0 
5 7 11 14 16 17 21 23 28 30 0 
1 7 15 20 24 27 0 
5 9 10 14 25 27 29 30 0 
2 6 7 16 29 30 0 
1 9 12 16 18 22 25 26 0 
2 4 22 24 26 29 0 
10 11 17 26 27 29 30 0 
4 6 14 17 18 19 22 29 0 
10 16 23 25 27 0 
7 14 16 18 22 25 26 28 0 
2 8 15 19 22 24 0 
4 14 21 30 0 
5 6 7 8 13 28 0 
3 8 25 30 0 
6 11 15 16 20 24 0 
4 6 10 11 29 30 0 
6 11 12 16 17 22 24 27 0 
11 20 23 27 30 0 
1 2 8 9 19 0 
4 5 7 15 20 24 0 
10 19 0 
7 10 11 12 13 24 0 
1 3 14 15 24 27 0 
12 17 20 21 29 0 
4 7 13 15 18 22 26 30 0 
1 7 14 16 19 26 0 
7 17 21 27 28 0 
6 16 20 21 23 26 0 
2 10 17 24 26 28 30 0 
2 3 7 10 17 20 21 28 30 0 
3 12 16 17 19 23 25 30 0 
2 10 23 26 0 
17 20 22 24 0 
2 5 8 10 16 26 28 0 
2 3 19 23 26 29 0 
1 5 10 11 13 23 30 0 
4 7 10 19 21 25 30 0 
11 15 19 23 0 
2 5 7 9 10 11 12 14 22 0 
10 11 19 24 28 0 
2 3 17 20 21 22 0 
2 5 10 16 17 22 23 0 
1 2 11 16 19 25 29 0 
6 14 18 19 22 23 24 0 
2 4 5 15 17 24 26 28 0 
2 19 25 0 
6 9 15 19 26 27 0 
1 11 16 23 24 0 
6 12 21 26 28 29 0 
5 9 17 19 20 23 29 0 
3 11 13 15 22 26 30 0 
3 9 10 11 15 18 27 0 
1 2 5 17 22 29 0 
5 9 12 18 26 29 0 
7 14 19 30 0 
6 7 12 13 15 16 0 
1 3 17 19 30 0 
4 5 14 19 21 25 30 0 
2 13 14 16 17 19 25 27 0 
1 10 11 22 30 0 
8 18 23 26 0 
16 17 18 29 0 
3 6 11 20 26 0 
3 6 13 17 29 0 
2 3 16 24 0 
2 8 10 19 20 22 28 0 
4 6 10 12 17 22 27 0 
1 2 6 7 9 10 29 0 
3 11 13 20 26 0 
5 10 13 17 20 21 24 26 27 28 0 
-3 -8 -9 -22 -27 -29 -30 0 
-1 -2 -11 -22 -25 -28 0 
-1 -2 -5 -8 -13 -15 -23 -24 -27 -30 0 
-2 -3 -4 -7 -27 0 
-2 -17 -22 -24 -29 0 
-6 -7 -12 -13 -21 -25 -27 -28 0 
-1 -6 -12 -15 -23 -24 0 
-9 -14 -18 -19 -22 -26 -30 0 
-5 -7 -22 -24 -30 0 
-8 -14 -15 -24 -25 -29 0 
-8 -10 -17 -20 0 
-3 -13 -14 -15 -19 -21 -26 0 
-11 -14 -20 -22 -30 0 
-18 -19 -21 -24 -29 0 
-2 -5 -9 -10 -18 -19 -21 0 
-15 -20 -25 -27 -29 0 
-2 -3 -22 -26 -28 -30 0 
-2 -11 -16 -19 -20 -25 -29 0 
-1 -4 -14 -17 -22 -23 -28 0 
-3 -6 -12 -13 -14 -22 -28 -30 0 
-13 -14 -25 0 
-4 -7 -11 -15 -18 -19 -20 -26 0 
-1 -2 -4 -5 -8 -11 -14 -17 -27 0 
-6 -12 -22 -24 -26 -28 0 
-2 -3 -7 -9 -10 -19 -30 0 
-4 -12 -18 -19 -20 -22 -26 -30 0 
-6 -11 -14 -15 -17 -23 0 
-5 -6 -9 -12 -16 -23 -28 0 
-5 -8 -9 -13 -17 -18 -28 0 
-4 -5 -10 -17 -23 -29 0 
-1 -5 -13 -16 0 
-1 -3 -4 -11 -12 -16 -20 -27 -30 0 
-2 -4 -6 -21 -24 -30 0 
-10 -12 -13 -18 -19 -22 -24 0 
-17 -20 -23 -25 -29 0 
-2 -11 -12 -15 -17 -20 -24 -25 -29 0 
-3 -4 -9 -23 0 
-5 -9 -18 -27 -30 0 
-2 -18 -19 -20 -21 0 
-1 -3 -5 -7 -13 -15 -22 -26 -30 0 
-21 -22 0 
-7 -9 0 
-4 -6 -7 -15 -17 -19 -27 0 
-4 -5 -6 -7 -12 -15 -19 0 
-5 -12 -14 -24 -26 -30 0 
-8 -12 -13 -14 -20 -23 -24 0 
-1 -6 -12 -23 -27 0 
-1 -3 -5 -8 -14 -17 -26 -27 0 
-2 -5 -7 -12 -26 -30 0 
-2 -12 -22 -23 -28 0 
-2 -6 -9 -15 -18 -21 -22 -30 0 
-5 -6 -7 -8 -9 -13 -18 -19 -30 0 
-2 -12 -15 -16 -18 -21 -24 -29 0 
-6 -10 -15 -24 -26 -27 -29 0 
-19 -20 -25 -27 -29 0 
-17 -22 -28 0 
-2 -6 -13 -20 0 
-1 -5 -10 -15 -20 -21 -27 -28 0 
-4 -6 -13 -22 -23 -25 -28 0 
-4 -7 -9 -15 -18 -20 0 
-5 -14 -15 -17 -24 -26 0 
-1 -6 -11 -12 -19 -26 0 
-9 -11 -13 -17 -22 -26 0 
-3 -10 -19 -23 -28 0 
-9 -18 -21 -24 -26 -29 0 
-6 -12 -13 -18 -19 -25 -30 0 
-1 -7 -9 -24 -28 0 
-3 -15 -19 -22 -25 -30 0 
-5 -12 -25 -27 -29 0 
-5 -11 -13 -23 0 
-7 -10 -11 -14 -19 -20 -21 -24 -25 -27 -28 -30 0 
-2 -5 -6 -8 -14 -20 -22 -27 0 
-4 -10 -12 -13 -16 -17 -18 -24 0 
-17 -23 -25 0 
-11 -17 -18 -20 -26 -27 -29 0 
-4 -5 -10 -13 -17 -25 -27 0 
-5 -9 -10 -14 -15 -19 0 
-1 -12 -19 -21 0 
-3 -6 -11 -24 -25 -26 -27 0 
-2 -5 -12 -27 -28 -29 0 
-3 -21 -23 -26 -28 -29 0 
-2 -7 -9 -10 -20 -26 0 
-3 -5 -16 -19 -29 -30 0 
-2 -4 -8 -13 -15 -19 -26 0 
-3 -5 -10 -16 -18 -19 0 
-1 -4 -11 -12 -13 -17 -20 -28 0 
-14 -16 -20 -23 0 
-5 -8 -15 -17 -18 -22 -24 -25 -27 0 
-1 -12 -27 -30 0 
-4 -5 -9 -12 -17 -18 -26 0 
-2 -4 -7 -10 -12 -17 -22 -27 -30 0 
-9 -10 -16 -24 0 
-5 -13 -21 -23 0 
-3 -5 -7 -8 -11 -12 -20 -23 -24 -25 0 
-5 -7 -10 -28 0 
-4 -5 -6 -11 -12 -15 -16 -28 -30 0 
-3 -6 -8 -12 -14 -22 -23 0 
-1 -2 -3 -4 -10 -11 -18 -22 -26 0 
-3 -4 -25 -26 0 
-6 -7 -8 -22 -25 0 
-1 -9 -10 -11 -25 -26 -30 0 
-3 -5 -8 -13 -22 0 
-1 -7 -14 -15 -20 -21 0 
-4 -5 -6 -10 -15 -23 -24 0 
-8 -12 -13 -14 -27 0 
-1 -2 -3 -4 -11 -13 -16 -18 -21 -29 0 
-6 -7 -19 -21 -22 -29 -30 0 
-1 -7 -11 -13 -14 -17 -19 -27 -29 0 
-3 -6 -19 -20 -23 -27 -30 0 
-1 -11 -14 -23 0 
-10 -13 -17 -20 -26 -27 0 
-5 -18 -19 -21 -28 0 
-1 -6 -8 -14 -15 -28 0 
-16 -19 -20 -27 0 
-1 -14 -15 -16 -18 -19 -21 -26 -28 0 
-3 -5 -7 -10 -14 -19 -20 0 
-2 -3 -8 -10 -18 -19 -22 -23 0 
-2 -10 -11 -13 -18 -23 -28 0 
-4 -10 -19 -23 -24 -26 0 
-1 -3 -9 -11 -12 -18 -20 -22 -23 -25 -29 0 
-8 -12 -14 -18 -21 -27 -29 0 
-4 -5 -12 -25 -30 0 
-5 -6 -10 -21 -25 -26 0 
-10 -13 -18 -27 0 
-1 -13 -15 -21 -23 -27 0 
-3 -4 -5 -8 0 
-10 -12 -18 -24 -29 0 
-6 -11 -14 -16 -17 -22 -23 0 
-4 -5 -6 0 
-8 -14 -16 -18 -23 -28 -30 0 
-5 -7 -13 -17 -21 -22 -28 -29 0 
-3 -6 -10 -17 -18 -23 -24 -25 -30 0 
-12 -21 0 
-8 -9 -14 -16 -19 -26 -28 0 
-1 -5 -6 -13 -15 -18 0 
-3 -5 -6 -14 -21 -27 0 
-3 -18 -26 0 
-8 -10 -13 -17 -18 -20 -25 -30 0 
-2 -4 -13 -17 0 
-3 -4 -14 -18 -19 -23 -28 0 
-2 -4 -5 -17 -19 -22 -27 0 
-1 -2 -3 -8 -30 0 
-4 -7 -8 -9 -19 -30 0 
-1 -6 -14 -22 -26 -27 -29 0 
-2 -8 -9 -11 -14 -22 -27 -28 0 
-5 -18 -23 -26 -29 0 
-1 -3 -4 -11 -27 0 
-4 -12 -16 -26 0 
-3 -4 -15 -16 -19 -22 0 
-6 -9 -17 -26 0 
-9 -19 -20 -29 0 
-3 -14 -16 -19 -21 -27 -28 -29 -30 0 
-2 -6 -7 -10 -15 -17 -20 -26 0 
-2 -11 -12 -25 -27 -28 0 
-6 -9 -10 -13 -17 -27 0 
-7 -14 -16 -21 -22 -25 -27 0 
-11 -13 -20 -25 -29 0 
-9 -15 -22 -23 -25 0 
-4 -10 -13 -19 -28 0 
-3 -6 -16 -20 0 
-3 -9 -10 -14 -16 -18 -19 -20 -28 -29 0 
-4 -11 -13 -15 -16 -18 -19 -21 -22 -23 0 
-1 -2 -7 -18 -28 -30 0 
-2 -5 -8 -9 -11 -14 -16 -28 0 
-2 -16 -24 0 
-2 -13 -16 -27 0 
-4 -14 -26 -28 0 
-3 -4 -5 -7 -11 -14 -16 -21 -27 0 
-4 -9 -16 -24 -26 -27 -28 0 
-1 -4 -17 -23 -26 0 
-2 -5 -6 -7 -21 -27 -28 0 
-13 -14 -18 -19 -25 -26 0 
-2 -7 -9 -10 -12 -13 -22 -26 -30 0 
-3 -5 -11 -12 -16 0 
-3 -5 -8 -11 -13 -15 -16 -18 0 
-3 -9 -16 -26 -27 0 
-1 -5 -8 -10 -11 -13 -16 -19 -21 -22 -28 -29 0 
-7 -8 -12 0 
-2 -8 -9 -12 -17 -18 0 
-3 -7 -10 -23 -25 -26 0 
-5 -7 -8 -10 -14 -18 0 
-17 -25 -26 -29 0 
-8 -11 -13 -14 -24 -27 0 
-6 -10 -13 -15 -19 -24 0 
-6 -11 -18 -23 -26 -29 0 
-1 -3 -5 -8 -13 -28 0 
-2 -6 -11 -15 -20 -24 -26 0 
-8 -13 -14 -22 -24 -27 -29 0 
-3 -5 -14 -18 -19 -20 -29 0 
-2 -5 -10 -11 -17 -18 -22 -30 0 
-1 -16 -17 -18 -22 -23 -28 0 
-7 -11 -15 -20 -22 -24 -27 0 
-29 -30 0 
-7 -11 -22 0 
-8 -15 -25 -27 -30 0 
-4 -5 -7 -8 -16 -17 -20 0 
-2 -3 -11 -13 -21 -25 -28 0 
-4 -5 -9 -13 -20 0 
-11 -12 -16 -18 -23 -26 0 
-6 -7 -9 -17 -19 -21 -25 0 
-2 -4 -7 -12 -19 -20 -28 -29 -30 0 
-10 -13 -22 -25 0 
-3 -7 -12 -16 -17 -20 -29 -30 0 
-1 -4 -12 -16 -19 -22 -23 -28 0 
-3 -4 -6 -8 -14 -16 -20 -21 -22 -24 -26 -29 0 
-6 -9 -14 -17 -24 -27 -29 0 
-2 -22 -23 -25 -28 -29 -30 0 
-4 -11 -13 -15 -27 -28 0 
-11 -20 -22 -25 -26 -28 0 
-13 -19 -25 -27 -28 -29 0 
-1 -2 -4 -9 -11 -20 -30 0 
-7 -8 -10 -12 -13 -17 -30 0 
-5 -10 -13 -22 -23 -26 -27 -29 0 
-1 -2 -7 -8 -13 -26 0 
-1 -2 -11 -15 -26 -30 0 
-8 -10 -12 -14 -17 -21 -24 -26 0 
-1 -5 -14 -19 -25 -30 0 
-14 -15 -22 -23 -26 -29 -30 0 
-2 -15 -18 -22 -30 0 
-2 -11 -17 -18 -20 -24 -29 0 
-8 -11 -13 -20 0 
-3 -14 -18 -26 -29 -30 0 
-1 -12 -22 -28 0 
-2 -5 -11 -13 -14 -15 -17 -20 -27 0 
-1 -8 -9 -15 -25 -29 0 
-1 -6 -15 -17 -21 -23 -25 -26 -29 0 
-1 -7 -10 -15 -18 -23 0 
-1 -3 -7 -10 -13 -17 -19 -21 -25 -28 -30 0 
-6 -10 -18 -19 -30 0 
-5 -11 -14 -15 -20 -21 -28 0 
-10 -11 -20 -24 -25 -27 -28 0 
-4 -6 -9 -11 -19 -21 -23 0 
-20 -21 -23 -28 0 
-2 -3 -12 -14 -15 -19 -21 -23 -27 0 
-11 -19 -29 0 
-1 -3 -4 -15 -16 -18 -29 0 
-3 -9 -10 -13 -14 -16 -17 -19 -26 0 
-1 -4 -6 -27 0 
-2 -5 -10 -13 -14 -15 -16 -19 -21 0 
-1 -5 -11 -14 -16 0 
-9 -11 -13 -14 -15 -21 -22 0 
-1 -8 -11 -12 -14 -15 -21 0 
-1 -6 -7 -8 -10 -16 -20 -24 0 
-2 -8 -17 -22 -30 0 
-6 -15 -17 0 
-1 -3 -4 -28 -30 0 
-3 -10 -13 -25 -26 0 
-1 -5 -12 -14 -18 -22 0 
-6 -9 -10 -12 -15 -22 -26 0 
-2 -3 -5 -8 -10 -14 -17 -25 -28 0 
-1 -14 -17 -24 -30 0 
-11 -16 -18 -25 0 
-1 -6 -14 -18 -21 -27 0 
-1 -5 -7 -9 -15 -17 -18 -30 0 
-1 -3 -10 -13 -16 -19 -22 0 
-14 -16 -20 -23 -25 0 
-1 -2 -14 -17 -19 -20 -23 -25 -30 0 
-3 -9 -16 -17 -18 -22 0 
-2 -3 -8 -13 -17 -22 0 
-1 -4 -8 -10 -19 -22 0 
-1 -3 -4 -13 -14 -19 -22 -27 -28 0 
-7 -10 -13 -19 -22 -23 -24 0 
-2 -5 -6 -9 -10 -15 -27 -30 0 
-5 -6 -10 -13 -19 -28 0 
-6 -13 -15 -23 -25 -28 -29 0 
-6 -16 -18 -23 -27 -30 0 
-1 -3 -5 -6 -12 -14 -21 0 
-1 -10 -14 -18 -23 -24 -28 -30 0 
-2 -4 -6 -10 -18 -20 -26 0 
-7 -12 -21 -25 0 
-2 -6 -8 -9 -25 0 
-3 -14 -20 -25 0 
-1 -2 -7 -8 -11 -13 -23 -29 0 
-2 -3 -9 -17 -21 -22 -29 -30 0 
-1 -2 -5 -8 -10 -12 -13 -17 -18 -20 -24 -26 -29 -30 0 
-7 -20 -24 0 
-2 -4 -5 -6 -8 -9 -10 -19 -24 -25 0 
-2 -16 -25 -27 -28 0 
-10 -14 -17 -25 -28 0 
-2 -5 -10 -14 -30 0 
-4 -8 -11 -14 -23 -28 0 
-1 -7 -17 -18 -24 -26 0 
-1 -10 -18 -19 -24 -27 -28 0 
-7 -15 -16 -19 -23 -24 -29 -30 0 
-6 -7 -22 -27 0 
-1 -2 -3 -6 -7 -9 -14 -28 0 
-7 -8 -27 0 
-7 -19 -30 0 
-3 -5 -8 -10 -23 0 
-1 -3 -10 -13 -16 -17 -18 0 
-1 -7 -14 -17 -20 -25 0 
-14 -15 -18 -20 -23 -25 -28 0 
-3 -7 -8 -13 -15 -21 -23 -25 0 
-1 -12 -18 -25 0 
-2 -5 -12 -14 -23 -30 0 
-3 -9 -12 -13 -19 -20 -21 -24 -25 -26 -29 -30 0 
-1 -22 -26 -27 -28 0 
-3 -6 -10 -13 -14 -19 -22 -25 -27 -30 0 
-3 -14 -16 -17 -19 -26 -30 0 
-5 -9 -11 -14 -16 -20 0 
-4 -9 -11 -16 -21 -23 -25 0 
-14 -18 -28 0 
-1 -6 -10 -14 -20 -23 -27 -30 0 
-5 -8 -14 -18 -21 -22 -26 -28 -29 0 
-6 -8 -9 -14 -22 -25 -29 0 
-1 -3 -6 -21 -23 0 
-6 -10 -18 -21 -24 0 
-2 -12 -13 -26 -28 0 
-7 -13 -22 -30 0 
-7 -9 -10 -13 -30 0 
-9 -11 -17 -20 -26 -30 0 
-3 -4 -5 -7 -8 -11 -29 -30 0 
-3 -21 -25 0 
-4 -5 -8 -16 -19 -23 -27 0 
-4 -8 -13 -19 -21 -24 -25 -26 0 
-6 -7 -9 -27 0 
-3 -10 -18 -28 0 
-1 -13 -16 -23 0 
-2 -5 -8 -9 -15 0 
-9 -14 -21 -24 -25 -30 0 
-4 -6 -9 -17 -26 0 
-7 -9 -15 -18 -19 -21 -22 -27 -28 -30 0 
-9 -11 -12 -14 -25 -26 -28 -30 0 
-14 -15 -16 -20 -23 0 
-4 -5 -9 -12 -13 -15 0 
-3 -15 -20 -27 -28 0 
-3 -6 -11 -15 -21 -22 -24 0 
-1 -2 -4 -5 -6 -8 -11 -16 -21 -26 -30 0 
-17 -22 -23 -26 -28 -30 0 
-4 -7 -8 -12 -13 -22 -23 0 
-5 -7 -11 -14 -16 -17 -21 -23 -28 -30 0 
-1 -7 -15 -20 -24 -27 0 
-5 -9 -10 -14 -25 -27 -29 -30 0 
-2 -6 -7 -16 -29 -30 0 
-1 -9 -12 -16 -18 -22 -25 -26 0 
-2 -4 -22 -24 -26 -29 0 
-10 -11 -17 -26 -27 -29 -30 0 
-4 -6 -14 -17 -18 -19 -22 -29 0 
-10 -16 -23 -25 -27 0 
-7 -14 -16 -18 -22 -25 -26 -28 0 
-2 -8 -15 -19 -22 -24 0 
-4 -14 -21 -30 0 
-5 -6 -7 -8 -13 -28 0 
-3 -8 -25 -30 0 
-6 -11 -15 -16 -20 -24 0 
-4 -6 -10 -11 -29 -30 0 
-6 -11 -12 -16 -17 -22 -24 -27 0 
-11 -20 -23 -27 -30 0 
-1 -2 -8 -9 -19 0 
-4 -5 -7 -15 -20 -24 0 
-10 -19 0 
-7 -10 -11 -12 -13 -24 0 
-1 -3 -14 -15 -24 -27 0 
-12 -17 -20 -21 -29 0 
-4 -7 -13 -15 -18 -22 -26 -30 0 
-1 -7 -14 -16 -19 -26 0 
-7 -17 -21 -27 -28 0 
-6 -16 -20 -21 -23 -26 0 
-2 -10 -17 -24 -26 -28 -30 0 
-2 -3 -7 -10 -17 -20 -21 -28 -30 0 
-3 -12 -16 -17 -19 -23 -25 -30 0 
-2 -10 -23 -26 0 
-17 -20 -22 -24 0 
-2 -5 -8 -10 -16 -26 -28 0 
-2 -3 -19 -23 -26 -29 0 
-1 -5 -10 -11 -13 -23 -30 0 
-4 -7 -10 -19 -21 -25 -30 0 
-11 -15 -19 -23 0 
-2 -5 -7 -9 -10 -11 -12 -14 -22 0 
-10 -11 -19 -24 -28 0 
-2 -3 -17 -20 -21 -22 0 
-2 -5 -10 -16 -17 -22 -23 0 
-1 -2 -11 -16 -19 -25 -29 0 
-6 -14 -18 -19 -22 -23 -24 0 
-2 -4 -5 -15 -17 -24 -26 -28 0 
-2 -19 -25 0 
-6 -9 -15 -19 -26 -27 0 
-1 -11 -16 -23 -24 0 
-6 -12 -21 -26 -28 -29 0 
-5 -9 -17 -19 -20 -23 -29 0 
-3 -11 -13 -15 -22 -26 -30 0 
-3 -9 -10 -11 -15 -18 -27 0 
-1 -2 -5 -17 -22 -29 0 
-5 -9 -12 -18 -26 -29 0 
-7 -14 -19 -30 0 
-6 -7 -12 -13 -15 -16 0 
-1 -3 -17 -19 -30 0 
-4 -5 -14 -19 -21 -25 -30 0 
-2 -13 -14 -16 -17 -19 -25 -27 0 
-1 -10 -11 -22 -30 0 
-8 -18 -23 -26 0 
-16 -17 -18 -29 0 
-3 -6 -11 -20 -26 0 
-3 -6 -13 -17 -29 0 
-2 -3 -16 -24 0 
-2 -8 -10 -19 -20 -22 -28 0 
-4 -6 -10 -12 -17 -22 -27 0 
-1 -2 -6 -7 -9 -10 -29 0 
-3 -11 -13 -20 -26 0 
-5 -10 -13 -17 -20 -21 -24 -26 -27 -28 0 
