p cnf 31 800
1 6 7 15 18 19 28 29 0 
17 21 22 27 31 0 
4 12 15 18 24 29 30 31 0 
17 20 22 27 0 
3 6 7 11 21 24 31 0 
1 4 5 7 9 10 15 19 21 23 24 29 0 
4 13 15 22 27 0 
3 8 16 23 24 29 0 
4 8 11 12 20 0 
1 2 5 11 18 26 31 0 
13 14 15 23 26 27 31 0 
4 6 7 9 13 18 21 22 30 0 
8 10 14 19 0 
6 10 15 27 0 
13 16 26 0 
3 10 14 19 22 26 31 0 
4 7 16 0 
1 4 8 10 17 18 29 0 
7 8 21 31 0 
1 2 18 20 27 28 30 0 
8 9 10 18 19 24 0 
1 9 16 20 21 23 24 26 31 0 
7 16 17 29 31 0 
7 10 11 26 0 
2 5 10 16 17 23 24 0 
2 3 11 14 16 30 0 
10 12 14 18 24 0 
3 4 7 23 27 29 30 31 0 
10 14 15 21 0 
4 5 6 12 16 24 26 29 0 
2 5 9 13 15 17 22 23 25 26 29 0 
4 8 14 15 23 24 26 31 0 
5 10 17 18 24 27 0 
2 3 4 5 6 14 23 26 31 0 
15 19 21 24 28 29 31 0 
4 5 10 13 15 16 21 23 31 0 
4 11 21 26 28 0 
2 4 10 15 0 
5 7 12 20 21 23 27 30 31 0 
2 9 13 14 15 17 22 27 30 0 
3 8 10 29 0 
10 17 19 26 28 0 
8 13 17 21 29 0 
3 5 6 17 19 25 0 
3 9 10 11 17 18 25 0 
18 21 22 29 30 0 
1 3 15 21 27 31 0 
10 29 0 
13 27 28 29 0 
3 16 21 25 0 
3 4 6 7 9 25 30 0 
14 24 27 29 31 0 
4 6 10 20 23 26 28 29 0 
4 8 11 16 28 0 
5 11 28 0 
5 7 8 0 
5 14 17 19 20 22 23 0 
9 19 23 28 0 
1 2 3 8 9 13 17 19 0 
2 12 21 24 0 
8 17 18 21 28 0 
2 10 17 18 0 
5 12 16 25 0 
2 5 22 26 27 0 
5 10 15 17 19 21 22 29 30 0 
1 11 16 17 22 24 0 
2 4 5 11 15 19 20 28 0 
3 4 22 30 0 
7 15 19 0 
12 15 19 31 0 
6 10 0 
4 13 18 20 25 29 30 0 
6 21 26 28 0 
1 10 18 26 0 
4 12 15 17 0 
6 13 19 24 26 31 0 
5 25 28 0 
1 2 7 9 19 22 23 29 0 
4 5 6 7 12 14 22 25 28 0 
2 14 20 0 
6 7 9 13 15 18 20 0 
13 17 28 31 0 
5 10 12 16 20 24 30 0 
3 5 6 10 20 21 27 31 0 
1 3 8 19 25 26 28 30 31 0 
4 7 17 20 28 0 
2 11 20 21 23 24 26 27 28 0 
1 2 12 24 27 31 0 
1 4 5 6 17 19 20 0 
2 7 15 22 25 0 
1 3 6 7 14 17 18 23 0 
2 6 9 13 18 20 23 27 0 
15 16 20 22 28 0 
6 9 22 23 28 31 0 
1 7 9 14 16 22 27 0 
14 20 21 25 27 0 
7 12 18 23 25 27 30 0 
11 16 21 0 
16 20 27 28 0 
6 15 19 22 26 28 30 31 0 
4 9 12 15 16 22 29 0 
5 11 12 13 19 22 25 27 31 0 
6 10 13 14 17 19 27 29 0 
11 20 22 23 26 28 0 
7 8 14 16 20 23 27 30 31 0 
2 6 7 11 16 17 19 23 24 28 0 
3 4 13 16 22 23 24 0 
1 6 11 13 23 24 29 30 31 0 
7 10 13 15 24 26 29 0 
2 3 8 15 26 28 31 0 
8 10 13 17 0 
2 11 13 19 21 25 30 0 
5 9 12 18 20 22 25 0 
6 12 16 19 22 25 0 
1 5 22 24 25 30 0 
3 8 11 25 30 0 
3 4 7 15 17 20 0 
2 7 14 16 19 20 24 0 
5 11 18 23 25 27 28 30 0 
3 4 8 10 13 17 25 29 30 0 
3 5 12 13 14 22 25 26 27 0 
8 19 23 24 27 30 0 
1 5 14 25 27 0 
14 21 22 23 28 31 0 
3 5 12 21 25 27 30 0 
2 5 12 13 20 21 27 0 
3 7 13 18 0 
4 6 19 20 25 31 0 
7 13 15 16 17 19 20 25 29 0 
4 5 9 10 23 26 31 0 
11 19 20 22 25 26 28 0 
1 5 10 15 23 24 0 
15 24 27 0 
7 11 12 17 22 25 27 31 0 
1 3 5 8 10 13 15 21 31 0 
3 5 7 9 21 30 0 
2 5 6 7 11 23 25 27 0 
4 6 18 19 22 24 29 31 0 
4 5 7 20 28 29 0 
1 17 19 20 22 0 
8 10 14 22 23 0 
9 10 16 18 30 0 
2 8 9 11 17 19 23 25 27 0 
5 7 16 20 29 0 
3 5 15 23 24 27 28 29 0 
1 2 3 7 18 24 26 0 
2 3 24 31 0 
1 3 4 5 16 0 
5 12 15 19 20 22 23 30 0 
6 7 8 9 22 23 27 29 0 
1 2 9 17 22 31 0 
10 12 23 25 30 31 0 
1 5 6 17 19 22 24 0 
2 4 5 16 23 28 31 0 
2 3 13 19 25 30 0 
8 13 17 18 20 23 24 25 0 
3 8 9 14 15 31 0 
6 14 16 17 19 20 24 27 29 0 
6 8 11 18 21 24 25 30 0 
2 3 6 10 13 16 0 
2 6 10 11 12 13 14 17 27 28 0 
1 5 13 15 16 27 0 
6 12 13 14 15 17 19 21 23 25 28 29 0 
4 10 12 13 16 22 30 0 
5 6 7 14 19 21 30 0 
6 7 8 9 12 20 21 27 0 
3 16 17 23 25 29 31 0 
8 10 20 23 29 0 
2 13 16 21 22 26 30 0 
2 7 11 13 20 26 27 30 0 
4 8 9 12 23 30 0 
6 16 30 31 0 
3 10 14 16 21 0 
3 5 6 8 10 22 24 27 28 0 
8 14 17 18 19 23 0 
3 10 12 15 18 29 0 
5 9 12 13 23 0 
1 9 23 24 26 27 0 
6 9 11 18 23 25 0 
1 11 19 25 29 0 
12 18 19 20 23 29 31 0 
7 12 20 0 
2 4 6 10 17 26 0 
1 3 6 7 8 11 22 31 0 
4 6 7 10 19 20 21 0 
2 9 10 18 22 27 0 
5 11 17 22 23 24 0 
3 4 5 15 23 28 30 0 
2 7 13 21 22 31 0 
4 6 9 11 16 17 20 24 28 0 
1 9 17 24 25 27 29 0 
3 6 19 20 25 28 31 0 
1 2 3 4 5 8 11 21 23 27 0 
13 16 18 20 21 25 29 0 
1 12 13 16 19 27 31 0 
2 5 6 25 28 29 0 
8 9 16 23 30 0 
1 14 16 17 18 23 26 0 
9 16 19 20 25 30 0 
13 17 22 26 0 
10 12 13 16 22 23 31 0 
1 20 24 27 31 0 
8 20 26 28 29 30 31 0 
3 4 10 12 17 23 25 28 0 
2 3 4 17 18 20 22 27 31 0 
11 18 20 21 24 29 0 
6 9 15 17 18 23 24 27 0 
9 10 20 21 0 
4 21 0 
2 4 7 8 11 17 27 28 0 
3 11 12 14 17 31 0 
8 19 23 30 31 0 
8 11 13 16 0 
2 5 8 17 20 24 26 29 0 
3 5 8 10 11 12 18 23 27 30 0 
9 10 13 14 16 20 30 0 
1 11 14 18 0 
5 7 11 17 18 23 26 0 
1 7 11 16 19 0 
3 6 10 21 23 27 30 0 
4 11 13 17 18 20 28 0 
2 6 12 21 22 31 0 
4 9 21 25 0 
3 10 15 17 20 29 0 
4 10 15 25 0 
7 9 12 16 22 23 27 0 
2 11 15 17 30 0 
1 8 10 13 18 19 26 0 
12 15 16 17 20 30 0 
11 17 19 24 25 31 0 
4 5 6 19 27 30 0 
2 3 6 8 14 17 27 29 30 0 
11 13 23 28 0 
11 17 26 28 0 
3 4 7 10 17 19 20 23 28 29 31 0 
2 7 12 13 28 31 0 
2 8 12 19 29 0 
6 9 16 18 20 25 30 0 
2 5 9 23 28 0 
6 9 0 
1 2 5 7 12 15 24 30 0 
2 4 12 21 24 26 30 0 
11 16 17 25 27 0 
5 8 10 12 21 22 0 
2 7 8 9 10 13 16 21 29 31 0 
1 7 10 12 14 22 23 26 0 
3 5 6 7 20 23 25 27 28 0 
1 2 6 11 13 0 
1 2 7 9 19 0 
3 7 8 11 24 27 0 
6 7 8 9 19 21 22 24 26 28 29 31 0 
12 13 17 20 30 0 
1 2 4 18 23 30 0 
6 8 10 12 13 14 17 19 22 28 0 
3 7 11 19 20 22 24 0 
3 5 7 12 15 17 25 30 0 
4 6 7 14 18 21 31 0 
11 14 15 22 26 0 
2 4 5 10 14 23 24 25 26 0 
2 16 23 28 0 
8 9 20 31 0 
2 10 21 22 23 24 25 0 
10 14 17 21 23 25 26 0 
2 15 18 23 31 0 
8 26 29 31 0 
4 5 7 18 21 0 
2 9 17 19 0 
7 15 21 22 24 29 0 
2 4 6 13 0 
9 16 21 25 26 27 0 
2 19 20 26 31 0 
13 16 20 21 26 31 0 
6 11 17 19 23 0 
12 13 16 18 19 0 
5 9 10 12 13 0 
5 13 18 19 20 28 31 0 
11 26 30 0 
2 3 4 6 8 17 20 24 25 29 0 
1 3 18 19 20 22 0 
2 7 20 24 26 30 31 0 
12 13 18 27 28 0 
4 7 13 14 16 22 30 0 
9 11 13 18 19 26 28 30 0 
2 4 11 16 22 0 
1 10 18 27 31 0 
1 11 13 24 27 0 
3 6 7 8 10 13 16 17 26 0 
14 18 19 20 25 26 28 30 31 0 
4 11 12 15 25 0 
4 5 11 13 15 16 18 26 0 
12 17 20 26 30 0 
3 9 18 21 0 
1 2 7 8 10 12 24 29 0 
1 5 10 12 16 0 
1 10 12 14 15 21 24 29 31 0 
11 17 24 27 29 0 
4 14 15 20 21 28 30 0 
8 10 17 18 20 26 31 0 
1 9 12 18 20 26 0 
2 3 6 9 11 13 15 19 0 
11 13 15 20 21 23 0 
1 2 7 12 13 15 16 20 21 28 0 
9 13 22 31 0 
1 10 12 16 20 21 28 31 0 
2 4 15 16 18 31 0 
4 10 22 25 29 31 0 
2 9 12 23 31 0 
4 7 23 26 0 
7 16 25 26 30 0 
1 4 7 9 11 13 20 23 0 
4 5 8 18 24 27 31 0 
7 10 11 24 27 28 30 0 
5 14 17 23 24 27 0 
7 9 14 25 30 31 0 
1 6 8 10 13 18 25 30 0 
9 16 19 21 22 30 0 
1 11 18 22 26 27 29 0 
1 5 10 12 16 24 25 31 0 
13 16 17 27 28 31 0 
2 4 9 13 17 0 
1 4 5 8 15 26 0 
9 10 15 21 22 28 29 0 
2 4 12 26 30 0 
6 8 11 15 20 23 27 28 29 0 
13 16 17 18 26 29 30 31 0 
1 3 6 9 15 25 26 0 
8 10 13 17 27 0 
7 8 9 17 21 24 25 26 29 0 
1 6 16 18 21 24 27 30 31 0 
3 4 5 9 19 26 0 
5 10 15 31 0 
1 13 14 15 26 29 30 0 
14 20 25 27 0 
9 11 20 21 28 29 0 
8 10 13 26 0 
6 9 12 15 24 28 0 
11 12 15 18 0 
14 17 24 0 
6 9 12 17 20 0 
1 4 9 19 20 22 23 26 28 0 
3 6 7 15 26 27 0 
15 21 22 24 26 28 0 
2 4 16 19 20 25 29 31 0 
1 4 9 13 22 24 0 
2 4 6 10 17 19 20 24 27 0 
1 3 10 25 27 31 0 
11 12 14 16 22 23 25 30 31 0 
4 13 16 18 21 22 30 0 
2 8 15 0 
1 2 9 12 13 16 18 25 27 30 31 0 
10 11 14 15 18 26 0 
17 22 23 29 0 
2 4 18 24 27 28 0 
1 5 12 13 14 17 21 27 0 
3 5 10 13 16 28 0 
8 9 12 23 26 27 0 
7 16 18 19 22 23 27 30 0 
3 12 16 27 30 0 
12 14 26 30 0 
12 18 21 22 23 25 27 29 0 
7 9 11 15 23 28 0 
1 2 10 13 14 16 17 25 29 30 0 
3 9 14 16 18 20 28 30 31 0 
2 3 14 15 0 
6 7 12 13 16 29 0 
4 15 24 27 30 31 0 
8 9 17 21 29 0 
6 7 9 11 17 26 28 31 0 
6 8 9 30 0 
1 10 15 18 0 
2 3 5 6 9 10 11 12 22 26 28 0 
1 6 25 0 
2 3 11 23 25 0 
5 6 15 17 20 25 30 0 
1 4 6 9 11 20 23 0 
1 16 22 27 30 0 
1 3 11 14 21 24 28 29 0 
5 8 16 22 26 29 30 0 
13 20 21 25 31 0 
1 9 21 23 24 0 
5 7 15 17 0 
4 13 30 31 0 
3 4 14 17 24 0 
7 13 19 22 26 0 
2 10 22 25 28 30 31 0 
13 15 19 21 26 27 29 0 
2 9 10 16 21 27 31 0 
6 10 22 23 24 25 29 0 
8 9 17 19 22 27 0 
1 12 27 31 0 
1 6 18 26 27 0 
3 4 8 16 22 27 31 0 
6 14 18 23 24 28 30 0 
1 4 8 9 17 20 22 0 
2 5 7 17 23 24 26 29 0 
5 8 12 14 18 25 28 0 
2 3 5 6 10 17 29 0 
8 9 13 16 17 23 26 0 
4 17 21 24 0 
14 16 18 25 31 0 
-1 -6 -7 -15 -18 -19 -28 -29 0 
-17 -21 -22 -27 -31 0 
-4 -12 -15 -18 -24 -29 -30 -31 0 
-17 -20 -22 -27 0 
-3 -6 -7 -11 -21 -24 -31 0 
-1 -4 -5 -7 -9 -10 -15 -19 -21 -23 -24 -29 0 
-4 -13 -15 -22 -27 0 
-3 -8 -16 -23 -24 -29 0 
-4 -8 -11 -12 -20 0 
-1 -2 -5 -11 -18 -26 -31 0 
-13 -14 -15 -23 -26 -27 -31 0 
-4 -6 -7 -9 -13 -18 -21 -22 -30 0 
-8 -10 -14 -19 0 
-6 -10 -15 -27 0 
-13 -16 -26 0 
-3 -10 -14 -19 -22 -26 -31 0 
-4 -7 -16 0 
-1 -4 -8 -10 -17 -18 -29 0 
-7 -8 -21 -31 0 
-1 -2 -18 -20 -27 -28 -30 0 
-8 -9 -10 -18 -19 -24 0 
-1 -9 -16 -20 -21 -23 -24 -26 -31 0 
-7 -16 -17 -29 -31 0 
-7 -10 -11 -26 0 
-2 -5 -10 -16 -17 -23 -24 0 
-2 -3 -11 -14 -16 -30 0 
-10 -12 -14 -18 -24 0 
-3 -4 -7 -23 -27 -29 -30 -31 0 
-10 -14 -15 -21 0 
-4 -5 -6 -12 -16 -24 -26 -29 0 
-2 -5 -9 -13 -15 -17 -22 -23 -25 -26 -29 0 
-4 -8 -14 -15 -23 -24 -26 -31 0 
-5 -10 -17 -18 -24 -27 0 
-2 -3 -4 -5 -6 -14 -23 -26 -31 0 
-15 -19 -21 -24 -28 -29 -31 0 
-4 -5 -10 -13 -15 -16 -21 -23 -31 0 
-4 -11 -21 -26 -28 0 
-2 -4 -10 -15 0 
-5 -7 -12 -20 -21 -23 -27 -30 -31 0 
-2 -9 -13 -14 -15 -17 -22 -27 -30 0 
-3 -8 -10 -29 0 
-10 -17 -19 -26 -28 0 
-8 -13 -17 -21 -29 0 
-3 -5 -6 -17 -19 -25 0 
-3 -9 -10 -11 -17 -18 -25 0 
-18 -21 -22 -29 -30 0 
-1 -3 -15 -21 -27 -31 0 
-10 -29 0 
-13 -27 -28 -29 0 
-3 -16 -21 -25 0 
-3 -4 -6 -7 -9 -25 -30 0 
-14 -24 -27 -29 -31 0 
-4 -6 -10 -20 -23 -26 -28 -29 0 
-4 -8 -11 -16 -28 0 
-5 -11 -28 0 
-5 -7 -8 0 
-5 -14 -17 -19 -20 -22 -23 0 
-9 -19 -23 -28 0 
-1 -2 -3 -8 -9 -13 -17 -19 0 
-2 -12 -21 -24 0 
-8 -17 -18 -21 -28 0 
-2 -10 -17 -18 0 
-5 -12 -16 -25 0 
-2 -5 -22 -26 -27 0 
-5 -10 -15 -17 -19 -21 -22 -29 -30 0 
-1 -11 -16 -17 -22 -24 0 
-2 -4 -5 -11 -15 -19 -20 -28 0 
-3 -4 -22 -30 0 
-7 -15 -19 0 
-12 -15 -19 -31 0 
-6 -10 0 
-4 -13 -18 -20 -25 -29 -30 0 
-6 -21 -26 -28 0 
-1 -10 -18 -26 0 
-4 -12 -15 -17 0 
-6 -13 -19 -24 -26 -31 0 
-5 -25 -28 0 
-1 -2 -7 -9 -19 -22 -23 -29 0 
-4 -5 -6 -7 -12 -14 -22 -25 -28 0 
-2 -14 -20 0 
-6 -7 -9 -13 -15 -18 -20 0 
-13 -17 -28 -31 0 
-5 -10 -12 -16 -20 -24 -30 0 
-3 -5 -6 -10 -20 -21 -27 -31 0 
-1 -3 -8 -19 -25 -26 -28 -30 -31 0 
-4 -7 -17 -20 -28 0 
-2 -11 -20 -21 -23 -24 -26 -27 -28 0 
-1 -2 -12 -24 -27 -31 0 
-1 -4 -5 -6 -17 -19 -20 0 
-2 -7 -15 -22 -25 0 
-1 -3 -6 -7 -14 -17 -18 -23 0 
-2 -6 -9 -13 -18 -20 -23 -27 0 
-15 -16 -20 -22 -28 0 
-6 -9 -22 -23 -28 -31 0 
-1 -7 -9 -14 -16 -22 -27 0 
-14 -20 -21 -25 -27 0 
-7 -12 -18 -23 -25 -27 -30 0 
-11 -16 -21 0 
-16 -20 -27 -28 0 
-6 -15 -19 -22 -26 -28 -30 -31 0 
-4 -9 -12 -15 -16 -22 -29 0 
-5 -11 -12 -13 -19 -22 -25 -27 -31 0 
-6 -10 -13 -14 -17 -19 -27 -29 0 
-11 -20 -22 -23 -26 -28 0 
-7 -8 -14 -16 -20 -23 -27 -30 -31 0 
-2 -6 -7 -11 -16 -17 -19 -23 -24 -28 0 
-3 -4 -13 -16 -22 -23 -24 0 
-1 -6 -11 -13 -23 -24 -29 -30 -31 0 
-7 -10 -13 -15 -24 -26 -29 0 
-2 -3 -8 -15 -26 -28 -31 0 
-8 -10 -13 -17 0 
-2 -11 -13 -19 -21 -25 -30 0 
-5 -9 -12 -18 -20 -22 -25 0 
-6 -12 -16 -19 -22 -25 0 
-1 -5 -22 -24 -25 -30 0 
-3 -8 -11 -25 -30 0 
-3 -4 -7 -15 -17 -20 0 
-2 -7 -14 -16 -19 -20 -24 0 
-5 -11 -18 -23 -25 -27 -28 -30 0 
-3 -4 -8 -10 -13 -17 -25 -29 -30 0 
-3 -5 -12 -13 -14 -22 -25 -26 -27 0 
-8 -19 -23 -24 -27 -30 0 
-1 -5 -14 -25 -27 0 
-14 -21 -22 -23 -28 -31 0 
-3 -5 -12 -21 -25 -27 -30 0 
-2 -5 -12 -13 -20 -21 -27 0 
-3 -7 -13 -18 0 
-4 -6 -19 -20 -25 -31 0 
-7 -13 -15 -16 -17 -19 -20 -25 -29 0 
-4 -5 -9 -10 -23 -26 -31 0 
-11 -19 -20 -22 -25 -26 -28 0 
-1 -5 -10 -15 -23 -24 0 
-15 -24 -27 0 
-7 -11 -12 -17 -22 -25 -27 -31 0 
-1 -3 -5 -8 -10 -13 -15 -21 -31 0 
-3 -5 -7 -9 -21 -30 0 
-2 -5 -6 -7 -11 -23 -25 -27 0 
-4 -6 -18 -19 -22 -24 -29 -31 0 
-4 -5 -7 -20 -28 -29 0 
-1 -17 -19 -20 -22 0 
-8 -10 -14 -22 -23 0 
-9 -10 -16 -18 -30 0 
-2 -8 -9 -11 -17 -19 -23 -25 -27 0 
-5 -7 -16 -20 -29 0 
-3 -5 -15 -23 -24 -27 -28 -29 0 
-1 -2 -3 -7 -18 -24 -26 0 
-2 -3 -24 -31 0 
-1 -3 -4 -5 -16 0 
-5 -12 -15 -19 -20 -22 -23 -30 0 
-6 -7 -8 -9 -22 -23 -27 -29 0 
-1 -2 -9 -17 -22 -31 0 
-10 -12 -23 -25 -30 -31 0 
-1 -5 -6 -17 -19 -22 -24 0 
-2 -4 -5 -16 -23 -28 -31 0 
-2 -3 -13 -19 -25 -30 0 
-8 -13 -17 -18 -20 -23 -24 -25 0 
-3 -8 -9 -14 -15 -31 0 
-6 -14 -16 -17 -19 -20 -24 -27 -29 0 
-6 -8 -11 -18 -21 -24 -25 -30 0 
-2 -3 -6 -10 -13 -16 0 
-2 -6 -10 -11 -12 -13 -14 -17 -27 -28 0 
-1 -5 -13 -15 -16 -27 0 
-6 -12 -13 -14 -15 -17 -19 -21 -23 -25 -28 -29 0 
-4 -10 -12 -13 -16 -22 -30 0 
-5 -6 -7 -14 -19 -21 -30 0 
-6 -7 -8 -9 -12 -20 -21 -27 0 
-3 -16 -17 -23 -25 -29 -31 0 
-8 -10 -20 -23 -29 0 
-2 -13 -16 -21 -22 -26 -30 0 
-2 -7 -11 -13 -20 -26 -27 -30 0 
-4 -8 -9 -12 -23 -30 0 
-6 -16 -30 -31 0 
-3 -10 -14 -16 -21 0 
-3 -5 -6 -8 -10 -22 -24 -27 -28 0 
-8 -14 -17 -18 -19 -23 0 
-3 -10 -12 -15 -18 -29 0 
-5 -9 -12 -13 -23 0 
-1 -9 -23 -24 -26 -27 0 
-6 -9 -11 -18 -23 -25 0 
-1 -11 -19 -25 -29 0 
-12 -18 -19 -20 -23 -29 -31 0 
-7 -12 -20 0 
-2 -4 -6 -10 -17 -26 0 
-1 -3 -6 -7 -8 -11 -22 -31 0 
-4 -6 -7 -10 -19 -20 -21 0 
-2 -9 -10 -18 -22 -27 0 
-5 -11 -17 -22 -23 -24 0 
-3 -4 -5 -15 -23 -28 -30 0 
-2 -7 -13 -21 -22 -31 0 
-4 -6 -9 -11 -16 -17 -20 -24 -28 0 
-1 -9 -17 -24 -25 -27 -29 0 
-3 -6 -19 -20 -25 -28 -31 0 
-1 -2 -3 -4 -5 -8 -11 -21 -23 -27 0 
-13 -16 -18 -20 -21 -25 -29 0 
-1 -12 -13 -16 -19 -27 -31 0 
-2 -5 -6 -25 -28 -29 0 
-8 -9 -16 -23 -30 0 
-1 -14 -16 -17 -18 -23 -26 0 
-9 -16 -19 -20 -25 -30 0 
-13 -17 -22 -26 0 
-10 -12 -13 -16 -22 -23 -31 0 
-1 -20 -24 -27 -31 0 
-8 -20 -26 -28 -29 -30 -31 0 
-3 -4 -10 -12 -17 -23 -25 -28 0 
-2 -3 -4 -17 -18 -20 -22 -27 -31 0 
-11 -18 -20 -21 -24 -29 0 
-6 -9 -15 -17 -18 -23 -24 -27 0 
-9 -10 -20 -21 0 
-4 -21 0 
-2 -4 -7 -8 -11 -17 -27 -28 0 
-3 -11 -12 -14 -17 -31 0 
-8 -19 -23 -30 -31 0 
-8 -11 -13 -16 0 
-2 -5 -8 -17 -20 -24 -26 -29 0 
-3 -5 -8 -10 -11 -12 -18 -23 -27 -30 0 
-9 -10 -13 -14 -16 -20 -30 0 
-1 -11 -14 -18 0 
-5 -7 -11 -17 -18 -23 -26 0 
-1 -7 -11 -16 -19 0 
-3 -6 -10 -21 -23 -27 -30 0 
-4 -11 -13 -17 -18 -20 -28 0 
-2 -6 -12 -21 -22 -31 0 
-4 -9 -21 -25 0 
-3 -10 -15 -17 -20 -29 0 
-4 -10 -15 -25 0 
-7 -9 -12 -16 -22 -23 -27 0 
-2 -11 -15 -17 -30 0 
-1 -8 -10 -13 -18 -19 -26 0 
-12 -15 -16 -17 -20 -30 0 
-11 -17 -19 -24 -25 -31 0 
-4 -5 -6 -19 -27 -30 0 
-2 -3 -6 -8 -14 -17 -27 -29 -30 0 
-11 -13 -23 -28 0 
-11 -17 -26 -28 0 
-3 -4 -7 -10 -17 -19 -20 -23 -28 -29 -31 0 
-2 -7 -12 -13 -28 -31 0 
-2 -8 -12 -19 -29 0 
-6 -9 -16 -18 -20 -25 -30 0 
-2 -5 -9 -23 -28 0 
-6 -9 0 
-1 -2 -5 -7 -12 -15 -24 -30 0 
-2 -4 -12 -21 -24 -26 -30 0 
-11 -16 -17 -25 -27 0 
-5 -8 -10 -12 -21 -22 0 
-2 -7 -8 -9 -10 -13 -16 -21 -29 -31 0 
-1 -7 -10 -12 -14 -22 -23 -26 0 
-3 -5 -6 -7 -20 -23 -25 -27 -28 0 
-1 -2 -6 -11 -13 0 
-1 -2 -7 -9 -19 0 
-3 -7 -8 -11 -24 -27 0 
-6 -7 -8 -9 -19 -21 -22 -24 -26 -28 -29 -31 0 
-12 -13 -17 -20 -30 0 
-1 -2 -4 -18 -23 -30 0 
-6 -8 -10 -12 -13 -14 -17 -19 -22 -28 0 
-3 -7 -11 -19 -20 -22 -24 0 
-3 -5 -7 -12 -15 -17 -25 -30 0 
-4 -6 -7 -14 -18 -21 -31 0 
-11 -14 -15 -22 -26 0 
-2 -4 -5 -10 -14 -23 -24 -25 -26 0 
-2 -16 -23 -28 0 
-8 -9 -20 -31 0 
-2 -10 -21 -22 -23 -24 -25 0 
-10 -14 -17 -21 -23 -25 -26 0 
-2 -15 -18 -23 -31 0 
-8 -26 -29 -31 0 
-4 -5 -7 -18 -21 0 
-2 -9 -17 -19 0 
-7 -15 -21 -22 -24 -29 0 
-2 -4 -6 -13 0 
-9 -16 -21 -25 -26 -27 0 
-2 -19 -20 -26 -31 0 
-13 -16 -20 -21 -26 -31 0 
-6 -11 -17 -19 -23 0 
-12 -13 -16 -18 -19 0 
-5 -9 -10 -12 -13 0 
-5 -13 -18 -19 -20 -28 -31 0 
-11 -26 -30 0 
-2 -3 -4 -6 -8 -17 -20 -24 -25 -29 0 
-1 -3 -18 -19 -20 -22 0 
-2 -7 -20 -24 -26 -30 -31 0 
-12 -13 -18 -27 -28 0 
-4 -7 -13 -14 -16 -22 -30 0 
-9 -11 -13 -18 -19 -26 -28 -30 0 
-2 -4 -11 -16 -22 0 
-1 -10 -18 -27 -31 0 
-1 -11 -13 -24 -27 0 
-3 -6 -7 -8 -10 -13 -16 -17 -26 0 
-14 -18 -19 -20 -25 -26 -28 -30 -31 0 
-4 -11 -12 -15 -25 0 
-4 -5 -11 -13 -15 -16 -18 -26 0 
-12 -17 -20 -26 -30 0 
-3 -9 -18 -21 0 
-1 -2 -7 -8 -10 -12 -24 -29 0 
-1 -5 -10 -12 -16 0 
-1 -10 -12 -14 -15 -21 -24 -29 -31 0 
-11 -17 -24 -27 -29 0 
-4 -14 -15 -20 -21 -28 -30 0 
-8 -10 -17 -18 -20 -26 -31 0 
-1 -9 -12 -18 -20 -26 0 
-2 -3 -6 -9 -11 -13 -15 -19 0 
-11 -13 -15 -20 -21 -23 0 
-1 -2 -7 -12 -13 -15 -16 -20 -21 -28 0 
-9 -13 -22 -31 0 
-1 -10 -12 -16 -20 -21 -28 -31 0 
-2 -4 -15 -16 -18 -31 0 
-4 -10 -22 -25 -29 -31 0 
-2 -9 -12 -23 -31 0 
-4 -7 -23 -26 0 
-7 -16 -25 -26 -30 0 
-1 -4 -7 -9 -11 -13 -20 -23 0 
-4 -5 -8 -18 -24 -27 -31 0 
-7 -10 -11 -24 -27 -28 -30 0 
-5 -14 -17 -23 -24 -27 0 
-7 -9 -14 -25 -30 -31 0 
-1 -6 -8 -10 -13 -18 -25 -30 0 
-9 -16 -19 -21 -22 -30 0 
-1 -11 -18 -22 -26 -27 -29 0 
-1 -5 -10 -12 -16 -24 -25 -31 0 
-13 -16 -17 -27 -28 -31 0 
-2 -4 -9 -13 -17 0 
-1 -4 -5 -8 -15 -26 0 
-9 -10 -15 -21 -22 -28 -29 0 
-2 -4 -12 -26 -30 0 
-6 -8 -11 -15 -20 -23 -27 -28 -29 0 
-13 -16 -17 -18 -26 -29 -30 -31 0 
-1 -3 -6 -9 -15 -25 -26 0 
-8 -10 -13 -17 -27 0 
-7 -8 -9 -17 -21 -24 -25 -26 -29 0 
-1 -6 -16 -18 -21 -24 -27 -30 -31 0 
-3 -4 -5 -9 -19 -26 0 
-5 -10 -15 -31 0 
-1 -13 -14 -15 -26 -29 -30 0 
-14 -20 -25 -27 0 
-9 -11 -20 -21 -28 -29 0 
-8 -10 -13 -26 0 
-6 -9 -12 -15 -24 -28 0 
-11 -12 -15 -18 0 
-14 -17 -24 0 
-6 -9 -12 -17 -20 0 
-1 -4 -9 -19 -20 -22 -23 -26 -28 0 
-3 -6 -7 -15 -26 -27 0 
-15 -21 -22 -24 -26 -28 0 
-2 -4 -16 -19 -20 -25 -29 -31 0 
-1 -4 -9 -13 -22 -24 0 
-2 -4 -6 -10 -17 -19 -20 -24 -27 0 
-1 -3 -10 -25 -27 -31 0 
-11 -12 -14 -16 -22 -23 -25 -30 -31 0 
-4 -13 -16 -18 -21 -22 -30 0 
-2 -8 -15 0 
-1 -2 -9 -12 -13 -16 -18 -25 -27 -30 -31 0 
-10 -11 -14 -15 -18 -26 0 
-17 -22 -23 -29 0 
-2 -4 -18 -24 -27 -28 0 
-1 -5 -12 -13 -14 -17 -21 -27 0 
-3 -5 -10 -13 -16 -28 0 
-8 -9 -12 -23 -26 -27 0 
-7 -16 -18 -19 -22 -23 -27 -30 0 
-3 -12 -16 -27 -30 0 
-12 -14 -26 -30 0 
-12 -18 -21 -22 -23 -25 -27 -29 0 
-7 -9 -11 -15 -23 -28 0 
-1 -2 -10 -13 -14 -16 -17 -25 -29 -30 0 
-3 -9 -14 -16 -18 -20 -28 -30 -31 0 
-2 -3 -14 -15 0 
-6 -7 -12 -13 -16 -29 0 
-4 -15 -24 -27 -30 -31 0 
-8 -9 -17 -21 -29 0 
-6 -7 -9 -11 -17 -26 -28 -31 0 
-6 -8 -9 -30 0 
-1 -10 -15 -18 0 
-2 -3 -5 -6 -9 -10 -11 -12 -22 -26 -28 0 
-1 -6 -25 0 
-2 -3 -11 -23 -25 0 
-5 -6 -15 -17 -20 -25 -30 0 
-1 -4 -6 -9 -11 -20 -23 0 
-1 -16 -22 -27 -30 0 
-1 -3 -11 -14 -21 -24 -28 -29 0 
-5 -8 -16 -22 -26 -29 -30 0 
-13 -20 -21 -25 -31 0 
-1 -9 -21 -23 -24 0 
-5 -7 -15 -17 0 
-4 -13 -30 -31 0 
-3 -4 -14 -17 -24 0 
-7 -13 -19 -22 -26 0 
-2 -10 -22 -25 -28 -30 -31 0 
-13 -15 -19 -21 -26 -27 -29 0 
-2 -9 -10 -16 -21 -27 -31 0 
-6 -10 -22 -23 -24 -25 -29 0 
-8 -9 -17 -19 -22 -27 0 
-1 -12 -27 -31 0 
-1 -6 -18 -26 -27 0 
-3 -4 -8 -16 -22 -27 -31 0 
-6 -14 -18 -23 -24 -28 -30 0 
-1 -4 -8 -9 -17 -20 -22 0 
-2 -5 -7 -17 -23 -24 -26 -29 0 
-5 -8 -12 -14 -18 -25 -28 0 
-2 -3 -5 -6 -10 -17 -29 0 
-8 -9 -13 -16 -17 -23 -26 0 
-4 -17 -21 -24 0 
-14 -16 -18 -25 -31 0 
