p cnf 31 800
5 11 16 0 
3 4 5 18 20 31 0 
11 12 17 20 22 23 25 30 0 
5 11 12 27 31 0 
13 21 25 26 27 0 
6 7 14 15 24 26 31 0 
3 9 15 28 0 
5 6 7 10 13 15 20 26 0 
4 5 6 18 22 31 0 
2 3 13 21 27 0 
8 12 13 19 21 25 0 
10 11 18 21 0 
5 16 19 21 23 24 0 
12 16 22 26 0 
6 7 15 18 19 24 27 0 
2 6 9 10 21 23 27 0 
11 16 18 23 26 28 0 
11 13 20 21 24 0 
2 5 18 19 21 26 0 
15 21 22 31 0 
9 20 21 0 
4 6 11 28 0 
12 18 22 23 26 28 30 0 
5 6 12 15 19 22 25 30 31 0 
1 7 8 9 18 30 0 
1 7 11 13 29 0 
2 6 14 15 16 20 25 27 28 0 
1 6 13 16 18 19 21 22 31 0 
1 23 27 28 30 31 0 
6 13 18 0 
5 6 14 16 18 0 
6 7 8 11 18 27 0 
5 8 16 22 28 0 
7 8 12 15 16 22 23 25 27 30 0 
1 6 13 16 23 24 25 0 
2 4 14 22 23 25 28 29 0 
2 7 9 14 16 17 18 25 26 30 0 
2 3 7 9 13 18 19 21 22 27 29 0 
1 2 13 21 24 0 
8 11 14 23 24 28 0 
15 28 0 
3 4 5 9 10 21 27 0 
1 5 6 9 15 18 26 0 
4 6 8 12 13 16 17 21 24 25 0 
3 8 16 20 30 31 0 
1 2 9 12 16 22 26 29 0 
5 6 7 12 16 25 26 0 
1 2 7 12 20 22 28 0 
13 23 24 30 31 0 
2 5 15 20 28 0 
6 9 23 28 29 0 
9 13 17 20 0 
5 18 22 23 28 31 0 
4 6 8 9 12 14 24 26 27 28 0 
7 10 14 18 25 0 
3 5 12 13 15 17 21 26 0 
5 18 25 26 27 0 
17 19 20 25 0 
1 23 24 30 0 
1 5 7 9 10 12 21 22 0 
1 5 10 14 18 20 21 0 
2 4 11 12 13 19 24 31 0 
1 2 3 12 13 24 26 0 
4 5 10 14 16 28 0 
4 12 18 23 28 30 0 
8 18 22 23 27 0 
5 10 11 15 17 22 29 31 0 
1 2 3 4 10 11 12 15 16 26 0 
2 4 5 7 15 23 24 0 
4 7 10 11 12 13 16 25 0 
5 6 8 9 16 18 19 20 27 29 0 
1 13 14 16 28 0 
7 9 11 15 18 20 0 
1 3 6 14 23 24 27 30 31 0 
1 6 7 8 10 14 16 17 22 25 0 
1 3 6 13 25 29 30 0 
4 5 8 14 23 27 28 30 0 
3 8 13 18 29 0 
5 11 14 15 17 18 21 28 0 
17 20 26 0 
12 13 14 30 0 
10 16 26 27 0 
1 5 6 8 13 22 23 26 29 0 
5 8 17 22 25 28 0 
5 17 18 19 24 27 0 
5 7 10 12 21 29 31 0 
1 11 0 
9 12 15 16 18 23 26 29 31 0 
4 7 12 16 18 20 21 28 30 31 0 
1 4 8 13 17 20 21 23 24 30 31 0 
3 7 11 17 19 23 26 29 0 
3 4 14 15 18 20 22 24 0 
2 14 16 24 0 
4 7 8 10 18 25 26 27 0 
3 10 11 28 29 31 0 
4 8 9 10 11 12 16 18 0 
4 9 19 22 23 24 0 
4 6 11 14 21 22 27 28 0 
1 18 20 21 31 0 
5 12 16 20 22 31 0 
2 13 23 26 30 0 
5 11 12 16 19 0 
3 10 0 
3 15 17 20 21 23 25 26 0 
1 10 16 28 29 30 0 
2 7 10 11 14 18 25 30 0 
3 4 7 8 27 30 0 
1 9 11 16 22 24 25 27 0 
4 7 8 14 17 21 23 0 
2 5 7 8 13 16 18 0 
5 8 16 20 27 28 31 0 
8 14 15 0 
4 5 7 13 17 21 23 28 29 31 0 
1 2 11 18 24 29 31 0 
1 9 14 19 23 24 31 0 
4 10 11 14 15 18 0 
2 6 16 19 28 29 30 0 
2 7 8 10 15 21 25 28 0 
3 4 13 26 0 
3 4 6 8 15 17 19 31 0 
1 2 10 11 13 17 18 23 28 30 0 
3 6 21 24 28 0 
6 7 10 13 14 16 19 23 26 31 0 
2 9 25 28 31 0 
3 5 12 25 28 31 0 
4 6 16 17 21 24 25 26 0 
4 10 15 16 17 29 0 
5 8 11 14 17 23 28 29 31 0 
4 11 14 16 23 26 0 
1 4 14 16 17 25 0 
4 10 11 12 17 31 0 
2 7 17 19 27 0 
1 2 3 8 11 13 23 26 27 30 31 0 
1 2 7 9 10 23 25 30 0 
2 5 12 15 16 21 23 0 
1 6 13 18 19 27 0 
1 4 6 8 13 16 19 22 27 30 0 
4 10 19 0 
15 18 19 28 30 0 
4 9 15 20 0 
12 16 26 27 0 
5 6 8 12 26 29 30 0 
6 7 9 17 20 29 0 
20 23 24 31 0 
8 9 14 15 16 17 26 30 0 
2 5 15 29 0 
7 9 11 18 22 28 30 0 
4 7 8 11 14 26 27 0 
3 5 10 13 15 16 17 20 28 30 0 
2 6 7 17 21 25 28 0 
6 12 16 22 24 25 27 29 0 
9 11 14 16 17 18 30 0 
9 12 18 19 20 29 0 
6 9 14 16 24 28 29 0 
1 2 10 12 15 17 22 26 27 30 0 
4 6 8 18 21 27 29 31 0 
2 3 9 14 16 20 31 0 
7 10 13 15 16 19 23 26 28 0 
4 5 6 9 14 25 30 31 0 
2 6 11 15 19 0 
1 5 6 12 14 17 0 
14 15 18 26 27 28 29 31 0 
1 4 5 12 16 17 18 0 
9 11 13 16 17 24 25 27 0 
6 15 22 31 0 
7 8 15 30 31 0 
21 22 30 0 
5 6 11 14 0 
5 18 29 0 
1 18 0 
6 10 11 12 0 
7 10 12 13 20 22 24 27 0 
1 5 24 25 26 27 0 
2 5 6 7 13 17 23 24 0 
6 13 14 23 24 25 27 28 0 
10 13 14 18 20 23 28 0 
5 6 19 21 27 0 
10 17 21 23 0 
3 5 8 25 27 0 
5 9 16 21 27 0 
10 11 12 15 29 0 
1 6 9 20 23 0 
4 8 9 13 18 19 21 25 27 31 0 
11 15 16 17 20 24 0 
15 17 19 23 25 29 30 0 
11 21 22 28 30 0 
4 10 16 22 23 27 29 0 
2 4 11 15 21 23 27 0 
3 4 11 17 22 23 24 25 26 27 28 0 
5 7 9 10 16 21 29 0 
2 4 5 14 17 24 25 27 29 0 
4 11 12 13 18 31 0 
2 5 6 16 18 22 27 0 
4 7 8 12 13 23 25 31 0 
1 3 11 12 14 18 23 0 
5 6 10 12 13 14 22 28 31 0 
10 15 26 0 
23 26 29 31 0 
3 8 11 12 24 26 30 0 
6 9 14 22 25 0 
1 11 16 30 0 
2 9 16 17 23 26 29 31 0 
7 11 12 17 20 24 28 29 0 
1 12 18 26 29 0 
6 11 16 18 21 31 0 
3 15 16 27 28 0 
3 4 7 9 30 0 
6 10 11 13 20 24 27 31 0 
4 6 16 28 31 0 
3 5 9 14 21 22 0 
1 5 13 15 31 0 
1 10 27 28 30 0 
3 9 16 25 29 0 
2 8 13 16 18 0 
2 5 8 14 19 26 28 0 
2 3 9 10 15 16 18 0 
2 5 6 7 11 15 20 22 24 25 0 
2 8 16 22 23 25 26 0 
1 9 28 0 
13 18 20 27 0 
10 13 20 21 23 26 31 0 
7 12 16 20 23 0 
6 16 18 19 21 0 
8 12 18 19 25 0 
2 3 4 11 12 21 27 0 
1 7 10 14 18 20 22 31 0 
1 3 7 14 16 23 24 26 30 0 
2 3 20 22 24 0 
7 11 21 24 30 0 
1 2 3 4 5 10 20 25 0 
2 3 6 10 23 25 27 0 
5 7 10 11 24 25 28 29 0 
4 18 19 21 25 27 28 31 0 
3 6 7 9 16 20 22 0 
15 18 23 24 0 
3 10 18 20 24 26 29 30 31 0 
1 9 12 23 26 0 
8 10 14 17 19 26 31 0 
6 14 19 22 29 0 
1 11 12 16 0 
1 15 17 19 22 26 0 
4 7 12 13 27 30 0 
6 10 12 14 15 17 18 28 31 0 
3 5 6 7 8 11 25 31 0 
6 12 18 20 27 31 0 
11 14 16 23 27 28 0 
12 14 18 21 28 0 
6 7 13 20 21 23 26 29 0 
1 8 14 20 0 
3 10 11 13 19 0 
4 11 12 20 23 25 30 0 
1 19 20 25 31 0 
6 8 9 14 16 20 21 29 0 
7 9 15 18 0 
2 3 4 9 11 17 21 31 0 
1 16 28 0 
13 19 23 29 31 0 
3 4 5 9 11 14 20 24 0 
8 16 19 20 26 31 0 
6 11 19 27 0 
2 3 13 14 18 25 30 31 0 
7 9 11 13 17 20 26 29 0 
2 7 13 14 15 24 29 0 
3 8 12 13 14 18 24 0 
2 10 11 17 24 29 0 
4 8 12 16 17 21 0 
11 12 17 22 0 
3 5 11 15 22 0 
2 4 10 16 26 30 0 
3 4 14 15 26 31 0 
2 4 5 6 10 12 13 23 24 26 30 0 
4 15 16 23 0 
2 5 12 19 22 30 31 0 
10 13 19 21 25 0 
7 13 14 19 21 28 30 0 
2 14 22 26 0 
2 9 12 17 19 21 0 
1 2 8 11 19 20 23 0 
4 15 19 23 0 
1 5 13 21 24 28 29 31 0 
4 6 14 16 22 28 0 
3 13 19 0 
4 14 24 27 28 31 0 
9 10 18 22 31 0 
1 4 9 13 21 22 30 0 
2 3 12 21 28 0 
2 6 12 20 22 23 0 
8 11 13 17 19 0 
1 6 13 15 21 23 30 0 
1 2 3 7 10 11 15 16 21 26 29 0 
1 11 15 18 31 0 
2 3 11 14 23 25 27 0 
1 2 7 14 25 26 27 30 0 
1 5 6 11 14 21 24 26 28 31 0 
1 3 6 15 22 0 
8 9 18 19 26 28 0 
6 8 11 14 15 16 17 21 24 25 0 
1 11 15 19 22 0 
2 6 10 21 29 30 31 0 
2 9 13 21 27 29 31 0 
2 6 17 24 25 0 
1 18 23 0 
8 10 12 14 23 0 
1 8 11 13 15 24 29 0 
8 10 17 21 22 27 30 0 
14 18 25 0 
1 7 9 10 15 21 24 29 0 
11 12 13 14 16 17 29 0 
4 10 12 15 22 23 24 26 27 31 0 
1 5 6 8 14 15 19 22 0 
6 9 12 15 19 29 0 
8 14 21 23 25 28 0 
4 7 24 29 30 0 
6 9 20 23 24 27 31 0 
1 12 16 17 20 27 30 0 
1 4 7 13 25 0 
11 12 27 0 
2 12 17 22 0 
2 3 11 20 22 25 31 0 
10 13 16 18 20 22 26 27 31 0 
17 19 26 30 0 
1 2 7 10 13 19 23 30 0 
11 18 19 22 23 25 27 0 
1 3 5 6 11 15 16 17 26 27 0 
6 11 16 19 21 0 
4 6 13 17 18 19 23 27 0 
1 10 13 23 24 29 0 
7 18 22 30 31 0 
9 10 13 17 19 0 
7 8 11 28 0 
8 19 23 26 29 31 0 
11 14 15 20 21 25 29 0 
11 12 14 20 24 0 
6 8 9 17 19 20 25 30 0 
16 18 21 24 29 0 
5 6 11 13 14 0 
2 3 5 7 9 10 12 20 25 0 
1 6 8 17 26 28 29 0 
9 15 19 24 26 27 0 
1 5 28 0 
12 19 20 22 29 0 
2 7 11 17 21 23 27 28 0 
6 7 10 12 17 19 31 0 
6 8 11 13 15 16 17 22 25 27 0 
6 9 11 12 14 25 31 0 
1 2 6 7 8 10 13 14 15 0 
6 9 10 15 17 25 29 0 
1 12 20 26 28 29 0 
2 6 16 17 21 24 0 
3 4 17 27 31 0 
9 10 22 24 25 29 30 0 
2 4 0 
7 8 23 26 28 0 
3 9 20 28 0 
4 6 13 16 17 25 0 
1 6 8 14 23 0 
7 8 19 23 26 29 0 
3 5 7 10 13 14 18 21 24 26 0 
11 16 24 0 
11 12 13 19 26 27 0 
5 8 10 12 14 16 17 18 24 31 0 
1 2 18 19 22 0 
6 15 16 28 0 
1 7 8 10 15 17 20 0 
1 7 29 30 31 0 
11 12 28 29 31 0 
14 15 30 0 
8 9 10 16 21 24 26 28 0 
1 2 3 6 26 31 0 
16 19 21 22 24 26 0 
3 7 16 17 22 27 0 
2 7 9 14 17 22 23 25 0 
4 12 13 14 23 30 0 
2 10 18 24 26 27 28 31 0 
2 3 5 7 8 14 16 17 27 0 
5 10 17 22 0 
5 13 19 22 26 28 29 0 
2 6 7 11 21 30 0 
2 10 11 26 30 0 
5 8 11 13 26 0 
5 14 19 23 25 27 30 0 
2 13 17 21 28 0 
4 6 14 20 24 25 0 
1 2 6 12 16 22 27 29 0 
9 10 11 14 17 18 27 28 0 
1 6 16 17 24 25 27 0 
6 11 18 23 24 0 
3 8 13 20 21 23 25 29 31 0 
1 2 21 23 29 0 
1 13 14 25 30 0 
3 11 17 20 24 26 29 0 
5 30 0 
2 5 11 20 25 31 0 
3 5 14 20 28 30 0 
14 26 30 0 
2 3 18 19 25 27 28 0 
3 5 6 7 9 15 20 22 23 24 26 27 29 0 
6 7 14 19 23 24 25 26 0 
6 10 11 12 18 19 0 
4 12 22 25 0 
-5 -11 -16 0 
-3 -4 -5 -18 -20 -31 0 
-11 -12 -17 -20 -22 -23 -25 -30 0 
-5 -11 -12 -27 -31 0 
-13 -21 -25 -26 -27 0 
-6 -7 -14 -15 -24 -26 -31 0 
-3 -9 -15 -28 0 
-5 -6 -7 -10 -13 -15 -20 -26 0 
-4 -5 -6 -18 -22 -31 0 
-2 -3 -13 -21 -27 0 
-8 -12 -13 -19 -21 -25 0 
-10 -11 -18 -21 0 
-5 -16 -19 -21 -23 -24 0 
-12 -16 -22 -26 0 
-6 -7 -15 -18 -19 -24 -27 0 
-2 -6 -9 -10 -21 -23 -27 0 
-11 -16 -18 -23 -26 -28 0 
-11 -13 -20 -21 -24 0 
-2 -5 -18 -19 -21 -26 0 
-15 -21 -22 -31 0 
-9 -20 -21 0 
-4 -6 -11 -28 0 
-12 -18 -22 -23 -26 -28 -30 0 
-5 -6 -12 -15 -19 -22 -25 -30 -31 0 
-1 -7 -8 -9 -18 -30 0 
-1 -7 -11 -13 -29 0 
-2 -6 -14 -15 -16 -20 -25 -27 -28 0 
-1 -6 -13 -16 -18 -19 -21 -22 -31 0 
-1 -23 -27 -28 -30 -31 0 
-6 -13 -18 0 
-5 -6 -14 -16 -18 0 
-6 -7 -8 -11 -18 -27 0 
-5 -8 -16 -22 -28 0 
-7 -8 -12 -15 -16 -22 -23 -25 -27 -30 0 
-1 -6 -13 -16 -23 -24 -25 0 
-2 -4 -14 -22 -23 -25 -28 -29 0 
-2 -7 -9 -14 -16 -17 -18 -25 -26 -30 0 
-2 -3 -7 -9 -13 -18 -19 -21 -22 -27 -29 0 
-1 -2 -13 -21 -24 0 
-8 -11 -14 -23 -24 -28 0 
-15 -28 0 
-3 -4 -5 -9 -10 -21 -27 0 
-1 -5 -6 -9 -15 -18 -26 0 
-4 -6 -8 -12 -13 -16 -17 -21 -24 -25 0 
-3 -8 -16 -20 -30 -31 0 
-1 -2 -9 -12 -16 -22 -26 -29 0 
-5 -6 -7 -12 -16 -25 -26 0 
-1 -2 -7 -12 -20 -22 -28 0 
-13 -23 -24 -30 -31 0 
-2 -5 -15 -20 -28 0 
-6 -9 -23 -28 -29 0 
-9 -13 -17 -20 0 
-5 -18 -22 -23 -28 -31 0 
-4 -6 -8 -9 -12 -14 -24 -26 -27 -28 0 
-7 -10 -14 -18 -25 0 
-3 -5 -12 -13 -15 -17 -21 -26 0 
-5 -18 -25 -26 -27 0 
-17 -19 -20 -25 0 
-1 -23 -24 -30 0 
-1 -5 -7 -9 -10 -12 -21 -22 0 
-1 -5 -10 -14 -18 -20 -21 0 
-2 -4 -11 -12 -13 -19 -24 -31 0 
-1 -2 -3 -12 -13 -24 -26 0 
-4 -5 -10 -14 -16 -28 0 
-4 -12 -18 -23 -28 -30 0 
-8 -18 -22 -23 -27 0 
-5 -10 -11 -15 -17 -22 -29 -31 0 
-1 -2 -3 -4 -10 -11 -12 -15 -16 -26 0 
-2 -4 -5 -7 -15 -23 -24 0 
-4 -7 -10 -11 -12 -13 -16 -25 0 
-5 -6 -8 -9 -16 -18 -19 -20 -27 -29 0 
-1 -13 -14 -16 -28 0 
-7 -9 -11 -15 -18 -20 0 
-1 -3 -6 -14 -23 -24 -27 -30 -31 0 
-1 -6 -7 -8 -10 -14 -16 -17 -22 -25 0 
-1 -3 -6 -13 -25 -29 -30 0 
-4 -5 -8 -14 -23 -27 -28 -30 0 
-3 -8 -13 -18 -29 0 
-5 -11 -14 -15 -17 -18 -21 -28 0 
-17 -20 -26 0 
-12 -13 -14 -30 0 
-10 -16 -26 -27 0 
-1 -5 -6 -8 -13 -22 -23 -26 -29 0 
-5 -8 -17 -22 -25 -28 0 
-5 -17 -18 -19 -24 -27 0 
-5 -7 -10 -12 -21 -29 -31 0 
-1 -11 0 
-9 -12 -15 -16 -18 -23 -26 -29 -31 0 
-4 -7 -12 -16 -18 -20 -21 -28 -30 -31 0 
-1 -4 -8 -13 -17 -20 -21 -23 -24 -30 -31 0 
-3 -7 -11 -17 -19 -23 -26 -29 0 
-3 -4 -14 -15 -18 -20 -22 -24 0 
-2 -14 -16 -24 0 
-4 -7 -8 -10 -18 -25 -26 -27 0 
-3 -10 -11 -28 -29 -31 0 
-4 -8 -9 -10 -11 -12 -16 -18 0 
-4 -9 -19 -22 -23 -24 0 
-4 -6 -11 -14 -21 -22 -27 -28 0 
-1 -18 -20 -21 -31 0 
-5 -12 -16 -20 -22 -31 0 
-2 -13 -23 -26 -30 0 
-5 -11 -12 -16 -19 0 
-3 -10 0 
-3 -15 -17 -20 -21 -23 -25 -26 0 
-1 -10 -16 -28 -29 -30 0 
-2 -7 -10 -11 -14 -18 -25 -30 0 
-3 -4 -7 -8 -27 -30 0 
-1 -9 -11 -16 -22 -24 -25 -27 0 
-4 -7 -8 -14 -17 -21 -23 0 
-2 -5 -7 -8 -13 -16 -18 0 
-5 -8 -16 -20 -27 -28 -31 0 
-8 -14 -15 0 
-4 -5 -7 -13 -17 -21 -23 -28 -29 -31 0 
-1 -2 -11 -18 -24 -29 -31 0 
-1 -9 -14 -19 -23 -24 -31 0 
-4 -10 -11 -14 -15 -18 0 
-2 -6 -16 -19 -28 -29 -30 0 
-2 -7 -8 -10 -15 -21 -25 -28 0 
-3 -4 -13 -26 0 
-3 -4 -6 -8 -15 -17 -19 -31 0 
-1 -2 -10 -11 -13 -17 -18 -23 -28 -30 0 
-3 -6 -21 -24 -28 0 
-6 -7 -10 -13 -14 -16 -19 -23 -26 -31 0 
-2 -9 -25 -28 -31 0 
-3 -5 -12 -25 -28 -31 0 
-4 -6 -16 -17 -21 -24 -25 -26 0 
-4 -10 -15 -16 -17 -29 0 
-5 -8 -11 -14 -17 -23 -28 -29 -31 0 
-4 -11 -14 -16 -23 -26 0 
-1 -4 -14 -16 -17 -25 0 
-4 -10 -11 -12 -17 -31 0 
-2 -7 -17 -19 -27 0 
-1 -2 -3 -8 -11 -13 -23 -26 -27 -30 -31 0 
-1 -2 -7 -9 -10 -23 -25 -30 0 
-2 -5 -12 -15 -16 -21 -23 0 
-1 -6 -13 -18 -19 -27 0 
-1 -4 -6 -8 -13 -16 -19 -22 -27 -30 0 
-4 -10 -19 0 
-15 -18 -19 -28 -30 0 
-4 -9 -15 -20 0 
-12 -16 -26 -27 0 
-5 -6 -8 -12 -26 -29 -30 0 
-6 -7 -9 -17 -20 -29 0 
-20 -23 -24 -31 0 
-8 -9 -14 -15 -16 -17 -26 -30 0 
-2 -5 -15 -29 0 
-7 -9 -11 -18 -22 -28 -30 0 
-4 -7 -8 -11 -14 -26 -27 0 
-3 -5 -10 -13 -15 -16 -17 -20 -28 -30 0 
-2 -6 -7 -17 -21 -25 -28 0 
-6 -12 -16 -22 -24 -25 -27 -29 0 
-9 -11 -14 -16 -17 -18 -30 0 
-9 -12 -18 -19 -20 -29 0 
-6 -9 -14 -16 -24 -28 -29 0 
-1 -2 -10 -12 -15 -17 -22 -26 -27 -30 0 
-4 -6 -8 -18 -21 -27 -29 -31 0 
-2 -3 -9 -14 -16 -20 -31 0 
-7 -10 -13 -15 -16 -19 -23 -26 -28 0 
-4 -5 -6 -9 -14 -25 -30 -31 0 
-2 -6 -11 -15 -19 0 
-1 -5 -6 -12 -14 -17 0 
-14 -15 -18 -26 -27 -28 -29 -31 0 
-1 -4 -5 -12 -16 -17 -18 0 
-9 -11 -13 -16 -17 -24 -25 -27 0 
-6 -15 -22 -31 0 
-7 -8 -15 -30 -31 0 
-21 -22 -30 0 
-5 -6 -11 -14 0 
-5 -18 -29 0 
-1 -18 0 
-6 -10 -11 -12 0 
-7 -10 -12 -13 -20 -22 -24 -27 0 
-1 -5 -24 -25 -26 -27 0 
-2 -5 -6 -7 -13 -17 -23 -24 0 
-6 -13 -14 -23 -24 -25 -27 -28 0 
-10 -13 -14 -18 -20 -23 -28 0 
-5 -6 -19 -21 -27 0 
-10 -17 -21 -23 0 
-3 -5 -8 -25 -27 0 
-5 -9 -16 -21 -27 0 
-10 -11 -12 -15 -29 0 
-1 -6 -9 -20 -23 0 
-4 -8 -9 -13 -18 -19 -21 -25 -27 -31 0 
-11 -15 -16 -17 -20 -24 0 
-15 -17 -19 -23 -25 -29 -30 0 
-11 -21 -22 -28 -30 0 
-4 -10 -16 -22 -23 -27 -29 0 
-2 -4 -11 -15 -21 -23 -27 0 
-3 -4 -11 -17 -22 -23 -24 -25 -26 -27 -28 0 
-5 -7 -9 -10 -16 -21 -29 0 
-2 -4 -5 -14 -17 -24 -25 -27 -29 0 
-4 -11 -12 -13 -18 -31 0 
-2 -5 -6 -16 -18 -22 -27 0 
-4 -7 -8 -12 -13 -23 -25 -31 0 
-1 -3 -11 -12 -14 -18 -23 0 
-5 -6 -10 -12 -13 -14 -22 -28 -31 0 
-10 -15 -26 0 
-23 -26 -29 -31 0 
-3 -8 -11 -12 -24 -26 -30 0 
-6 -9 -14 -22 -25 0 
-1 -11 -16 -30 0 
-2 -9 -16 -17 -23 -26 -29 -31 0 
-7 -11 -12 -17 -20 -24 -28 -29 0 
-1 -12 -18 -26 -29 0 
-6 -11 -16 -18 -21 -31 0 
-3 -15 -16 -27 -28 0 
-3 -4 -7 -9 -30 0 
-6 -10 -11 -13 -20 -24 -27 -31 0 
-4 -6 -16 -28 -31 0 
-3 -5 -9 -14 -21 -22 0 
-1 -5 -13 -15 -31 0 
-1 -10 -27 -28 -30 0 
-3 -9 -16 -25 -29 0 
-2 -8 -13 -16 -18 0 
-2 -5 -8 -14 -19 -26 -28 0 
-2 -3 -9 -10 -15 -16 -18 0 
-2 -5 -6 -7 -11 -15 -20 -22 -24 -25 0 
-2 -8 -16 -22 -23 -25 -26 0 
-1 -9 -28 0 
-13 -18 -20 -27 0 
-10 -13 -20 -21 -23 -26 -31 0 
-7 -12 -16 -20 -23 0 
-6 -16 -18 -19 -21 0 
-8 -12 -18 -19 -25 0 
-2 -3 -4 -11 -12 -21 -27 0 
-1 -7 -10 -14 -18 -20 -22 -31 0 
-1 -3 -7 -14 -16 -23 -24 -26 -30 0 
-2 -3 -20 -22 -24 0 
-7 -11 -21 -24 -30 0 
-1 -2 -3 -4 -5 -10 -20 -25 0 
-2 -3 -6 -10 -23 -25 -27 0 
-5 -7 -10 -11 -24 -25 -28 -29 0 
-4 -18 -19 -21 -25 -27 -28 -31 0 
-3 -6 -7 -9 -16 -20 -22 0 
-15 -18 -23 -24 0 
-3 -10 -18 -20 -24 -26 -29 -30 -31 0 
-1 -9 -12 -23 -26 0 
-8 -10 -14 -17 -19 -26 -31 0 
-6 -14 -19 -22 -29 0 
-1 -11 -12 -16 0 
-1 -15 -17 -19 -22 -26 0 
-4 -7 -12 -13 -27 -30 0 
-6 -10 -12 -14 -15 -17 -18 -28 -31 0 
-3 -5 -6 -7 -8 -11 -25 -31 0 
-6 -12 -18 -20 -27 -31 0 
-11 -14 -16 -23 -27 -28 0 
-12 -14 -18 -21 -28 0 
-6 -7 -13 -20 -21 -23 -26 -29 0 
-1 -8 -14 -20 0 
-3 -10 -11 -13 -19 0 
-4 -11 -12 -20 -23 -25 -30 0 
-1 -19 -20 -25 -31 0 
-6 -8 -9 -14 -16 -20 -21 -29 0 
-7 -9 -15 -18 0 
-2 -3 -4 -9 -11 -17 -21 -31 0 
-1 -16 -28 0 
-13 -19 -23 -29 -31 0 
-3 -4 -5 -9 -11 -14 -20 -24 0 
-8 -16 -19 -20 -26 -31 0 
-6 -11 -19 -27 0 
-2 -3 -13 -14 -18 -25 -30 -31 0 
-7 -9 -11 -13 -17 -20 -26 -29 0 
-2 -7 -13 -14 -15 -24 -29 0 
-3 -8 -12 -13 -14 -18 -24 0 
-2 -10 -11 -17 -24 -29 0 
-4 -8 -12 -16 -17 -21 0 
-11 -12 -17 -22 0 
-3 -5 -11 -15 -22 0 
-2 -4 -10 -16 -26 -30 0 
-3 -4 -14 -15 -26 -31 0 
-2 -4 -5 -6 -10 -12 -13 -23 -24 -26 -30 0 
-4 -15 -16 -23 0 
-2 -5 -12 -19 -22 -30 -31 0 
-10 -13 -19 -21 -25 0 
-7 -13 -14 -19 -21 -28 -30 0 
-2 -14 -22 -26 0 
-2 -9 -12 -17 -19 -21 0 
-1 -2 -8 -11 -19 -20 -23 0 
-4 -15 -19 -23 0 
-1 -5 -13 -21 -24 -28 -29 -31 0 
-4 -6 -14 -16 -22 -28 0 
-3 -13 -19 0 
-4 -14 -24 -27 -28 -31 0 
-9 -10 -18 -22 -31 0 
-1 -4 -9 -13 -21 -22 -30 0 
-2 -3 -12 -21 -28 0 
-2 -6 -12 -20 -22 -23 0 
-8 -11 -13 -17 -19 0 
-1 -6 -13 -15 -21 -23 -30 0 
-1 -2 -3 -7 -10 -11 -15 -16 -21 -26 -29 0 
-1 -11 -15 -18 -31 0 
-2 -3 -11 -14 -23 -25 -27 0 
-1 -2 -7 -14 -25 -26 -27 -30 0 
-1 -5 -6 -11 -14 -21 -24 -26 -28 -31 0 
-1 -3 -6 -15 -22 0 
-8 -9 -18 -19 -26 -28 0 
-6 -8 -11 -14 -15 -16 -17 -21 -24 -25 0 
-1 -11 -15 -19 -22 0 
-2 -6 -10 -21 -29 -30 -31 0 
-2 -9 -13 -21 -27 -29 -31 0 
-2 -6 -17 -24 -25 0 
-1 -18 -23 0 
-8 -10 -12 -14 -23 0 
-1 -8 -11 -13 -15 -24 -29 0 
-8 -10 -17 -21 -22 -27 -30 0 
-14 -18 -25 0 
-1 -7 -9 -10 -15 -21 -24 -29 0 
-11 -12 -13 -14 -16 -17 -29 0 
-4 -10 -12 -15 -22 -23 -24 -26 -27 -31 0 
-1 -5 -6 -8 -14 -15 -19 -22 0 
-6 -9 -12 -15 -19 -29 0 
-8 -14 -21 -23 -25 -28 0 
-4 -7 -24 -29 -30 0 
-6 -9 -20 -23 -24 -27 -31 0 
-1 -12 -16 -17 -20 -27 -30 0 
-1 -4 -7 -13 -25 0 
-11 -12 -27 0 
-2 -12 -17 -22 0 
-2 -3 -11 -20 -22 -25 -31 0 
-10 -13 -16 -18 -20 -22 -26 -27 -31 0 
-17 -19 -26 -30 0 
-1 -2 -7 -10 -13 -19 -23 -30 0 
-11 -18 -19 -22 -23 -25 -27 0 
-1 -3 -5 -6 -11 -15 -16 -17 -26 -27 0 
-6 -11 -16 -19 -21 0 
-4 -6 -13 -17 -18 -19 -23 -27 0 
-1 -10 -13 -23 -24 -29 0 
-7 -18 -22 -30 -31 0 
-9 -10 -13 -17 -19 0 
-7 -8 -11 -28 0 
-8 -19 -23 -26 -29 -31 0 
-11 -14 -15 -20 -21 -25 -29 0 
-11 -12 -14 -20 -24 0 
-6 -8 -9 -17 -19 -20 -25 -30 0 
-16 -18 -21 -24 -29 0 
-5 -6 -11 -13 -14 0 
-2 -3 -5 -7 -9 -10 -12 -20 -25 0 
-1 -6 -8 -17 -26 -28 -29 0 
-9 -15 -19 -24 -26 -27 0 
-1 -5 -28 0 
-12 -19 -20 -22 -29 0 
-2 -7 -11 -17 -21 -23 -27 -28 0 
-6 -7 -10 -12 -17 -19 -31 0 
-6 -8 -11 -13 -15 -16 -17 -22 -25 -27 0 
-6 -9 -11 -12 -14 -25 -31 0 
-1 -2 -6 -7 -8 -10 -13 -14 -15 0 
-6 -9 -10 -15 -17 -25 -29 0 
-1 -12 -20 -26 -28 -29 0 
-2 -6 -16 -17 -21 -24 0 
-3 -4 -17 -27 -31 0 
-9 -10 -22 -24 -25 -29 -30 0 
-2 -4 0 
-7 -8 -23 -26 -28 0 
-3 -9 -20 -28 0 
-4 -6 -13 -16 -17 -25 0 
-1 -6 -8 -14 -23 0 
-7 -8 -19 -23 -26 -29 0 
-3 -5 -7 -10 -13 -14 -18 -21 -24 -26 0 
-11 -16 -24 0 
-11 -12 -13 -19 -26 -27 0 
-5 -8 -10 -12 -14 -16 -17 -18 -24 -31 0 
-1 -2 -18 -19 -22 0 
-6 -15 -16 -28 0 
-1 -7 -8 -10 -15 -17 -20 0 
-1 -7 -29 -30 -31 0 
-11 -12 -28 -29 -31 0 
-14 -15 -30 0 
-8 -9 -10 -16 -21 -24 -26 -28 0 
-1 -2 -3 -6 -26 -31 0 
-16 -19 -21 -22 -24 -26 0 
-3 -7 -16 -17 -22 -27 0 
-2 -7 -9 -14 -17 -22 -23 -25 0 
-4 -12 -13 -14 -23 -30 0 
-2 -10 -18 -24 -26 -27 -28 -31 0 
-2 -3 -5 -7 -8 -14 -16 -17 -27 0 
-5 -10 -17 -22 0 
-5 -13 -19 -22 -26 -28 -29 0 
-2 -6 -7 -11 -21 -30 0 
-2 -10 -11 -26 -30 0 
-5 -8 -11 -13 -26 0 
-5 -14 -19 -23 -25 -27 -30 0 
-2 -13 -17 -21 -28 0 
-4 -6 -14 -20 -24 -25 0 
-1 -2 -6 -12 -16 -22 -27 -29 0 
-9 -10 -11 -14 -17 -18 -27 -28 0 
-1 -6 -16 -17 -24 -25 -27 0 
-6 -11 -18 -23 -24 0 
-3 -8 -13 -20 -21 -23 -25 -29 -31 0 
-1 -2 -21 -23 -29 0 
-1 -13 -14 -25 -30 0 
-3 -11 -17 -20 -24 -26 -29 0 
-5 -30 0 
-2 -5 -11 -20 -25 -31 0 
-3 -5 -14 -20 -28 -30 0 
-14 -26 -30 0 
-2 -3 -18 -19 -25 -27 -28 0 
-3 -5 -6 -7 -9 -15 -20 -22 -23 -24 -26 -27 -29 0 
-6 -7 -14 -19 -23 -24 -25 -26 0 
-6 -10 -11 -12 -18 -19 0 
-4 -12 -22 -25 0 
