p cnf 31 800
2 3 7 13 15 22 23 27 30 0 
8 10 14 19 20 22 26 0 
1 10 16 18 22 0 
1 5 12 13 21 23 0 
8 10 17 30 0 
10 22 24 0 
1 8 9 24 28 0 
3 4 15 27 0 
12 13 15 16 22 23 24 27 0 
3 5 7 9 14 17 18 21 22 24 0 
4 7 8 11 15 16 17 0 
5 6 8 21 28 0 
4 8 12 20 24 29 0 
4 14 16 19 23 29 31 0 
2 4 7 21 26 31 0 
7 9 12 19 26 27 31 0 
3 6 10 14 24 26 28 0 
9 16 20 21 25 0 
3 5 18 20 21 24 27 0 
2 4 9 25 29 0 
25 26 28 0 
7 9 15 17 18 23 24 25 26 28 29 0 
4 6 11 12 19 28 29 30 0 
5 6 19 26 29 0 
1 11 14 19 21 28 0 
3 12 13 14 18 20 22 31 0 
2 4 11 18 19 0 
1 3 5 11 16 20 21 0 
16 19 22 23 0 
5 6 15 16 20 25 0 
3 11 13 17 19 24 29 0 
1 13 14 20 21 25 29 30 0 
1 2 6 8 9 16 18 31 0 
1 4 6 8 10 12 14 19 28 29 0 
4 5 12 16 17 19 28 0 
1 8 12 15 19 22 23 29 0 
4 6 7 15 30 0 
2 3 9 15 27 0 
4 19 24 25 26 28 0 
8 10 11 18 21 22 30 31 0 
1 3 9 12 21 23 31 0 
1 2 3 9 12 15 22 27 0 
1 6 10 11 12 13 19 25 26 29 0 
7 10 12 19 26 27 28 29 31 0 
5 8 10 12 15 16 17 21 23 26 29 0 
1 9 11 19 21 30 0 
2 5 15 16 23 0 
2 4 6 13 15 20 21 26 27 29 0 
2 7 8 17 28 31 0 
5 10 14 16 18 19 21 23 0 
1 3 6 16 22 0 
2 3 11 22 0 
5 18 23 28 0 
8 11 13 21 29 30 0 
8 10 12 13 17 20 25 28 0 
1 5 12 17 25 0 
3 5 7 9 13 29 30 0 
8 10 18 19 27 0 
3 4 7 9 11 21 24 27 28 30 31 0 
9 10 11 14 31 0 
5 8 18 19 22 28 0 
8 12 16 17 18 19 25 0 
2 7 23 25 30 0 
2 3 7 9 15 27 0 
3 8 10 18 23 24 27 0 
2 16 18 23 24 30 0 
3 4 9 15 16 19 20 24 28 30 0 
2 5 7 13 24 27 0 
8 10 15 17 23 0 
2 5 11 14 19 21 24 26 0 
4 5 7 12 31 0 
10 11 16 22 24 26 0 
4 9 10 11 14 20 24 0 
8 10 17 18 29 0 
7 19 24 28 30 0 
6 16 19 25 28 0 
2 4 22 23 27 30 0 
1 7 10 14 19 26 31 0 
1 8 9 18 21 25 29 0 
11 18 21 22 0 
8 12 16 21 24 26 0 
11 12 19 23 24 27 30 0 
6 7 11 22 23 24 31 0 
1 4 6 9 25 26 0 
6 10 16 19 26 29 0 
1 10 13 19 20 21 29 0 
2 10 13 18 30 0 
1 3 7 9 14 21 29 31 0 
9 10 11 17 24 0 
4 15 19 25 0 
4 6 16 18 24 30 0 
2 13 23 25 26 29 31 0 
3 5 6 16 17 25 0 
3 4 10 14 22 23 31 0 
8 9 24 29 31 0 
16 17 18 22 23 26 0 
6 7 8 10 22 27 0 
6 12 18 19 20 0 
6 7 12 15 17 20 21 0 
1 4 5 6 8 14 19 20 27 0 
2 5 6 11 16 21 23 27 29 0 
4 14 19 26 0 
4 12 20 23 28 0 
8 16 24 25 28 29 0 
2 10 19 28 29 31 0 
3 6 12 15 18 21 26 27 28 0 
9 13 22 26 29 30 31 0 
3 8 9 15 19 23 29 0 
5 6 14 16 17 28 0 
5 7 8 20 27 29 0 
4 10 11 15 19 0 
12 14 15 22 25 30 0 
4 9 11 14 21 25 28 30 31 0 
3 5 13 15 20 25 0 
1 15 17 22 23 24 0 
15 19 21 23 29 0 
8 10 11 14 18 19 29 31 0 
7 16 20 22 27 29 0 
2 4 13 22 0 
2 5 18 20 21 0 
5 14 20 0 
1 15 16 19 21 27 30 0 
12 13 24 26 31 0 
22 26 27 28 0 
7 14 17 18 20 24 26 0 
9 14 17 21 23 0 
4 5 18 26 0 
2 3 6 13 16 19 20 24 0 
12 19 20 24 28 31 0 
13 15 17 22 24 0 
4 5 11 12 15 19 30 31 0 
1 12 18 20 21 23 31 0 
3 11 12 15 18 21 26 0 
5 10 12 13 18 25 26 0 
12 19 22 0 
2 4 5 9 14 24 0 
2 10 11 17 23 0 
1 5 12 15 20 24 0 
1 10 13 25 26 27 29 0 
4 10 13 14 27 31 0 
3 5 11 20 21 23 29 0 
4 10 20 21 24 0 
8 11 17 18 28 30 31 0 
10 15 25 27 0 
3 9 10 11 26 0 
14 16 24 25 27 31 0 
2 7 11 14 17 21 26 0 
4 6 11 14 17 23 27 28 29 0 
7 8 9 15 27 30 0 
2 6 12 14 0 
1 9 10 16 18 24 25 28 0 
1 2 13 15 17 18 20 27 29 0 
5 10 13 16 17 25 27 0 
4 6 8 15 16 21 28 29 0 
1 3 6 12 21 27 31 0 
2 7 10 11 12 20 21 25 0 
14 28 31 0 
1 11 12 14 15 19 24 26 0 
1 3 4 8 10 14 26 28 0 
5 6 16 18 19 22 26 0 
6 11 12 14 17 26 0 
3 7 9 19 23 24 27 30 0 
1 2 5 7 8 11 15 16 19 20 22 0 
7 11 13 14 15 17 20 21 22 23 26 29 0 
3 6 11 14 15 20 26 0 
6 7 8 12 14 15 24 0 
2 7 19 20 23 28 0 
14 17 19 20 21 26 29 30 0 
2 7 11 14 17 18 19 21 24 0 
7 8 11 14 19 21 22 30 0 
7 11 15 22 24 25 27 28 0 
6 7 14 20 22 23 25 28 29 0 
14 23 24 26 29 30 0 
9 15 25 27 30 31 0 
1 14 15 17 24 28 0 
4 9 13 16 17 20 21 25 26 0 
1 4 5 8 17 18 20 24 25 30 0 
1 7 0 
2 3 4 7 13 14 15 30 0 
6 9 10 12 15 23 24 28 30 0 
3 4 18 22 25 0 
13 29 30 0 
3 8 12 15 17 27 28 0 
5 10 28 30 0 
6 7 20 22 29 0 
10 15 20 27 0 
7 10 12 15 17 22 26 27 31 0 
3 9 13 15 16 19 26 27 0 
8 9 10 0 
1 9 22 27 28 0 
2 3 9 28 30 0 
9 16 18 21 25 0 
5 7 21 24 29 0 
1 7 9 21 29 31 0 
4 7 11 18 20 21 25 30 0 
4 7 13 21 23 24 0 
2 3 5 10 20 30 31 0 
1 11 24 26 0 
1 11 13 17 18 26 27 30 0 
8 14 15 16 17 19 24 0 
8 15 24 26 28 29 30 0 
3 4 6 18 0 
10 11 12 14 22 23 31 0 
12 14 16 21 31 0 
1 4 8 12 13 18 22 0 
4 5 17 19 23 0 
5 6 7 10 13 14 17 22 27 28 0 
3 7 10 13 23 0 
1 3 5 6 15 21 26 27 30 0 
1 6 7 8 16 19 24 28 31 0 
5 8 10 11 17 0 
11 13 23 26 27 0 
9 10 12 17 0 
5 6 10 21 22 26 0 
3 4 15 18 22 26 27 31 0 
16 17 20 21 22 27 30 0 
1 8 26 30 0 
15 17 20 21 26 0 
5 8 10 12 17 20 29 0 
2 6 8 9 18 19 25 0 
2 8 10 25 27 0 
3 4 5 7 10 25 26 30 31 0 
8 18 26 28 0 
4 6 9 10 11 13 18 24 30 0 
6 9 10 11 20 23 30 0 
1 14 18 20 24 31 0 
3 9 11 14 18 19 26 28 0 
8 19 21 27 29 0 
6 11 12 19 28 0 
2 4 5 7 13 16 17 19 23 25 27 0 
11 12 14 18 21 29 0 
8 24 25 28 0 
3 4 10 20 25 26 27 0 
5 6 15 16 22 24 0 
6 15 17 18 20 21 24 28 30 0 
1 8 13 14 15 16 19 27 28 29 0 
6 11 13 15 19 22 26 0 
1 4 5 10 11 13 25 0 
1 9 14 23 0 
8 11 16 18 22 27 28 31 0 
2 4 8 14 21 0 
2 4 7 8 9 13 21 27 30 31 0 
2 3 9 10 13 17 21 25 0 
1 8 10 17 24 0 
2 4 15 24 0 
1 10 11 15 21 23 26 28 29 0 
9 10 21 23 24 25 27 29 0 
6 16 19 31 0 
5 8 10 15 16 17 27 29 0 
2 11 12 19 20 24 26 27 0 
6 17 27 30 0 
1 8 9 12 19 31 0 
3 4 5 17 26 28 29 30 31 0 
1 2 3 7 12 16 18 20 22 31 0 
8 30 31 0 
8 14 22 29 0 
4 7 10 11 17 19 24 0 
12 13 19 25 26 29 0 
2 4 11 14 15 27 29 0 
5 10 14 15 17 24 30 0 
1 6 24 25 27 30 31 0 
17 19 21 30 0 
3 6 9 12 13 14 20 22 29 31 0 
3 4 7 9 11 14 16 20 22 25 31 0 
3 4 5 16 21 27 0 
1 4 6 13 14 15 19 0 
3 5 13 15 17 18 22 0 
7 11 19 20 22 27 31 0 
4 11 12 17 22 0 
2 11 14 15 27 0 
5 7 20 23 25 27 0 
7 18 19 21 27 0 
1 7 10 30 0 
9 10 13 16 21 22 27 30 0 
1 3 7 11 13 14 16 23 25 0 
2 5 7 16 20 21 0 
2 5 9 12 21 23 24 25 26 31 0 
12 15 16 19 30 0 
3 7 24 0 
5 8 11 12 17 23 24 28 0 
5 6 16 17 25 31 0 
3 4 5 6 7 11 0 
5 6 7 19 26 29 0 
12 16 26 27 29 0 
1 12 13 16 18 19 21 22 24 0 
6 7 10 14 15 23 0 
1 2 6 11 16 23 0 
5 8 21 22 0 
2 6 17 19 21 22 30 0 
5 6 14 15 17 18 28 0 
3 9 15 29 0 
14 17 22 0 
1 4 6 7 16 20 0 
1 7 8 13 15 23 25 27 31 0 
2 9 15 16 23 24 0 
2 4 7 12 17 19 23 24 31 0 
1 16 20 23 28 0 
15 16 18 19 22 25 26 27 30 0 
3 9 16 18 20 22 29 0 
1 7 19 24 0 
1 16 21 24 26 29 31 0 
1 2 23 24 27 0 
2 3 4 5 6 7 9 10 16 19 23 28 30 0 
3 8 16 25 31 0 
8 13 31 0 
17 21 25 26 0 
2 6 7 19 21 24 28 0 
5 15 23 25 0 
2 17 20 27 0 
1 9 17 19 23 24 26 0 
1 8 14 15 16 23 27 31 0 
9 10 13 14 16 18 21 24 30 0 
3 7 9 16 18 24 28 29 0 
2 5 6 9 12 14 20 23 24 27 31 0 
7 11 15 17 0 
2 4 5 12 15 26 0 
9 10 12 17 20 21 24 30 0 
10 17 18 0 
1 16 19 23 27 31 0 
1 3 4 5 17 18 20 23 24 31 0 
3 4 21 22 30 31 0 
10 13 21 26 0 
4 10 15 19 21 0 
4 9 15 16 30 31 0 
3 4 6 7 11 13 0 
1 15 21 24 31 0 
10 13 19 28 31 0 
3 9 10 18 23 30 0 
5 10 13 16 19 23 24 30 0 
3 16 17 23 25 31 0 
7 15 17 22 25 0 
1 18 19 20 24 0 
4 8 12 17 0 
1 7 10 12 13 21 30 31 0 
14 15 17 27 28 29 0 
5 17 30 0 
23 26 27 0 
1 14 15 21 0 
10 11 14 21 26 27 29 30 0 
1 6 10 26 27 30 0 
3 8 28 29 31 0 
6 9 10 21 24 25 28 0 
7 20 26 29 0 
3 4 7 9 10 18 20 24 0 
3 13 25 27 30 0 
1 3 6 9 11 22 29 0 
8 14 21 27 31 0 
3 5 8 22 0 
6 10 18 24 27 28 31 0 
3 4 5 8 9 14 19 20 27 0 
4 6 9 16 18 29 0 
1 5 15 20 27 30 0 
3 9 12 24 0 
9 11 20 25 28 0 
4 5 6 7 13 0 
14 22 29 31 0 
4 11 12 14 29 0 
1 5 8 13 25 26 0 
16 20 29 31 0 
1 3 4 7 8 9 10 23 24 29 31 0 
6 12 17 20 0 
6 8 9 21 0 
6 12 28 0 
2 8 13 14 16 17 20 21 28 31 0 
3 5 11 19 23 26 31 0 
1 13 21 27 0 
3 5 8 9 14 16 24 0 
1 4 12 16 18 29 0 
2 6 8 13 14 19 21 24 26 0 
3 6 10 15 26 27 30 0 
4 5 7 9 18 29 30 0 
4 5 17 23 25 29 31 0 
4 15 18 21 23 27 0 
2 3 5 6 9 11 15 27 28 0 
6 11 15 18 20 22 26 30 0 
3 4 13 17 18 19 20 24 26 0 
4 15 16 18 27 0 
1 3 10 14 26 28 29 0 
2 3 4 13 14 19 31 0 
6 13 25 27 29 30 0 
1 2 3 5 27 0 
4 9 11 25 30 0 
2 4 11 14 17 21 22 31 0 
4 6 7 17 24 31 0 
2 8 14 19 0 
1 2 12 13 14 18 19 22 30 0 
3 4 12 13 14 22 24 31 0 
5 9 12 14 28 31 0 
14 16 17 19 21 31 0 
2 4 8 13 17 31 0 
6 8 10 11 13 19 25 27 31 0 
1 2 5 18 22 24 29 0 
3 4 8 11 13 28 0 
2 17 25 27 31 0 
6 8 9 11 15 21 23 24 27 31 0 
2 6 11 13 14 18 0 
2 5 9 22 24 25 28 0 
18 23 30 0 
1 7 25 27 29 0 
1 3 7 12 18 23 26 27 29 0 
-2 -3 -7 -13 -15 -22 -23 -27 -30 0 
-8 -10 -14 -19 -20 -22 -26 0 
-1 -10 -16 -18 -22 0 
-1 -5 -12 -13 -21 -23 0 
-8 -10 -17 -30 0 
-10 -22 -24 0 
-1 -8 -9 -24 -28 0 
-3 -4 -15 -27 0 
-12 -13 -15 -16 -22 -23 -24 -27 0 
-3 -5 -7 -9 -14 -17 -18 -21 -22 -24 0 
-4 -7 -8 -11 -15 -16 -17 0 
-5 -6 -8 -21 -28 0 
-4 -8 -12 -20 -24 -29 0 
-4 -14 -16 -19 -23 -29 -31 0 
-2 -4 -7 -21 -26 -31 0 
-7 -9 -12 -19 -26 -27 -31 0 
-3 -6 -10 -14 -24 -26 -28 0 
-9 -16 -20 -21 -25 0 
-3 -5 -18 -20 -21 -24 -27 0 
-2 -4 -9 -25 -29 0 
-25 -26 -28 0 
-7 -9 -15 -17 -18 -23 -24 -25 -26 -28 -29 0 
-4 -6 -11 -12 -19 -28 -29 -30 0 
-5 -6 -19 -26 -29 0 
-1 -11 -14 -19 -21 -28 0 
-3 -12 -13 -14 -18 -20 -22 -31 0 
-2 -4 -11 -18 -19 0 
-1 -3 -5 -11 -16 -20 -21 0 
-16 -19 -22 -23 0 
-5 -6 -15 -16 -20 -25 0 
-3 -11 -13 -17 -19 -24 -29 0 
-1 -13 -14 -20 -21 -25 -29 -30 0 
-1 -2 -6 -8 -9 -16 -18 -31 0 
-1 -4 -6 -8 -10 -12 -14 -19 -28 -29 0 
-4 -5 -12 -16 -17 -19 -28 0 
-1 -8 -12 -15 -19 -22 -23 -29 0 
-4 -6 -7 -15 -30 0 
-2 -3 -9 -15 -27 0 
-4 -19 -24 -25 -26 -28 0 
-8 -10 -11 -18 -21 -22 -30 -31 0 
-1 -3 -9 -12 -21 -23 -31 0 
-1 -2 -3 -9 -12 -15 -22 -27 0 
-1 -6 -10 -11 -12 -13 -19 -25 -26 -29 0 
-7 -10 -12 -19 -26 -27 -28 -29 -31 0 
-5 -8 -10 -12 -15 -16 -17 -21 -23 -26 -29 0 
-1 -9 -11 -19 -21 -30 0 
-2 -5 -15 -16 -23 0 
-2 -4 -6 -13 -15 -20 -21 -26 -27 -29 0 
-2 -7 -8 -17 -28 -31 0 
-5 -10 -14 -16 -18 -19 -21 -23 0 
-1 -3 -6 -16 -22 0 
-2 -3 -11 -22 0 
-5 -18 -23 -28 0 
-8 -11 -13 -21 -29 -30 0 
-8 -10 -12 -13 -17 -20 -25 -28 0 
-1 -5 -12 -17 -25 0 
-3 -5 -7 -9 -13 -29 -30 0 
-8 -10 -18 -19 -27 0 
-3 -4 -7 -9 -11 -21 -24 -27 -28 -30 -31 0 
-9 -10 -11 -14 -31 0 
-5 -8 -18 -19 -22 -28 0 
-8 -12 -16 -17 -18 -19 -25 0 
-2 -7 -23 -25 -30 0 
-2 -3 -7 -9 -15 -27 0 
-3 -8 -10 -18 -23 -24 -27 0 
-2 -16 -18 -23 -24 -30 0 
-3 -4 -9 -15 -16 -19 -20 -24 -28 -30 0 
-2 -5 -7 -13 -24 -27 0 
-8 -10 -15 -17 -23 0 
-2 -5 -11 -14 -19 -21 -24 -26 0 
-4 -5 -7 -12 -31 0 
-10 -11 -16 -22 -24 -26 0 
-4 -9 -10 -11 -14 -20 -24 0 
-8 -10 -17 -18 -29 0 
-7 -19 -24 -28 -30 0 
-6 -16 -19 -25 -28 0 
-2 -4 -22 -23 -27 -30 0 
-1 -7 -10 -14 -19 -26 -31 0 
-1 -8 -9 -18 -21 -25 -29 0 
-11 -18 -21 -22 0 
-8 -12 -16 -21 -24 -26 0 
-11 -12 -19 -23 -24 -27 -30 0 
-6 -7 -11 -22 -23 -24 -31 0 
-1 -4 -6 -9 -25 -26 0 
-6 -10 -16 -19 -26 -29 0 
-1 -10 -13 -19 -20 -21 -29 0 
-2 -10 -13 -18 -30 0 
-1 -3 -7 -9 -14 -21 -29 -31 0 
-9 -10 -11 -17 -24 0 
-4 -15 -19 -25 0 
-4 -6 -16 -18 -24 -30 0 
-2 -13 -23 -25 -26 -29 -31 0 
-3 -5 -6 -16 -17 -25 0 
-3 -4 -10 -14 -22 -23 -31 0 
-8 -9 -24 -29 -31 0 
-16 -17 -18 -22 -23 -26 0 
-6 -7 -8 -10 -22 -27 0 
-6 -12 -18 -19 -20 0 
-6 -7 -12 -15 -17 -20 -21 0 
-1 -4 -5 -6 -8 -14 -19 -20 -27 0 
-2 -5 -6 -11 -16 -21 -23 -27 -29 0 
-4 -14 -19 -26 0 
-4 -12 -20 -23 -28 0 
-8 -16 -24 -25 -28 -29 0 
-2 -10 -19 -28 -29 -31 0 
-3 -6 -12 -15 -18 -21 -26 -27 -28 0 
-9 -13 -22 -26 -29 -30 -31 0 
-3 -8 -9 -15 -19 -23 -29 0 
-5 -6 -14 -16 -17 -28 0 
-5 -7 -8 -20 -27 -29 0 
-4 -10 -11 -15 -19 0 
-12 -14 -15 -22 -25 -30 0 
-4 -9 -11 -14 -21 -25 -28 -30 -31 0 
-3 -5 -13 -15 -20 -25 0 
-1 -15 -17 -22 -23 -24 0 
-15 -19 -21 -23 -29 0 
-8 -10 -11 -14 -18 -19 -29 -31 0 
-7 -16 -20 -22 -27 -29 0 
-2 -4 -13 -22 0 
-2 -5 -18 -20 -21 0 
-5 -14 -20 0 
-1 -15 -16 -19 -21 -27 -30 0 
-12 -13 -24 -26 -31 0 
-22 -26 -27 -28 0 
-7 -14 -17 -18 -20 -24 -26 0 
-9 -14 -17 -21 -23 0 
-4 -5 -18 -26 0 
-2 -3 -6 -13 -16 -19 -20 -24 0 
-12 -19 -20 -24 -28 -31 0 
-13 -15 -17 -22 -24 0 
-4 -5 -11 -12 -15 -19 -30 -31 0 
-1 -12 -18 -20 -21 -23 -31 0 
-3 -11 -12 -15 -18 -21 -26 0 
-5 -10 -12 -13 -18 -25 -26 0 
-12 -19 -22 0 
-2 -4 -5 -9 -14 -24 0 
-2 -10 -11 -17 -23 0 
-1 -5 -12 -15 -20 -24 0 
-1 -10 -13 -25 -26 -27 -29 0 
-4 -10 -13 -14 -27 -31 0 
-3 -5 -11 -20 -21 -23 -29 0 
-4 -10 -20 -21 -24 0 
-8 -11 -17 -18 -28 -30 -31 0 
-10 -15 -25 -27 0 
-3 -9 -10 -11 -26 0 
-14 -16 -24 -25 -27 -31 0 
-2 -7 -11 -14 -17 -21 -26 0 
-4 -6 -11 -14 -17 -23 -27 -28 -29 0 
-7 -8 -9 -15 -27 -30 0 
-2 -6 -12 -14 0 
-1 -9 -10 -16 -18 -24 -25 -28 0 
-1 -2 -13 -15 -17 -18 -20 -27 -29 0 
-5 -10 -13 -16 -17 -25 -27 0 
-4 -6 -8 -15 -16 -21 -28 -29 0 
-1 -3 -6 -12 -21 -27 -31 0 
-2 -7 -10 -11 -12 -20 -21 -25 0 
-14 -28 -31 0 
-1 -11 -12 -14 -15 -19 -24 -26 0 
-1 -3 -4 -8 -10 -14 -26 -28 0 
-5 -6 -16 -18 -19 -22 -26 0 
-6 -11 -12 -14 -17 -26 0 
-3 -7 -9 -19 -23 -24 -27 -30 0 
-1 -2 -5 -7 -8 -11 -15 -16 -19 -20 -22 0 
-7 -11 -13 -14 -15 -17 -20 -21 -22 -23 -26 -29 0 
-3 -6 -11 -14 -15 -20 -26 0 
-6 -7 -8 -12 -14 -15 -24 0 
-2 -7 -19 -20 -23 -28 0 
-14 -17 -19 -20 -21 -26 -29 -30 0 
-2 -7 -11 -14 -17 -18 -19 -21 -24 0 
-7 -8 -11 -14 -19 -21 -22 -30 0 
-7 -11 -15 -22 -24 -25 -27 -28 0 
-6 -7 -14 -20 -22 -23 -25 -28 -29 0 
-14 -23 -24 -26 -29 -30 0 
-9 -15 -25 -27 -30 -31 0 
-1 -14 -15 -17 -24 -28 0 
-4 -9 -13 -16 -17 -20 -21 -25 -26 0 
-1 -4 -5 -8 -17 -18 -20 -24 -25 -30 0 
-1 -7 0 
-2 -3 -4 -7 -13 -14 -15 -30 0 
-6 -9 -10 -12 -15 -23 -24 -28 -30 0 
-3 -4 -18 -22 -25 0 
-13 -29 -30 0 
-3 -8 -12 -15 -17 -27 -28 0 
-5 -10 -28 -30 0 
-6 -7 -20 -22 -29 0 
-10 -15 -20 -27 0 
-7 -10 -12 -15 -17 -22 -26 -27 -31 0 
-3 -9 -13 -15 -16 -19 -26 -27 0 
-8 -9 -10 0 
-1 -9 -22 -27 -28 0 
-2 -3 -9 -28 -30 0 
-9 -16 -18 -21 -25 0 
-5 -7 -21 -24 -29 0 
-1 -7 -9 -21 -29 -31 0 
-4 -7 -11 -18 -20 -21 -25 -30 0 
-4 -7 -13 -21 -23 -24 0 
-2 -3 -5 -10 -20 -30 -31 0 
-1 -11 -24 -26 0 
-1 -11 -13 -17 -18 -26 -27 -30 0 
-8 -14 -15 -16 -17 -19 -24 0 
-8 -15 -24 -26 -28 -29 -30 0 
-3 -4 -6 -18 0 
-10 -11 -12 -14 -22 -23 -31 0 
-12 -14 -16 -21 -31 0 
-1 -4 -8 -12 -13 -18 -22 0 
-4 -5 -17 -19 -23 0 
-5 -6 -7 -10 -13 -14 -17 -22 -27 -28 0 
-3 -7 -10 -13 -23 0 
-1 -3 -5 -6 -15 -21 -26 -27 -30 0 
-1 -6 -7 -8 -16 -19 -24 -28 -31 0 
-5 -8 -10 -11 -17 0 
-11 -13 -23 -26 -27 0 
-9 -10 -12 -17 0 
-5 -6 -10 -21 -22 -26 0 
-3 -4 -15 -18 -22 -26 -27 -31 0 
-16 -17 -20 -21 -22 -27 -30 0 
-1 -8 -26 -30 0 
-15 -17 -20 -21 -26 0 
-5 -8 -10 -12 -17 -20 -29 0 
-2 -6 -8 -9 -18 -19 -25 0 
-2 -8 -10 -25 -27 0 
-3 -4 -5 -7 -10 -25 -26 -30 -31 0 
-8 -18 -26 -28 0 
-4 -6 -9 -10 -11 -13 -18 -24 -30 0 
-6 -9 -10 -11 -20 -23 -30 0 
-1 -14 -18 -20 -24 -31 0 
-3 -9 -11 -14 -18 -19 -26 -28 0 
-8 -19 -21 -27 -29 0 
-6 -11 -12 -19 -28 0 
-2 -4 -5 -7 -13 -16 -17 -19 -23 -25 -27 0 
-11 -12 -14 -18 -21 -29 0 
-8 -24 -25 -28 0 
-3 -4 -10 -20 -25 -26 -27 0 
-5 -6 -15 -16 -22 -24 0 
-6 -15 -17 -18 -20 -21 -24 -28 -30 0 
-1 -8 -13 -14 -15 -16 -19 -27 -28 -29 0 
-6 -11 -13 -15 -19 -22 -26 0 
-1 -4 -5 -10 -11 -13 -25 0 
-1 -9 -14 -23 0 
-8 -11 -16 -18 -22 -27 -28 -31 0 
-2 -4 -8 -14 -21 0 
-2 -4 -7 -8 -9 -13 -21 -27 -30 -31 0 
-2 -3 -9 -10 -13 -17 -21 -25 0 
-1 -8 -10 -17 -24 0 
-2 -4 -15 -24 0 
-1 -10 -11 -15 -21 -23 -26 -28 -29 0 
-9 -10 -21 -23 -24 -25 -27 -29 0 
-6 -16 -19 -31 0 
-5 -8 -10 -15 -16 -17 -27 -29 0 
-2 -11 -12 -19 -20 -24 -26 -27 0 
-6 -17 -27 -30 0 
-1 -8 -9 -12 -19 -31 0 
-3 -4 -5 -17 -26 -28 -29 -30 -31 0 
-1 -2 -3 -7 -12 -16 -18 -20 -22 -31 0 
-8 -30 -31 0 
-8 -14 -22 -29 0 
-4 -7 -10 -11 -17 -19 -24 0 
-12 -13 -19 -25 -26 -29 0 
-2 -4 -11 -14 -15 -27 -29 0 
-5 -10 -14 -15 -17 -24 -30 0 
-1 -6 -24 -25 -27 -30 -31 0 
-17 -19 -21 -30 0 
-3 -6 -9 -12 -13 -14 -20 -22 -29 -31 0 
-3 -4 -7 -9 -11 -14 -16 -20 -22 -25 -31 0 
-3 -4 -5 -16 -21 -27 0 
-1 -4 -6 -13 -14 -15 -19 0 
-3 -5 -13 -15 -17 -18 -22 0 
-7 -11 -19 -20 -22 -27 -31 0 
-4 -11 -12 -17 -22 0 
-2 -11 -14 -15 -27 0 
-5 -7 -20 -23 -25 -27 0 
-7 -18 -19 -21 -27 0 
-1 -7 -10 -30 0 
-9 -10 -13 -16 -21 -22 -27 -30 0 
-1 -3 -7 -11 -13 -14 -16 -23 -25 0 
-2 -5 -7 -16 -20 -21 0 
-2 -5 -9 -12 -21 -23 -24 -25 -26 -31 0 
-12 -15 -16 -19 -30 0 
-3 -7 -24 0 
-5 -8 -11 -12 -17 -23 -24 -28 0 
-5 -6 -16 -17 -25 -31 0 
-3 -4 -5 -6 -7 -11 0 
-5 -6 -7 -19 -26 -29 0 
-12 -16 -26 -27 -29 0 
-1 -12 -13 -16 -18 -19 -21 -22 -24 0 
-6 -7 -10 -14 -15 -23 0 
-1 -2 -6 -11 -16 -23 0 
-5 -8 -21 -22 0 
-2 -6 -17 -19 -21 -22 -30 0 
-5 -6 -14 -15 -17 -18 -28 0 
-3 -9 -15 -29 0 
-14 -17 -22 0 
-1 -4 -6 -7 -16 -20 0 
-1 -7 -8 -13 -15 -23 -25 -27 -31 0 
-2 -9 -15 -16 -23 -24 0 
-2 -4 -7 -12 -17 -19 -23 -24 -31 0 
-1 -16 -20 -23 -28 0 
-15 -16 -18 -19 -22 -25 -26 -27 -30 0 
-3 -9 -16 -18 -20 -22 -29 0 
-1 -7 -19 -24 0 
-1 -16 -21 -24 -26 -29 -31 0 
-1 -2 -23 -24 -27 0 
-2 -3 -4 -5 -6 -7 -9 -10 -16 -19 -23 -28 -30 0 
-3 -8 -16 -25 -31 0 
-8 -13 -31 0 
-17 -21 -25 -26 0 
-2 -6 -7 -19 -21 -24 -28 0 
-5 -15 -23 -25 0 
-2 -17 -20 -27 0 
-1 -9 -17 -19 -23 -24 -26 0 
-1 -8 -14 -15 -16 -23 -27 -31 0 
-9 -10 -13 -14 -16 -18 -21 -24 -30 0 
-3 -7 -9 -16 -18 -24 -28 -29 0 
-2 -5 -6 -9 -12 -14 -20 -23 -24 -27 -31 0 
-7 -11 -15 -17 0 
-2 -4 -5 -12 -15 -26 0 
-9 -10 -12 -17 -20 -21 -24 -30 0 
-10 -17 -18 0 
-1 -16 -19 -23 -27 -31 0 
-1 -3 -4 -5 -17 -18 -20 -23 -24 -31 0 
-3 -4 -21 -22 -30 -31 0 
-10 -13 -21 -26 0 
-4 -10 -15 -19 -21 0 
-4 -9 -15 -16 -30 -31 0 
-3 -4 -6 -7 -11 -13 0 
-1 -15 -21 -24 -31 0 
-10 -13 -19 -28 -31 0 
-3 -9 -10 -18 -23 -30 0 
-5 -10 -13 -16 -19 -23 -24 -30 0 
-3 -16 -17 -23 -25 -31 0 
-7 -15 -17 -22 -25 0 
-1 -18 -19 -20 -24 0 
-4 -8 -12 -17 0 
-1 -7 -10 -12 -13 -21 -30 -31 0 
-14 -15 -17 -27 -28 -29 0 
-5 -17 -30 0 
-23 -26 -27 0 
-1 -14 -15 -21 0 
-10 -11 -14 -21 -26 -27 -29 -30 0 
-1 -6 -10 -26 -27 -30 0 
-3 -8 -28 -29 -31 0 
-6 -9 -10 -21 -24 -25 -28 0 
-7 -20 -26 -29 0 
-3 -4 -7 -9 -10 -18 -20 -24 0 
-3 -13 -25 -27 -30 0 
-1 -3 -6 -9 -11 -22 -29 0 
-8 -14 -21 -27 -31 0 
-3 -5 -8 -22 0 
-6 -10 -18 -24 -27 -28 -31 0 
-3 -4 -5 -8 -9 -14 -19 -20 -27 0 
-4 -6 -9 -16 -18 -29 0 
-1 -5 -15 -20 -27 -30 0 
-3 -9 -12 -24 0 
-9 -11 -20 -25 -28 0 
-4 -5 -6 -7 -13 0 
-14 -22 -29 -31 0 
-4 -11 -12 -14 -29 0 
-1 -5 -8 -13 -25 -26 0 
-16 -20 -29 -31 0 
-1 -3 -4 -7 -8 -9 -10 -23 -24 -29 -31 0 
-6 -12 -17 -20 0 
-6 -8 -9 -21 0 
-6 -12 -28 0 
-2 -8 -13 -14 -16 -17 -20 -21 -28 -31 0 
-3 -5 -11 -19 -23 -26 -31 0 
-1 -13 -21 -27 0 
-3 -5 -8 -9 -14 -16 -24 0 
-1 -4 -12 -16 -18 -29 0 
-2 -6 -8 -13 -14 -19 -21 -24 -26 0 
-3 -6 -10 -15 -26 -27 -30 0 
-4 -5 -7 -9 -18 -29 -30 0 
-4 -5 -17 -23 -25 -29 -31 0 
-4 -15 -18 -21 -23 -27 0 
-2 -3 -5 -6 -9 -11 -15 -27 -28 0 
-6 -11 -15 -18 -20 -22 -26 -30 0 
-3 -4 -13 -17 -18 -19 -20 -24 -26 0 
-4 -15 -16 -18 -27 0 
-1 -3 -10 -14 -26 -28 -29 0 
-2 -3 -4 -13 -14 -19 -31 0 
-6 -13 -25 -27 -29 -30 0 
-1 -2 -3 -5 -27 0 
-4 -9 -11 -25 -30 0 
-2 -4 -11 -14 -17 -21 -22 -31 0 
-4 -6 -7 -17 -24 -31 0 
-2 -8 -14 -19 0 
-1 -2 -12 -13 -14 -18 -19 -22 -30 0 
-3 -4 -12 -13 -14 -22 -24 -31 0 
-5 -9 -12 -14 -28 -31 0 
-14 -16 -17 -19 -21 -31 0 
-2 -4 -8 -13 -17 -31 0 
-6 -8 -10 -11 -13 -19 -25 -27 -31 0 
-1 -2 -5 -18 -22 -24 -29 0 
-3 -4 -8 -11 -13 -28 0 
-2 -17 -25 -27 -31 0 
-6 -8 -9 -11 -15 -21 -23 -24 -27 -31 0 
-2 -6 -11 -13 -14 -18 0 
-2 -5 -9 -22 -24 -25 -28 0 
-18 -23 -30 0 
-1 -7 -25 -27 -29 0 
-1 -3 -7 -12 -18 -23 -26 -27 -29 0 
