p cnf 31 800
5 9 10 14 15 21 0 
7 20 22 27 29 31 0 
5 7 14 19 21 25 27 0 
1 8 14 19 21 31 0 
5 9 11 27 0 
6 11 16 20 21 24 27 0 
1 5 6 11 23 29 0 
9 13 25 0 
2 8 0 
4 10 13 19 27 0 
6 9 11 15 24 0 
5 7 9 17 20 0 
9 10 12 14 17 25 31 0 
4 10 27 0 
2 3 10 14 20 23 24 25 30 0 
3 15 17 18 19 20 21 0 
1 9 10 14 18 23 26 27 0 
2 8 10 12 14 16 22 26 31 0 
5 6 7 9 10 22 26 0 
2 3 7 16 23 25 0 
6 7 14 23 25 0 
4 7 18 19 23 26 0 
4 5 6 7 8 10 11 19 24 26 27 31 0 
2 4 5 7 10 13 15 18 28 31 0 
8 29 0 
1 2 3 4 6 11 19 21 0 
1 6 13 15 16 17 18 25 0 
2 7 8 20 23 25 0 
1 18 19 28 30 31 0 
3 6 9 10 15 17 26 30 0 
15 16 21 0 
7 10 11 14 17 23 29 0 
7 8 11 13 19 0 
4 18 22 0 
2 7 13 17 21 25 26 0 
1 12 13 15 16 29 30 0 
2 5 6 11 16 24 0 
11 16 23 30 0 
3 4 10 14 16 20 22 28 0 
2 5 6 8 21 24 27 0 
2 4 8 10 22 26 0 
1 4 5 8 10 16 23 24 0 
2 4 5 9 27 0 
6 14 16 17 24 25 29 0 
10 11 13 14 16 26 0 
8 9 12 14 20 22 24 25 31 0 
3 8 15 16 18 19 25 27 0 
3 4 8 17 19 27 29 0 
8 14 15 19 20 25 27 28 0 
8 20 24 25 30 0 
2 12 21 22 24 28 30 0 
2 6 14 0 
4 5 13 15 20 26 30 0 
3 6 12 15 17 20 21 29 0 
4 5 13 17 18 21 29 0 
17 21 29 0 
3 5 12 15 17 21 22 24 29 0 
2 13 15 25 31 0 
1 5 6 8 10 11 13 16 17 18 26 28 0 
7 8 9 10 19 0 
15 22 31 0 
1 7 8 19 22 28 0 
9 19 21 0 
3 4 15 16 17 18 23 24 0 
9 10 13 20 25 31 0 
9 14 18 20 23 0 
2 12 15 16 18 21 24 26 30 31 0 
4 9 11 13 22 23 24 26 30 0 
2 4 10 29 0 
2 3 7 20 28 0 
4 15 17 18 24 27 30 31 0 
6 13 14 29 0 
3 8 10 17 19 21 23 27 0 
1 3 5 13 17 20 22 24 0 
1 26 30 0 
5 10 13 15 16 20 27 30 31 0 
5 9 25 28 0 
11 25 0 
5 12 18 21 24 0 
2 14 17 18 22 27 0 
1 3 4 7 12 23 29 31 0 
2 8 9 19 20 25 0 
3 4 6 7 9 12 14 16 20 28 0 
5 8 15 18 24 28 0 
10 11 13 21 22 26 27 28 0 
2 9 11 26 29 31 0 
4 6 14 19 24 25 27 0 
3 8 14 19 20 28 29 0 
10 13 14 15 17 19 24 0 
2 8 9 24 27 29 30 31 0 
5 11 28 0 
7 14 18 19 26 28 31 0 
1 4 5 6 9 14 28 0 
3 4 11 30 31 0 
1 11 14 15 24 26 0 
2 11 17 21 25 26 0 
5 10 11 17 20 21 23 25 28 30 0 
3 12 17 23 26 0 
7 13 17 23 29 0 
5 6 9 10 14 15 17 21 23 25 0 
5 7 11 16 21 30 0 
3 4 8 20 23 24 29 0 
3 6 8 16 21 24 27 30 0 
10 11 13 16 22 28 0 
2 18 23 0 
4 6 18 20 21 24 0 
1 5 11 12 13 19 0 
2 3 4 6 14 0 
4 6 16 19 22 28 0 
1 8 12 25 26 0 
3 5 9 24 26 28 31 0 
1 16 21 23 0 
1 12 15 23 0 
5 10 11 17 19 21 27 28 29 0 
11 24 28 0 
11 12 14 24 25 26 0 
2 9 12 16 21 22 0 
6 8 11 18 21 22 27 0 
1 2 3 8 9 10 20 22 0 
5 7 8 16 21 28 30 0 
6 7 10 15 19 20 25 27 29 30 0 
10 16 27 29 0 
11 13 18 26 0 
2 9 30 31 0 
1 2 3 7 9 12 15 18 20 25 0 
6 7 15 26 29 0 
5 6 7 17 22 28 29 0 
5 11 15 22 29 0 
2 8 15 20 22 24 0 
2 3 5 7 14 17 28 0 
1 5 7 8 22 29 0 
1 2 11 16 18 21 0 
5 6 10 16 17 19 22 23 30 0 
2 3 5 9 10 11 15 16 0 
1 8 11 21 30 0 
1 6 9 18 23 24 29 0 
15 16 23 27 29 0 
12 17 19 21 22 25 26 29 0 
2 14 21 22 31 0 
10 14 15 21 23 28 30 0 
3 9 14 20 25 29 0 
2 4 9 13 20 23 24 26 28 29 30 0 
8 10 11 15 17 21 24 26 0 
3 5 7 10 13 25 28 0 
1 6 8 10 11 15 16 18 23 27 30 0 
3 11 16 22 23 27 30 0 
3 6 8 17 20 21 28 0 
2 9 11 13 17 25 31 0 
2 5 9 11 16 19 22 30 31 0 
1 5 17 30 0 
5 6 8 18 22 26 0 
1 6 14 20 24 27 29 0 
1 2 12 14 22 25 0 
5 7 9 13 21 23 0 
1 4 11 23 24 29 31 0 
2 4 6 11 22 24 0 
4 5 10 11 12 27 30 0 
3 7 9 10 11 18 21 24 0 
3 15 22 28 0 
4 7 12 20 22 25 28 0 
6 10 12 14 15 20 26 27 30 0 
15 19 22 0 
2 3 4 14 18 24 31 0 
3 4 5 6 11 14 18 24 25 27 29 31 0 
8 10 11 20 31 0 
3 13 23 24 27 29 31 0 
7 10 13 23 24 25 0 
1 8 11 13 14 15 18 20 0 
2 3 20 0 
2 13 14 16 24 25 0 
3 12 14 17 20 22 24 26 28 0 
1 3 5 12 13 19 27 29 0 
3 7 8 22 0 
1 3 7 10 12 13 17 0 
7 9 10 14 15 18 25 26 31 0 
3 13 14 15 19 23 0 
2 3 7 13 16 24 26 31 0 
15 23 0 
4 5 16 17 21 27 29 30 0 
1 2 10 16 23 28 31 0 
5 8 13 24 31 0 
3 7 8 13 20 23 0 
3 9 20 26 31 0 
8 12 13 15 18 19 26 31 0 
3 7 11 14 23 25 0 
1 4 6 21 23 30 31 0 
2 3 16 19 24 27 29 0 
9 25 26 0 
1 3 10 13 28 0 
8 14 19 23 27 0 
1 20 22 26 30 0 
2 7 12 13 17 22 29 0 
2 3 5 7 23 24 28 0 
1 3 10 13 15 19 29 0 
7 10 17 18 23 26 28 0 
2 11 14 20 29 0 
5 11 17 27 28 0 
3 5 12 19 23 0 
1 3 5 14 16 31 0 
1 6 20 24 0 
5 21 23 24 31 0 
1 3 4 6 11 13 24 29 30 0 
2 7 9 14 20 21 0 
1 14 25 27 28 0 
2 3 8 13 16 23 25 26 29 0 
1 5 6 15 17 27 30 0 
1 9 10 11 14 21 27 0 
1 7 9 14 15 17 20 21 31 0 
2 3 20 21 23 28 0 
19 26 0 
5 8 9 14 17 27 0 
3 12 15 16 19 29 0 
5 14 29 0 
6 11 12 13 18 19 22 29 0 
6 7 10 17 0 
4 6 8 16 0 
5 12 13 14 17 22 30 31 0 
12 26 0 
3 9 21 26 27 0 
2 4 13 25 26 0 
5 11 15 17 21 0 
16 17 20 24 26 0 
1 4 6 10 13 21 24 27 0 
4 8 9 13 23 24 29 0 
2 3 16 21 31 0 
14 15 24 25 26 27 0 
3 15 29 0 
1 2 9 10 18 19 24 30 0 
2 7 8 11 14 17 22 23 25 31 0 
6 9 11 14 15 16 19 20 0 
5 10 22 29 0 
3 6 8 12 20 23 27 31 0 
2 15 16 17 0 
4 10 15 18 30 0 
13 16 22 24 25 26 30 0 
1 3 8 12 25 26 27 0 
3 9 12 23 27 0 
3 10 13 30 0 
1 4 6 9 23 29 0 
1 6 11 12 13 14 16 26 0 
3 4 7 23 25 27 29 0 
3 7 9 15 17 20 0 
1 9 13 16 22 0 
5 7 14 21 28 29 0 
12 13 15 18 19 31 0 
4 8 10 17 19 23 0 
4 5 11 23 24 0 
1 2 6 7 8 15 18 19 26 28 0 
1 11 12 19 20 24 0 
8 12 16 19 22 23 24 26 30 0 
5 15 17 19 29 0 
8 16 17 22 23 27 29 0 
3 12 31 0 
6 8 10 11 14 16 17 23 25 28 0 
2 13 15 26 29 0 
1 5 6 7 8 9 10 11 15 20 21 22 0 
8 9 12 15 18 25 30 0 
12 21 22 23 26 0 
2 8 12 18 21 23 26 0 
1 9 10 11 14 17 30 0 
1 2 3 15 18 19 24 0 
7 9 12 18 25 0 
3 4 6 14 19 20 0 
8 18 19 31 0 
13 23 27 0 
10 13 17 20 27 30 0 
4 5 20 24 0 
9 11 12 21 24 30 0 
3 4 5 6 7 19 21 25 28 29 0 
2 8 10 17 18 20 22 29 0 
2 10 18 20 23 28 0 
4 6 16 18 24 26 29 0 
6 20 21 26 0 
4 6 16 18 26 31 0 
6 10 14 15 18 25 0 
8 12 27 0 
2 7 13 23 24 0 
6 17 18 19 23 26 0 
1 4 7 8 14 17 23 0 
2 13 18 19 20 26 0 
2 8 9 10 17 21 29 30 0 
7 19 0 
1 13 18 29 30 31 0 
11 14 17 18 22 25 28 0 
1 9 12 17 18 24 30 0 
1 6 8 10 17 22 27 0 
3 4 6 9 10 19 20 21 23 27 29 30 0 
1 2 7 9 10 11 15 24 27 0 
6 11 12 0 
3 21 25 0 
26 29 30 31 0 
1 14 15 16 20 21 23 0 
1 8 9 11 15 17 24 31 0 
7 13 14 18 22 25 27 0 
6 7 8 16 17 23 25 29 0 
6 11 14 20 0 
2 3 4 12 19 21 22 23 25 26 30 31 0 
2 7 10 17 21 22 27 28 0 
2 11 21 31 0 
1 3 8 10 12 23 28 0 
1 2 10 15 16 27 0 
3 18 20 26 28 30 31 0 
1 7 15 18 22 25 0 
6 9 10 25 27 0 
1 8 10 12 23 24 0 
15 16 21 28 30 0 
3 5 15 20 28 31 0 
3 9 10 13 14 19 20 29 31 0 
6 8 22 26 29 0 
3 11 13 14 19 31 0 
5 6 14 16 23 28 29 0 
1 2 11 12 15 18 26 0 
1 5 7 11 16 24 27 0 
2 5 11 13 27 29 0 
1 4 8 9 16 17 23 25 0 
1 5 11 16 0 
3 5 8 9 14 27 28 29 31 0 
7 10 20 24 25 0 
12 15 19 21 27 0 
1 10 15 21 0 
1 5 7 8 15 19 26 28 30 0 
6 12 15 17 24 25 27 31 0 
4 6 7 20 22 0 
2 7 12 19 25 26 27 28 31 0 
2 4 12 13 24 25 29 30 0 
4 16 18 25 0 
1 4 6 8 11 12 16 19 21 0 
1 2 6 12 19 20 24 29 31 0 
1 3 9 13 15 20 0 
2 10 14 16 21 25 30 0 
6 19 22 25 29 0 
7 10 11 15 20 21 24 28 29 0 
1 3 6 7 10 21 27 0 
7 8 12 17 18 24 25 0 
1 6 15 19 27 29 31 0 
1 7 9 19 22 25 0 
4 8 12 13 17 18 29 30 0 
1 3 5 6 7 15 16 0 
1 2 4 10 15 20 24 25 0 
2 3 9 22 26 0 
5 7 9 11 12 17 22 23 0 
2 3 8 12 14 16 21 23 0 
6 10 11 14 17 18 21 25 28 30 0 
6 8 11 26 0 
5 10 17 20 24 25 28 0 
3 4 6 13 14 0 
7 14 19 23 24 30 0 
8 9 15 18 22 23 26 27 31 0 
15 20 23 30 0 
3 4 10 11 19 28 0 
10 11 17 18 26 29 0 
6 8 20 22 27 31 0 
6 8 22 23 26 27 0 
5 6 10 13 29 0 
1 3 9 12 15 26 28 30 0 
5 8 20 21 24 31 0 
2 3 8 13 14 26 0 
6 11 14 15 29 0 
12 21 22 23 24 25 0 
12 16 17 25 30 0 
4 5 7 16 23 28 31 0 
2 3 4 16 19 23 24 26 27 29 0 
1 10 15 16 20 22 30 31 0 
7 13 18 29 0 
1 2 5 8 10 13 14 19 21 22 0 
1 2 5 8 11 14 19 27 0 
5 6 9 13 17 27 30 0 
3 5 9 17 20 0 
6 9 11 16 18 24 30 0 
2 15 17 19 29 0 
1 2 4 19 20 24 30 31 0 
15 16 17 26 0 
2 5 6 9 11 13 17 31 0 
2 12 22 28 0 
1 2 6 9 13 17 26 31 0 
2 3 8 22 24 0 
14 17 18 22 26 29 30 0 
1 3 11 21 29 30 31 0 
2 6 9 15 24 27 29 0 
15 17 26 28 31 0 
1 5 7 24 28 29 31 0 
5 7 10 12 15 19 26 29 0 
2 3 7 10 0 
2 3 8 14 26 28 0 
6 9 15 24 27 28 30 0 
10 11 16 23 31 0 
3 9 15 23 25 30 31 0 
4 11 14 18 27 28 0 
6 9 14 22 23 27 28 30 0 
5 10 11 16 23 28 0 
5 11 12 13 14 17 28 29 0 
3 8 9 28 31 0 
1 5 7 8 10 12 15 28 0 
2 3 4 10 21 24 25 27 0 
2 5 7 11 12 13 21 25 29 30 0 
8 15 18 23 29 31 0 
2 11 12 14 15 19 24 25 26 27 0 
2 3 4 10 11 14 16 18 22 0 
1 2 9 11 14 15 19 0 
3 6 16 20 27 31 0 
-5 -9 -10 -14 -15 -21 0 
-7 -20 -22 -27 -29 -31 0 
-5 -7 -14 -19 -21 -25 -27 0 
-1 -8 -14 -19 -21 -31 0 
-5 -9 -11 -27 0 
-6 -11 -16 -20 -21 -24 -27 0 
-1 -5 -6 -11 -23 -29 0 
-9 -13 -25 0 
-2 -8 0 
-4 -10 -13 -19 -27 0 
-6 -9 -11 -15 -24 0 
-5 -7 -9 -17 -20 0 
-9 -10 -12 -14 -17 -25 -31 0 
-4 -10 -27 0 
-2 -3 -10 -14 -20 -23 -24 -25 -30 0 
-3 -15 -17 -18 -19 -20 -21 0 
-1 -9 -10 -14 -18 -23 -26 -27 0 
-2 -8 -10 -12 -14 -16 -22 -26 -31 0 
-5 -6 -7 -9 -10 -22 -26 0 
-2 -3 -7 -16 -23 -25 0 
-6 -7 -14 -23 -25 0 
-4 -7 -18 -19 -23 -26 0 
-4 -5 -6 -7 -8 -10 -11 -19 -24 -26 -27 -31 0 
-2 -4 -5 -7 -10 -13 -15 -18 -28 -31 0 
-8 -29 0 
-1 -2 -3 -4 -6 -11 -19 -21 0 
-1 -6 -13 -15 -16 -17 -18 -25 0 
-2 -7 -8 -20 -23 -25 0 
-1 -18 -19 -28 -30 -31 0 
-3 -6 -9 -10 -15 -17 -26 -30 0 
-15 -16 -21 0 
-7 -10 -11 -14 -17 -23 -29 0 
-7 -8 -11 -13 -19 0 
-4 -18 -22 0 
-2 -7 -13 -17 -21 -25 -26 0 
-1 -12 -13 -15 -16 -29 -30 0 
-2 -5 -6 -11 -16 -24 0 
-11 -16 -23 -30 0 
-3 -4 -10 -14 -16 -20 -22 -28 0 
-2 -5 -6 -8 -21 -24 -27 0 
-2 -4 -8 -10 -22 -26 0 
-1 -4 -5 -8 -10 -16 -23 -24 0 
-2 -4 -5 -9 -27 0 
-6 -14 -16 -17 -24 -25 -29 0 
-10 -11 -13 -14 -16 -26 0 
-8 -9 -12 -14 -20 -22 -24 -25 -31 0 
-3 -8 -15 -16 -18 -19 -25 -27 0 
-3 -4 -8 -17 -19 -27 -29 0 
-8 -14 -15 -19 -20 -25 -27 -28 0 
-8 -20 -24 -25 -30 0 
-2 -12 -21 -22 -24 -28 -30 0 
-2 -6 -14 0 
-4 -5 -13 -15 -20 -26 -30 0 
-3 -6 -12 -15 -17 -20 -21 -29 0 
-4 -5 -13 -17 -18 -21 -29 0 
-17 -21 -29 0 
-3 -5 -12 -15 -17 -21 -22 -24 -29 0 
-2 -13 -15 -25 -31 0 
-1 -5 -6 -8 -10 -11 -13 -16 -17 -18 -26 -28 0 
-7 -8 -9 -10 -19 0 
-15 -22 -31 0 
-1 -7 -8 -19 -22 -28 0 
-9 -19 -21 0 
-3 -4 -15 -16 -17 -18 -23 -24 0 
-9 -10 -13 -20 -25 -31 0 
-9 -14 -18 -20 -23 0 
-2 -12 -15 -16 -18 -21 -24 -26 -30 -31 0 
-4 -9 -11 -13 -22 -23 -24 -26 -30 0 
-2 -4 -10 -29 0 
-2 -3 -7 -20 -28 0 
-4 -15 -17 -18 -24 -27 -30 -31 0 
-6 -13 -14 -29 0 
-3 -8 -10 -17 -19 -21 -23 -27 0 
-1 -3 -5 -13 -17 -20 -22 -24 0 
-1 -26 -30 0 
-5 -10 -13 -15 -16 -20 -27 -30 -31 0 
-5 -9 -25 -28 0 
-11 -25 0 
-5 -12 -18 -21 -24 0 
-2 -14 -17 -18 -22 -27 0 
-1 -3 -4 -7 -12 -23 -29 -31 0 
-2 -8 -9 -19 -20 -25 0 
-3 -4 -6 -7 -9 -12 -14 -16 -20 -28 0 
-5 -8 -15 -18 -24 -28 0 
-10 -11 -13 -21 -22 -26 -27 -28 0 
-2 -9 -11 -26 -29 -31 0 
-4 -6 -14 -19 -24 -25 -27 0 
-3 -8 -14 -19 -20 -28 -29 0 
-10 -13 -14 -15 -17 -19 -24 0 
-2 -8 -9 -24 -27 -29 -30 -31 0 
-5 -11 -28 0 
-7 -14 -18 -19 -26 -28 -31 0 
-1 -4 -5 -6 -9 -14 -28 0 
-3 -4 -11 -30 -31 0 
-1 -11 -14 -15 -24 -26 0 
-2 -11 -17 -21 -25 -26 0 
-5 -10 -11 -17 -20 -21 -23 -25 -28 -30 0 
-3 -12 -17 -23 -26 0 
-7 -13 -17 -23 -29 0 
-5 -6 -9 -10 -14 -15 -17 -21 -23 -25 0 
-5 -7 -11 -16 -21 -30 0 
-3 -4 -8 -20 -23 -24 -29 0 
-3 -6 -8 -16 -21 -24 -27 -30 0 
-10 -11 -13 -16 -22 -28 0 
-2 -18 -23 0 
-4 -6 -18 -20 -21 -24 0 
-1 -5 -11 -12 -13 -19 0 
-2 -3 -4 -6 -14 0 
-4 -6 -16 -19 -22 -28 0 
-1 -8 -12 -25 -26 0 
-3 -5 -9 -24 -26 -28 -31 0 
-1 -16 -21 -23 0 
-1 -12 -15 -23 0 
-5 -10 -11 -17 -19 -21 -27 -28 -29 0 
-11 -24 -28 0 
-11 -12 -14 -24 -25 -26 0 
-2 -9 -12 -16 -21 -22 0 
-6 -8 -11 -18 -21 -22 -27 0 
-1 -2 -3 -8 -9 -10 -20 -22 0 
-5 -7 -8 -16 -21 -28 -30 0 
-6 -7 -10 -15 -19 -20 -25 -27 -29 -30 0 
-10 -16 -27 -29 0 
-11 -13 -18 -26 0 
-2 -9 -30 -31 0 
-1 -2 -3 -7 -9 -12 -15 -18 -20 -25 0 
-6 -7 -15 -26 -29 0 
-5 -6 -7 -17 -22 -28 -29 0 
-5 -11 -15 -22 -29 0 
-2 -8 -15 -20 -22 -24 0 
-2 -3 -5 -7 -14 -17 -28 0 
-1 -5 -7 -8 -22 -29 0 
-1 -2 -11 -16 -18 -21 0 
-5 -6 -10 -16 -17 -19 -22 -23 -30 0 
-2 -3 -5 -9 -10 -11 -15 -16 0 
-1 -8 -11 -21 -30 0 
-1 -6 -9 -18 -23 -24 -29 0 
-15 -16 -23 -27 -29 0 
-12 -17 -19 -21 -22 -25 -26 -29 0 
-2 -14 -21 -22 -31 0 
-10 -14 -15 -21 -23 -28 -30 0 
-3 -9 -14 -20 -25 -29 0 
-2 -4 -9 -13 -20 -23 -24 -26 -28 -29 -30 0 
-8 -10 -11 -15 -17 -21 -24 -26 0 
-3 -5 -7 -10 -13 -25 -28 0 
-1 -6 -8 -10 -11 -15 -16 -18 -23 -27 -30 0 
-3 -11 -16 -22 -23 -27 -30 0 
-3 -6 -8 -17 -20 -21 -28 0 
-2 -9 -11 -13 -17 -25 -31 0 
-2 -5 -9 -11 -16 -19 -22 -30 -31 0 
-1 -5 -17 -30 0 
-5 -6 -8 -18 -22 -26 0 
-1 -6 -14 -20 -24 -27 -29 0 
-1 -2 -12 -14 -22 -25 0 
-5 -7 -9 -13 -21 -23 0 
-1 -4 -11 -23 -24 -29 -31 0 
-2 -4 -6 -11 -22 -24 0 
-4 -5 -10 -11 -12 -27 -30 0 
-3 -7 -9 -10 -11 -18 -21 -24 0 
-3 -15 -22 -28 0 
-4 -7 -12 -20 -22 -25 -28 0 
-6 -10 -12 -14 -15 -20 -26 -27 -30 0 
-15 -19 -22 0 
-2 -3 -4 -14 -18 -24 -31 0 
-3 -4 -5 -6 -11 -14 -18 -24 -25 -27 -29 -31 0 
-8 -10 -11 -20 -31 0 
-3 -13 -23 -24 -27 -29 -31 0 
-7 -10 -13 -23 -24 -25 0 
-1 -8 -11 -13 -14 -15 -18 -20 0 
-2 -3 -20 0 
-2 -13 -14 -16 -24 -25 0 
-3 -12 -14 -17 -20 -22 -24 -26 -28 0 
-1 -3 -5 -12 -13 -19 -27 -29 0 
-3 -7 -8 -22 0 
-1 -3 -7 -10 -12 -13 -17 0 
-7 -9 -10 -14 -15 -18 -25 -26 -31 0 
-3 -13 -14 -15 -19 -23 0 
-2 -3 -7 -13 -16 -24 -26 -31 0 
-15 -23 0 
-4 -5 -16 -17 -21 -27 -29 -30 0 
-1 -2 -10 -16 -23 -28 -31 0 
-5 -8 -13 -24 -31 0 
-3 -7 -8 -13 -20 -23 0 
-3 -9 -20 -26 -31 0 
-8 -12 -13 -15 -18 -19 -26 -31 0 
-3 -7 -11 -14 -23 -25 0 
-1 -4 -6 -21 -23 -30 -31 0 
-2 -3 -16 -19 -24 -27 -29 0 
-9 -25 -26 0 
-1 -3 -10 -13 -28 0 
-8 -14 -19 -23 -27 0 
-1 -20 -22 -26 -30 0 
-2 -7 -12 -13 -17 -22 -29 0 
-2 -3 -5 -7 -23 -24 -28 0 
-1 -3 -10 -13 -15 -19 -29 0 
-7 -10 -17 -18 -23 -26 -28 0 
-2 -11 -14 -20 -29 0 
-5 -11 -17 -27 -28 0 
-3 -5 -12 -19 -23 0 
-1 -3 -5 -14 -16 -31 0 
-1 -6 -20 -24 0 
-5 -21 -23 -24 -31 0 
-1 -3 -4 -6 -11 -13 -24 -29 -30 0 
-2 -7 -9 -14 -20 -21 0 
-1 -14 -25 -27 -28 0 
-2 -3 -8 -13 -16 -23 -25 -26 -29 0 
-1 -5 -6 -15 -17 -27 -30 0 
-1 -9 -10 -11 -14 -21 -27 0 
-1 -7 -9 -14 -15 -17 -20 -21 -31 0 
-2 -3 -20 -21 -23 -28 0 
-19 -26 0 
-5 -8 -9 -14 -17 -27 0 
-3 -12 -15 -16 -19 -29 0 
-5 -14 -29 0 
-6 -11 -12 -13 -18 -19 -22 -29 0 
-6 -7 -10 -17 0 
-4 -6 -8 -16 0 
-5 -12 -13 -14 -17 -22 -30 -31 0 
-12 -26 0 
-3 -9 -21 -26 -27 0 
-2 -4 -13 -25 -26 0 
-5 -11 -15 -17 -21 0 
-16 -17 -20 -24 -26 0 
-1 -4 -6 -10 -13 -21 -24 -27 0 
-4 -8 -9 -13 -23 -24 -29 0 
-2 -3 -16 -21 -31 0 
-14 -15 -24 -25 -26 -27 0 
-3 -15 -29 0 
-1 -2 -9 -10 -18 -19 -24 -30 0 
-2 -7 -8 -11 -14 -17 -22 -23 -25 -31 0 
-6 -9 -11 -14 -15 -16 -19 -20 0 
-5 -10 -22 -29 0 
-3 -6 -8 -12 -20 -23 -27 -31 0 
-2 -15 -16 -17 0 
-4 -10 -15 -18 -30 0 
-13 -16 -22 -24 -25 -26 -30 0 
-1 -3 -8 -12 -25 -26 -27 0 
-3 -9 -12 -23 -27 0 
-3 -10 -13 -30 0 
-1 -4 -6 -9 -23 -29 0 
-1 -6 -11 -12 -13 -14 -16 -26 0 
-3 -4 -7 -23 -25 -27 -29 0 
-3 -7 -9 -15 -17 -20 0 
-1 -9 -13 -16 -22 0 
-5 -7 -14 -21 -28 -29 0 
-12 -13 -15 -18 -19 -31 0 
-4 -8 -10 -17 -19 -23 0 
-4 -5 -11 -23 -24 0 
-1 -2 -6 -7 -8 -15 -18 -19 -26 -28 0 
-1 -11 -12 -19 -20 -24 0 
-8 -12 -16 -19 -22 -23 -24 -26 -30 0 
-5 -15 -17 -19 -29 0 
-8 -16 -17 -22 -23 -27 -29 0 
-3 -12 -31 0 
-6 -8 -10 -11 -14 -16 -17 -23 -25 -28 0 
-2 -13 -15 -26 -29 0 
-1 -5 -6 -7 -8 -9 -10 -11 -15 -20 -21 -22 0 
-8 -9 -12 -15 -18 -25 -30 0 
-12 -21 -22 -23 -26 0 
-2 -8 -12 -18 -21 -23 -26 0 
-1 -9 -10 -11 -14 -17 -30 0 
-1 -2 -3 -15 -18 -19 -24 0 
-7 -9 -12 -18 -25 0 
-3 -4 -6 -14 -19 -20 0 
-8 -18 -19 -31 0 
-13 -23 -27 0 
-10 -13 -17 -20 -27 -30 0 
-4 -5 -20 -24 0 
-9 -11 -12 -21 -24 -30 0 
-3 -4 -5 -6 -7 -19 -21 -25 -28 -29 0 
-2 -8 -10 -17 -18 -20 -22 -29 0 
-2 -10 -18 -20 -23 -28 0 
-4 -6 -16 -18 -24 -26 -29 0 
-6 -20 -21 -26 0 
-4 -6 -16 -18 -26 -31 0 
-6 -10 -14 -15 -18 -25 0 
-8 -12 -27 0 
-2 -7 -13 -23 -24 0 
-6 -17 -18 -19 -23 -26 0 
-1 -4 -7 -8 -14 -17 -23 0 
-2 -13 -18 -19 -20 -26 0 
-2 -8 -9 -10 -17 -21 -29 -30 0 
-7 -19 0 
-1 -13 -18 -29 -30 -31 0 
-11 -14 -17 -18 -22 -25 -28 0 
-1 -9 -12 -17 -18 -24 -30 0 
-1 -6 -8 -10 -17 -22 -27 0 
-3 -4 -6 -9 -10 -19 -20 -21 -23 -27 -29 -30 0 
-1 -2 -7 -9 -10 -11 -15 -24 -27 0 
-6 -11 -12 0 
-3 -21 -25 0 
-26 -29 -30 -31 0 
-1 -14 -15 -16 -20 -21 -23 0 
-1 -8 -9 -11 -15 -17 -24 -31 0 
-7 -13 -14 -18 -22 -25 -27 0 
-6 -7 -8 -16 -17 -23 -25 -29 0 
-6 -11 -14 -20 0 
-2 -3 -4 -12 -19 -21 -22 -23 -25 -26 -30 -31 0 
-2 -7 -10 -17 -21 -22 -27 -28 0 
-2 -11 -21 -31 0 
-1 -3 -8 -10 -12 -23 -28 0 
-1 -2 -10 -15 -16 -27 0 
-3 -18 -20 -26 -28 -30 -31 0 
-1 -7 -15 -18 -22 -25 0 
-6 -9 -10 -25 -27 0 
-1 -8 -10 -12 -23 -24 0 
-15 -16 -21 -28 -30 0 
-3 -5 -15 -20 -28 -31 0 
-3 -9 -10 -13 -14 -19 -20 -29 -31 0 
-6 -8 -22 -26 -29 0 
-3 -11 -13 -14 -19 -31 0 
-5 -6 -14 -16 -23 -28 -29 0 
-1 -2 -11 -12 -15 -18 -26 0 
-1 -5 -7 -11 -16 -24 -27 0 
-2 -5 -11 -13 -27 -29 0 
-1 -4 -8 -9 -16 -17 -23 -25 0 
-1 -5 -11 -16 0 
-3 -5 -8 -9 -14 -27 -28 -29 -31 0 
-7 -10 -20 -24 -25 0 
-12 -15 -19 -21 -27 0 
-1 -10 -15 -21 0 
-1 -5 -7 -8 -15 -19 -26 -28 -30 0 
-6 -12 -15 -17 -24 -25 -27 -31 0 
-4 -6 -7 -20 -22 0 
-2 -7 -12 -19 -25 -26 -27 -28 -31 0 
-2 -4 -12 -13 -24 -25 -29 -30 0 
-4 -16 -18 -25 0 
-1 -4 -6 -8 -11 -12 -16 -19 -21 0 
-1 -2 -6 -12 -19 -20 -24 -29 -31 0 
-1 -3 -9 -13 -15 -20 0 
-2 -10 -14 -16 -21 -25 -30 0 
-6 -19 -22 -25 -29 0 
-7 -10 -11 -15 -20 -21 -24 -28 -29 0 
-1 -3 -6 -7 -10 -21 -27 0 
-7 -8 -12 -17 -18 -24 -25 0 
-1 -6 -15 -19 -27 -29 -31 0 
-1 -7 -9 -19 -22 -25 0 
-4 -8 -12 -13 -17 -18 -29 -30 0 
-1 -3 -5 -6 -7 -15 -16 0 
-1 -2 -4 -10 -15 -20 -24 -25 0 
-2 -3 -9 -22 -26 0 
-5 -7 -9 -11 -12 -17 -22 -23 0 
-2 -3 -8 -12 -14 -16 -21 -23 0 
-6 -10 -11 -14 -17 -18 -21 -25 -28 -30 0 
-6 -8 -11 -26 0 
-5 -10 -17 -20 -24 -25 -28 0 
-3 -4 -6 -13 -14 0 
-7 -14 -19 -23 -24 -30 0 
-8 -9 -15 -18 -22 -23 -26 -27 -31 0 
-15 -20 -23 -30 0 
-3 -4 -10 -11 -19 -28 0 
-10 -11 -17 -18 -26 -29 0 
-6 -8 -20 -22 -27 -31 0 
-6 -8 -22 -23 -26 -27 0 
-5 -6 -10 -13 -29 0 
-1 -3 -9 -12 -15 -26 -28 -30 0 
-5 -8 -20 -21 -24 -31 0 
-2 -3 -8 -13 -14 -26 0 
-6 -11 -14 -15 -29 0 
-12 -21 -22 -23 -24 -25 0 
-12 -16 -17 -25 -30 0 
-4 -5 -7 -16 -23 -28 -31 0 
-2 -3 -4 -16 -19 -23 -24 -26 -27 -29 0 
-1 -10 -15 -16 -20 -22 -30 -31 0 
-7 -13 -18 -29 0 
-1 -2 -5 -8 -10 -13 -14 -19 -21 -22 0 
-1 -2 -5 -8 -11 -14 -19 -27 0 
-5 -6 -9 -13 -17 -27 -30 0 
-3 -5 -9 -17 -20 0 
-6 -9 -11 -16 -18 -24 -30 0 
-2 -15 -17 -19 -29 0 
-1 -2 -4 -19 -20 -24 -30 -31 0 
-15 -16 -17 -26 0 
-2 -5 -6 -9 -11 -13 -17 -31 0 
-2 -12 -22 -28 0 
-1 -2 -6 -9 -13 -17 -26 -31 0 
-2 -3 -8 -22 -24 0 
-14 -17 -18 -22 -26 -29 -30 0 
-1 -3 -11 -21 -29 -30 -31 0 
-2 -6 -9 -15 -24 -27 -29 0 
-15 -17 -26 -28 -31 0 
-1 -5 -7 -24 -28 -29 -31 0 
-5 -7 -10 -12 -15 -19 -26 -29 0 
-2 -3 -7 -10 0 
-2 -3 -8 -14 -26 -28 0 
-6 -9 -15 -24 -27 -28 -30 0 
-10 -11 -16 -23 -31 0 
-3 -9 -15 -23 -25 -30 -31 0 
-4 -11 -14 -18 -27 -28 0 
-6 -9 -14 -22 -23 -27 -28 -30 0 
-5 -10 -11 -16 -23 -28 0 
-5 -11 -12 -13 -14 -17 -28 -29 0 
-3 -8 -9 -28 -31 0 
-1 -5 -7 -8 -10 -12 -15 -28 0 
-2 -3 -4 -10 -21 -24 -25 -27 0 
-2 -5 -7 -11 -12 -13 -21 -25 -29 -30 0 
-8 -15 -18 -23 -29 -31 0 
-2 -11 -12 -14 -15 -19 -24 -25 -26 -27 0 
-2 -3 -4 -10 -11 -14 -16 -18 -22 0 
-1 -2 -9 -11 -14 -15 -19 0 
-3 -6 -16 -20 -27 -31 0 
