p cnf 31 800
3 14 18 21 30 0 
9 16 22 28 30 0 
5 6 11 22 26 31 0 
12 13 22 25 0 
4 5 11 12 13 17 26 0 
1 2 11 19 20 24 26 0 
1 7 8 11 16 22 26 27 0 
8 12 18 20 23 0 
2 5 12 13 24 28 31 0 
2 6 8 10 14 23 25 29 0 
1 3 6 7 8 13 16 25 30 0 
2 5 8 13 17 20 21 24 25 0 
3 4 9 18 26 27 0 
2 5 6 27 0 
2 7 8 10 12 15 22 24 0 
15 19 22 27 28 29 0 
3 7 8 13 22 26 30 0 
4 8 19 21 22 24 26 27 31 0 
3 4 8 16 17 21 22 25 28 30 0 
7 10 15 19 28 0 
9 12 21 24 0 
1 3 4 6 8 15 26 27 0 
7 9 15 16 19 26 0 
1 7 10 12 18 23 24 29 30 0 
3 4 6 10 14 20 21 23 28 0 
6 12 16 18 20 22 23 0 
2 3 9 10 20 22 23 26 29 0 
1 5 10 17 24 25 30 0 
15 20 22 23 29 31 0 
2 6 9 10 20 21 23 0 
3 5 9 11 14 15 17 19 28 29 31 0 
1 5 9 12 15 18 24 27 0 
2 9 11 23 25 0 
5 6 9 10 25 29 30 0 
2 3 7 9 16 17 18 0 
3 6 12 14 22 25 0 
2 5 14 18 20 25 28 0 
5 9 13 15 20 24 27 0 
2 12 13 17 21 23 26 0 
5 12 17 28 29 30 31 0 
13 19 20 30 0 
1 26 0 
13 14 24 29 30 31 0 
3 9 10 19 21 22 24 30 31 0 
1 6 15 23 25 29 30 0 
1 6 7 13 18 19 0 
6 11 16 17 20 22 0 
5 11 13 16 29 31 0 
6 7 8 9 11 16 18 26 29 0 
1 2 21 23 27 28 30 0 
1 8 11 14 15 26 0 
4 8 14 27 0 
2 8 10 22 24 25 29 0 
4 11 13 14 16 19 30 0 
1 2 11 12 14 24 0 
5 13 18 20 0 
1 5 17 19 24 29 0 
2 8 9 12 15 18 24 25 0 
2 15 29 0 
4 11 23 25 26 0 
1 2 5 10 12 25 28 0 
3 11 12 13 14 18 26 31 0 
2 13 28 30 0 
4 9 10 18 20 24 27 0 
15 17 24 25 0 
2 6 9 19 23 0 
14 15 19 23 24 30 0 
3 11 13 18 22 0 
12 16 24 30 0 
1 2 3 6 16 21 22 24 25 0 
1 9 12 13 14 19 24 0 
3 11 12 20 21 22 26 30 0 
7 8 9 11 12 19 20 25 27 0 
5 9 26 27 28 0 
13 14 17 19 28 29 31 0 
7 14 19 22 0 
3 5 6 9 13 17 23 28 0 
7 13 15 19 31 0 
2 3 8 9 12 13 17 22 23 24 0 
18 22 31 0 
2 3 5 21 30 31 0 
1 5 13 25 27 30 0 
3 10 11 17 23 27 0 
3 16 20 24 30 0 
2 8 9 10 11 20 22 29 0 
3 8 10 11 13 20 25 0 
8 10 15 22 24 29 0 
10 13 0 
3 8 11 13 16 19 20 0 
8 10 11 18 19 23 25 29 0 
1 2 5 14 16 22 25 27 0 
4 7 9 15 16 30 0 
3 6 7 10 14 20 29 31 0 
1 3 9 18 21 23 29 30 0 
3 21 23 24 28 0 
1 18 23 30 0 
4 17 20 21 27 0 
1 12 17 22 0 
4 8 12 14 19 29 0 
5 6 17 18 19 20 27 0 
4 7 19 21 22 30 0 
4 15 18 26 0 
2 3 4 5 9 15 17 24 0 
2 8 14 20 22 29 0 
14 16 24 31 0 
1 4 13 19 23 26 0 
13 17 18 20 21 28 30 0 
7 9 13 16 22 28 0 
9 15 26 28 31 0 
3 19 23 29 31 0 
1 7 8 13 16 26 27 0 
2 14 16 22 25 28 29 0 
5 6 11 12 14 16 17 21 24 29 0 
3 5 7 11 23 28 31 0 
2 12 19 20 21 22 23 30 0 
18 20 22 25 0 
7 9 10 12 14 22 25 31 0 
2 6 7 12 13 19 27 0 
2 3 5 11 13 18 23 26 0 
2 3 11 0 
2 4 23 27 29 0 
5 8 9 13 19 21 22 27 30 0 
2 12 14 16 23 27 29 31 0 
4 7 12 17 21 22 25 26 29 31 0 
1 5 8 12 13 15 16 21 28 30 0 
9 12 13 15 16 19 26 30 0 
9 19 20 22 0 
4 11 12 15 20 26 28 0 
6 13 15 18 20 26 27 0 
1 2 6 10 20 23 25 28 0 
8 12 18 19 21 24 0 
4 9 10 14 19 22 24 27 30 0 
2 7 20 22 30 0 
3 8 10 11 12 21 25 31 0 
5 13 23 24 0 
11 12 17 23 26 30 0 
2 8 12 14 17 20 24 29 0 
2 5 15 17 25 30 31 0 
8 10 11 22 28 30 0 
11 14 17 21 24 31 0 
9 11 13 26 0 
4 6 17 20 21 31 0 
1 2 14 18 21 26 0 
2 10 15 19 0 
4 9 10 12 15 21 26 27 31 0 
6 11 22 0 
7 13 16 24 27 31 0 
4 11 18 19 23 31 0 
2 4 13 19 22 23 28 0 
2 4 11 18 22 26 30 31 0 
2 7 9 13 14 19 24 30 0 
3 4 9 18 20 27 31 0 
1 6 13 21 23 26 0 
5 7 10 11 14 18 22 0 
2 3 10 20 23 25 29 0 
19 21 22 26 28 0 
2 5 6 29 31 0 
1 3 8 11 14 25 27 0 
3 5 9 23 24 25 30 0 
4 23 0 
5 11 12 15 0 
1 13 23 24 31 0 
1 5 10 11 12 17 21 26 0 
5 8 13 17 19 25 0 
1 4 11 24 29 30 0 
6 12 16 24 30 0 
1 2 7 9 10 20 0 
2 5 8 12 13 17 21 25 29 0 
3 4 7 29 31 0 
6 7 17 19 22 25 26 28 30 31 0 
2 3 9 13 14 20 23 30 0 
3 4 7 10 16 29 30 0 
1 3 4 5 6 8 12 30 31 0 
9 10 12 21 22 30 0 
4 7 10 11 12 15 0 
12 16 30 0 
9 22 25 28 0 
2 4 7 12 17 22 24 28 31 0 
5 7 13 14 19 24 26 0 
2 8 13 14 15 16 0 
4 5 16 20 21 27 0 
1 2 5 16 19 22 24 25 31 0 
3 13 18 23 0 
6 14 15 21 22 0 
2 5 23 26 0 
1 4 6 8 11 18 20 22 28 29 0 
4 10 14 21 24 25 26 27 0 
3 10 20 23 27 28 0 
1 2 6 16 23 26 0 
11 12 14 17 22 27 31 0 
13 14 17 18 19 27 31 0 
6 7 13 23 25 28 30 0 
2 3 20 21 25 26 0 
3 4 5 6 0 
7 14 15 21 0 
2 5 7 8 13 24 25 0 
3 5 8 9 10 12 14 19 21 22 0 
1 5 6 10 14 20 23 30 0 
1 3 5 11 13 16 30 31 0 
8 10 15 20 25 30 31 0 
8 13 15 18 29 0 
5 15 16 22 31 0 
1 11 17 22 24 0 
3 5 7 12 13 21 27 30 0 
1 2 14 22 26 28 31 0 
1 8 10 15 26 30 0 
4 12 13 14 21 24 31 0 
6 7 13 14 30 0 
3 7 9 10 11 19 0 
1 9 11 12 0 
4 8 11 12 19 20 21 24 27 30 0 
4 6 7 8 10 0 
9 11 12 15 18 23 25 0 
10 13 17 21 27 0 
2 10 24 25 26 0 
8 11 17 22 26 29 0 
14 19 31 0 
1 5 11 27 31 0 
4 5 15 17 19 0 
8 10 16 18 24 29 30 31 0 
5 9 12 13 27 30 31 0 
1 8 10 14 17 20 25 27 0 
12 13 17 22 23 27 28 30 0 
2 20 23 26 29 0 
4 8 22 24 27 0 
2 7 22 27 29 30 0 
1 5 6 9 20 24 30 0 
1 2 9 12 23 27 28 0 
2 5 9 10 11 19 0 
4 6 8 12 18 21 0 
3 14 24 26 27 29 31 0 
2 9 24 27 0 
3 4 12 13 17 18 0 
4 6 9 11 26 28 0 
3 4 5 8 9 10 13 18 19 20 21 0 
8 13 19 21 22 24 31 0 
3 10 12 20 22 23 24 26 0 
2 5 22 24 0 
1 2 4 20 21 0 
7 25 26 29 0 
1 3 4 5 8 10 19 20 25 26 0 
2 3 7 16 22 0 
2 6 13 17 24 29 31 0 
23 25 0 
4 17 21 29 0 
20 29 30 0 
6 7 9 22 29 30 0 
5 6 16 18 26 27 31 0 
2 3 5 16 19 23 0 
5 7 8 13 16 17 23 26 29 31 0 
1 18 23 0 
4 5 10 11 16 21 25 27 28 0 
11 13 21 29 0 
1 6 7 8 17 25 27 0 
11 22 25 26 29 0 
10 20 23 27 29 0 
12 26 29 0 
1 5 7 15 17 20 24 25 31 0 
1 2 3 4 10 16 20 23 0 
1 2 4 12 15 24 0 
6 7 9 10 12 17 0 
5 10 14 21 22 0 
5 7 9 12 17 20 23 26 28 0 
3 8 12 14 23 24 27 29 0 
14 18 30 0 
2 9 12 14 21 24 0 
3 12 20 22 27 0 
2 6 13 14 20 23 0 
2 13 17 20 0 
5 9 13 18 19 0 
2 11 12 0 
6 12 14 16 18 22 25 0 
6 9 12 14 18 22 30 0 
2 7 15 16 19 21 0 
1 11 12 13 21 22 24 25 27 28 0 
4 14 15 21 31 0 
3 4 7 8 9 20 27 0 
3 7 15 19 30 0 
17 19 27 28 30 31 0 
4 5 14 15 20 0 
4 5 10 11 12 15 19 24 28 0 
10 21 30 0 
9 15 18 23 31 0 
3 13 16 24 31 0 
5 6 13 14 21 22 26 29 31 0 
5 7 10 13 14 18 19 26 27 0 
6 13 17 18 29 0 
9 12 16 17 22 24 27 29 0 
1 7 13 14 15 25 29 0 
8 9 11 19 31 0 
1 10 12 13 15 16 18 29 31 0 
2 6 7 9 30 0 
13 15 20 24 30 0 
10 11 19 28 0 
5 7 8 11 15 0 
6 18 24 28 0 
11 19 23 0 
5 13 15 16 17 19 24 26 0 
2 13 15 17 20 24 28 0 
1 5 11 12 23 25 27 30 0 
2 5 14 17 18 26 29 30 0 
14 18 22 0 
7 19 20 27 0 
12 15 16 20 22 27 28 30 0 
3 4 5 11 25 30 0 
9 16 20 22 24 31 0 
17 23 27 29 30 0 
7 14 17 19 29 31 0 
2 9 12 16 24 27 28 0 
1 6 9 12 15 22 29 31 0 
7 8 14 18 31 0 
8 12 14 27 0 
3 4 19 23 25 27 31 0 
9 17 20 24 0 
1 5 9 19 23 29 0 
5 10 11 20 28 31 0 
11 16 30 0 
10 15 16 17 31 0 
3 9 12 14 18 30 0 
2 3 5 12 16 18 22 30 0 
2 19 25 0 
9 26 29 30 0 
3 6 14 20 24 26 0 
2 5 9 10 14 22 28 0 
2 4 13 16 20 29 0 
8 9 10 14 15 16 26 29 0 
8 10 14 16 24 26 27 29 0 
1 3 7 9 10 14 21 28 29 0 
5 10 11 15 27 0 
5 6 17 27 0 
8 10 12 13 15 24 26 0 
1 7 15 18 19 22 24 25 26 27 0 
2 5 8 9 10 11 20 21 27 29 0 
2 8 10 13 14 22 31 0 
2 10 15 18 19 21 31 0 
1 4 5 15 21 31 0 
8 11 12 21 22 0 
5 8 11 21 23 31 0 
1 2 3 7 9 14 15 18 21 28 0 
6 16 17 18 22 0 
17 21 24 27 28 31 0 
6 24 25 26 0 
1 4 12 23 24 0 
1 6 9 28 0 
1 9 11 12 17 26 29 0 
7 13 14 16 22 29 0 
1 16 20 24 0 
1 2 3 17 20 29 0 
2 4 10 19 27 0 
13 16 26 30 0 
6 9 11 17 23 0 
4 7 11 16 21 23 26 31 0 
13 16 20 21 0 
2 4 12 15 19 24 27 29 0 
6 10 15 18 22 0 
16 25 31 0 
2 4 7 8 9 18 0 
2 6 11 22 31 0 
7 11 15 16 27 29 0 
1 3 14 18 19 20 23 25 28 0 
7 13 15 25 26 0 
4 5 7 11 13 15 20 21 26 30 0 
1 6 16 27 31 0 
2 6 7 10 19 20 23 26 28 0 
2 6 9 10 12 28 0 
2 5 7 9 15 23 25 0 
2 4 6 8 12 20 23 26 29 0 
1 6 7 8 9 12 16 18 23 26 27 0 
10 17 18 28 0 
8 16 20 25 26 31 0 
2 8 11 13 17 21 27 31 0 
4 6 13 14 15 20 24 29 0 
10 13 20 0 
4 5 12 17 18 21 24 0 
2 4 9 14 30 0 
16 17 18 0 
1 11 14 15 16 19 21 26 27 0 
9 12 16 0 
3 6 10 11 13 16 23 31 0 
10 14 20 21 22 25 0 
4 6 12 16 17 27 0 
2 4 6 9 13 18 22 25 27 28 29 0 
3 9 13 20 22 23 25 26 29 31 0 
1 4 6 11 18 27 30 0 
5 15 16 26 29 0 
3 6 17 22 0 
2 3 4 12 15 22 25 28 0 
2 6 11 17 18 21 0 
10 14 18 21 25 26 27 28 0 
1 12 19 27 29 30 0 
1 4 11 12 14 20 24 26 29 0 
5 10 12 17 18 26 27 0 
12 13 15 20 22 25 0 
3 5 8 17 22 30 0 
3 4 7 12 20 28 0 
7 19 22 24 31 0 
1 2 8 12 14 16 17 27 30 0 
5 22 24 26 0 
2 7 9 12 24 26 29 0 
6 8 17 18 22 26 27 0 
-3 -14 -18 -21 -30 0 
-9 -16 -22 -28 -30 0 
-5 -6 -11 -22 -26 -31 0 
-12 -13 -22 -25 0 
-4 -5 -11 -12 -13 -17 -26 0 
-1 -2 -11 -19 -20 -24 -26 0 
-1 -7 -8 -11 -16 -22 -26 -27 0 
-8 -12 -18 -20 -23 0 
-2 -5 -12 -13 -24 -28 -31 0 
-2 -6 -8 -10 -14 -23 -25 -29 0 
-1 -3 -6 -7 -8 -13 -16 -25 -30 0 
-2 -5 -8 -13 -17 -20 -21 -24 -25 0 
-3 -4 -9 -18 -26 -27 0 
-2 -5 -6 -27 0 
-2 -7 -8 -10 -12 -15 -22 -24 0 
-15 -19 -22 -27 -28 -29 0 
-3 -7 -8 -13 -22 -26 -30 0 
-4 -8 -19 -21 -22 -24 -26 -27 -31 0 
-3 -4 -8 -16 -17 -21 -22 -25 -28 -30 0 
-7 -10 -15 -19 -28 0 
-9 -12 -21 -24 0 
-1 -3 -4 -6 -8 -15 -26 -27 0 
-7 -9 -15 -16 -19 -26 0 
-1 -7 -10 -12 -18 -23 -24 -29 -30 0 
-3 -4 -6 -10 -14 -20 -21 -23 -28 0 
-6 -12 -16 -18 -20 -22 -23 0 
-2 -3 -9 -10 -20 -22 -23 -26 -29 0 
-1 -5 -10 -17 -24 -25 -30 0 
-15 -20 -22 -23 -29 -31 0 
-2 -6 -9 -10 -20 -21 -23 0 
-3 -5 -9 -11 -14 -15 -17 -19 -28 -29 -31 0 
-1 -5 -9 -12 -15 -18 -24 -27 0 
-2 -9 -11 -23 -25 0 
-5 -6 -9 -10 -25 -29 -30 0 
-2 -3 -7 -9 -16 -17 -18 0 
-3 -6 -12 -14 -22 -25 0 
-2 -5 -14 -18 -20 -25 -28 0 
-5 -9 -13 -15 -20 -24 -27 0 
-2 -12 -13 -17 -21 -23 -26 0 
-5 -12 -17 -28 -29 -30 -31 0 
-13 -19 -20 -30 0 
-1 -26 0 
-13 -14 -24 -29 -30 -31 0 
-3 -9 -10 -19 -21 -22 -24 -30 -31 0 
-1 -6 -15 -23 -25 -29 -30 0 
-1 -6 -7 -13 -18 -19 0 
-6 -11 -16 -17 -20 -22 0 
-5 -11 -13 -16 -29 -31 0 
-6 -7 -8 -9 -11 -16 -18 -26 -29 0 
-1 -2 -21 -23 -27 -28 -30 0 
-1 -8 -11 -14 -15 -26 0 
-4 -8 -14 -27 0 
-2 -8 -10 -22 -24 -25 -29 0 
-4 -11 -13 -14 -16 -19 -30 0 
-1 -2 -11 -12 -14 -24 0 
-5 -13 -18 -20 0 
-1 -5 -17 -19 -24 -29 0 
-2 -8 -9 -12 -15 -18 -24 -25 0 
-2 -15 -29 0 
-4 -11 -23 -25 -26 0 
-1 -2 -5 -10 -12 -25 -28 0 
-3 -11 -12 -13 -14 -18 -26 -31 0 
-2 -13 -28 -30 0 
-4 -9 -10 -18 -20 -24 -27 0 
-15 -17 -24 -25 0 
-2 -6 -9 -19 -23 0 
-14 -15 -19 -23 -24 -30 0 
-3 -11 -13 -18 -22 0 
-12 -16 -24 -30 0 
-1 -2 -3 -6 -16 -21 -22 -24 -25 0 
-1 -9 -12 -13 -14 -19 -24 0 
-3 -11 -12 -20 -21 -22 -26 -30 0 
-7 -8 -9 -11 -12 -19 -20 -25 -27 0 
-5 -9 -26 -27 -28 0 
-13 -14 -17 -19 -28 -29 -31 0 
-7 -14 -19 -22 0 
-3 -5 -6 -9 -13 -17 -23 -28 0 
-7 -13 -15 -19 -31 0 
-2 -3 -8 -9 -12 -13 -17 -22 -23 -24 0 
-18 -22 -31 0 
-2 -3 -5 -21 -30 -31 0 
-1 -5 -13 -25 -27 -30 0 
-3 -10 -11 -17 -23 -27 0 
-3 -16 -20 -24 -30 0 
-2 -8 -9 -10 -11 -20 -22 -29 0 
-3 -8 -10 -11 -13 -20 -25 0 
-8 -10 -15 -22 -24 -29 0 
-10 -13 0 
-3 -8 -11 -13 -16 -19 -20 0 
-8 -10 -11 -18 -19 -23 -25 -29 0 
-1 -2 -5 -14 -16 -22 -25 -27 0 
-4 -7 -9 -15 -16 -30 0 
-3 -6 -7 -10 -14 -20 -29 -31 0 
-1 -3 -9 -18 -21 -23 -29 -30 0 
-3 -21 -23 -24 -28 0 
-1 -18 -23 -30 0 
-4 -17 -20 -21 -27 0 
-1 -12 -17 -22 0 
-4 -8 -12 -14 -19 -29 0 
-5 -6 -17 -18 -19 -20 -27 0 
-4 -7 -19 -21 -22 -30 0 
-4 -15 -18 -26 0 
-2 -3 -4 -5 -9 -15 -17 -24 0 
-2 -8 -14 -20 -22 -29 0 
-14 -16 -24 -31 0 
-1 -4 -13 -19 -23 -26 0 
-13 -17 -18 -20 -21 -28 -30 0 
-7 -9 -13 -16 -22 -28 0 
-9 -15 -26 -28 -31 0 
-3 -19 -23 -29 -31 0 
-1 -7 -8 -13 -16 -26 -27 0 
-2 -14 -16 -22 -25 -28 -29 0 
-5 -6 -11 -12 -14 -16 -17 -21 -24 -29 0 
-3 -5 -7 -11 -23 -28 -31 0 
-2 -12 -19 -20 -21 -22 -23 -30 0 
-18 -20 -22 -25 0 
-7 -9 -10 -12 -14 -22 -25 -31 0 
-2 -6 -7 -12 -13 -19 -27 0 
-2 -3 -5 -11 -13 -18 -23 -26 0 
-2 -3 -11 0 
-2 -4 -23 -27 -29 0 
-5 -8 -9 -13 -19 -21 -22 -27 -30 0 
-2 -12 -14 -16 -23 -27 -29 -31 0 
-4 -7 -12 -17 -21 -22 -25 -26 -29 -31 0 
-1 -5 -8 -12 -13 -15 -16 -21 -28 -30 0 
-9 -12 -13 -15 -16 -19 -26 -30 0 
-9 -19 -20 -22 0 
-4 -11 -12 -15 -20 -26 -28 0 
-6 -13 -15 -18 -20 -26 -27 0 
-1 -2 -6 -10 -20 -23 -25 -28 0 
-8 -12 -18 -19 -21 -24 0 
-4 -9 -10 -14 -19 -22 -24 -27 -30 0 
-2 -7 -20 -22 -30 0 
-3 -8 -10 -11 -12 -21 -25 -31 0 
-5 -13 -23 -24 0 
-11 -12 -17 -23 -26 -30 0 
-2 -8 -12 -14 -17 -20 -24 -29 0 
-2 -5 -15 -17 -25 -30 -31 0 
-8 -10 -11 -22 -28 -30 0 
-11 -14 -17 -21 -24 -31 0 
-9 -11 -13 -26 0 
-4 -6 -17 -20 -21 -31 0 
-1 -2 -14 -18 -21 -26 0 
-2 -10 -15 -19 0 
-4 -9 -10 -12 -15 -21 -26 -27 -31 0 
-6 -11 -22 0 
-7 -13 -16 -24 -27 -31 0 
-4 -11 -18 -19 -23 -31 0 
-2 -4 -13 -19 -22 -23 -28 0 
-2 -4 -11 -18 -22 -26 -30 -31 0 
-2 -7 -9 -13 -14 -19 -24 -30 0 
-3 -4 -9 -18 -20 -27 -31 0 
-1 -6 -13 -21 -23 -26 0 
-5 -7 -10 -11 -14 -18 -22 0 
-2 -3 -10 -20 -23 -25 -29 0 
-19 -21 -22 -26 -28 0 
-2 -5 -6 -29 -31 0 
-1 -3 -8 -11 -14 -25 -27 0 
-3 -5 -9 -23 -24 -25 -30 0 
-4 -23 0 
-5 -11 -12 -15 0 
-1 -13 -23 -24 -31 0 
-1 -5 -10 -11 -12 -17 -21 -26 0 
-5 -8 -13 -17 -19 -25 0 
-1 -4 -11 -24 -29 -30 0 
-6 -12 -16 -24 -30 0 
-1 -2 -7 -9 -10 -20 0 
-2 -5 -8 -12 -13 -17 -21 -25 -29 0 
-3 -4 -7 -29 -31 0 
-6 -7 -17 -19 -22 -25 -26 -28 -30 -31 0 
-2 -3 -9 -13 -14 -20 -23 -30 0 
-3 -4 -7 -10 -16 -29 -30 0 
-1 -3 -4 -5 -6 -8 -12 -30 -31 0 
-9 -10 -12 -21 -22 -30 0 
-4 -7 -10 -11 -12 -15 0 
-12 -16 -30 0 
-9 -22 -25 -28 0 
-2 -4 -7 -12 -17 -22 -24 -28 -31 0 
-5 -7 -13 -14 -19 -24 -26 0 
-2 -8 -13 -14 -15 -16 0 
-4 -5 -16 -20 -21 -27 0 
-1 -2 -5 -16 -19 -22 -24 -25 -31 0 
-3 -13 -18 -23 0 
-6 -14 -15 -21 -22 0 
-2 -5 -23 -26 0 
-1 -4 -6 -8 -11 -18 -20 -22 -28 -29 0 
-4 -10 -14 -21 -24 -25 -26 -27 0 
-3 -10 -20 -23 -27 -28 0 
-1 -2 -6 -16 -23 -26 0 
-11 -12 -14 -17 -22 -27 -31 0 
-13 -14 -17 -18 -19 -27 -31 0 
-6 -7 -13 -23 -25 -28 -30 0 
-2 -3 -20 -21 -25 -26 0 
-3 -4 -5 -6 0 
-7 -14 -15 -21 0 
-2 -5 -7 -8 -13 -24 -25 0 
-3 -5 -8 -9 -10 -12 -14 -19 -21 -22 0 
-1 -5 -6 -10 -14 -20 -23 -30 0 
-1 -3 -5 -11 -13 -16 -30 -31 0 
-8 -10 -15 -20 -25 -30 -31 0 
-8 -13 -15 -18 -29 0 
-5 -15 -16 -22 -31 0 
-1 -11 -17 -22 -24 0 
-3 -5 -7 -12 -13 -21 -27 -30 0 
-1 -2 -14 -22 -26 -28 -31 0 
-1 -8 -10 -15 -26 -30 0 
-4 -12 -13 -14 -21 -24 -31 0 
-6 -7 -13 -14 -30 0 
-3 -7 -9 -10 -11 -19 0 
-1 -9 -11 -12 0 
-4 -8 -11 -12 -19 -20 -21 -24 -27 -30 0 
-4 -6 -7 -8 -10 0 
-9 -11 -12 -15 -18 -23 -25 0 
-10 -13 -17 -21 -27 0 
-2 -10 -24 -25 -26 0 
-8 -11 -17 -22 -26 -29 0 
-14 -19 -31 0 
-1 -5 -11 -27 -31 0 
-4 -5 -15 -17 -19 0 
-8 -10 -16 -18 -24 -29 -30 -31 0 
-5 -9 -12 -13 -27 -30 -31 0 
-1 -8 -10 -14 -17 -20 -25 -27 0 
-12 -13 -17 -22 -23 -27 -28 -30 0 
-2 -20 -23 -26 -29 0 
-4 -8 -22 -24 -27 0 
-2 -7 -22 -27 -29 -30 0 
-1 -5 -6 -9 -20 -24 -30 0 
-1 -2 -9 -12 -23 -27 -28 0 
-2 -5 -9 -10 -11 -19 0 
-4 -6 -8 -12 -18 -21 0 
-3 -14 -24 -26 -27 -29 -31 0 
-2 -9 -24 -27 0 
-3 -4 -12 -13 -17 -18 0 
-4 -6 -9 -11 -26 -28 0 
-3 -4 -5 -8 -9 -10 -13 -18 -19 -20 -21 0 
-8 -13 -19 -21 -22 -24 -31 0 
-3 -10 -12 -20 -22 -23 -24 -26 0 
-2 -5 -22 -24 0 
-1 -2 -4 -20 -21 0 
-7 -25 -26 -29 0 
-1 -3 -4 -5 -8 -10 -19 -20 -25 -26 0 
-2 -3 -7 -16 -22 0 
-2 -6 -13 -17 -24 -29 -31 0 
-23 -25 0 
-4 -17 -21 -29 0 
-20 -29 -30 0 
-6 -7 -9 -22 -29 -30 0 
-5 -6 -16 -18 -26 -27 -31 0 
-2 -3 -5 -16 -19 -23 0 
-5 -7 -8 -13 -16 -17 -23 -26 -29 -31 0 
-1 -18 -23 0 
-4 -5 -10 -11 -16 -21 -25 -27 -28 0 
-11 -13 -21 -29 0 
-1 -6 -7 -8 -17 -25 -27 0 
-11 -22 -25 -26 -29 0 
-10 -20 -23 -27 -29 0 
-12 -26 -29 0 
-1 -5 -7 -15 -17 -20 -24 -25 -31 0 
-1 -2 -3 -4 -10 -16 -20 -23 0 
-1 -2 -4 -12 -15 -24 0 
-6 -7 -9 -10 -12 -17 0 
-5 -10 -14 -21 -22 0 
-5 -7 -9 -12 -17 -20 -23 -26 -28 0 
-3 -8 -12 -14 -23 -24 -27 -29 0 
-14 -18 -30 0 
-2 -9 -12 -14 -21 -24 0 
-3 -12 -20 -22 -27 0 
-2 -6 -13 -14 -20 -23 0 
-2 -13 -17 -20 0 
-5 -9 -13 -18 -19 0 
-2 -11 -12 0 
-6 -12 -14 -16 -18 -22 -25 0 
-6 -9 -12 -14 -18 -22 -30 0 
-2 -7 -15 -16 -19 -21 0 
-1 -11 -12 -13 -21 -22 -24 -25 -27 -28 0 
-4 -14 -15 -21 -31 0 
-3 -4 -7 -8 -9 -20 -27 0 
-3 -7 -15 -19 -30 0 
-17 -19 -27 -28 -30 -31 0 
-4 -5 -14 -15 -20 0 
-4 -5 -10 -11 -12 -15 -19 -24 -28 0 
-10 -21 -30 0 
-9 -15 -18 -23 -31 0 
-3 -13 -16 -24 -31 0 
-5 -6 -13 -14 -21 -22 -26 -29 -31 0 
-5 -7 -10 -13 -14 -18 -19 -26 -27 0 
-6 -13 -17 -18 -29 0 
-9 -12 -16 -17 -22 -24 -27 -29 0 
-1 -7 -13 -14 -15 -25 -29 0 
-8 -9 -11 -19 -31 0 
-1 -10 -12 -13 -15 -16 -18 -29 -31 0 
-2 -6 -7 -9 -30 0 
-13 -15 -20 -24 -30 0 
-10 -11 -19 -28 0 
-5 -7 -8 -11 -15 0 
-6 -18 -24 -28 0 
-11 -19 -23 0 
-5 -13 -15 -16 -17 -19 -24 -26 0 
-2 -13 -15 -17 -20 -24 -28 0 
-1 -5 -11 -12 -23 -25 -27 -30 0 
-2 -5 -14 -17 -18 -26 -29 -30 0 
-14 -18 -22 0 
-7 -19 -20 -27 0 
-12 -15 -16 -20 -22 -27 -28 -30 0 
-3 -4 -5 -11 -25 -30 0 
-9 -16 -20 -22 -24 -31 0 
-17 -23 -27 -29 -30 0 
-7 -14 -17 -19 -29 -31 0 
-2 -9 -12 -16 -24 -27 -28 0 
-1 -6 -9 -12 -15 -22 -29 -31 0 
-7 -8 -14 -18 -31 0 
-8 -12 -14 -27 0 
-3 -4 -19 -23 -25 -27 -31 0 
-9 -17 -20 -24 0 
-1 -5 -9 -19 -23 -29 0 
-5 -10 -11 -20 -28 -31 0 
-11 -16 -30 0 
-10 -15 -16 -17 -31 0 
-3 -9 -12 -14 -18 -30 0 
-2 -3 -5 -12 -16 -18 -22 -30 0 
-2 -19 -25 0 
-9 -26 -29 -30 0 
-3 -6 -14 -20 -24 -26 0 
-2 -5 -9 -10 -14 -22 -28 0 
-2 -4 -13 -16 -20 -29 0 
-8 -9 -10 -14 -15 -16 -26 -29 0 
-8 -10 -14 -16 -24 -26 -27 -29 0 
-1 -3 -7 -9 -10 -14 -21 -28 -29 0 
-5 -10 -11 -15 -27 0 
-5 -6 -17 -27 0 
-8 -10 -12 -13 -15 -24 -26 0 
-1 -7 -15 -18 -19 -22 -24 -25 -26 -27 0 
-2 -5 -8 -9 -10 -11 -20 -21 -27 -29 0 
-2 -8 -10 -13 -14 -22 -31 0 
-2 -10 -15 -18 -19 -21 -31 0 
-1 -4 -5 -15 -21 -31 0 
-8 -11 -12 -21 -22 0 
-5 -8 -11 -21 -23 -31 0 
-1 -2 -3 -7 -9 -14 -15 -18 -21 -28 0 
-6 -16 -17 -18 -22 0 
-17 -21 -24 -27 -28 -31 0 
-6 -24 -25 -26 0 
-1 -4 -12 -23 -24 0 
-1 -6 -9 -28 0 
-1 -9 -11 -12 -17 -26 -29 0 
-7 -13 -14 -16 -22 -29 0 
-1 -16 -20 -24 0 
-1 -2 -3 -17 -20 -29 0 
-2 -4 -10 -19 -27 0 
-13 -16 -26 -30 0 
-6 -9 -11 -17 -23 0 
-4 -7 -11 -16 -21 -23 -26 -31 0 
-13 -16 -20 -21 0 
-2 -4 -12 -15 -19 -24 -27 -29 0 
-6 -10 -15 -18 -22 0 
-16 -25 -31 0 
-2 -4 -7 -8 -9 -18 0 
-2 -6 -11 -22 -31 0 
-7 -11 -15 -16 -27 -29 0 
-1 -3 -14 -18 -19 -20 -23 -25 -28 0 
-7 -13 -15 -25 -26 0 
-4 -5 -7 -11 -13 -15 -20 -21 -26 -30 0 
-1 -6 -16 -27 -31 0 
-2 -6 -7 -10 -19 -20 -23 -26 -28 0 
-2 -6 -9 -10 -12 -28 0 
-2 -5 -7 -9 -15 -23 -25 0 
-2 -4 -6 -8 -12 -20 -23 -26 -29 0 
-1 -6 -7 -8 -9 -12 -16 -18 -23 -26 -27 0 
-10 -17 -18 -28 0 
-8 -16 -20 -25 -26 -31 0 
-2 -8 -11 -13 -17 -21 -27 -31 0 
-4 -6 -13 -14 -15 -20 -24 -29 0 
-10 -13 -20 0 
-4 -5 -12 -17 -18 -21 -24 0 
-2 -4 -9 -14 -30 0 
-16 -17 -18 0 
-1 -11 -14 -15 -16 -19 -21 -26 -27 0 
-9 -12 -16 0 
-3 -6 -10 -11 -13 -16 -23 -31 0 
-10 -14 -20 -21 -22 -25 0 
-4 -6 -12 -16 -17 -27 0 
-2 -4 -6 -9 -13 -18 -22 -25 -27 -28 -29 0 
-3 -9 -13 -20 -22 -23 -25 -26 -29 -31 0 
-1 -4 -6 -11 -18 -27 -30 0 
-5 -15 -16 -26 -29 0 
-3 -6 -17 -22 0 
-2 -3 -4 -12 -15 -22 -25 -28 0 
-2 -6 -11 -17 -18 -21 0 
-10 -14 -18 -21 -25 -26 -27 -28 0 
-1 -12 -19 -27 -29 -30 0 
-1 -4 -11 -12 -14 -20 -24 -26 -29 0 
-5 -10 -12 -17 -18 -26 -27 0 
-12 -13 -15 -20 -22 -25 0 
-3 -5 -8 -17 -22 -30 0 
-3 -4 -7 -12 -20 -28 0 
-7 -19 -22 -24 -31 0 
-1 -2 -8 -12 -14 -16 -17 -27 -30 0 
-5 -22 -24 -26 0 
-2 -7 -9 -12 -24 -26 -29 0 
-6 -8 -17 -18 -22 -26 -27 0 
