p cnf 31 800
3 14 30 0 
9 10 17 22 28 29 30 0 
2 7 11 17 23 25 28 0 
5 7 9 15 28 31 0 
1 2 8 20 0 
12 20 22 25 26 28 29 0 
5 8 9 16 19 21 23 25 0 
1 7 8 24 29 30 0 
12 20 22 30 0 
5 9 11 21 29 0 
6 13 31 0 
10 15 21 24 0 
9 10 14 19 22 23 26 27 0 
6 9 18 23 25 29 31 0 
6 11 12 18 24 28 29 0 
2 12 15 28 0 
4 5 11 12 13 16 21 28 0 
6 11 15 17 21 22 28 29 0 
10 12 16 17 21 0 
1 5 8 11 12 17 22 29 0 
2 3 8 10 16 25 28 31 0 
1 3 8 16 18 28 29 31 0 
1 4 15 26 27 29 0 
8 9 11 12 22 25 30 0 
5 13 17 18 20 21 24 28 0 
2 14 20 21 29 31 0 
3 9 0 
2 3 4 13 0 
9 10 11 17 20 22 0 
4 8 13 14 20 24 0 
3 7 9 10 13 15 23 24 0 
1 3 8 9 12 28 29 30 0 
9 15 20 23 24 0 
3 5 15 27 31 0 
1 8 15 19 22 0 
1 3 8 17 19 23 0 
8 10 15 20 24 27 0 
1 4 5 12 15 19 28 29 0 
12 17 18 26 28 29 0 
1 6 9 16 22 0 
13 18 22 24 25 31 0 
15 20 21 31 0 
1 3 6 18 19 21 22 24 26 27 28 0 
1 6 7 18 21 31 0 
10 15 16 17 18 25 0 
1 8 10 15 17 25 31 0 
1 6 19 20 24 0 
3 4 16 18 20 27 0 
1 3 7 12 19 22 24 0 
6 8 10 14 21 22 23 27 31 0 
7 10 23 27 0 
6 7 9 10 11 14 16 20 26 0 
4 5 8 15 26 28 0 
3 6 8 15 17 18 21 22 26 27 30 0 
6 15 22 26 0 
1 2 7 11 14 25 0 
2 7 12 22 30 0 
3 4 5 7 10 17 20 23 0 
7 16 18 19 0 
1 18 19 28 0 
1 9 13 16 26 28 30 0 
1 6 11 12 13 15 23 29 30 0 
3 5 6 13 14 15 16 0 
5 9 16 19 22 23 0 
2 6 13 18 19 23 28 30 0 
9 23 30 0 
1 7 10 15 22 31 0 
1 2 16 25 30 0 
3 4 22 23 27 0 
6 14 25 26 28 0 
1 2 7 15 16 18 0 
2 19 21 27 0 
1 6 8 11 16 21 28 0 
6 11 12 15 21 22 0 
2 4 8 24 0 
5 7 9 16 19 23 25 30 31 0 
11 14 0 
1 5 14 17 23 31 0 
4 9 15 26 28 0 
1 2 9 13 14 23 25 29 0 
1 19 22 24 25 0 
2 8 10 15 18 25 26 30 0 
3 4 10 13 14 18 21 28 29 31 0 
6 15 22 25 0 
2 3 4 12 13 14 18 23 0 
10 15 16 27 0 
2 4 10 16 18 24 31 0 
3 22 29 0 
6 7 10 14 15 16 18 27 28 30 0 
2 3 6 7 8 9 10 16 21 23 24 28 29 0 
5 10 13 22 24 26 0 
2 6 19 24 28 0 
14 18 20 22 23 0 
4 10 14 23 0 
1 6 10 17 18 21 25 0 
2 5 11 18 29 31 0 
1 5 9 11 24 26 27 29 0 
1 9 16 25 27 30 0 
1 6 8 14 16 18 20 23 24 31 0 
6 11 22 23 27 30 31 0 
2 4 6 8 23 25 31 0 
2 7 8 11 16 21 23 0 
2 4 5 13 15 0 
1 11 14 19 0 
2 28 29 0 
15 16 18 23 31 0 
1 3 4 6 7 11 23 0 
5 8 19 27 28 0 
7 15 16 18 19 29 0 
3 26 28 0 
1 4 5 13 16 19 28 31 0 
15 16 23 0 
3 11 15 27 28 29 31 0 
8 16 0 
4 12 14 25 26 30 0 
1 5 12 21 30 0 
4 7 12 22 23 25 31 0 
4 10 12 16 17 21 23 28 0 
9 10 13 14 15 20 24 25 0 
12 13 15 19 23 0 
2 5 6 0 
8 9 15 27 31 0 
1 9 17 23 27 28 0 
7 10 12 21 24 25 0 
6 9 12 20 21 26 31 0 
3 5 8 14 16 20 0 
3 7 9 11 22 30 31 0 
10 11 15 16 23 28 0 
7 13 21 24 28 29 0 
7 14 22 25 28 0 
17 18 22 31 0 
8 11 19 22 24 27 28 29 30 0 
5 11 16 21 27 28 0 
9 11 21 0 
2 4 6 7 9 17 20 21 0 
2 5 14 20 23 28 0 
13 16 18 20 30 0 
16 19 20 28 31 0 
10 12 16 19 23 24 25 29 0 
6 11 14 15 18 25 0 
7 9 23 0 
5 6 7 16 18 23 24 30 31 0 
1 4 5 7 12 26 0 
1 5 6 13 14 17 18 25 0 
1 2 4 5 9 14 26 0 
2 7 11 14 15 31 0 
14 15 18 20 25 31 0 
3 9 11 16 18 20 25 0 
3 12 13 16 19 23 0 
3 8 12 19 25 28 30 0 
3 6 15 21 28 29 0 
5 16 19 23 30 0 
10 22 24 25 30 0 
5 6 7 20 23 26 27 30 31 0 
6 10 18 19 22 29 31 0 
1 2 11 13 15 25 26 28 29 30 0 
1 7 14 19 26 0 
2 7 11 15 0 
6 20 23 0 
4 5 14 15 16 26 27 28 0 
6 14 15 18 19 26 0 
2 18 26 28 31 0 
9 10 13 16 21 26 27 0 
1 2 6 13 19 21 29 0 
11 20 22 23 30 0 
15 18 19 22 25 26 0 
1 6 17 20 21 24 31 0 
6 8 20 21 25 30 0 
3 7 9 10 11 13 14 20 0 
5 6 7 10 18 27 0 
8 9 14 16 18 20 21 0 
3 4 5 6 14 16 0 
1 7 8 16 19 21 23 0 
11 14 20 22 24 0 
4 7 16 18 19 24 26 28 0 
2 7 14 20 26 0 
3 12 14 15 20 25 29 0 
14 20 0 
1 8 14 16 21 22 25 0 
9 13 23 25 28 30 0 
3 6 19 20 24 28 30 0 
13 24 28 30 0 
18 19 24 0 
1 3 4 11 18 27 31 0 
1 4 7 11 12 13 16 17 24 27 28 30 31 0 
3 4 0 
1 3 7 25 28 0 
1 7 8 16 23 24 27 0 
7 25 30 0 
4 8 12 13 22 30 31 0 
23 24 28 0 
2 18 20 26 27 0 
7 9 12 18 19 24 31 0 
6 8 11 12 17 21 0 
5 11 19 24 26 28 30 0 
4 9 10 12 13 23 26 30 0 
15 16 18 20 27 29 31 0 
4 12 15 23 25 0 
1 5 31 0 
9 16 19 20 21 24 0 
24 26 31 0 
2 10 12 28 0 
1 2 6 7 11 17 27 29 31 0 
2 4 10 13 16 20 31 0 
13 14 15 19 25 0 
7 10 11 15 27 30 0 
6 9 14 15 23 24 27 29 0 
1 6 23 24 29 0 
3 16 20 24 25 26 29 0 
5 6 12 15 17 18 20 25 26 27 31 0 
8 19 20 21 26 0 
8 9 11 14 15 26 0 
4 8 13 22 25 0 
12 13 19 22 26 0 
3 12 17 21 27 29 0 
9 10 14 17 18 0 
5 6 9 12 18 21 22 29 0 
2 4 5 9 20 23 24 25 0 
7 8 12 15 17 19 25 0 
2 7 12 13 21 29 31 0 
5 6 11 18 19 30 0 
2 4 5 6 11 12 14 20 22 30 0 
5 7 8 11 13 15 16 18 29 0 
11 18 20 22 0 
1 4 10 15 17 27 28 29 0 
1 5 6 8 12 21 22 23 25 28 0 
5 7 13 16 19 20 22 0 
6 12 21 24 25 31 0 
2 11 12 14 16 17 23 31 0 
5 6 13 16 21 31 0 
9 10 12 14 18 19 22 28 31 0 
5 11 14 15 18 19 24 0 
5 9 20 29 0 
1 2 5 9 13 31 0 
5 10 12 29 0 
2 4 8 13 17 22 31 0 
3 5 9 18 31 0 
10 16 19 27 29 0 
1 2 10 17 28 29 0 
4 8 17 19 26 28 0 
5 9 10 11 12 13 17 18 19 20 24 26 28 29 30 0 
1 9 13 15 17 0 
4 6 12 13 19 21 28 0 
2 10 11 14 18 19 28 0 
4 8 16 17 20 21 24 0 
5 8 10 11 19 20 21 25 30 0 
9 10 19 20 0 
3 5 10 15 23 31 0 
10 15 18 21 22 24 27 28 0 
2 4 9 18 22 23 29 0 
5 8 9 10 12 25 0 
4 9 11 17 24 30 31 0 
3 11 14 17 18 21 25 27 0 
1 3 8 16 22 23 26 30 31 0 
1 2 8 11 13 15 18 21 24 28 0 
5 6 9 18 21 30 0 
5 7 8 12 14 16 28 0 
11 18 27 30 31 0 
2 7 12 14 17 21 31 0 
5 7 10 19 23 25 0 
2 9 10 13 14 24 27 30 0 
3 5 7 12 21 30 31 0 
1 3 6 10 12 18 20 28 0 
2 3 7 30 0 
3 6 8 9 24 30 0 
3 8 12 13 14 26 0 
3 9 18 31 0 
4 6 12 18 19 21 0 
1 2 3 8 10 16 18 29 0 
4 9 23 27 29 0 
7 15 16 21 23 25 0 
1 8 21 28 0 
2 3 9 11 18 19 0 
1 14 20 0 
2 3 12 24 27 30 0 
3 4 11 12 15 16 18 0 
3 19 21 23 29 0 
1 2 4 5 6 7 17 19 23 26 0 
2 5 9 24 31 0 
2 3 8 15 20 29 0 
1 3 6 10 12 0 
4 18 25 29 31 0 
12 13 18 26 29 0 
3 5 7 12 22 28 0 
10 20 30 31 0 
1 10 11 24 27 0 
3 17 19 22 28 0 
4 7 9 11 12 15 21 29 0 
1 5 8 12 18 25 26 28 0 
1 6 9 20 24 26 27 28 0 
6 8 12 14 16 17 0 
1 6 22 26 29 0 
2 6 7 10 16 26 30 0 
4 7 11 15 18 24 25 28 29 30 0 
4 14 25 26 29 0 
3 5 20 21 27 0 
7 8 23 26 0 
3 6 7 12 18 29 30 0 
2 3 5 6 11 13 22 23 24 0 
3 4 5 15 16 22 23 27 28 0 
19 21 22 23 24 26 27 0 
1 3 10 11 20 21 29 0 
6 9 14 15 29 0 
17 18 21 26 0 
8 13 14 17 20 21 23 26 29 0 
6 7 10 11 15 30 0 
2 9 13 16 18 19 28 30 0 
5 7 9 15 17 18 26 0 
5 12 13 14 16 25 30 0 
3 8 15 17 20 26 0 
8 9 16 19 22 26 0 
3 7 10 14 22 23 0 
5 14 17 18 27 29 0 
1 2 6 8 11 19 31 0 
8 16 27 28 30 0 
7 10 12 16 20 0 
4 7 12 25 29 0 
2 5 6 12 21 23 24 25 30 0 
3 4 6 9 12 13 18 0 
2 7 22 23 26 0 
1 17 19 23 26 31 0 
1 7 22 29 0 
7 9 14 15 0 
4 7 12 16 21 31 0 
2 7 10 16 21 26 28 0 
2 3 4 8 13 14 17 0 
2 3 7 9 15 17 20 25 26 0 
9 13 28 29 30 31 0 
1 6 8 12 13 22 24 26 30 31 0 
2 12 14 16 17 18 22 25 27 0 
1 4 5 8 15 21 30 0 
3 6 9 11 16 20 21 26 29 31 0 
5 10 11 19 21 22 27 29 0 
1 6 7 9 12 22 25 26 0 
16 21 23 28 0 
5 6 15 17 0 
3 7 9 15 16 19 20 27 0 
1 13 15 16 21 28 30 0 
2 14 15 20 22 23 29 0 
1 11 16 0 
12 13 18 0 
2 4 6 22 0 
7 12 13 15 18 26 30 0 
6 17 18 20 29 0 
12 17 23 28 0 
4 5 11 12 13 14 18 24 28 29 31 0 
1 2 6 7 12 19 20 23 30 0 
3 5 27 30 0 
5 8 9 16 17 23 26 28 0 
20 30 0 
3 10 11 18 23 24 29 0 
1 4 6 17 20 23 26 0 
3 4 6 12 13 14 17 23 25 29 30 31 0 
2 7 12 19 20 26 0 
6 8 11 12 14 16 22 28 29 0 
6 9 10 16 17 19 22 23 27 29 0 
4 6 21 24 26 29 0 
1 5 8 9 13 19 20 21 28 0 
7 18 23 0 
3 4 6 8 24 0 
4 10 14 16 17 22 23 25 0 
3 11 13 14 25 0 
10 15 17 18 19 20 27 30 31 0 
1 4 13 29 0 
12 17 18 24 26 31 0 
5 23 26 28 0 
1 10 12 15 18 19 22 0 
1 6 9 16 29 30 0 
4 6 14 19 21 22 24 26 27 0 
1 2 7 9 16 21 24 28 30 0 
2 3 15 17 21 24 30 0 
2 5 6 9 10 12 15 16 19 20 24 26 27 0 
4 9 20 24 25 29 0 
8 11 13 15 16 23 29 0 
3 5 6 13 14 25 26 27 31 0 
8 11 16 22 30 0 
2 9 13 18 28 29 30 0 
4 13 14 15 21 22 25 31 0 
8 9 12 13 25 29 0 
6 8 23 24 25 26 0 
8 10 15 16 17 21 31 0 
9 10 19 20 27 30 31 0 
2 4 6 9 10 18 19 26 28 29 0 
6 9 17 0 
2 6 9 15 16 17 19 22 25 0 
3 8 9 26 27 0 
1 5 7 9 13 19 22 29 0 
4 11 15 19 22 26 0 
1 2 10 16 21 27 29 0 
6 7 11 15 23 0 
12 20 25 26 29 0 
3 4 6 10 13 20 23 0 
9 10 14 16 18 20 26 0 
4 6 9 13 16 21 25 0 
8 15 18 24 27 30 0 
10 13 14 18 20 21 25 30 0 
3 6 9 14 16 21 22 0 
3 6 16 19 22 25 0 
5 9 14 19 30 0 
2 6 10 15 0 
-3 -14 -30 0 
-9 -10 -17 -22 -28 -29 -30 0 
-2 -7 -11 -17 -23 -25 -28 0 
-5 -7 -9 -15 -28 -31 0 
-1 -2 -8 -20 0 
-12 -20 -22 -25 -26 -28 -29 0 
-5 -8 -9 -16 -19 -21 -23 -25 0 
-1 -7 -8 -24 -29 -30 0 
-12 -20 -22 -30 0 
-5 -9 -11 -21 -29 0 
-6 -13 -31 0 
-10 -15 -21 -24 0 
-9 -10 -14 -19 -22 -23 -26 -27 0 
-6 -9 -18 -23 -25 -29 -31 0 
-6 -11 -12 -18 -24 -28 -29 0 
-2 -12 -15 -28 0 
-4 -5 -11 -12 -13 -16 -21 -28 0 
-6 -11 -15 -17 -21 -22 -28 -29 0 
-10 -12 -16 -17 -21 0 
-1 -5 -8 -11 -12 -17 -22 -29 0 
-2 -3 -8 -10 -16 -25 -28 -31 0 
-1 -3 -8 -16 -18 -28 -29 -31 0 
-1 -4 -15 -26 -27 -29 0 
-8 -9 -11 -12 -22 -25 -30 0 
-5 -13 -17 -18 -20 -21 -24 -28 0 
-2 -14 -20 -21 -29 -31 0 
-3 -9 0 
-2 -3 -4 -13 0 
-9 -10 -11 -17 -20 -22 0 
-4 -8 -13 -14 -20 -24 0 
-3 -7 -9 -10 -13 -15 -23 -24 0 
-1 -3 -8 -9 -12 -28 -29 -30 0 
-9 -15 -20 -23 -24 0 
-3 -5 -15 -27 -31 0 
-1 -8 -15 -19 -22 0 
-1 -3 -8 -17 -19 -23 0 
-8 -10 -15 -20 -24 -27 0 
-1 -4 -5 -12 -15 -19 -28 -29 0 
-12 -17 -18 -26 -28 -29 0 
-1 -6 -9 -16 -22 0 
-13 -18 -22 -24 -25 -31 0 
-15 -20 -21 -31 0 
-1 -3 -6 -18 -19 -21 -22 -24 -26 -27 -28 0 
-1 -6 -7 -18 -21 -31 0 
-10 -15 -16 -17 -18 -25 0 
-1 -8 -10 -15 -17 -25 -31 0 
-1 -6 -19 -20 -24 0 
-3 -4 -16 -18 -20 -27 0 
-1 -3 -7 -12 -19 -22 -24 0 
-6 -8 -10 -14 -21 -22 -23 -27 -31 0 
-7 -10 -23 -27 0 
-6 -7 -9 -10 -11 -14 -16 -20 -26 0 
-4 -5 -8 -15 -26 -28 0 
-3 -6 -8 -15 -17 -18 -21 -22 -26 -27 -30 0 
-6 -15 -22 -26 0 
-1 -2 -7 -11 -14 -25 0 
-2 -7 -12 -22 -30 0 
-3 -4 -5 -7 -10 -17 -20 -23 0 
-7 -16 -18 -19 0 
-1 -18 -19 -28 0 
-1 -9 -13 -16 -26 -28 -30 0 
-1 -6 -11 -12 -13 -15 -23 -29 -30 0 
-3 -5 -6 -13 -14 -15 -16 0 
-5 -9 -16 -19 -22 -23 0 
-2 -6 -13 -18 -19 -23 -28 -30 0 
-9 -23 -30 0 
-1 -7 -10 -15 -22 -31 0 
-1 -2 -16 -25 -30 0 
-3 -4 -22 -23 -27 0 
-6 -14 -25 -26 -28 0 
-1 -2 -7 -15 -16 -18 0 
-2 -19 -21 -27 0 
-1 -6 -8 -11 -16 -21 -28 0 
-6 -11 -12 -15 -21 -22 0 
-2 -4 -8 -24 0 
-5 -7 -9 -16 -19 -23 -25 -30 -31 0 
-11 -14 0 
-1 -5 -14 -17 -23 -31 0 
-4 -9 -15 -26 -28 0 
-1 -2 -9 -13 -14 -23 -25 -29 0 
-1 -19 -22 -24 -25 0 
-2 -8 -10 -15 -18 -25 -26 -30 0 
-3 -4 -10 -13 -14 -18 -21 -28 -29 -31 0 
-6 -15 -22 -25 0 
-2 -3 -4 -12 -13 -14 -18 -23 0 
-10 -15 -16 -27 0 
-2 -4 -10 -16 -18 -24 -31 0 
-3 -22 -29 0 
-6 -7 -10 -14 -15 -16 -18 -27 -28 -30 0 
-2 -3 -6 -7 -8 -9 -10 -16 -21 -23 -24 -28 -29 0 
-5 -10 -13 -22 -24 -26 0 
-2 -6 -19 -24 -28 0 
-14 -18 -20 -22 -23 0 
-4 -10 -14 -23 0 
-1 -6 -10 -17 -18 -21 -25 0 
-2 -5 -11 -18 -29 -31 0 
-1 -5 -9 -11 -24 -26 -27 -29 0 
-1 -9 -16 -25 -27 -30 0 
-1 -6 -8 -14 -16 -18 -20 -23 -24 -31 0 
-6 -11 -22 -23 -27 -30 -31 0 
-2 -4 -6 -8 -23 -25 -31 0 
-2 -7 -8 -11 -16 -21 -23 0 
-2 -4 -5 -13 -15 0 
-1 -11 -14 -19 0 
-2 -28 -29 0 
-15 -16 -18 -23 -31 0 
-1 -3 -4 -6 -7 -11 -23 0 
-5 -8 -19 -27 -28 0 
-7 -15 -16 -18 -19 -29 0 
-3 -26 -28 0 
-1 -4 -5 -13 -16 -19 -28 -31 0 
-15 -16 -23 0 
-3 -11 -15 -27 -28 -29 -31 0 
-8 -16 0 
-4 -12 -14 -25 -26 -30 0 
-1 -5 -12 -21 -30 0 
-4 -7 -12 -22 -23 -25 -31 0 
-4 -10 -12 -16 -17 -21 -23 -28 0 
-9 -10 -13 -14 -15 -20 -24 -25 0 
-12 -13 -15 -19 -23 0 
-2 -5 -6 0 
-8 -9 -15 -27 -31 0 
-1 -9 -17 -23 -27 -28 0 
-7 -10 -12 -21 -24 -25 0 
-6 -9 -12 -20 -21 -26 -31 0 
-3 -5 -8 -14 -16 -20 0 
-3 -7 -9 -11 -22 -30 -31 0 
-10 -11 -15 -16 -23 -28 0 
-7 -13 -21 -24 -28 -29 0 
-7 -14 -22 -25 -28 0 
-17 -18 -22 -31 0 
-8 -11 -19 -22 -24 -27 -28 -29 -30 0 
-5 -11 -16 -21 -27 -28 0 
-9 -11 -21 0 
-2 -4 -6 -7 -9 -17 -20 -21 0 
-2 -5 -14 -20 -23 -28 0 
-13 -16 -18 -20 -30 0 
-16 -19 -20 -28 -31 0 
-10 -12 -16 -19 -23 -24 -25 -29 0 
-6 -11 -14 -15 -18 -25 0 
-7 -9 -23 0 
-5 -6 -7 -16 -18 -23 -24 -30 -31 0 
-1 -4 -5 -7 -12 -26 0 
-1 -5 -6 -13 -14 -17 -18 -25 0 
-1 -2 -4 -5 -9 -14 -26 0 
-2 -7 -11 -14 -15 -31 0 
-14 -15 -18 -20 -25 -31 0 
-3 -9 -11 -16 -18 -20 -25 0 
-3 -12 -13 -16 -19 -23 0 
-3 -8 -12 -19 -25 -28 -30 0 
-3 -6 -15 -21 -28 -29 0 
-5 -16 -19 -23 -30 0 
-10 -22 -24 -25 -30 0 
-5 -6 -7 -20 -23 -26 -27 -30 -31 0 
-6 -10 -18 -19 -22 -29 -31 0 
-1 -2 -11 -13 -15 -25 -26 -28 -29 -30 0 
-1 -7 -14 -19 -26 0 
-2 -7 -11 -15 0 
-6 -20 -23 0 
-4 -5 -14 -15 -16 -26 -27 -28 0 
-6 -14 -15 -18 -19 -26 0 
-2 -18 -26 -28 -31 0 
-9 -10 -13 -16 -21 -26 -27 0 
-1 -2 -6 -13 -19 -21 -29 0 
-11 -20 -22 -23 -30 0 
-15 -18 -19 -22 -25 -26 0 
-1 -6 -17 -20 -21 -24 -31 0 
-6 -8 -20 -21 -25 -30 0 
-3 -7 -9 -10 -11 -13 -14 -20 0 
-5 -6 -7 -10 -18 -27 0 
-8 -9 -14 -16 -18 -20 -21 0 
-3 -4 -5 -6 -14 -16 0 
-1 -7 -8 -16 -19 -21 -23 0 
-11 -14 -20 -22 -24 0 
-4 -7 -16 -18 -19 -24 -26 -28 0 
-2 -7 -14 -20 -26 0 
-3 -12 -14 -15 -20 -25 -29 0 
-14 -20 0 
-1 -8 -14 -16 -21 -22 -25 0 
-9 -13 -23 -25 -28 -30 0 
-3 -6 -19 -20 -24 -28 -30 0 
-13 -24 -28 -30 0 
-18 -19 -24 0 
-1 -3 -4 -11 -18 -27 -31 0 
-1 -4 -7 -11 -12 -13 -16 -17 -24 -27 -28 -30 -31 0 
-3 -4 0 
-1 -3 -7 -25 -28 0 
-1 -7 -8 -16 -23 -24 -27 0 
-7 -25 -30 0 
-4 -8 -12 -13 -22 -30 -31 0 
-23 -24 -28 0 
-2 -18 -20 -26 -27 0 
-7 -9 -12 -18 -19 -24 -31 0 
-6 -8 -11 -12 -17 -21 0 
-5 -11 -19 -24 -26 -28 -30 0 
-4 -9 -10 -12 -13 -23 -26 -30 0 
-15 -16 -18 -20 -27 -29 -31 0 
-4 -12 -15 -23 -25 0 
-1 -5 -31 0 
-9 -16 -19 -20 -21 -24 0 
-24 -26 -31 0 
-2 -10 -12 -28 0 
-1 -2 -6 -7 -11 -17 -27 -29 -31 0 
-2 -4 -10 -13 -16 -20 -31 0 
-13 -14 -15 -19 -25 0 
-7 -10 -11 -15 -27 -30 0 
-6 -9 -14 -15 -23 -24 -27 -29 0 
-1 -6 -23 -24 -29 0 
-3 -16 -20 -24 -25 -26 -29 0 
-5 -6 -12 -15 -17 -18 -20 -25 -26 -27 -31 0 
-8 -19 -20 -21 -26 0 
-8 -9 -11 -14 -15 -26 0 
-4 -8 -13 -22 -25 0 
-12 -13 -19 -22 -26 0 
-3 -12 -17 -21 -27 -29 0 
-9 -10 -14 -17 -18 0 
-5 -6 -9 -12 -18 -21 -22 -29 0 
-2 -4 -5 -9 -20 -23 -24 -25 0 
-7 -8 -12 -15 -17 -19 -25 0 
-2 -7 -12 -13 -21 -29 -31 0 
-5 -6 -11 -18 -19 -30 0 
-2 -4 -5 -6 -11 -12 -14 -20 -22 -30 0 
-5 -7 -8 -11 -13 -15 -16 -18 -29 0 
-11 -18 -20 -22 0 
-1 -4 -10 -15 -17 -27 -28 -29 0 
-1 -5 -6 -8 -12 -21 -22 -23 -25 -28 0 
-5 -7 -13 -16 -19 -20 -22 0 
-6 -12 -21 -24 -25 -31 0 
-2 -11 -12 -14 -16 -17 -23 -31 0 
-5 -6 -13 -16 -21 -31 0 
-9 -10 -12 -14 -18 -19 -22 -28 -31 0 
-5 -11 -14 -15 -18 -19 -24 0 
-5 -9 -20 -29 0 
-1 -2 -5 -9 -13 -31 0 
-5 -10 -12 -29 0 
-2 -4 -8 -13 -17 -22 -31 0 
-3 -5 -9 -18 -31 0 
-10 -16 -19 -27 -29 0 
-1 -2 -10 -17 -28 -29 0 
-4 -8 -17 -19 -26 -28 0 
-5 -9 -10 -11 -12 -13 -17 -18 -19 -20 -24 -26 -28 -29 -30 0 
-1 -9 -13 -15 -17 0 
-4 -6 -12 -13 -19 -21 -28 0 
-2 -10 -11 -14 -18 -19 -28 0 
-4 -8 -16 -17 -20 -21 -24 0 
-5 -8 -10 -11 -19 -20 -21 -25 -30 0 
-9 -10 -19 -20 0 
-3 -5 -10 -15 -23 -31 0 
-10 -15 -18 -21 -22 -24 -27 -28 0 
-2 -4 -9 -18 -22 -23 -29 0 
-5 -8 -9 -10 -12 -25 0 
-4 -9 -11 -17 -24 -30 -31 0 
-3 -11 -14 -17 -18 -21 -25 -27 0 
-1 -3 -8 -16 -22 -23 -26 -30 -31 0 
-1 -2 -8 -11 -13 -15 -18 -21 -24 -28 0 
-5 -6 -9 -18 -21 -30 0 
-5 -7 -8 -12 -14 -16 -28 0 
-11 -18 -27 -30 -31 0 
-2 -7 -12 -14 -17 -21 -31 0 
-5 -7 -10 -19 -23 -25 0 
-2 -9 -10 -13 -14 -24 -27 -30 0 
-3 -5 -7 -12 -21 -30 -31 0 
-1 -3 -6 -10 -12 -18 -20 -28 0 
-2 -3 -7 -30 0 
-3 -6 -8 -9 -24 -30 0 
-3 -8 -12 -13 -14 -26 0 
-3 -9 -18 -31 0 
-4 -6 -12 -18 -19 -21 0 
-1 -2 -3 -8 -10 -16 -18 -29 0 
-4 -9 -23 -27 -29 0 
-7 -15 -16 -21 -23 -25 0 
-1 -8 -21 -28 0 
-2 -3 -9 -11 -18 -19 0 
-1 -14 -20 0 
-2 -3 -12 -24 -27 -30 0 
-3 -4 -11 -12 -15 -16 -18 0 
-3 -19 -21 -23 -29 0 
-1 -2 -4 -5 -6 -7 -17 -19 -23 -26 0 
-2 -5 -9 -24 -31 0 
-2 -3 -8 -15 -20 -29 0 
-1 -3 -6 -10 -12 0 
-4 -18 -25 -29 -31 0 
-12 -13 -18 -26 -29 0 
-3 -5 -7 -12 -22 -28 0 
-10 -20 -30 -31 0 
-1 -10 -11 -24 -27 0 
-3 -17 -19 -22 -28 0 
-4 -7 -9 -11 -12 -15 -21 -29 0 
-1 -5 -8 -12 -18 -25 -26 -28 0 
-1 -6 -9 -20 -24 -26 -27 -28 0 
-6 -8 -12 -14 -16 -17 0 
-1 -6 -22 -26 -29 0 
-2 -6 -7 -10 -16 -26 -30 0 
-4 -7 -11 -15 -18 -24 -25 -28 -29 -30 0 
-4 -14 -25 -26 -29 0 
-3 -5 -20 -21 -27 0 
-7 -8 -23 -26 0 
-3 -6 -7 -12 -18 -29 -30 0 
-2 -3 -5 -6 -11 -13 -22 -23 -24 0 
-3 -4 -5 -15 -16 -22 -23 -27 -28 0 
-19 -21 -22 -23 -24 -26 -27 0 
-1 -3 -10 -11 -20 -21 -29 0 
-6 -9 -14 -15 -29 0 
-17 -18 -21 -26 0 
-8 -13 -14 -17 -20 -21 -23 -26 -29 0 
-6 -7 -10 -11 -15 -30 0 
-2 -9 -13 -16 -18 -19 -28 -30 0 
-5 -7 -9 -15 -17 -18 -26 0 
-5 -12 -13 -14 -16 -25 -30 0 
-3 -8 -15 -17 -20 -26 0 
-8 -9 -16 -19 -22 -26 0 
-3 -7 -10 -14 -22 -23 0 
-5 -14 -17 -18 -27 -29 0 
-1 -2 -6 -8 -11 -19 -31 0 
-8 -16 -27 -28 -30 0 
-7 -10 -12 -16 -20 0 
-4 -7 -12 -25 -29 0 
-2 -5 -6 -12 -21 -23 -24 -25 -30 0 
-3 -4 -6 -9 -12 -13 -18 0 
-2 -7 -22 -23 -26 0 
-1 -17 -19 -23 -26 -31 0 
-1 -7 -22 -29 0 
-7 -9 -14 -15 0 
-4 -7 -12 -16 -21 -31 0 
-2 -7 -10 -16 -21 -26 -28 0 
-2 -3 -4 -8 -13 -14 -17 0 
-2 -3 -7 -9 -15 -17 -20 -25 -26 0 
-9 -13 -28 -29 -30 -31 0 
-1 -6 -8 -12 -13 -22 -24 -26 -30 -31 0 
-2 -12 -14 -16 -17 -18 -22 -25 -27 0 
-1 -4 -5 -8 -15 -21 -30 0 
-3 -6 -9 -11 -16 -20 -21 -26 -29 -31 0 
-5 -10 -11 -19 -21 -22 -27 -29 0 
-1 -6 -7 -9 -12 -22 -25 -26 0 
-16 -21 -23 -28 0 
-5 -6 -15 -17 0 
-3 -7 -9 -15 -16 -19 -20 -27 0 
-1 -13 -15 -16 -21 -28 -30 0 
-2 -14 -15 -20 -22 -23 -29 0 
-1 -11 -16 0 
-12 -13 -18 0 
-2 -4 -6 -22 0 
-7 -12 -13 -15 -18 -26 -30 0 
-6 -17 -18 -20 -29 0 
-12 -17 -23 -28 0 
-4 -5 -11 -12 -13 -14 -18 -24 -28 -29 -31 0 
-1 -2 -6 -7 -12 -19 -20 -23 -30 0 
-3 -5 -27 -30 0 
-5 -8 -9 -16 -17 -23 -26 -28 0 
-20 -30 0 
-3 -10 -11 -18 -23 -24 -29 0 
-1 -4 -6 -17 -20 -23 -26 0 
-3 -4 -6 -12 -13 -14 -17 -23 -25 -29 -30 -31 0 
-2 -7 -12 -19 -20 -26 0 
-6 -8 -11 -12 -14 -16 -22 -28 -29 0 
-6 -9 -10 -16 -17 -19 -22 -23 -27 -29 0 
-4 -6 -21 -24 -26 -29 0 
-1 -5 -8 -9 -13 -19 -20 -21 -28 0 
-7 -18 -23 0 
-3 -4 -6 -8 -24 0 
-4 -10 -14 -16 -17 -22 -23 -25 0 
-3 -11 -13 -14 -25 0 
-10 -15 -17 -18 -19 -20 -27 -30 -31 0 
-1 -4 -13 -29 0 
-12 -17 -18 -24 -26 -31 0 
-5 -23 -26 -28 0 
-1 -10 -12 -15 -18 -19 -22 0 
-1 -6 -9 -16 -29 -30 0 
-4 -6 -14 -19 -21 -22 -24 -26 -27 0 
-1 -2 -7 -9 -16 -21 -24 -28 -30 0 
-2 -3 -15 -17 -21 -24 -30 0 
-2 -5 -6 -9 -10 -12 -15 -16 -19 -20 -24 -26 -27 0 
-4 -9 -20 -24 -25 -29 0 
-8 -11 -13 -15 -16 -23 -29 0 
-3 -5 -6 -13 -14 -25 -26 -27 -31 0 
-8 -11 -16 -22 -30 0 
-2 -9 -13 -18 -28 -29 -30 0 
-4 -13 -14 -15 -21 -22 -25 -31 0 
-8 -9 -12 -13 -25 -29 0 
-6 -8 -23 -24 -25 -26 0 
-8 -10 -15 -16 -17 -21 -31 0 
-9 -10 -19 -20 -27 -30 -31 0 
-2 -4 -6 -9 -10 -18 -19 -26 -28 -29 0 
-6 -9 -17 0 
-2 -6 -9 -15 -16 -17 -19 -22 -25 0 
-3 -8 -9 -26 -27 0 
-1 -5 -7 -9 -13 -19 -22 -29 0 
-4 -11 -15 -19 -22 -26 0 
-1 -2 -10 -16 -21 -27 -29 0 
-6 -7 -11 -15 -23 0 
-12 -20 -25 -26 -29 0 
-3 -4 -6 -10 -13 -20 -23 0 
-9 -10 -14 -16 -18 -20 -26 0 
-4 -6 -9 -13 -16 -21 -25 0 
-8 -15 -18 -24 -27 -30 0 
-10 -13 -14 -18 -20 -21 -25 -30 0 
-3 -6 -9 -14 -16 -21 -22 0 
-3 -6 -16 -19 -22 -25 0 
-5 -9 -14 -19 -30 0 
-2 -6 -10 -15 0 
