p cnf 31 800
3 8 14 27 31 0 
8 15 22 23 28 0 
5 7 15 27 29 0 
6 9 13 29 0 
8 10 15 20 0 
1 19 20 24 25 0 
12 15 23 30 0 
4 9 12 14 19 20 30 0 
4 15 18 19 22 27 0 
4 7 9 11 15 19 27 0 
6 19 23 28 29 0 
15 23 27 0 
4 5 15 24 29 0 
7 8 18 20 22 25 27 28 0 
10 15 21 22 29 0 
10 12 15 21 23 27 31 0 
1 7 9 21 23 28 29 30 0 
6 7 9 17 26 27 30 0 
10 22 28 0 
3 5 9 13 24 26 0 
8 10 14 15 22 23 0 
1 3 5 12 17 20 29 0 
10 13 16 23 29 0 
1 4 7 10 13 15 17 19 24 26 31 0 
2 9 10 11 15 22 30 0 
1 9 18 20 23 25 27 28 0 
8 21 23 25 0 
4 19 23 25 28 0 
1 8 18 21 22 24 27 0 
5 7 16 20 22 25 30 0 
8 14 15 19 20 22 24 28 0 
4 5 9 10 14 15 18 22 23 27 29 0 
5 7 15 19 20 23 25 0 
1 4 5 10 29 31 0 
1 2 6 10 16 18 28 0 
5 6 7 9 30 0 
1 11 13 22 24 0 
1 6 17 19 22 24 26 0 
2 5 13 18 19 24 27 28 0 
1 4 5 7 9 12 17 0 
5 7 11 12 26 27 0 
10 25 27 31 0 
3 9 16 18 19 25 26 30 0 
3 4 6 12 13 19 22 0 
9 11 13 19 22 0 
1 2 8 15 22 28 0 
8 10 22 26 28 0 
1 2 4 6 23 25 28 31 0 
3 9 17 31 0 
2 3 18 0 
3 9 10 11 19 27 28 30 0 
7 21 22 24 28 0 
11 13 14 19 27 29 30 0 
2 4 10 12 13 30 0 
12 26 0 
3 4 9 17 20 30 0 
6 13 21 24 0 
2 15 22 25 26 0 
5 9 11 19 0 
8 10 13 17 24 25 30 0 
6 10 12 15 25 0 
10 11 12 23 26 27 28 31 0 
11 13 21 0 
3 6 8 14 19 0 
1 9 12 14 25 28 0 
5 8 13 14 15 19 22 27 30 0 
4 5 13 15 0 
1 10 12 17 24 27 31 0 
3 4 5 13 19 23 0 
4 5 6 0 
1 5 9 24 27 30 0 
2 7 9 15 29 0 
8 9 17 19 20 24 31 0 
1 4 10 23 24 29 0 
8 12 13 20 31 0 
17 21 22 28 30 0 
7 9 19 24 25 26 0 
1 4 10 17 21 0 
7 9 12 13 16 19 24 25 26 27 0 
3 17 18 19 26 28 0 
1 4 10 17 24 0 
7 12 13 14 18 22 26 0 
1 3 7 14 16 28 30 0 
1 5 6 11 19 23 26 28 0 
1 5 11 14 18 22 24 29 0 
14 22 23 24 29 31 0 
4 5 18 21 24 26 30 0 
8 11 14 17 24 29 0 
10 14 20 23 29 0 
4 15 16 17 20 0 
2 8 21 24 29 0 
10 15 21 23 26 29 0 
7 9 11 12 15 23 26 28 31 0 
15 18 23 28 29 0 
1 5 11 13 0 
3 9 15 17 19 20 26 0 
14 15 19 24 28 30 0 
2 6 9 10 21 26 30 0 
12 15 17 18 21 0 
2 4 10 11 13 15 22 23 25 0 
3 11 13 16 23 30 0 
4 5 7 17 19 20 28 29 30 0 
3 6 9 17 27 29 0 
7 9 11 13 18 22 24 25 28 0 
11 14 16 22 29 0 
6 10 24 27 28 29 30 0 
8 21 23 0 
13 15 18 26 27 0 
7 13 14 29 0 
2 3 9 12 15 23 0 
2 3 15 18 19 24 27 0 
7 8 11 15 0 
1 2 4 9 14 16 17 20 22 27 28 0 
3 6 8 9 12 20 24 27 28 0 
5 7 10 13 20 23 25 26 0 
8 9 15 29 0 
1 6 11 18 25 27 0 
1 10 17 21 22 27 30 0 
2 5 11 17 23 29 31 0 
10 11 18 26 28 30 0 
5 8 9 0 
14 18 22 26 31 0 
1 2 4 5 7 11 19 23 26 30 0 
2 9 11 22 25 26 0 
1 8 10 13 16 18 27 30 0 
9 25 26 29 0 
8 17 27 28 31 0 
1 4 7 9 12 13 28 30 0 
4 8 13 14 23 28 30 0 
7 8 11 21 25 0 
4 6 11 15 24 29 31 0 
13 14 15 16 20 24 31 0 
9 10 11 15 24 27 0 
9 14 21 0 
10 17 22 27 29 0 
3 5 7 8 19 21 23 30 0 
1 7 8 22 24 31 0 
6 26 27 31 0 
1 3 9 11 12 19 21 25 0 
1 8 11 12 14 16 20 24 0 
9 11 14 15 29 0 
4 7 8 9 21 24 29 0 
11 12 17 19 21 25 0 
2 3 8 13 15 16 31 0 
3 4 10 15 16 18 19 21 23 24 0 
3 6 7 8 29 0 
5 10 11 15 17 19 26 28 0 
5 16 17 18 23 0 
1 5 8 12 13 17 19 22 26 27 28 29 30 0 
10 16 21 22 26 31 0 
3 18 22 29 30 31 0 
4 10 17 21 25 0 
7 8 15 26 27 31 0 
6 10 11 17 19 0 
2 4 5 6 9 16 17 24 29 0 
9 12 17 20 24 26 27 30 31 0 
8 9 11 13 22 30 0 
5 9 10 16 21 22 26 28 29 0 
1 4 8 10 13 28 31 0 
5 7 10 20 22 25 27 28 0 
6 7 15 27 29 30 0 
1 4 7 9 12 14 16 23 26 0 
4 5 14 15 0 
1 4 7 17 26 0 
1 20 30 0 
1 3 7 11 12 16 18 23 28 0 
1 17 23 28 30 0 
1 14 19 23 26 0 
1 8 20 24 26 0 
9 11 12 16 0 
2 3 4 6 10 11 17 20 21 22 28 0 
1 7 8 12 25 26 0 
3 4 26 28 0 
4 7 16 19 22 23 24 25 29 31 0 
10 11 18 19 28 0 
7 8 11 17 18 19 31 0 
4 7 11 19 22 24 0 
3 7 12 16 17 18 21 0 
3 10 11 13 14 18 30 0 
6 9 10 13 14 18 27 28 30 0 
3 8 10 14 17 20 22 23 27 0 
1 4 12 14 17 24 25 0 
3 6 7 17 21 23 24 29 30 0 
1 2 11 19 22 27 28 29 0 
1 6 7 15 17 0 
1 5 8 12 14 18 26 0 
2 7 9 10 11 15 0 
14 15 20 0 
11 12 13 15 0 
7 13 20 22 23 0 
20 24 27 28 31 0 
1 8 12 16 17 22 28 30 0 
3 12 20 21 27 29 0 
1 11 22 27 0 
6 16 18 0 
2 6 9 19 23 0 
7 10 11 13 16 18 20 24 31 0 
1 3 7 12 14 21 29 0 
4 6 13 16 18 20 22 24 26 0 
9 12 17 22 29 31 0 
8 11 12 17 18 29 0 
7 12 18 20 0 
2 3 4 7 9 16 26 27 0 
6 7 17 21 25 29 0 
7 8 12 16 17 19 29 30 0 
1 6 16 18 23 26 30 31 0 
12 19 20 28 31 0 
6 10 13 19 22 26 0 
9 12 14 22 23 0 
4 6 11 15 20 27 0 
7 14 17 18 22 28 31 0 
9 10 25 31 0 
6 7 10 19 21 25 0 
1 2 4 8 14 0 
5 6 8 9 11 22 29 0 
4 5 7 11 14 15 26 30 0 
1 7 25 27 30 0 
1 5 9 10 14 17 22 23 27 31 0 
1 7 10 11 28 29 0 
9 13 20 0 
11 14 29 0 
3 7 12 13 14 23 25 26 29 0 
1 16 18 19 30 31 0 
5 13 18 20 21 0 
1 2 6 22 26 28 0 
6 7 9 18 19 21 28 30 31 0 
7 10 12 18 30 0 
6 16 21 25 0 
2 4 6 8 13 18 24 0 
3 11 13 15 16 19 26 27 0 
1 4 16 25 0 
3 7 11 15 16 18 26 0 
2 5 6 9 12 16 28 31 0 
2 3 6 10 14 15 17 18 26 29 31 0 
1 6 10 25 0 
4 5 6 9 12 16 22 24 27 0 
10 15 17 18 21 22 23 24 30 0 
2 3 6 8 11 16 20 22 25 0 
3 9 11 14 21 0 
2 6 18 24 25 28 30 0 
10 15 16 0 
1 4 21 25 28 0 
4 5 6 13 27 0 
4 8 10 11 16 18 23 25 27 0 
8 9 16 17 0 
1 3 5 24 27 0 
3 10 14 18 19 21 0 
10 18 31 0 
7 10 13 18 20 26 31 0 
3 5 13 14 29 0 
4 7 8 30 0 
9 14 15 18 19 24 26 27 0 
2 8 14 25 28 0 
7 9 10 14 15 20 25 26 27 0 
20 22 24 27 29 0 
2 5 9 14 28 0 
5 7 9 24 25 27 29 0 
13 20 29 0 
9 12 14 15 20 21 28 0 
2 4 5 11 14 29 0 
6 7 11 12 17 20 23 0 
6 7 11 18 23 25 31 0 
14 31 0 
7 8 10 17 18 22 0 
10 20 23 25 26 31 0 
3 11 25 26 0 
1 9 17 20 21 25 27 0 
1 3 4 22 27 29 0 
4 11 16 19 29 31 0 
3 7 13 21 24 26 27 31 0 
7 11 12 13 17 18 27 29 0 
3 9 12 17 23 27 29 31 0 
3 10 23 26 28 29 0 
1 5 17 29 0 
4 8 10 21 31 0 
5 7 12 19 25 0 
1 4 5 16 18 21 22 24 27 0 
10 16 20 26 31 0 
2 4 12 22 26 30 0 
3 5 12 17 20 31 0 
4 5 12 17 21 26 0 
1 5 10 16 17 27 28 31 0 
2 7 11 21 28 29 0 
2 20 29 30 0 
3 9 15 16 20 23 25 28 30 0 
2 9 11 21 22 23 24 26 31 0 
6 15 18 19 23 0 
8 10 12 19 23 25 0 
8 18 20 25 29 0 
11 21 22 25 30 31 0 
8 13 20 22 23 27 0 
11 25 27 0 
2 9 15 17 18 31 0 
5 8 9 15 16 20 0 
8 9 13 14 20 24 26 0 
2 10 15 18 31 0 
3 11 12 13 22 30 0 
2 4 5 7 12 15 22 29 0 
2 6 9 12 16 27 0 
2 3 9 23 25 27 31 0 
5 9 16 17 18 19 23 24 28 0 
9 13 16 18 21 28 29 31 0 
1 5 12 14 17 20 21 31 0 
8 10 13 26 29 0 
11 18 20 22 24 27 28 0 
6 13 15 17 19 21 22 23 0 
3 6 11 23 26 31 0 
3 8 11 18 20 21 22 27 0 
14 15 25 31 0 
2 4 12 14 23 27 29 0 
1 5 17 30 0 
7 9 12 24 0 
4 5 19 25 30 0 
4 8 12 14 18 20 22 24 0 
3 4 13 16 20 23 25 31 0 
3 16 17 20 25 29 30 0 
8 10 11 21 27 28 31 0 
1 5 13 26 27 0 
3 9 10 15 25 28 0 
3 7 16 18 26 29 0 
13 16 17 22 23 24 27 30 0 
5 9 12 20 21 22 26 27 28 29 0 
1 2 5 7 15 16 18 21 24 26 28 0 
2 3 5 9 10 16 19 23 25 26 30 0 
2 6 9 13 15 21 23 26 29 0 
10 15 19 20 25 0 
1 2 3 10 12 19 23 0 
3 7 8 14 18 22 30 0 
1 5 6 7 9 16 22 0 
5 17 25 27 28 0 
5 19 20 21 23 27 30 0 
4 14 17 22 23 0 
1 2 12 15 21 0 
3 7 11 12 25 27 28 0 
1 3 17 19 0 
6 7 9 19 22 25 29 30 31 0 
1 7 10 13 27 0 
2 3 13 16 21 25 0 
13 16 20 29 0 
1 6 11 17 22 0 
2 6 10 12 20 22 26 27 29 0 
3 4 14 26 27 31 0 
3 8 9 14 17 20 26 0 
1 4 5 6 7 22 29 30 0 
1 5 8 20 24 31 0 
8 9 15 20 21 26 0 
3 12 17 18 19 27 0 
5 8 25 27 28 0 
3 6 9 13 18 19 29 0 
5 16 27 29 0 
2 4 7 10 18 21 24 28 30 31 0 
1 7 9 11 13 16 23 29 0 
7 12 25 28 0 
8 10 12 13 17 20 26 0 
3 10 14 17 29 31 0 
1 3 7 10 17 18 25 0 
1 4 8 13 16 21 0 
8 9 20 22 0 
9 11 15 29 0 
2 10 11 13 27 28 30 0 
1 13 16 21 22 26 27 0 
5 7 11 14 24 26 30 0 
7 14 18 20 22 23 25 0 
1 2 3 9 21 22 31 0 
9 11 13 19 23 25 26 30 0 
2 4 7 8 10 22 29 0 
2 3 11 12 13 16 0 
2 4 6 8 9 12 16 22 27 30 0 
13 14 16 21 22 24 28 0 
11 13 15 17 21 22 0 
1 10 15 16 21 27 28 30 31 0 
4 5 7 8 19 20 0 
5 12 17 18 19 21 24 26 28 31 0 
3 15 24 26 0 
1 2 6 18 19 24 30 0 
4 9 15 17 23 29 0 
1 2 15 21 27 28 30 0 
1 2 12 14 26 0 
10 11 13 18 20 28 30 0 
2 11 13 15 23 24 29 0 
11 14 19 21 26 0 
4 10 19 22 31 0 
13 18 20 21 22 25 27 0 
4 7 10 20 22 28 0 
1 8 18 19 26 27 31 0 
7 8 16 22 27 29 30 0 
4 7 9 10 16 23 0 
1 2 14 15 18 24 26 27 30 0 
2 6 12 13 18 23 26 30 0 
2 6 11 19 25 0 
7 12 22 24 31 0 
2 6 17 23 27 0 
2 3 10 23 0 
4 6 11 22 25 31 0 
3 12 13 15 22 30 31 0 
6 8 19 21 23 28 30 0 
7 8 10 18 27 0 
3 8 13 17 23 30 0 
2 4 7 10 13 15 18 20 21 24 30 0 
5 9 10 25 30 0 
-3 -8 -14 -27 -31 0 
-8 -15 -22 -23 -28 0 
-5 -7 -15 -27 -29 0 
-6 -9 -13 -29 0 
-8 -10 -15 -20 0 
-1 -19 -20 -24 -25 0 
-12 -15 -23 -30 0 
-4 -9 -12 -14 -19 -20 -30 0 
-4 -15 -18 -19 -22 -27 0 
-4 -7 -9 -11 -15 -19 -27 0 
-6 -19 -23 -28 -29 0 
-15 -23 -27 0 
-4 -5 -15 -24 -29 0 
-7 -8 -18 -20 -22 -25 -27 -28 0 
-10 -15 -21 -22 -29 0 
-10 -12 -15 -21 -23 -27 -31 0 
-1 -7 -9 -21 -23 -28 -29 -30 0 
-6 -7 -9 -17 -26 -27 -30 0 
-10 -22 -28 0 
-3 -5 -9 -13 -24 -26 0 
-8 -10 -14 -15 -22 -23 0 
-1 -3 -5 -12 -17 -20 -29 0 
-10 -13 -16 -23 -29 0 
-1 -4 -7 -10 -13 -15 -17 -19 -24 -26 -31 0 
-2 -9 -10 -11 -15 -22 -30 0 
-1 -9 -18 -20 -23 -25 -27 -28 0 
-8 -21 -23 -25 0 
-4 -19 -23 -25 -28 0 
-1 -8 -18 -21 -22 -24 -27 0 
-5 -7 -16 -20 -22 -25 -30 0 
-8 -14 -15 -19 -20 -22 -24 -28 0 
-4 -5 -9 -10 -14 -15 -18 -22 -23 -27 -29 0 
-5 -7 -15 -19 -20 -23 -25 0 
-1 -4 -5 -10 -29 -31 0 
-1 -2 -6 -10 -16 -18 -28 0 
-5 -6 -7 -9 -30 0 
-1 -11 -13 -22 -24 0 
-1 -6 -17 -19 -22 -24 -26 0 
-2 -5 -13 -18 -19 -24 -27 -28 0 
-1 -4 -5 -7 -9 -12 -17 0 
-5 -7 -11 -12 -26 -27 0 
-10 -25 -27 -31 0 
-3 -9 -16 -18 -19 -25 -26 -30 0 
-3 -4 -6 -12 -13 -19 -22 0 
-9 -11 -13 -19 -22 0 
-1 -2 -8 -15 -22 -28 0 
-8 -10 -22 -26 -28 0 
-1 -2 -4 -6 -23 -25 -28 -31 0 
-3 -9 -17 -31 0 
-2 -3 -18 0 
-3 -9 -10 -11 -19 -27 -28 -30 0 
-7 -21 -22 -24 -28 0 
-11 -13 -14 -19 -27 -29 -30 0 
-2 -4 -10 -12 -13 -30 0 
-12 -26 0 
-3 -4 -9 -17 -20 -30 0 
-6 -13 -21 -24 0 
-2 -15 -22 -25 -26 0 
-5 -9 -11 -19 0 
-8 -10 -13 -17 -24 -25 -30 0 
-6 -10 -12 -15 -25 0 
-10 -11 -12 -23 -26 -27 -28 -31 0 
-11 -13 -21 0 
-3 -6 -8 -14 -19 0 
-1 -9 -12 -14 -25 -28 0 
-5 -8 -13 -14 -15 -19 -22 -27 -30 0 
-4 -5 -13 -15 0 
-1 -10 -12 -17 -24 -27 -31 0 
-3 -4 -5 -13 -19 -23 0 
-4 -5 -6 0 
-1 -5 -9 -24 -27 -30 0 
-2 -7 -9 -15 -29 0 
-8 -9 -17 -19 -20 -24 -31 0 
-1 -4 -10 -23 -24 -29 0 
-8 -12 -13 -20 -31 0 
-17 -21 -22 -28 -30 0 
-7 -9 -19 -24 -25 -26 0 
-1 -4 -10 -17 -21 0 
-7 -9 -12 -13 -16 -19 -24 -25 -26 -27 0 
-3 -17 -18 -19 -26 -28 0 
-1 -4 -10 -17 -24 0 
-7 -12 -13 -14 -18 -22 -26 0 
-1 -3 -7 -14 -16 -28 -30 0 
-1 -5 -6 -11 -19 -23 -26 -28 0 
-1 -5 -11 -14 -18 -22 -24 -29 0 
-14 -22 -23 -24 -29 -31 0 
-4 -5 -18 -21 -24 -26 -30 0 
-8 -11 -14 -17 -24 -29 0 
-10 -14 -20 -23 -29 0 
-4 -15 -16 -17 -20 0 
-2 -8 -21 -24 -29 0 
-10 -15 -21 -23 -26 -29 0 
-7 -9 -11 -12 -15 -23 -26 -28 -31 0 
-15 -18 -23 -28 -29 0 
-1 -5 -11 -13 0 
-3 -9 -15 -17 -19 -20 -26 0 
-14 -15 -19 -24 -28 -30 0 
-2 -6 -9 -10 -21 -26 -30 0 
-12 -15 -17 -18 -21 0 
-2 -4 -10 -11 -13 -15 -22 -23 -25 0 
-3 -11 -13 -16 -23 -30 0 
-4 -5 -7 -17 -19 -20 -28 -29 -30 0 
-3 -6 -9 -17 -27 -29 0 
-7 -9 -11 -13 -18 -22 -24 -25 -28 0 
-11 -14 -16 -22 -29 0 
-6 -10 -24 -27 -28 -29 -30 0 
-8 -21 -23 0 
-13 -15 -18 -26 -27 0 
-7 -13 -14 -29 0 
-2 -3 -9 -12 -15 -23 0 
-2 -3 -15 -18 -19 -24 -27 0 
-7 -8 -11 -15 0 
-1 -2 -4 -9 -14 -16 -17 -20 -22 -27 -28 0 
-3 -6 -8 -9 -12 -20 -24 -27 -28 0 
-5 -7 -10 -13 -20 -23 -25 -26 0 
-8 -9 -15 -29 0 
-1 -6 -11 -18 -25 -27 0 
-1 -10 -17 -21 -22 -27 -30 0 
-2 -5 -11 -17 -23 -29 -31 0 
-10 -11 -18 -26 -28 -30 0 
-5 -8 -9 0 
-14 -18 -22 -26 -31 0 
-1 -2 -4 -5 -7 -11 -19 -23 -26 -30 0 
-2 -9 -11 -22 -25 -26 0 
-1 -8 -10 -13 -16 -18 -27 -30 0 
-9 -25 -26 -29 0 
-8 -17 -27 -28 -31 0 
-1 -4 -7 -9 -12 -13 -28 -30 0 
-4 -8 -13 -14 -23 -28 -30 0 
-7 -8 -11 -21 -25 0 
-4 -6 -11 -15 -24 -29 -31 0 
-13 -14 -15 -16 -20 -24 -31 0 
-9 -10 -11 -15 -24 -27 0 
-9 -14 -21 0 
-10 -17 -22 -27 -29 0 
-3 -5 -7 -8 -19 -21 -23 -30 0 
-1 -7 -8 -22 -24 -31 0 
-6 -26 -27 -31 0 
-1 -3 -9 -11 -12 -19 -21 -25 0 
-1 -8 -11 -12 -14 -16 -20 -24 0 
-9 -11 -14 -15 -29 0 
-4 -7 -8 -9 -21 -24 -29 0 
-11 -12 -17 -19 -21 -25 0 
-2 -3 -8 -13 -15 -16 -31 0 
-3 -4 -10 -15 -16 -18 -19 -21 -23 -24 0 
-3 -6 -7 -8 -29 0 
-5 -10 -11 -15 -17 -19 -26 -28 0 
-5 -16 -17 -18 -23 0 
-1 -5 -8 -12 -13 -17 -19 -22 -26 -27 -28 -29 -30 0 
-10 -16 -21 -22 -26 -31 0 
-3 -18 -22 -29 -30 -31 0 
-4 -10 -17 -21 -25 0 
-7 -8 -15 -26 -27 -31 0 
-6 -10 -11 -17 -19 0 
-2 -4 -5 -6 -9 -16 -17 -24 -29 0 
-9 -12 -17 -20 -24 -26 -27 -30 -31 0 
-8 -9 -11 -13 -22 -30 0 
-5 -9 -10 -16 -21 -22 -26 -28 -29 0 
-1 -4 -8 -10 -13 -28 -31 0 
-5 -7 -10 -20 -22 -25 -27 -28 0 
-6 -7 -15 -27 -29 -30 0 
-1 -4 -7 -9 -12 -14 -16 -23 -26 0 
-4 -5 -14 -15 0 
-1 -4 -7 -17 -26 0 
-1 -20 -30 0 
-1 -3 -7 -11 -12 -16 -18 -23 -28 0 
-1 -17 -23 -28 -30 0 
-1 -14 -19 -23 -26 0 
-1 -8 -20 -24 -26 0 
-9 -11 -12 -16 0 
-2 -3 -4 -6 -10 -11 -17 -20 -21 -22 -28 0 
-1 -7 -8 -12 -25 -26 0 
-3 -4 -26 -28 0 
-4 -7 -16 -19 -22 -23 -24 -25 -29 -31 0 
-10 -11 -18 -19 -28 0 
-7 -8 -11 -17 -18 -19 -31 0 
-4 -7 -11 -19 -22 -24 0 
-3 -7 -12 -16 -17 -18 -21 0 
-3 -10 -11 -13 -14 -18 -30 0 
-6 -9 -10 -13 -14 -18 -27 -28 -30 0 
-3 -8 -10 -14 -17 -20 -22 -23 -27 0 
-1 -4 -12 -14 -17 -24 -25 0 
-3 -6 -7 -17 -21 -23 -24 -29 -30 0 
-1 -2 -11 -19 -22 -27 -28 -29 0 
-1 -6 -7 -15 -17 0 
-1 -5 -8 -12 -14 -18 -26 0 
-2 -7 -9 -10 -11 -15 0 
-14 -15 -20 0 
-11 -12 -13 -15 0 
-7 -13 -20 -22 -23 0 
-20 -24 -27 -28 -31 0 
-1 -8 -12 -16 -17 -22 -28 -30 0 
-3 -12 -20 -21 -27 -29 0 
-1 -11 -22 -27 0 
-6 -16 -18 0 
-2 -6 -9 -19 -23 0 
-7 -10 -11 -13 -16 -18 -20 -24 -31 0 
-1 -3 -7 -12 -14 -21 -29 0 
-4 -6 -13 -16 -18 -20 -22 -24 -26 0 
-9 -12 -17 -22 -29 -31 0 
-8 -11 -12 -17 -18 -29 0 
-7 -12 -18 -20 0 
-2 -3 -4 -7 -9 -16 -26 -27 0 
-6 -7 -17 -21 -25 -29 0 
-7 -8 -12 -16 -17 -19 -29 -30 0 
-1 -6 -16 -18 -23 -26 -30 -31 0 
-12 -19 -20 -28 -31 0 
-6 -10 -13 -19 -22 -26 0 
-9 -12 -14 -22 -23 0 
-4 -6 -11 -15 -20 -27 0 
-7 -14 -17 -18 -22 -28 -31 0 
-9 -10 -25 -31 0 
-6 -7 -10 -19 -21 -25 0 
-1 -2 -4 -8 -14 0 
-5 -6 -8 -9 -11 -22 -29 0 
-4 -5 -7 -11 -14 -15 -26 -30 0 
-1 -7 -25 -27 -30 0 
-1 -5 -9 -10 -14 -17 -22 -23 -27 -31 0 
-1 -7 -10 -11 -28 -29 0 
-9 -13 -20 0 
-11 -14 -29 0 
-3 -7 -12 -13 -14 -23 -25 -26 -29 0 
-1 -16 -18 -19 -30 -31 0 
-5 -13 -18 -20 -21 0 
-1 -2 -6 -22 -26 -28 0 
-6 -7 -9 -18 -19 -21 -28 -30 -31 0 
-7 -10 -12 -18 -30 0 
-6 -16 -21 -25 0 
-2 -4 -6 -8 -13 -18 -24 0 
-3 -11 -13 -15 -16 -19 -26 -27 0 
-1 -4 -16 -25 0 
-3 -7 -11 -15 -16 -18 -26 0 
-2 -5 -6 -9 -12 -16 -28 -31 0 
-2 -3 -6 -10 -14 -15 -17 -18 -26 -29 -31 0 
-1 -6 -10 -25 0 
-4 -5 -6 -9 -12 -16 -22 -24 -27 0 
-10 -15 -17 -18 -21 -22 -23 -24 -30 0 
-2 -3 -6 -8 -11 -16 -20 -22 -25 0 
-3 -9 -11 -14 -21 0 
-2 -6 -18 -24 -25 -28 -30 0 
-10 -15 -16 0 
-1 -4 -21 -25 -28 0 
-4 -5 -6 -13 -27 0 
-4 -8 -10 -11 -16 -18 -23 -25 -27 0 
-8 -9 -16 -17 0 
-1 -3 -5 -24 -27 0 
-3 -10 -14 -18 -19 -21 0 
-10 -18 -31 0 
-7 -10 -13 -18 -20 -26 -31 0 
-3 -5 -13 -14 -29 0 
-4 -7 -8 -30 0 
-9 -14 -15 -18 -19 -24 -26 -27 0 
-2 -8 -14 -25 -28 0 
-7 -9 -10 -14 -15 -20 -25 -26 -27 0 
-20 -22 -24 -27 -29 0 
-2 -5 -9 -14 -28 0 
-5 -7 -9 -24 -25 -27 -29 0 
-13 -20 -29 0 
-9 -12 -14 -15 -20 -21 -28 0 
-2 -4 -5 -11 -14 -29 0 
-6 -7 -11 -12 -17 -20 -23 0 
-6 -7 -11 -18 -23 -25 -31 0 
-14 -31 0 
-7 -8 -10 -17 -18 -22 0 
-10 -20 -23 -25 -26 -31 0 
-3 -11 -25 -26 0 
-1 -9 -17 -20 -21 -25 -27 0 
-1 -3 -4 -22 -27 -29 0 
-4 -11 -16 -19 -29 -31 0 
-3 -7 -13 -21 -24 -26 -27 -31 0 
-7 -11 -12 -13 -17 -18 -27 -29 0 
-3 -9 -12 -17 -23 -27 -29 -31 0 
-3 -10 -23 -26 -28 -29 0 
-1 -5 -17 -29 0 
-4 -8 -10 -21 -31 0 
-5 -7 -12 -19 -25 0 
-1 -4 -5 -16 -18 -21 -22 -24 -27 0 
-10 -16 -20 -26 -31 0 
-2 -4 -12 -22 -26 -30 0 
-3 -5 -12 -17 -20 -31 0 
-4 -5 -12 -17 -21 -26 0 
-1 -5 -10 -16 -17 -27 -28 -31 0 
-2 -7 -11 -21 -28 -29 0 
-2 -20 -29 -30 0 
-3 -9 -15 -16 -20 -23 -25 -28 -30 0 
-2 -9 -11 -21 -22 -23 -24 -26 -31 0 
-6 -15 -18 -19 -23 0 
-8 -10 -12 -19 -23 -25 0 
-8 -18 -20 -25 -29 0 
-11 -21 -22 -25 -30 -31 0 
-8 -13 -20 -22 -23 -27 0 
-11 -25 -27 0 
-2 -9 -15 -17 -18 -31 0 
-5 -8 -9 -15 -16 -20 0 
-8 -9 -13 -14 -20 -24 -26 0 
-2 -10 -15 -18 -31 0 
-3 -11 -12 -13 -22 -30 0 
-2 -4 -5 -7 -12 -15 -22 -29 0 
-2 -6 -9 -12 -16 -27 0 
-2 -3 -9 -23 -25 -27 -31 0 
-5 -9 -16 -17 -18 -19 -23 -24 -28 0 
-9 -13 -16 -18 -21 -28 -29 -31 0 
-1 -5 -12 -14 -17 -20 -21 -31 0 
-8 -10 -13 -26 -29 0 
-11 -18 -20 -22 -24 -27 -28 0 
-6 -13 -15 -17 -19 -21 -22 -23 0 
-3 -6 -11 -23 -26 -31 0 
-3 -8 -11 -18 -20 -21 -22 -27 0 
-14 -15 -25 -31 0 
-2 -4 -12 -14 -23 -27 -29 0 
-1 -5 -17 -30 0 
-7 -9 -12 -24 0 
-4 -5 -19 -25 -30 0 
-4 -8 -12 -14 -18 -20 -22 -24 0 
-3 -4 -13 -16 -20 -23 -25 -31 0 
-3 -16 -17 -20 -25 -29 -30 0 
-8 -10 -11 -21 -27 -28 -31 0 
-1 -5 -13 -26 -27 0 
-3 -9 -10 -15 -25 -28 0 
-3 -7 -16 -18 -26 -29 0 
-13 -16 -17 -22 -23 -24 -27 -30 0 
-5 -9 -12 -20 -21 -22 -26 -27 -28 -29 0 
-1 -2 -5 -7 -15 -16 -18 -21 -24 -26 -28 0 
-2 -3 -5 -9 -10 -16 -19 -23 -25 -26 -30 0 
-2 -6 -9 -13 -15 -21 -23 -26 -29 0 
-10 -15 -19 -20 -25 0 
-1 -2 -3 -10 -12 -19 -23 0 
-3 -7 -8 -14 -18 -22 -30 0 
-1 -5 -6 -7 -9 -16 -22 0 
-5 -17 -25 -27 -28 0 
-5 -19 -20 -21 -23 -27 -30 0 
-4 -14 -17 -22 -23 0 
-1 -2 -12 -15 -21 0 
-3 -7 -11 -12 -25 -27 -28 0 
-1 -3 -17 -19 0 
-6 -7 -9 -19 -22 -25 -29 -30 -31 0 
-1 -7 -10 -13 -27 0 
-2 -3 -13 -16 -21 -25 0 
-13 -16 -20 -29 0 
-1 -6 -11 -17 -22 0 
-2 -6 -10 -12 -20 -22 -26 -27 -29 0 
-3 -4 -14 -26 -27 -31 0 
-3 -8 -9 -14 -17 -20 -26 0 
-1 -4 -5 -6 -7 -22 -29 -30 0 
-1 -5 -8 -20 -24 -31 0 
-8 -9 -15 -20 -21 -26 0 
-3 -12 -17 -18 -19 -27 0 
-5 -8 -25 -27 -28 0 
-3 -6 -9 -13 -18 -19 -29 0 
-5 -16 -27 -29 0 
-2 -4 -7 -10 -18 -21 -24 -28 -30 -31 0 
-1 -7 -9 -11 -13 -16 -23 -29 0 
-7 -12 -25 -28 0 
-8 -10 -12 -13 -17 -20 -26 0 
-3 -10 -14 -17 -29 -31 0 
-1 -3 -7 -10 -17 -18 -25 0 
-1 -4 -8 -13 -16 -21 0 
-8 -9 -20 -22 0 
-9 -11 -15 -29 0 
-2 -10 -11 -13 -27 -28 -30 0 
-1 -13 -16 -21 -22 -26 -27 0 
-5 -7 -11 -14 -24 -26 -30 0 
-7 -14 -18 -20 -22 -23 -25 0 
-1 -2 -3 -9 -21 -22 -31 0 
-9 -11 -13 -19 -23 -25 -26 -30 0 
-2 -4 -7 -8 -10 -22 -29 0 
-2 -3 -11 -12 -13 -16 0 
-2 -4 -6 -8 -9 -12 -16 -22 -27 -30 0 
-13 -14 -16 -21 -22 -24 -28 0 
-11 -13 -15 -17 -21 -22 0 
-1 -10 -15 -16 -21 -27 -28 -30 -31 0 
-4 -5 -7 -8 -19 -20 0 
-5 -12 -17 -18 -19 -21 -24 -26 -28 -31 0 
-3 -15 -24 -26 0 
-1 -2 -6 -18 -19 -24 -30 0 
-4 -9 -15 -17 -23 -29 0 
-1 -2 -15 -21 -27 -28 -30 0 
-1 -2 -12 -14 -26 0 
-10 -11 -13 -18 -20 -28 -30 0 
-2 -11 -13 -15 -23 -24 -29 0 
-11 -14 -19 -21 -26 0 
-4 -10 -19 -22 -31 0 
-13 -18 -20 -21 -22 -25 -27 0 
-4 -7 -10 -20 -22 -28 0 
-1 -8 -18 -19 -26 -27 -31 0 
-7 -8 -16 -22 -27 -29 -30 0 
-4 -7 -9 -10 -16 -23 0 
-1 -2 -14 -15 -18 -24 -26 -27 -30 0 
-2 -6 -12 -13 -18 -23 -26 -30 0 
-2 -6 -11 -19 -25 0 
-7 -12 -22 -24 -31 0 
-2 -6 -17 -23 -27 0 
-2 -3 -10 -23 0 
-4 -6 -11 -22 -25 -31 0 
-3 -12 -13 -15 -22 -30 -31 0 
-6 -8 -19 -21 -23 -28 -30 0 
-7 -8 -10 -18 -27 0 
-3 -8 -13 -17 -23 -30 0 
-2 -4 -7 -10 -13 -15 -18 -20 -21 -24 -30 0 
-5 -9 -10 -25 -30 0 
