p cnf 31 800
2 6 10 12 15 19 26 0 
12 18 25 26 30 0 
10 16 22 25 27 28 29 0 
2 9 10 15 19 21 27 0 
10 11 14 17 18 20 27 30 0 
10 11 13 20 21 25 0 
1 6 11 12 14 18 20 24 29 0 
9 16 25 31 0 
7 8 13 17 20 22 29 0 
11 13 17 18 21 29 0 
6 7 12 17 21 22 24 26 31 0 
4 10 14 15 16 30 0 
7 8 13 21 26 27 30 0 
1 5 6 8 13 14 15 22 25 29 31 0 
2 7 16 17 25 26 30 0 
2 6 9 10 12 17 22 25 28 0 
3 7 25 26 0 
3 11 14 17 18 22 26 27 30 31 0 
2 4 10 13 14 17 18 19 22 24 28 30 0 
4 6 11 12 14 17 29 30 31 0 
3 7 8 13 15 17 21 27 28 31 0 
3 4 5 9 14 17 19 23 31 0 
10 12 18 21 26 28 0 
3 15 17 29 31 0 
3 19 23 26 0 
7 9 18 22 0 
6 12 14 17 18 23 25 28 30 31 0 
6 7 8 16 23 27 29 31 0 
16 24 28 31 0 
1 8 12 21 23 25 27 0 
2 13 16 17 24 30 0 
1 2 4 5 7 9 14 20 0 
8 9 19 20 25 0 
1 3 4 14 17 19 28 0 
4 8 13 15 17 20 0 
4 5 21 0 
3 15 18 24 0 
5 14 17 20 25 31 0 
4 6 15 16 17 18 25 28 29 0 
2 3 8 10 14 20 22 23 0 
1 7 10 12 14 16 18 26 0 
2 7 13 0 
3 15 22 0 
4 9 19 0 
2 3 13 17 18 19 20 28 29 0 
6 7 17 22 27 0 
3 12 22 24 27 0 
2 3 4 7 13 16 18 21 23 24 0 
4 7 14 19 20 24 0 
5 10 13 16 22 24 31 0 
11 14 17 21 26 0 
1 4 7 8 11 14 22 28 29 0 
6 11 16 18 26 31 0 
1 5 8 16 21 23 26 31 0 
6 8 14 22 23 26 0 
1 3 4 15 19 29 31 0 
8 13 21 22 26 29 0 
2 9 10 12 14 15 24 0 
7 14 15 18 20 24 26 0 
1 4 6 8 9 19 26 0 
3 7 11 17 25 28 0 
6 16 23 29 0 
9 11 22 23 28 30 0 
21 23 30 0 
4 6 10 12 19 23 25 28 30 0 
2 4 8 23 31 0 
6 8 16 20 21 24 0 
8 14 15 19 23 24 0 
2 3 4 21 22 31 0 
6 10 11 13 16 21 26 0 
4 9 14 18 23 29 0 
10 11 22 29 30 31 0 
10 11 20 29 0 
2 13 17 18 30 0 
4 10 21 26 0 
8 10 14 15 28 31 0 
6 13 15 22 29 30 31 0 
2 5 9 16 23 25 26 31 0 
4 5 6 19 27 0 
1 3 5 12 25 26 28 0 
4 14 16 17 20 0 
8 10 25 27 30 0 
2 8 13 18 21 23 25 28 0 
5 7 13 18 0 
1 6 10 11 25 0 
1 5 6 7 15 17 18 20 22 0 
5 9 10 12 18 26 0 
7 9 16 23 26 0 
5 7 8 9 15 19 28 0 
9 21 24 25 29 31 0 
3 4 13 15 16 21 25 31 0 
1 2 5 7 8 9 12 17 21 28 0 
12 18 24 0 
1 3 5 9 14 23 24 29 0 
9 15 19 23 25 30 0 
6 7 10 0 
4 8 12 15 21 23 26 28 0 
4 8 9 12 16 18 23 26 29 0 
3 8 9 15 27 0 
8 12 20 21 23 28 29 0 
4 5 14 16 24 30 31 0 
1 3 6 7 9 25 27 0 
2 3 4 6 7 15 16 21 25 29 0 
1 3 8 11 12 15 17 19 21 28 0 
5 12 16 18 22 25 26 27 30 0 
2 11 16 19 20 21 25 0 
3 4 12 17 24 29 0 
1 14 18 20 25 26 28 0 
4 19 20 21 22 30 0 
3 10 18 23 24 27 0 
5 16 17 27 28 0 
4 10 15 23 26 0 
1 6 8 16 23 30 0 
5 7 15 22 0 
1 13 17 22 27 0 
1 3 8 15 16 17 21 22 26 28 29 0 
8 10 11 14 20 30 0 
2 4 11 14 17 26 27 29 0 
12 14 17 21 23 0 
1 3 10 11 24 0 
1 4 11 17 19 22 24 30 0 
8 18 28 30 0 
2 8 18 21 0 
4 6 8 15 19 22 26 31 0 
1 4 8 10 11 13 18 23 26 28 0 
5 15 22 25 29 30 0 
3 12 23 25 29 0 
3 4 18 21 25 30 0 
3 7 22 24 27 28 31 0 
9 13 14 15 21 26 29 0 
4 15 19 0 
2 3 8 11 12 16 25 0 
1 2 7 9 20 21 23 25 29 31 0 
7 8 11 28 30 0 
3 7 11 13 24 29 0 
1 4 16 27 29 0 
3 9 11 15 20 31 0 
2 4 23 26 0 
2 3 11 14 21 22 0 
3 6 11 12 31 0 
4 5 8 12 13 15 18 25 0 
8 15 19 27 31 0 
1 3 7 8 16 20 24 29 0 
2 3 7 12 17 19 21 27 0 
1 2 4 6 10 11 13 15 28 0 
20 24 26 0 
4 8 10 27 30 0 
5 6 26 28 0 
1 8 9 16 17 22 27 28 31 0 
5 6 8 9 16 24 28 0 
6 9 14 19 24 31 0 
1 4 7 8 11 27 28 0 
18 21 26 28 29 0 
19 24 28 29 0 
9 16 21 28 0 
10 19 22 27 28 30 31 0 
1 2 3 10 19 24 25 28 31 0 
4 10 23 24 27 28 31 0 
2 10 14 20 26 0 
2 7 8 10 13 23 0 
6 12 15 17 30 0 
1 2 3 7 12 18 22 24 31 0 
4 17 21 25 30 0 
9 10 13 15 17 25 26 29 0 
2 3 8 10 14 19 26 27 0 
7 8 10 14 30 0 
3 8 12 13 16 17 31 0 
1 4 5 15 30 0 
8 10 28 0 
10 25 28 0 
1 6 21 24 0 
1 5 6 10 23 27 30 0 
3 8 13 14 18 20 22 23 26 30 31 0 
1 4 10 12 16 17 18 21 31 0 
1 13 16 20 23 0 
9 17 21 27 30 0 
3 4 9 15 21 26 0 
13 18 21 28 29 0 
4 9 15 18 24 0 
5 8 18 20 24 26 29 31 0 
3 5 15 18 19 22 25 28 0 
4 5 16 17 20 26 27 0 
5 7 19 30 0 
1 5 6 7 13 22 30 0 
1 7 14 16 30 0 
2 9 10 20 21 25 0 
7 10 12 18 20 23 24 25 27 0 
3 7 14 19 24 26 27 0 
1 3 6 17 18 19 20 24 0 
2 4 8 10 16 17 19 20 0 
3 4 7 11 13 18 0 
8 14 20 22 23 24 31 0 
1 2 15 18 0 
1 3 15 0 
2 5 9 15 22 27 29 0 
5 11 13 14 21 22 31 0 
2 3 8 14 18 23 27 0 
1 4 9 16 19 28 0 
2 3 10 14 16 24 27 28 29 30 0 
3 5 7 15 24 26 0 
4 10 11 13 14 20 26 0 
1 7 13 18 25 0 
1 4 7 12 14 20 26 0 
2 9 11 13 25 26 29 31 0 
5 12 17 19 22 0 
1 5 6 14 15 16 24 29 0 
3 5 10 11 13 16 21 26 0 
4 9 13 14 17 21 27 28 0 
3 4 10 13 17 23 26 0 
3 14 18 21 26 0 
11 15 0 
4 5 19 20 23 25 0 
4 7 16 17 21 27 28 0 
5 6 12 14 21 24 29 0 
5 12 21 22 29 30 0 
1 4 5 7 10 18 19 22 30 0 
1 3 4 5 9 16 23 24 26 27 29 0 
1 10 11 23 26 30 0 
3 5 12 19 20 29 31 0 
7 12 14 15 24 26 30 0 
5 12 15 23 0 
9 18 20 21 29 31 0 
6 13 17 19 0 
5 9 15 16 19 21 0 
4 7 8 27 28 0 
14 17 19 20 26 29 0 
4 10 14 15 17 18 21 25 31 0 
4 6 8 10 21 22 30 0 
1 4 19 20 21 28 29 30 0 
2 13 20 26 27 30 0 
10 16 20 23 27 30 0 
3 9 12 16 23 24 25 28 29 0 
3 4 8 9 10 15 24 25 0 
5 7 8 10 16 18 19 25 29 30 0 
15 18 20 22 24 31 0 
12 14 15 17 21 22 27 0 
9 10 11 18 21 0 
1 7 8 14 18 22 26 27 0 
3 17 26 0 
1 4 5 10 16 27 29 0 
1 2 17 23 24 27 29 30 0 
1 13 16 19 25 26 0 
4 11 16 18 22 24 31 0 
3 4 10 11 14 15 0 
7 9 17 24 29 0 
7 14 21 28 31 0 
7 22 29 30 31 0 
10 13 16 17 18 0 
11 18 23 25 29 31 0 
12 13 24 31 0 
3 4 8 9 11 13 16 24 28 29 31 0 
15 16 18 19 21 22 0 
2 4 18 21 28 30 0 
5 6 8 9 20 21 25 0 
8 19 25 0 
1 2 7 22 25 27 0 
6 8 22 0 
1 2 8 13 15 23 24 0 
9 18 19 22 25 28 0 
13 16 19 23 29 31 0 
4 17 27 31 0 
5 9 11 23 28 0 
11 17 18 21 28 31 0 
1 5 8 9 25 31 0 
2 3 4 5 11 17 25 26 0 
6 9 19 31 0 
5 8 11 15 16 17 0 
1 3 5 12 15 0 
8 15 21 28 0 
5 6 8 13 20 23 30 0 
4 13 15 16 0 
9 18 19 30 0 
5 8 9 13 16 22 0 
2 5 8 28 30 0 
2 11 16 19 21 27 28 30 0 
6 12 13 18 19 20 27 29 31 0 
2 7 9 12 14 15 29 31 0 
4 5 8 10 20 28 29 0 
3 4 6 7 9 15 30 0 
5 12 13 17 18 26 0 
3 4 18 21 23 0 
6 8 11 15 19 24 30 0 
1 2 3 4 9 12 15 16 20 30 0 
1 6 9 16 20 24 26 30 0 
2 7 8 9 10 12 13 18 19 23 0 
6 8 12 16 20 31 0 
4 6 14 19 21 22 26 0 
7 9 10 23 29 0 
9 12 13 17 22 24 0 
5 7 10 18 23 27 0 
2 5 12 14 21 27 0 
3 4 18 20 23 26 28 0 
4 7 11 17 18 21 22 27 30 0 
8 14 27 30 0 
3 5 7 27 0 
1 7 16 24 28 0 
1 5 10 14 19 20 28 31 0 
1 2 14 22 26 28 0 
5 9 15 22 0 
6 13 16 18 22 23 27 0 
6 17 24 0 
18 24 28 31 0 
4 7 16 20 25 28 0 
6 17 27 31 0 
2 6 8 13 14 15 25 30 31 0 
1 2 4 7 12 21 22 30 0 
2 10 17 20 25 29 0 
2 9 12 13 15 19 22 0 
10 15 16 17 20 28 0 
1 9 11 15 20 0 
5 10 13 14 20 24 25 28 29 30 31 0 
3 5 15 17 26 30 31 0 
3 4 9 11 20 24 0 
1 5 9 22 26 31 0 
2 4 8 11 13 15 18 21 0 
1 9 17 27 0 
3 8 12 14 16 30 0 
13 25 29 0 
3 18 0 
3 5 9 12 16 18 20 22 29 0 
7 10 16 17 24 28 0 
15 18 22 28 0 
1 12 17 21 25 0 
5 6 8 19 23 26 0 
1 3 7 12 16 28 31 0 
4 12 20 23 26 28 29 0 
2 8 13 16 22 30 0 
7 8 12 13 18 27 28 0 
1 13 17 19 22 23 25 26 0 
4 5 6 7 8 9 17 24 28 30 31 0 
1 23 28 30 0 
2 3 7 10 11 20 23 25 29 31 0 
1 6 10 14 26 29 30 31 0 
1 2 11 14 17 23 25 30 0 
9 11 21 26 0 
2 8 10 11 14 23 24 0 
3 7 10 11 15 18 31 0 
3 4 14 16 19 25 27 28 0 
4 6 13 15 20 27 0 
4 10 12 15 17 18 19 25 31 0 
5 16 18 21 29 0 
6 9 11 15 19 20 25 30 31 0 
1 2 8 9 13 16 18 21 28 0 
4 9 10 12 15 19 0 
11 15 16 21 0 
2 7 8 15 22 23 0 
2 5 6 7 11 26 30 0 
1 9 15 23 0 
1 4 6 8 9 23 28 0 
4 13 22 25 29 0 
8 16 19 0 
3 5 9 10 18 23 24 25 30 0 
8 11 12 13 16 20 21 31 0 
5 9 11 13 15 21 0 
2 8 18 19 22 31 0 
2 4 6 10 16 18 22 0 
5 16 17 19 21 26 29 0 
3 7 23 31 0 
2 9 15 19 24 30 0 
1 2 6 14 22 26 0 
3 6 14 19 24 27 0 
11 14 16 0 
5 16 26 0 
1 6 13 14 19 20 25 29 30 0 
2 9 13 17 26 0 
1 9 10 11 14 15 16 17 29 0 
18 22 24 0 
1 2 6 8 16 18 28 0 
2 9 12 15 22 0 
7 10 17 21 23 26 28 30 0 
7 9 10 16 27 29 0 
9 21 26 27 0 
15 18 21 22 28 29 0 
6 7 8 13 17 21 24 0 
5 6 7 9 11 28 0 
3 5 9 16 20 24 31 0 
3 6 18 22 28 30 0 
5 18 19 0 
5 7 14 23 24 25 31 0 
1 8 10 15 16 24 0 
1 3 5 11 15 17 24 0 
1 3 7 8 11 13 16 0 
3 6 8 18 0 
3 4 7 9 14 17 18 31 0 
7 9 11 12 20 29 0 
5 8 26 29 31 0 
3 5 14 15 16 20 23 31 0 
10 11 12 15 16 18 0 
6 7 13 15 16 17 21 30 0 
1 8 13 14 21 23 25 26 28 0 
11 25 26 0 
3 13 18 24 30 0 
1 3 6 7 15 18 19 20 0 
4 17 23 27 28 29 30 0 
7 12 16 23 24 31 0 
8 10 16 20 28 0 
5 13 16 25 29 30 0 
6 8 14 20 0 
1 5 15 26 30 0 
6 8 9 13 26 0 
-2 -6 -10 -12 -15 -19 -26 0 
-12 -18 -25 -26 -30 0 
-10 -16 -22 -25 -27 -28 -29 0 
-2 -9 -10 -15 -19 -21 -27 0 
-10 -11 -14 -17 -18 -20 -27 -30 0 
-10 -11 -13 -20 -21 -25 0 
-1 -6 -11 -12 -14 -18 -20 -24 -29 0 
-9 -16 -25 -31 0 
-7 -8 -13 -17 -20 -22 -29 0 
-11 -13 -17 -18 -21 -29 0 
-6 -7 -12 -17 -21 -22 -24 -26 -31 0 
-4 -10 -14 -15 -16 -30 0 
-7 -8 -13 -21 -26 -27 -30 0 
-1 -5 -6 -8 -13 -14 -15 -22 -25 -29 -31 0 
-2 -7 -16 -17 -25 -26 -30 0 
-2 -6 -9 -10 -12 -17 -22 -25 -28 0 
-3 -7 -25 -26 0 
-3 -11 -14 -17 -18 -22 -26 -27 -30 -31 0 
-2 -4 -10 -13 -14 -17 -18 -19 -22 -24 -28 -30 0 
-4 -6 -11 -12 -14 -17 -29 -30 -31 0 
-3 -7 -8 -13 -15 -17 -21 -27 -28 -31 0 
-3 -4 -5 -9 -14 -17 -19 -23 -31 0 
-10 -12 -18 -21 -26 -28 0 
-3 -15 -17 -29 -31 0 
-3 -19 -23 -26 0 
-7 -9 -18 -22 0 
-6 -12 -14 -17 -18 -23 -25 -28 -30 -31 0 
-6 -7 -8 -16 -23 -27 -29 -31 0 
-16 -24 -28 -31 0 
-1 -8 -12 -21 -23 -25 -27 0 
-2 -13 -16 -17 -24 -30 0 
-1 -2 -4 -5 -7 -9 -14 -20 0 
-8 -9 -19 -20 -25 0 
-1 -3 -4 -14 -17 -19 -28 0 
-4 -8 -13 -15 -17 -20 0 
-4 -5 -21 0 
-3 -15 -18 -24 0 
-5 -14 -17 -20 -25 -31 0 
-4 -6 -15 -16 -17 -18 -25 -28 -29 0 
-2 -3 -8 -10 -14 -20 -22 -23 0 
-1 -7 -10 -12 -14 -16 -18 -26 0 
-2 -7 -13 0 
-3 -15 -22 0 
-4 -9 -19 0 
-2 -3 -13 -17 -18 -19 -20 -28 -29 0 
-6 -7 -17 -22 -27 0 
-3 -12 -22 -24 -27 0 
-2 -3 -4 -7 -13 -16 -18 -21 -23 -24 0 
-4 -7 -14 -19 -20 -24 0 
-5 -10 -13 -16 -22 -24 -31 0 
-11 -14 -17 -21 -26 0 
-1 -4 -7 -8 -11 -14 -22 -28 -29 0 
-6 -11 -16 -18 -26 -31 0 
-1 -5 -8 -16 -21 -23 -26 -31 0 
-6 -8 -14 -22 -23 -26 0 
-1 -3 -4 -15 -19 -29 -31 0 
-8 -13 -21 -22 -26 -29 0 
-2 -9 -10 -12 -14 -15 -24 0 
-7 -14 -15 -18 -20 -24 -26 0 
-1 -4 -6 -8 -9 -19 -26 0 
-3 -7 -11 -17 -25 -28 0 
-6 -16 -23 -29 0 
-9 -11 -22 -23 -28 -30 0 
-21 -23 -30 0 
-4 -6 -10 -12 -19 -23 -25 -28 -30 0 
-2 -4 -8 -23 -31 0 
-6 -8 -16 -20 -21 -24 0 
-8 -14 -15 -19 -23 -24 0 
-2 -3 -4 -21 -22 -31 0 
-6 -10 -11 -13 -16 -21 -26 0 
-4 -9 -14 -18 -23 -29 0 
-10 -11 -22 -29 -30 -31 0 
-10 -11 -20 -29 0 
-2 -13 -17 -18 -30 0 
-4 -10 -21 -26 0 
-8 -10 -14 -15 -28 -31 0 
-6 -13 -15 -22 -29 -30 -31 0 
-2 -5 -9 -16 -23 -25 -26 -31 0 
-4 -5 -6 -19 -27 0 
-1 -3 -5 -12 -25 -26 -28 0 
-4 -14 -16 -17 -20 0 
-8 -10 -25 -27 -30 0 
-2 -8 -13 -18 -21 -23 -25 -28 0 
-5 -7 -13 -18 0 
-1 -6 -10 -11 -25 0 
-1 -5 -6 -7 -15 -17 -18 -20 -22 0 
-5 -9 -10 -12 -18 -26 0 
-7 -9 -16 -23 -26 0 
-5 -7 -8 -9 -15 -19 -28 0 
-9 -21 -24 -25 -29 -31 0 
-3 -4 -13 -15 -16 -21 -25 -31 0 
-1 -2 -5 -7 -8 -9 -12 -17 -21 -28 0 
-12 -18 -24 0 
-1 -3 -5 -9 -14 -23 -24 -29 0 
-9 -15 -19 -23 -25 -30 0 
-6 -7 -10 0 
-4 -8 -12 -15 -21 -23 -26 -28 0 
-4 -8 -9 -12 -16 -18 -23 -26 -29 0 
-3 -8 -9 -15 -27 0 
-8 -12 -20 -21 -23 -28 -29 0 
-4 -5 -14 -16 -24 -30 -31 0 
-1 -3 -6 -7 -9 -25 -27 0 
-2 -3 -4 -6 -7 -15 -16 -21 -25 -29 0 
-1 -3 -8 -11 -12 -15 -17 -19 -21 -28 0 
-5 -12 -16 -18 -22 -25 -26 -27 -30 0 
-2 -11 -16 -19 -20 -21 -25 0 
-3 -4 -12 -17 -24 -29 0 
-1 -14 -18 -20 -25 -26 -28 0 
-4 -19 -20 -21 -22 -30 0 
-3 -10 -18 -23 -24 -27 0 
-5 -16 -17 -27 -28 0 
-4 -10 -15 -23 -26 0 
-1 -6 -8 -16 -23 -30 0 
-5 -7 -15 -22 0 
-1 -13 -17 -22 -27 0 
-1 -3 -8 -15 -16 -17 -21 -22 -26 -28 -29 0 
-8 -10 -11 -14 -20 -30 0 
-2 -4 -11 -14 -17 -26 -27 -29 0 
-12 -14 -17 -21 -23 0 
-1 -3 -10 -11 -24 0 
-1 -4 -11 -17 -19 -22 -24 -30 0 
-8 -18 -28 -30 0 
-2 -8 -18 -21 0 
-4 -6 -8 -15 -19 -22 -26 -31 0 
-1 -4 -8 -10 -11 -13 -18 -23 -26 -28 0 
-5 -15 -22 -25 -29 -30 0 
-3 -12 -23 -25 -29 0 
-3 -4 -18 -21 -25 -30 0 
-3 -7 -22 -24 -27 -28 -31 0 
-9 -13 -14 -15 -21 -26 -29 0 
-4 -15 -19 0 
-2 -3 -8 -11 -12 -16 -25 0 
-1 -2 -7 -9 -20 -21 -23 -25 -29 -31 0 
-7 -8 -11 -28 -30 0 
-3 -7 -11 -13 -24 -29 0 
-1 -4 -16 -27 -29 0 
-3 -9 -11 -15 -20 -31 0 
-2 -4 -23 -26 0 
-2 -3 -11 -14 -21 -22 0 
-3 -6 -11 -12 -31 0 
-4 -5 -8 -12 -13 -15 -18 -25 0 
-8 -15 -19 -27 -31 0 
-1 -3 -7 -8 -16 -20 -24 -29 0 
-2 -3 -7 -12 -17 -19 -21 -27 0 
-1 -2 -4 -6 -10 -11 -13 -15 -28 0 
-20 -24 -26 0 
-4 -8 -10 -27 -30 0 
-5 -6 -26 -28 0 
-1 -8 -9 -16 -17 -22 -27 -28 -31 0 
-5 -6 -8 -9 -16 -24 -28 0 
-6 -9 -14 -19 -24 -31 0 
-1 -4 -7 -8 -11 -27 -28 0 
-18 -21 -26 -28 -29 0 
-19 -24 -28 -29 0 
-9 -16 -21 -28 0 
-10 -19 -22 -27 -28 -30 -31 0 
-1 -2 -3 -10 -19 -24 -25 -28 -31 0 
-4 -10 -23 -24 -27 -28 -31 0 
-2 -10 -14 -20 -26 0 
-2 -7 -8 -10 -13 -23 0 
-6 -12 -15 -17 -30 0 
-1 -2 -3 -7 -12 -18 -22 -24 -31 0 
-4 -17 -21 -25 -30 0 
-9 -10 -13 -15 -17 -25 -26 -29 0 
-2 -3 -8 -10 -14 -19 -26 -27 0 
-7 -8 -10 -14 -30 0 
-3 -8 -12 -13 -16 -17 -31 0 
-1 -4 -5 -15 -30 0 
-8 -10 -28 0 
-10 -25 -28 0 
-1 -6 -21 -24 0 
-1 -5 -6 -10 -23 -27 -30 0 
-3 -8 -13 -14 -18 -20 -22 -23 -26 -30 -31 0 
-1 -4 -10 -12 -16 -17 -18 -21 -31 0 
-1 -13 -16 -20 -23 0 
-9 -17 -21 -27 -30 0 
-3 -4 -9 -15 -21 -26 0 
-13 -18 -21 -28 -29 0 
-4 -9 -15 -18 -24 0 
-5 -8 -18 -20 -24 -26 -29 -31 0 
-3 -5 -15 -18 -19 -22 -25 -28 0 
-4 -5 -16 -17 -20 -26 -27 0 
-5 -7 -19 -30 0 
-1 -5 -6 -7 -13 -22 -30 0 
-1 -7 -14 -16 -30 0 
-2 -9 -10 -20 -21 -25 0 
-7 -10 -12 -18 -20 -23 -24 -25 -27 0 
-3 -7 -14 -19 -24 -26 -27 0 
-1 -3 -6 -17 -18 -19 -20 -24 0 
-2 -4 -8 -10 -16 -17 -19 -20 0 
-3 -4 -7 -11 -13 -18 0 
-8 -14 -20 -22 -23 -24 -31 0 
-1 -2 -15 -18 0 
-1 -3 -15 0 
-2 -5 -9 -15 -22 -27 -29 0 
-5 -11 -13 -14 -21 -22 -31 0 
-2 -3 -8 -14 -18 -23 -27 0 
-1 -4 -9 -16 -19 -28 0 
-2 -3 -10 -14 -16 -24 -27 -28 -29 -30 0 
-3 -5 -7 -15 -24 -26 0 
-4 -10 -11 -13 -14 -20 -26 0 
-1 -7 -13 -18 -25 0 
-1 -4 -7 -12 -14 -20 -26 0 
-2 -9 -11 -13 -25 -26 -29 -31 0 
-5 -12 -17 -19 -22 0 
-1 -5 -6 -14 -15 -16 -24 -29 0 
-3 -5 -10 -11 -13 -16 -21 -26 0 
-4 -9 -13 -14 -17 -21 -27 -28 0 
-3 -4 -10 -13 -17 -23 -26 0 
-3 -14 -18 -21 -26 0 
-11 -15 0 
-4 -5 -19 -20 -23 -25 0 
-4 -7 -16 -17 -21 -27 -28 0 
-5 -6 -12 -14 -21 -24 -29 0 
-5 -12 -21 -22 -29 -30 0 
-1 -4 -5 -7 -10 -18 -19 -22 -30 0 
-1 -3 -4 -5 -9 -16 -23 -24 -26 -27 -29 0 
-1 -10 -11 -23 -26 -30 0 
-3 -5 -12 -19 -20 -29 -31 0 
-7 -12 -14 -15 -24 -26 -30 0 
-5 -12 -15 -23 0 
-9 -18 -20 -21 -29 -31 0 
-6 -13 -17 -19 0 
-5 -9 -15 -16 -19 -21 0 
-4 -7 -8 -27 -28 0 
-14 -17 -19 -20 -26 -29 0 
-4 -10 -14 -15 -17 -18 -21 -25 -31 0 
-4 -6 -8 -10 -21 -22 -30 0 
-1 -4 -19 -20 -21 -28 -29 -30 0 
-2 -13 -20 -26 -27 -30 0 
-10 -16 -20 -23 -27 -30 0 
-3 -9 -12 -16 -23 -24 -25 -28 -29 0 
-3 -4 -8 -9 -10 -15 -24 -25 0 
-5 -7 -8 -10 -16 -18 -19 -25 -29 -30 0 
-15 -18 -20 -22 -24 -31 0 
-12 -14 -15 -17 -21 -22 -27 0 
-9 -10 -11 -18 -21 0 
-1 -7 -8 -14 -18 -22 -26 -27 0 
-3 -17 -26 0 
-1 -4 -5 -10 -16 -27 -29 0 
-1 -2 -17 -23 -24 -27 -29 -30 0 
-1 -13 -16 -19 -25 -26 0 
-4 -11 -16 -18 -22 -24 -31 0 
-3 -4 -10 -11 -14 -15 0 
-7 -9 -17 -24 -29 0 
-7 -14 -21 -28 -31 0 
-7 -22 -29 -30 -31 0 
-10 -13 -16 -17 -18 0 
-11 -18 -23 -25 -29 -31 0 
-12 -13 -24 -31 0 
-3 -4 -8 -9 -11 -13 -16 -24 -28 -29 -31 0 
-15 -16 -18 -19 -21 -22 0 
-2 -4 -18 -21 -28 -30 0 
-5 -6 -8 -9 -20 -21 -25 0 
-8 -19 -25 0 
-1 -2 -7 -22 -25 -27 0 
-6 -8 -22 0 
-1 -2 -8 -13 -15 -23 -24 0 
-9 -18 -19 -22 -25 -28 0 
-13 -16 -19 -23 -29 -31 0 
-4 -17 -27 -31 0 
-5 -9 -11 -23 -28 0 
-11 -17 -18 -21 -28 -31 0 
-1 -5 -8 -9 -25 -31 0 
-2 -3 -4 -5 -11 -17 -25 -26 0 
-6 -9 -19 -31 0 
-5 -8 -11 -15 -16 -17 0 
-1 -3 -5 -12 -15 0 
-8 -15 -21 -28 0 
-5 -6 -8 -13 -20 -23 -30 0 
-4 -13 -15 -16 0 
-9 -18 -19 -30 0 
-5 -8 -9 -13 -16 -22 0 
-2 -5 -8 -28 -30 0 
-2 -11 -16 -19 -21 -27 -28 -30 0 
-6 -12 -13 -18 -19 -20 -27 -29 -31 0 
-2 -7 -9 -12 -14 -15 -29 -31 0 
-4 -5 -8 -10 -20 -28 -29 0 
-3 -4 -6 -7 -9 -15 -30 0 
-5 -12 -13 -17 -18 -26 0 
-3 -4 -18 -21 -23 0 
-6 -8 -11 -15 -19 -24 -30 0 
-1 -2 -3 -4 -9 -12 -15 -16 -20 -30 0 
-1 -6 -9 -16 -20 -24 -26 -30 0 
-2 -7 -8 -9 -10 -12 -13 -18 -19 -23 0 
-6 -8 -12 -16 -20 -31 0 
-4 -6 -14 -19 -21 -22 -26 0 
-7 -9 -10 -23 -29 0 
-9 -12 -13 -17 -22 -24 0 
-5 -7 -10 -18 -23 -27 0 
-2 -5 -12 -14 -21 -27 0 
-3 -4 -18 -20 -23 -26 -28 0 
-4 -7 -11 -17 -18 -21 -22 -27 -30 0 
-8 -14 -27 -30 0 
-3 -5 -7 -27 0 
-1 -7 -16 -24 -28 0 
-1 -5 -10 -14 -19 -20 -28 -31 0 
-1 -2 -14 -22 -26 -28 0 
-5 -9 -15 -22 0 
-6 -13 -16 -18 -22 -23 -27 0 
-6 -17 -24 0 
-18 -24 -28 -31 0 
-4 -7 -16 -20 -25 -28 0 
-6 -17 -27 -31 0 
-2 -6 -8 -13 -14 -15 -25 -30 -31 0 
-1 -2 -4 -7 -12 -21 -22 -30 0 
-2 -10 -17 -20 -25 -29 0 
-2 -9 -12 -13 -15 -19 -22 0 
-10 -15 -16 -17 -20 -28 0 
-1 -9 -11 -15 -20 0 
-5 -10 -13 -14 -20 -24 -25 -28 -29 -30 -31 0 
-3 -5 -15 -17 -26 -30 -31 0 
-3 -4 -9 -11 -20 -24 0 
-1 -5 -9 -22 -26 -31 0 
-2 -4 -8 -11 -13 -15 -18 -21 0 
-1 -9 -17 -27 0 
-3 -8 -12 -14 -16 -30 0 
-13 -25 -29 0 
-3 -18 0 
-3 -5 -9 -12 -16 -18 -20 -22 -29 0 
-7 -10 -16 -17 -24 -28 0 
-15 -18 -22 -28 0 
-1 -12 -17 -21 -25 0 
-5 -6 -8 -19 -23 -26 0 
-1 -3 -7 -12 -16 -28 -31 0 
-4 -12 -20 -23 -26 -28 -29 0 
-2 -8 -13 -16 -22 -30 0 
-7 -8 -12 -13 -18 -27 -28 0 
-1 -13 -17 -19 -22 -23 -25 -26 0 
-4 -5 -6 -7 -8 -9 -17 -24 -28 -30 -31 0 
-1 -23 -28 -30 0 
-2 -3 -7 -10 -11 -20 -23 -25 -29 -31 0 
-1 -6 -10 -14 -26 -29 -30 -31 0 
-1 -2 -11 -14 -17 -23 -25 -30 0 
-9 -11 -21 -26 0 
-2 -8 -10 -11 -14 -23 -24 0 
-3 -7 -10 -11 -15 -18 -31 0 
-3 -4 -14 -16 -19 -25 -27 -28 0 
-4 -6 -13 -15 -20 -27 0 
-4 -10 -12 -15 -17 -18 -19 -25 -31 0 
-5 -16 -18 -21 -29 0 
-6 -9 -11 -15 -19 -20 -25 -30 -31 0 
-1 -2 -8 -9 -13 -16 -18 -21 -28 0 
-4 -9 -10 -12 -15 -19 0 
-11 -15 -16 -21 0 
-2 -7 -8 -15 -22 -23 0 
-2 -5 -6 -7 -11 -26 -30 0 
-1 -9 -15 -23 0 
-1 -4 -6 -8 -9 -23 -28 0 
-4 -13 -22 -25 -29 0 
-8 -16 -19 0 
-3 -5 -9 -10 -18 -23 -24 -25 -30 0 
-8 -11 -12 -13 -16 -20 -21 -31 0 
-5 -9 -11 -13 -15 -21 0 
-2 -8 -18 -19 -22 -31 0 
-2 -4 -6 -10 -16 -18 -22 0 
-5 -16 -17 -19 -21 -26 -29 0 
-3 -7 -23 -31 0 
-2 -9 -15 -19 -24 -30 0 
-1 -2 -6 -14 -22 -26 0 
-3 -6 -14 -19 -24 -27 0 
-11 -14 -16 0 
-5 -16 -26 0 
-1 -6 -13 -14 -19 -20 -25 -29 -30 0 
-2 -9 -13 -17 -26 0 
-1 -9 -10 -11 -14 -15 -16 -17 -29 0 
-18 -22 -24 0 
-1 -2 -6 -8 -16 -18 -28 0 
-2 -9 -12 -15 -22 0 
-7 -10 -17 -21 -23 -26 -28 -30 0 
-7 -9 -10 -16 -27 -29 0 
-9 -21 -26 -27 0 
-15 -18 -21 -22 -28 -29 0 
-6 -7 -8 -13 -17 -21 -24 0 
-5 -6 -7 -9 -11 -28 0 
-3 -5 -9 -16 -20 -24 -31 0 
-3 -6 -18 -22 -28 -30 0 
-5 -18 -19 0 
-5 -7 -14 -23 -24 -25 -31 0 
-1 -8 -10 -15 -16 -24 0 
-1 -3 -5 -11 -15 -17 -24 0 
-1 -3 -7 -8 -11 -13 -16 0 
-3 -6 -8 -18 0 
-3 -4 -7 -9 -14 -17 -18 -31 0 
-7 -9 -11 -12 -20 -29 0 
-5 -8 -26 -29 -31 0 
-3 -5 -14 -15 -16 -20 -23 -31 0 
-10 -11 -12 -15 -16 -18 0 
-6 -7 -13 -15 -16 -17 -21 -30 0 
-1 -8 -13 -14 -21 -23 -25 -26 -28 0 
-11 -25 -26 0 
-3 -13 -18 -24 -30 0 
-1 -3 -6 -7 -15 -18 -19 -20 0 
-4 -17 -23 -27 -28 -29 -30 0 
-7 -12 -16 -23 -24 -31 0 
-8 -10 -16 -20 -28 0 
-5 -13 -16 -25 -29 -30 0 
-6 -8 -14 -20 0 
-1 -5 -15 -26 -30 0 
-6 -8 -9 -13 -26 0 
