p cnf 32 800
9 10 14 16 17 23 30 0 
4 18 19 25 0 
3 4 13 24 27 0 
1 9 14 15 24 26 30 0 
8 10 12 15 0 
2 5 7 11 16 19 21 32 0 
1 6 18 19 21 22 24 31 32 0 
10 12 15 20 25 26 0 
4 6 7 15 17 23 26 32 0 
4 7 23 29 30 0 
14 27 29 30 0 
1 4 6 7 9 10 13 20 24 25 30 31 0 
4 5 9 13 15 17 21 24 27 28 0 
7 9 16 18 22 24 25 30 0 
8 9 15 17 19 24 31 32 0 
2 13 16 19 21 32 0 
7 8 16 28 31 32 0 
11 14 18 19 23 24 0 
3 5 7 11 23 26 0 
4 15 17 18 19 22 26 27 30 32 0 
8 14 16 18 27 28 29 0 
3 14 16 22 25 31 0 
1 2 7 16 18 19 20 27 0 
3 7 18 19 21 27 28 30 32 0 
1 4 8 12 15 20 0 
2 3 12 19 23 32 0 
4 8 19 27 28 29 0 
7 8 20 24 31 0 
17 19 32 0 
1 4 9 16 19 26 0 
15 18 24 0 
4 7 10 13 18 20 28 32 0 
9 10 23 25 27 28 29 32 0 
5 10 13 23 31 32 0 
2 3 9 19 27 30 0 
7 11 12 15 18 25 26 30 31 0 
1 5 7 10 11 20 23 29 0 
3 6 14 17 22 24 29 30 0 
5 6 13 16 17 21 32 0 
3 23 24 28 29 0 
1 5 8 14 15 20 24 27 0 
1 9 21 22 29 30 0 
4 20 0 
4 5 28 32 0 
4 20 22 23 0 
8 18 28 0 
7 9 14 17 23 30 0 
1 6 8 10 18 25 27 0 
4 14 20 26 30 32 0 
1 4 19 25 28 0 
1 2 5 24 31 32 0 
1 6 10 14 15 17 19 22 0 
4 8 10 21 25 0 
7 12 13 14 19 22 0 
5 10 13 23 27 0 
1 4 6 7 18 26 31 0 
2 3 4 19 23 0 
5 10 16 19 28 31 0 
8 9 17 24 26 27 0 
2 3 6 9 14 26 28 29 31 0 
7 11 12 25 26 27 29 31 0 
5 11 18 22 0 
14 16 19 22 23 30 0 
9 15 26 0 
2 3 4 9 14 21 0 
9 10 17 21 22 25 27 28 31 0 
3 6 17 18 26 30 0 
2 5 17 22 23 24 26 28 29 30 0 
2 5 6 10 18 22 26 27 0 
3 7 12 18 20 21 22 23 26 30 0 
6 24 31 0 
1 13 15 18 30 31 0 
1 2 4 9 17 23 29 30 0 
11 21 23 26 29 31 0 
1 9 11 25 26 27 29 30 0 
1 5 13 29 0 
4 5 8 9 20 21 29 32 0 
14 20 22 32 0 
9 12 13 20 21 22 27 28 30 0 
1 6 13 22 28 31 0 
3 5 8 15 19 22 30 0 
3 4 9 15 18 24 29 30 0 
6 11 16 21 26 28 31 0 
1 3 7 10 13 17 19 24 0 
6 12 14 15 23 25 28 0 
2 8 9 16 22 30 0 
9 12 14 15 16 24 29 0 
8 13 14 22 28 30 0 
1 5 7 9 12 17 20 22 24 25 0 
7 9 11 22 0 
16 22 24 29 30 0 
4 9 11 13 14 23 29 32 0 
1 6 12 17 18 23 25 26 29 0 
3 7 9 13 14 15 24 26 28 29 30 32 0 
3 10 14 16 18 24 28 29 0 
3 8 11 12 18 22 0 
2 12 19 32 0 
5 21 23 24 0 
1 10 13 14 17 18 19 25 0 
1 2 11 32 0 
2 3 8 16 17 19 20 0 
11 12 13 16 20 0 
9 13 15 18 24 31 0 
3 5 7 11 15 16 18 23 26 0 
13 16 18 19 29 32 0 
2 6 10 0 
8 9 21 32 0 
1 3 4 5 8 13 22 24 0 
6 13 21 22 24 0 
3 9 12 25 31 0 
3 6 8 11 23 25 28 31 0 
10 15 26 28 0 
4 5 16 18 0 
2 10 15 22 27 0 
12 15 16 27 0 
2 11 22 23 24 28 0 
8 13 16 20 24 32 0 
7 13 14 15 22 26 0 
3 5 13 23 24 29 0 
3 4 7 10 14 15 24 25 31 0 
1 8 12 26 0 
2 3 5 6 22 25 0 
4 9 15 17 22 27 0 
2 5 6 8 22 27 0 
2 4 7 10 20 23 28 29 30 0 
3 4 9 18 0 
7 14 18 23 0 
6 7 11 12 16 17 18 24 0 
2 4 8 9 12 21 24 28 29 0 
5 10 20 22 27 0 
4 13 23 26 28 29 31 0 
1 3 4 14 16 22 25 27 0 
1 4 6 7 10 11 20 23 0 
1 3 13 16 22 23 25 0 
4 15 30 0 
9 11 12 0 
2 6 17 19 0 
2 4 13 25 28 0 
4 7 16 17 29 0 
9 10 11 12 21 22 24 26 0 
3 10 13 15 17 22 23 26 0 
5 9 14 20 30 0 
5 9 20 23 26 28 0 
11 13 15 21 24 26 27 0 
1 10 13 18 25 0 
1 10 16 20 21 26 30 32 0 
6 13 22 26 0 
5 22 25 32 0 
2 6 10 11 15 18 20 27 31 0 
3 9 15 16 20 30 32 0 
2 13 16 24 29 0 
3 9 11 12 13 20 27 0 
4 9 20 25 26 30 31 0 
3 6 8 19 26 0 
3 9 10 14 21 24 0 
3 4 5 10 29 30 0 
7 18 25 26 27 32 0 
3 8 10 11 14 18 19 20 23 24 31 0 
7 10 18 0 
12 14 16 18 22 30 0 
4 8 12 21 25 26 0 
6 17 24 25 29 30 31 0 
1 2 9 17 30 0 
2 6 7 8 9 19 21 22 0 
1 6 13 17 18 19 25 0 
1 4 6 9 17 21 23 32 0 
4 6 7 12 19 20 21 22 23 25 0 
7 10 11 14 24 29 0 
4 7 17 29 31 0 
1 6 7 8 11 18 24 25 28 29 0 
19 21 24 31 0 
8 9 13 15 19 25 26 27 28 0 
4 14 18 19 25 26 28 31 32 0 
8 10 11 15 24 30 32 0 
8 14 18 27 32 0 
8 16 19 21 22 23 28 30 0 
7 18 20 25 0 
14 17 19 22 24 27 29 31 0 
4 7 20 24 30 31 0 
2 7 23 0 
4 5 7 9 10 16 17 20 29 31 0 
9 15 23 28 31 0 
1 11 0 
2 4 5 14 18 23 0 
6 19 20 22 26 27 0 
1 2 3 5 13 18 29 31 0 
17 18 22 25 30 0 
1 3 6 19 24 30 0 
4 10 14 15 19 26 27 29 31 0 
1 3 6 8 9 25 26 27 0 
10 14 16 21 24 26 32 0 
2 4 10 17 19 29 32 0 
5 8 9 23 29 31 0 
1 11 15 16 17 23 24 0 
5 10 24 0 
9 17 21 27 28 0 
14 16 17 19 20 0 
7 8 10 15 22 29 30 0 
1 9 11 16 19 24 31 0 
3 12 17 19 23 24 28 0 
2 3 5 10 11 22 0 
2 3 7 10 17 0 
3 4 8 9 15 16 26 27 0 
3 4 11 18 19 24 28 30 0 
1 12 14 21 24 25 27 32 0 
1 11 13 17 18 21 0 
2 3 7 8 10 17 26 28 0 
5 14 15 16 17 22 24 31 0 
2 5 8 9 15 20 22 29 31 0 
3 12 13 19 29 0 
5 7 11 31 0 
7 19 22 23 0 
3 12 17 18 24 28 31 0 
1 5 6 7 17 19 20 26 0 
1 2 3 4 11 13 14 27 29 32 0 
3 14 18 20 23 24 29 30 0 
3 5 12 16 17 31 32 0 
3 7 8 15 17 24 0 
1 4 7 10 29 30 0 
2 17 21 24 28 0 
3 5 7 9 14 21 26 32 0 
4 13 15 16 17 24 26 27 30 0 
11 12 13 17 22 31 32 0 
6 12 16 19 22 32 0 
2 3 8 19 21 22 24 0 
9 10 25 26 32 0 
1 8 12 14 15 16 17 19 26 31 0 
1 5 7 11 19 20 26 27 0 
5 11 13 16 22 0 
9 12 14 18 30 32 0 
1 4 14 16 24 0 
3 8 11 12 21 25 0 
11 17 19 20 0 
1 19 23 26 29 32 0 
12 18 0 
11 14 17 30 31 0 
11 13 16 26 28 0 
7 14 15 21 27 29 0 
1 26 28 29 0 
4 8 16 23 28 30 0 
3 11 15 32 0 
2 5 8 13 18 32 0 
9 12 16 0 
5 6 7 8 16 19 22 24 27 0 
6 20 23 30 0 
4 6 17 23 24 25 0 
3 5 6 13 17 25 27 31 0 
1 7 14 17 24 31 32 0 
14 21 0 
6 9 10 18 22 0 
2 3 9 12 16 19 25 32 0 
4 6 14 16 17 18 24 26 0 
5 10 11 12 17 29 32 0 
1 12 13 15 16 0 
4 16 27 0 
2 4 6 13 16 20 21 0 
20 21 31 0 
7 14 19 22 24 0 
24 30 32 0 
17 22 28 32 0 
4 7 20 23 25 27 28 0 
12 14 18 20 21 25 26 32 0 
7 12 15 16 17 24 0 
3 16 20 22 24 32 0 
3 5 6 9 24 25 26 28 30 0 
3 4 5 8 12 16 22 27 0 
11 14 16 20 21 22 23 30 0 
8 22 30 31 32 0 
8 10 17 23 32 0 
1 3 7 12 17 26 0 
22 23 24 27 30 31 32 0 
1 9 17 18 20 21 25 26 30 31 0 
7 17 19 26 29 32 0 
5 10 18 28 0 
3 16 22 23 27 29 0 
1 3 7 32 0 
11 16 31 32 0 
8 9 12 13 18 19 25 31 0 
2 7 9 11 15 18 19 20 26 32 0 
12 15 21 22 23 27 0 
2 6 8 12 14 16 25 26 29 0 
1 2 8 21 24 32 0 
8 9 21 24 28 0 
21 23 28 32 0 
5 10 11 15 0 
2 5 6 16 20 23 24 26 27 0 
2 4 6 9 24 0 
2 15 21 26 27 32 0 
1 3 21 27 28 30 0 
12 29 0 
12 17 18 21 24 0 
2 22 24 25 29 30 0 
3 6 15 16 32 0 
4 6 8 14 15 22 26 30 0 
8 9 12 16 17 21 24 25 0 
5 9 11 16 24 32 0 
3 9 10 13 25 27 32 0 
3 4 13 15 17 32 0 
11 22 23 31 0 
2 9 16 18 20 22 27 29 31 32 0 
5 6 15 16 22 25 26 27 31 32 0 
2 5 8 12 16 17 19 26 32 0 
2 7 9 11 12 27 30 0 
5 16 19 20 23 30 0 
3 13 22 0 
7 11 23 30 31 0 
1 2 5 9 12 14 18 19 24 26 0 
7 18 21 22 23 27 32 0 
2 12 15 20 28 32 0 
7 12 15 18 28 0 
11 20 24 26 28 0 
1 5 11 14 15 24 0 
4 7 10 14 21 22 0 
8 17 21 22 28 0 
3 4 10 19 20 21 23 0 
8 16 18 22 0 
7 14 25 27 30 32 0 
1 4 8 11 22 29 0 
10 14 17 26 31 0 
4 8 12 21 25 31 0 
4 5 20 25 29 0 
5 13 14 23 0 
6 7 20 22 27 0 
6 11 12 14 19 30 0 
4 9 12 15 17 26 28 0 
4 10 12 15 16 17 18 24 29 31 0 
1 5 6 7 12 14 26 29 32 0 
3 7 8 10 14 21 23 31 32 0 
2 6 17 25 26 0 
12 16 17 18 19 20 23 0 
3 11 15 16 18 19 29 30 0 
6 11 15 17 30 31 32 0 
4 7 10 16 17 20 23 26 27 28 31 0 
2 3 7 12 22 25 26 27 31 0 
6 21 23 25 27 0 
6 16 17 26 29 32 0 
5 7 8 19 27 28 30 0 
3 10 13 16 22 23 25 32 0 
4 6 15 16 17 18 28 0 
11 21 23 24 26 27 29 0 
5 9 11 13 0 
1 5 9 16 26 0 
5 12 18 20 24 31 0 
2 6 8 12 28 32 0 
2 3 12 17 18 24 27 31 0 
14 22 24 26 27 28 29 0 
4 5 6 9 18 20 32 0 
3 5 6 14 23 0 
2 6 8 14 22 32 0 
14 21 22 24 0 
13 19 20 22 30 0 
4 8 17 0 
4 5 6 10 11 16 18 20 0 
14 16 23 30 31 0 
1 6 12 22 29 32 0 
10 11 15 26 32 0 
1 5 13 17 19 20 23 0 
2 13 14 15 17 18 21 29 0 
1 12 14 18 20 25 31 0 
2 7 11 20 22 23 30 31 0 
8 9 13 24 0 
3 13 15 23 30 0 
1 2 6 25 28 31 0 
1 9 10 11 14 24 27 32 0 
5 14 24 28 29 30 0 
11 13 16 17 22 30 0 
1 6 10 21 22 24 28 29 0 
1 2 14 15 16 17 23 25 0 
6 8 11 13 17 23 0 
4 5 16 0 
1 2 3 9 10 31 0 
4 7 12 15 19 21 24 28 30 0 
2 8 14 25 27 28 29 0 
5 9 11 17 18 24 0 
2 4 8 16 20 28 30 0 
1 4 5 8 9 12 13 25 28 0 
3 5 24 25 31 0 
3 4 5 7 18 21 0 
5 12 15 20 22 23 27 28 0 
2 15 19 25 28 30 0 
16 24 28 31 32 0 
10 13 15 29 32 0 
8 11 25 26 31 0 
4 7 17 19 25 32 0 
1 7 9 12 19 23 32 0 
3 7 9 13 24 0 
1 4 8 13 17 23 24 32 0 
3 7 12 16 19 26 32 0 
6 7 10 12 13 16 20 29 0 
3 4 12 22 26 28 0 
7 17 19 21 27 0 
9 14 17 23 26 0 
1 2 3 20 27 0 
6 10 18 19 20 28 29 0 
6 10 15 17 23 29 32 0 
7 11 14 16 21 0 
4 5 6 9 10 15 19 26 0 
6 14 22 26 0 
10 19 20 25 0 
8 10 12 14 17 19 23 32 0 
-9 -10 -14 -16 -17 -23 -30 0 
-4 -18 -19 -25 0 
-3 -4 -13 -24 -27 0 
-1 -9 -14 -15 -24 -26 -30 0 
-8 -10 -12 -15 0 
-2 -5 -7 -11 -16 -19 -21 -32 0 
-1 -6 -18 -19 -21 -22 -24 -31 -32 0 
-10 -12 -15 -20 -25 -26 0 
-4 -6 -7 -15 -17 -23 -26 -32 0 
-4 -7 -23 -29 -30 0 
-14 -27 -29 -30 0 
-1 -4 -6 -7 -9 -10 -13 -20 -24 -25 -30 -31 0 
-4 -5 -9 -13 -15 -17 -21 -24 -27 -28 0 
-7 -9 -16 -18 -22 -24 -25 -30 0 
-8 -9 -15 -17 -19 -24 -31 -32 0 
-2 -13 -16 -19 -21 -32 0 
-7 -8 -16 -28 -31 -32 0 
-11 -14 -18 -19 -23 -24 0 
-3 -5 -7 -11 -23 -26 0 
-4 -15 -17 -18 -19 -22 -26 -27 -30 -32 0 
-8 -14 -16 -18 -27 -28 -29 0 
-3 -14 -16 -22 -25 -31 0 
-1 -2 -7 -16 -18 -19 -20 -27 0 
-3 -7 -18 -19 -21 -27 -28 -30 -32 0 
-1 -4 -8 -12 -15 -20 0 
-2 -3 -12 -19 -23 -32 0 
-4 -8 -19 -27 -28 -29 0 
-7 -8 -20 -24 -31 0 
-17 -19 -32 0 
-1 -4 -9 -16 -19 -26 0 
-15 -18 -24 0 
-4 -7 -10 -13 -18 -20 -28 -32 0 
-9 -10 -23 -25 -27 -28 -29 -32 0 
-5 -10 -13 -23 -31 -32 0 
-2 -3 -9 -19 -27 -30 0 
-7 -11 -12 -15 -18 -25 -26 -30 -31 0 
-1 -5 -7 -10 -11 -20 -23 -29 0 
-3 -6 -14 -17 -22 -24 -29 -30 0 
-5 -6 -13 -16 -17 -21 -32 0 
-3 -23 -24 -28 -29 0 
-1 -5 -8 -14 -15 -20 -24 -27 0 
-1 -9 -21 -22 -29 -30 0 
-4 -20 0 
-4 -5 -28 -32 0 
-4 -20 -22 -23 0 
-8 -18 -28 0 
-7 -9 -14 -17 -23 -30 0 
-1 -6 -8 -10 -18 -25 -27 0 
-4 -14 -20 -26 -30 -32 0 
-1 -4 -19 -25 -28 0 
-1 -2 -5 -24 -31 -32 0 
-1 -6 -10 -14 -15 -17 -19 -22 0 
-4 -8 -10 -21 -25 0 
-7 -12 -13 -14 -19 -22 0 
-5 -10 -13 -23 -27 0 
-1 -4 -6 -7 -18 -26 -31 0 
-2 -3 -4 -19 -23 0 
-5 -10 -16 -19 -28 -31 0 
-8 -9 -17 -24 -26 -27 0 
-2 -3 -6 -9 -14 -26 -28 -29 -31 0 
-7 -11 -12 -25 -26 -27 -29 -31 0 
-5 -11 -18 -22 0 
-14 -16 -19 -22 -23 -30 0 
-9 -15 -26 0 
-2 -3 -4 -9 -14 -21 0 
-9 -10 -17 -21 -22 -25 -27 -28 -31 0 
-3 -6 -17 -18 -26 -30 0 
-2 -5 -17 -22 -23 -24 -26 -28 -29 -30 0 
-2 -5 -6 -10 -18 -22 -26 -27 0 
-3 -7 -12 -18 -20 -21 -22 -23 -26 -30 0 
-6 -24 -31 0 
-1 -13 -15 -18 -30 -31 0 
-1 -2 -4 -9 -17 -23 -29 -30 0 
-11 -21 -23 -26 -29 -31 0 
-1 -9 -11 -25 -26 -27 -29 -30 0 
-1 -5 -13 -29 0 
-4 -5 -8 -9 -20 -21 -29 -32 0 
-14 -20 -22 -32 0 
-9 -12 -13 -20 -21 -22 -27 -28 -30 0 
-1 -6 -13 -22 -28 -31 0 
-3 -5 -8 -15 -19 -22 -30 0 
-3 -4 -9 -15 -18 -24 -29 -30 0 
-6 -11 -16 -21 -26 -28 -31 0 
-1 -3 -7 -10 -13 -17 -19 -24 0 
-6 -12 -14 -15 -23 -25 -28 0 
-2 -8 -9 -16 -22 -30 0 
-9 -12 -14 -15 -16 -24 -29 0 
-8 -13 -14 -22 -28 -30 0 
-1 -5 -7 -9 -12 -17 -20 -22 -24 -25 0 
-7 -9 -11 -22 0 
-16 -22 -24 -29 -30 0 
-4 -9 -11 -13 -14 -23 -29 -32 0 
-1 -6 -12 -17 -18 -23 -25 -26 -29 0 
-3 -7 -9 -13 -14 -15 -24 -26 -28 -29 -30 -32 0 
-3 -10 -14 -16 -18 -24 -28 -29 0 
-3 -8 -11 -12 -18 -22 0 
-2 -12 -19 -32 0 
-5 -21 -23 -24 0 
-1 -10 -13 -14 -17 -18 -19 -25 0 
-1 -2 -11 -32 0 
-2 -3 -8 -16 -17 -19 -20 0 
-11 -12 -13 -16 -20 0 
-9 -13 -15 -18 -24 -31 0 
-3 -5 -7 -11 -15 -16 -18 -23 -26 0 
-13 -16 -18 -19 -29 -32 0 
-2 -6 -10 0 
-8 -9 -21 -32 0 
-1 -3 -4 -5 -8 -13 -22 -24 0 
-6 -13 -21 -22 -24 0 
-3 -9 -12 -25 -31 0 
-3 -6 -8 -11 -23 -25 -28 -31 0 
-10 -15 -26 -28 0 
-4 -5 -16 -18 0 
-2 -10 -15 -22 -27 0 
-12 -15 -16 -27 0 
-2 -11 -22 -23 -24 -28 0 
-8 -13 -16 -20 -24 -32 0 
-7 -13 -14 -15 -22 -26 0 
-3 -5 -13 -23 -24 -29 0 
-3 -4 -7 -10 -14 -15 -24 -25 -31 0 
-1 -8 -12 -26 0 
-2 -3 -5 -6 -22 -25 0 
-4 -9 -15 -17 -22 -27 0 
-2 -5 -6 -8 -22 -27 0 
-2 -4 -7 -10 -20 -23 -28 -29 -30 0 
-3 -4 -9 -18 0 
-7 -14 -18 -23 0 
-6 -7 -11 -12 -16 -17 -18 -24 0 
-2 -4 -8 -9 -12 -21 -24 -28 -29 0 
-5 -10 -20 -22 -27 0 
-4 -13 -23 -26 -28 -29 -31 0 
-1 -3 -4 -14 -16 -22 -25 -27 0 
-1 -4 -6 -7 -10 -11 -20 -23 0 
-1 -3 -13 -16 -22 -23 -25 0 
-4 -15 -30 0 
-9 -11 -12 0 
-2 -6 -17 -19 0 
-2 -4 -13 -25 -28 0 
-4 -7 -16 -17 -29 0 
-9 -10 -11 -12 -21 -22 -24 -26 0 
-3 -10 -13 -15 -17 -22 -23 -26 0 
-5 -9 -14 -20 -30 0 
-5 -9 -20 -23 -26 -28 0 
-11 -13 -15 -21 -24 -26 -27 0 
-1 -10 -13 -18 -25 0 
-1 -10 -16 -20 -21 -26 -30 -32 0 
-6 -13 -22 -26 0 
-5 -22 -25 -32 0 
-2 -6 -10 -11 -15 -18 -20 -27 -31 0 
-3 -9 -15 -16 -20 -30 -32 0 
-2 -13 -16 -24 -29 0 
-3 -9 -11 -12 -13 -20 -27 0 
-4 -9 -20 -25 -26 -30 -31 0 
-3 -6 -8 -19 -26 0 
-3 -9 -10 -14 -21 -24 0 
-3 -4 -5 -10 -29 -30 0 
-7 -18 -25 -26 -27 -32 0 
-3 -8 -10 -11 -14 -18 -19 -20 -23 -24 -31 0 
-7 -10 -18 0 
-12 -14 -16 -18 -22 -30 0 
-4 -8 -12 -21 -25 -26 0 
-6 -17 -24 -25 -29 -30 -31 0 
-1 -2 -9 -17 -30 0 
-2 -6 -7 -8 -9 -19 -21 -22 0 
-1 -6 -13 -17 -18 -19 -25 0 
-1 -4 -6 -9 -17 -21 -23 -32 0 
-4 -6 -7 -12 -19 -20 -21 -22 -23 -25 0 
-7 -10 -11 -14 -24 -29 0 
-4 -7 -17 -29 -31 0 
-1 -6 -7 -8 -11 -18 -24 -25 -28 -29 0 
-19 -21 -24 -31 0 
-8 -9 -13 -15 -19 -25 -26 -27 -28 0 
-4 -14 -18 -19 -25 -26 -28 -31 -32 0 
-8 -10 -11 -15 -24 -30 -32 0 
-8 -14 -18 -27 -32 0 
-8 -16 -19 -21 -22 -23 -28 -30 0 
-7 -18 -20 -25 0 
-14 -17 -19 -22 -24 -27 -29 -31 0 
-4 -7 -20 -24 -30 -31 0 
-2 -7 -23 0 
-4 -5 -7 -9 -10 -16 -17 -20 -29 -31 0 
-9 -15 -23 -28 -31 0 
-1 -11 0 
-2 -4 -5 -14 -18 -23 0 
-6 -19 -20 -22 -26 -27 0 
-1 -2 -3 -5 -13 -18 -29 -31 0 
-17 -18 -22 -25 -30 0 
-1 -3 -6 -19 -24 -30 0 
-4 -10 -14 -15 -19 -26 -27 -29 -31 0 
-1 -3 -6 -8 -9 -25 -26 -27 0 
-10 -14 -16 -21 -24 -26 -32 0 
-2 -4 -10 -17 -19 -29 -32 0 
-5 -8 -9 -23 -29 -31 0 
-1 -11 -15 -16 -17 -23 -24 0 
-5 -10 -24 0 
-9 -17 -21 -27 -28 0 
-14 -16 -17 -19 -20 0 
-7 -8 -10 -15 -22 -29 -30 0 
-1 -9 -11 -16 -19 -24 -31 0 
-3 -12 -17 -19 -23 -24 -28 0 
-2 -3 -5 -10 -11 -22 0 
-2 -3 -7 -10 -17 0 
-3 -4 -8 -9 -15 -16 -26 -27 0 
-3 -4 -11 -18 -19 -24 -28 -30 0 
-1 -12 -14 -21 -24 -25 -27 -32 0 
-1 -11 -13 -17 -18 -21 0 
-2 -3 -7 -8 -10 -17 -26 -28 0 
-5 -14 -15 -16 -17 -22 -24 -31 0 
-2 -5 -8 -9 -15 -20 -22 -29 -31 0 
-3 -12 -13 -19 -29 0 
-5 -7 -11 -31 0 
-7 -19 -22 -23 0 
-3 -12 -17 -18 -24 -28 -31 0 
-1 -5 -6 -7 -17 -19 -20 -26 0 
-1 -2 -3 -4 -11 -13 -14 -27 -29 -32 0 
-3 -14 -18 -20 -23 -24 -29 -30 0 
-3 -5 -12 -16 -17 -31 -32 0 
-3 -7 -8 -15 -17 -24 0 
-1 -4 -7 -10 -29 -30 0 
-2 -17 -21 -24 -28 0 
-3 -5 -7 -9 -14 -21 -26 -32 0 
-4 -13 -15 -16 -17 -24 -26 -27 -30 0 
-11 -12 -13 -17 -22 -31 -32 0 
-6 -12 -16 -19 -22 -32 0 
-2 -3 -8 -19 -21 -22 -24 0 
-9 -10 -25 -26 -32 0 
-1 -8 -12 -14 -15 -16 -17 -19 -26 -31 0 
-1 -5 -7 -11 -19 -20 -26 -27 0 
-5 -11 -13 -16 -22 0 
-9 -12 -14 -18 -30 -32 0 
-1 -4 -14 -16 -24 0 
-3 -8 -11 -12 -21 -25 0 
-11 -17 -19 -20 0 
-1 -19 -23 -26 -29 -32 0 
-12 -18 0 
-11 -14 -17 -30 -31 0 
-11 -13 -16 -26 -28 0 
-7 -14 -15 -21 -27 -29 0 
-1 -26 -28 -29 0 
-4 -8 -16 -23 -28 -30 0 
-3 -11 -15 -32 0 
-2 -5 -8 -13 -18 -32 0 
-9 -12 -16 0 
-5 -6 -7 -8 -16 -19 -22 -24 -27 0 
-6 -20 -23 -30 0 
-4 -6 -17 -23 -24 -25 0 
-3 -5 -6 -13 -17 -25 -27 -31 0 
-1 -7 -14 -17 -24 -31 -32 0 
-14 -21 0 
-6 -9 -10 -18 -22 0 
-2 -3 -9 -12 -16 -19 -25 -32 0 
-4 -6 -14 -16 -17 -18 -24 -26 0 
-5 -10 -11 -12 -17 -29 -32 0 
-1 -12 -13 -15 -16 0 
-4 -16 -27 0 
-2 -4 -6 -13 -16 -20 -21 0 
-20 -21 -31 0 
-7 -14 -19 -22 -24 0 
-24 -30 -32 0 
-17 -22 -28 -32 0 
-4 -7 -20 -23 -25 -27 -28 0 
-12 -14 -18 -20 -21 -25 -26 -32 0 
-7 -12 -15 -16 -17 -24 0 
-3 -16 -20 -22 -24 -32 0 
-3 -5 -6 -9 -24 -25 -26 -28 -30 0 
-3 -4 -5 -8 -12 -16 -22 -27 0 
-11 -14 -16 -20 -21 -22 -23 -30 0 
-8 -22 -30 -31 -32 0 
-8 -10 -17 -23 -32 0 
-1 -3 -7 -12 -17 -26 0 
-22 -23 -24 -27 -30 -31 -32 0 
-1 -9 -17 -18 -20 -21 -25 -26 -30 -31 0 
-7 -17 -19 -26 -29 -32 0 
-5 -10 -18 -28 0 
-3 -16 -22 -23 -27 -29 0 
-1 -3 -7 -32 0 
-11 -16 -31 -32 0 
-8 -9 -12 -13 -18 -19 -25 -31 0 
-2 -7 -9 -11 -15 -18 -19 -20 -26 -32 0 
-12 -15 -21 -22 -23 -27 0 
-2 -6 -8 -12 -14 -16 -25 -26 -29 0 
-1 -2 -8 -21 -24 -32 0 
-8 -9 -21 -24 -28 0 
-21 -23 -28 -32 0 
-5 -10 -11 -15 0 
-2 -5 -6 -16 -20 -23 -24 -26 -27 0 
-2 -4 -6 -9 -24 0 
-2 -15 -21 -26 -27 -32 0 
-1 -3 -21 -27 -28 -30 0 
-12 -29 0 
-12 -17 -18 -21 -24 0 
-2 -22 -24 -25 -29 -30 0 
-3 -6 -15 -16 -32 0 
-4 -6 -8 -14 -15 -22 -26 -30 0 
-8 -9 -12 -16 -17 -21 -24 -25 0 
-5 -9 -11 -16 -24 -32 0 
-3 -9 -10 -13 -25 -27 -32 0 
-3 -4 -13 -15 -17 -32 0 
-11 -22 -23 -31 0 
-2 -9 -16 -18 -20 -22 -27 -29 -31 -32 0 
-5 -6 -15 -16 -22 -25 -26 -27 -31 -32 0 
-2 -5 -8 -12 -16 -17 -19 -26 -32 0 
-2 -7 -9 -11 -12 -27 -30 0 
-5 -16 -19 -20 -23 -30 0 
-3 -13 -22 0 
-7 -11 -23 -30 -31 0 
-1 -2 -5 -9 -12 -14 -18 -19 -24 -26 0 
-7 -18 -21 -22 -23 -27 -32 0 
-2 -12 -15 -20 -28 -32 0 
-7 -12 -15 -18 -28 0 
-11 -20 -24 -26 -28 0 
-1 -5 -11 -14 -15 -24 0 
-4 -7 -10 -14 -21 -22 0 
-8 -17 -21 -22 -28 0 
-3 -4 -10 -19 -20 -21 -23 0 
-8 -16 -18 -22 0 
-7 -14 -25 -27 -30 -32 0 
-1 -4 -8 -11 -22 -29 0 
-10 -14 -17 -26 -31 0 
-4 -8 -12 -21 -25 -31 0 
-4 -5 -20 -25 -29 0 
-5 -13 -14 -23 0 
-6 -7 -20 -22 -27 0 
-6 -11 -12 -14 -19 -30 0 
-4 -9 -12 -15 -17 -26 -28 0 
-4 -10 -12 -15 -16 -17 -18 -24 -29 -31 0 
-1 -5 -6 -7 -12 -14 -26 -29 -32 0 
-3 -7 -8 -10 -14 -21 -23 -31 -32 0 
-2 -6 -17 -25 -26 0 
-12 -16 -17 -18 -19 -20 -23 0 
-3 -11 -15 -16 -18 -19 -29 -30 0 
-6 -11 -15 -17 -30 -31 -32 0 
-4 -7 -10 -16 -17 -20 -23 -26 -27 -28 -31 0 
-2 -3 -7 -12 -22 -25 -26 -27 -31 0 
-6 -21 -23 -25 -27 0 
-6 -16 -17 -26 -29 -32 0 
-5 -7 -8 -19 -27 -28 -30 0 
-3 -10 -13 -16 -22 -23 -25 -32 0 
-4 -6 -15 -16 -17 -18 -28 0 
-11 -21 -23 -24 -26 -27 -29 0 
-5 -9 -11 -13 0 
-1 -5 -9 -16 -26 0 
-5 -12 -18 -20 -24 -31 0 
-2 -6 -8 -12 -28 -32 0 
-2 -3 -12 -17 -18 -24 -27 -31 0 
-14 -22 -24 -26 -27 -28 -29 0 
-4 -5 -6 -9 -18 -20 -32 0 
-3 -5 -6 -14 -23 0 
-2 -6 -8 -14 -22 -32 0 
-14 -21 -22 -24 0 
-13 -19 -20 -22 -30 0 
-4 -8 -17 0 
-4 -5 -6 -10 -11 -16 -18 -20 0 
-14 -16 -23 -30 -31 0 
-1 -6 -12 -22 -29 -32 0 
-10 -11 -15 -26 -32 0 
-1 -5 -13 -17 -19 -20 -23 0 
-2 -13 -14 -15 -17 -18 -21 -29 0 
-1 -12 -14 -18 -20 -25 -31 0 
-2 -7 -11 -20 -22 -23 -30 -31 0 
-8 -9 -13 -24 0 
-3 -13 -15 -23 -30 0 
-1 -2 -6 -25 -28 -31 0 
-1 -9 -10 -11 -14 -24 -27 -32 0 
-5 -14 -24 -28 -29 -30 0 
-11 -13 -16 -17 -22 -30 0 
-1 -6 -10 -21 -22 -24 -28 -29 0 
-1 -2 -14 -15 -16 -17 -23 -25 0 
-6 -8 -11 -13 -17 -23 0 
-4 -5 -16 0 
-1 -2 -3 -9 -10 -31 0 
-4 -7 -12 -15 -19 -21 -24 -28 -30 0 
-2 -8 -14 -25 -27 -28 -29 0 
-5 -9 -11 -17 -18 -24 0 
-2 -4 -8 -16 -20 -28 -30 0 
-1 -4 -5 -8 -9 -12 -13 -25 -28 0 
-3 -5 -24 -25 -31 0 
-3 -4 -5 -7 -18 -21 0 
-5 -12 -15 -20 -22 -23 -27 -28 0 
-2 -15 -19 -25 -28 -30 0 
-16 -24 -28 -31 -32 0 
-10 -13 -15 -29 -32 0 
-8 -11 -25 -26 -31 0 
-4 -7 -17 -19 -25 -32 0 
-1 -7 -9 -12 -19 -23 -32 0 
-3 -7 -9 -13 -24 0 
-1 -4 -8 -13 -17 -23 -24 -32 0 
-3 -7 -12 -16 -19 -26 -32 0 
-6 -7 -10 -12 -13 -16 -20 -29 0 
-3 -4 -12 -22 -26 -28 0 
-7 -17 -19 -21 -27 0 
-9 -14 -17 -23 -26 0 
-1 -2 -3 -20 -27 0 
-6 -10 -18 -19 -20 -28 -29 0 
-6 -10 -15 -17 -23 -29 -32 0 
-7 -11 -14 -16 -21 0 
-4 -5 -6 -9 -10 -15 -19 -26 0 
-6 -14 -22 -26 0 
-10 -19 -20 -25 0 
-8 -10 -12 -14 -17 -19 -23 -32 0 
