p cnf 32 800
1 6 13 14 16 32 0 
17 23 27 28 32 0 
7 18 22 26 29 32 0 
5 15 18 23 24 25 30 31 32 0 
2 6 8 11 17 18 21 27 29 0 
3 11 12 15 25 27 32 0 
5 7 11 16 17 0 
5 6 10 19 28 0 
2 4 12 13 18 19 21 25 0 
8 14 15 23 28 0 
9 12 16 17 20 32 0 
1 8 10 16 18 23 24 0 
2 7 16 17 22 28 0 
2 3 5 10 12 17 27 29 0 
1 2 9 12 17 31 0 
5 8 9 10 16 19 24 25 0 
11 13 21 27 31 32 0 
2 5 6 10 21 26 28 32 0 
1 18 20 21 23 24 25 27 30 0 
13 26 28 30 32 0 
1 5 9 12 19 22 23 31 0 
7 11 14 21 26 27 32 0 
1 2 9 10 15 17 19 22 23 0 
13 17 23 32 0 
3 7 19 24 29 0 
5 14 16 19 20 21 30 0 
2 6 20 22 26 28 31 0 
2 4 12 16 17 20 21 27 0 
1 4 8 11 14 17 18 27 30 32 0 
4 5 17 23 0 
6 11 13 23 26 28 29 0 
6 13 16 29 32 0 
7 10 12 21 26 32 0 
1 3 4 5 21 0 
6 7 13 14 19 22 23 28 0 
3 15 20 22 25 29 0 
6 8 13 14 16 18 19 26 28 30 0 
20 29 0 
3 5 9 13 15 22 29 32 0 
3 10 21 22 31 0 
12 18 19 21 28 30 31 0 
3 12 13 18 20 23 0 
6 7 8 15 16 20 25 26 28 29 32 0 
6 7 8 13 19 22 25 26 30 0 
6 10 17 19 23 27 28 0 
3 9 16 23 24 30 31 0 
2 3 9 10 15 20 21 23 24 26 28 29 0 
2 3 5 6 14 17 22 0 
5 9 11 13 23 30 0 
4 11 22 25 31 0 
6 7 16 25 31 32 0 
2 9 10 19 28 29 0 
7 14 15 20 24 28 31 0 
6 8 16 0 
2 3 13 14 25 32 0 
10 17 20 26 29 30 0 
1 3 5 6 10 12 13 14 26 0 
9 11 19 20 21 22 23 0 
8 10 11 13 17 18 21 0 
1 17 20 21 25 26 29 32 0 
4 8 14 16 28 29 0 
4 10 17 19 23 25 30 0 
4 11 21 32 0 
1 2 8 13 19 21 23 0 
4 7 13 15 16 24 27 29 0 
1 3 7 10 12 16 21 27 31 0 
2 13 20 23 26 27 28 29 0 
5 8 24 29 0 
3 8 9 11 23 0 
1 8 9 10 15 28 31 32 0 
3 4 5 13 15 25 0 
1 2 3 6 8 9 12 16 17 20 29 0 
2 5 7 11 17 19 25 29 30 0 
5 7 14 26 0 
3 11 14 15 17 26 28 32 0 
6 11 22 24 27 0 
3 4 22 24 28 0 
1 2 10 11 12 18 19 27 0 
4 5 11 15 20 30 0 
3 10 12 19 24 27 28 29 32 0 
1 7 8 12 16 25 0 
1 9 11 12 18 19 26 28 0 
2 12 19 25 26 27 29 0 
1 2 5 9 10 14 15 19 23 25 28 32 0 
15 18 0 
9 10 18 25 27 0 
1 2 3 10 14 27 28 29 31 0 
3 6 15 17 23 26 0 
6 15 19 24 27 0 
4 6 9 11 13 16 25 26 32 0 
5 7 12 15 22 23 25 30 0 
2 4 12 18 19 21 28 30 32 0 
8 10 13 16 20 23 24 0 
11 23 24 28 0 
13 14 15 20 21 26 0 
2 4 9 12 13 17 20 21 32 0 
1 6 7 11 15 17 25 26 28 32 0 
15 17 24 29 32 0 
2 13 15 30 0 
3 6 9 12 18 26 27 31 32 0 
2 5 15 16 19 0 
13 20 23 28 29 0 
5 6 11 12 14 17 22 0 
1 2 6 8 9 22 0 
4 6 13 18 30 32 0 
5 9 11 14 16 18 22 23 31 32 0 
3 11 17 19 20 23 0 
7 10 16 18 20 22 28 29 0 
14 21 26 31 0 
13 20 0 
1 7 8 9 11 16 18 20 0 
4 8 13 22 29 32 0 
4 13 14 20 0 
1 10 14 23 25 0 
1 6 14 15 19 21 28 31 0 
1 14 15 21 22 26 28 31 0 
4 6 10 18 21 22 24 26 29 31 0 
2 3 6 23 28 32 0 
1 4 14 17 23 28 29 0 
5 18 23 25 31 0 
8 9 17 18 25 27 29 0 
2 3 6 11 15 22 27 28 30 0 
11 12 17 27 28 29 0 
1 21 24 0 
1 7 11 13 15 23 27 29 31 0 
1 2 7 10 11 12 15 18 23 0 
15 19 20 28 32 0 
7 11 16 17 19 24 31 32 0 
3 6 11 13 15 18 20 21 24 31 32 0 
2 8 9 10 12 15 17 21 28 32 0 
3 10 16 20 22 29 31 0 
3 4 9 10 22 27 28 0 
2 14 21 22 23 24 0 
3 6 10 13 21 25 29 31 0 
4 6 7 20 23 27 32 0 
2 7 25 27 28 0 
3 11 24 26 27 32 0 
11 18 19 20 23 25 28 29 30 0 
2 7 10 14 17 21 22 27 31 0 
12 15 25 32 0 
7 15 19 27 0 
6 10 11 13 20 29 30 0 
2 9 10 11 13 14 15 18 28 29 0 
7 19 25 27 29 0 
1 5 7 10 12 14 16 17 29 0 
7 14 20 22 30 31 0 
9 19 26 31 0 
7 15 16 23 27 32 0 
4 6 8 24 26 28 0 
3 13 14 19 28 0 
6 13 15 0 
1 8 26 30 0 
5 13 15 21 32 0 
4 7 18 19 20 21 0 
1 15 19 27 0 
4 5 9 11 15 26 0 
2 3 15 19 21 28 30 31 0 
9 12 15 18 23 31 0 
4 17 20 29 0 
1 3 4 13 14 16 21 29 31 0 
5 10 11 12 17 24 30 31 0 
2 7 16 27 28 0 
3 7 13 18 21 22 26 29 31 0 
6 8 11 17 26 29 31 0 
1 7 17 25 28 29 32 0 
7 8 9 12 13 18 20 25 26 30 0 
5 17 26 27 32 0 
3 5 6 11 17 29 31 0 
4 22 24 26 29 0 
7 12 18 25 26 29 30 0 
7 18 19 31 0 
10 12 25 27 0 
8 16 20 26 0 
1 4 22 24 0 
5 11 12 14 17 32 0 
4 7 10 11 19 23 27 30 31 0 
4 14 18 29 31 0 
6 8 11 12 15 19 26 29 0 
9 10 13 17 20 21 24 26 0 
2 4 5 10 11 14 16 18 23 0 
8 11 16 21 24 26 29 30 0 
8 13 15 17 20 27 28 0 
13 15 18 24 0 
5 6 9 12 18 20 23 0 
10 12 15 20 29 31 0 
2 7 11 13 15 17 21 23 27 28 32 0 
1 3 5 10 14 16 18 27 0 
1 3 5 10 15 0 
7 15 16 28 32 0 
5 11 13 16 20 28 0 
6 10 13 21 24 27 29 0 
5 9 11 16 29 0 
4 6 8 9 27 28 31 0 
2 22 25 0 
5 6 10 24 26 27 28 30 0 
1 3 7 13 21 28 0 
3 4 11 22 25 30 0 
4 5 10 13 14 16 19 20 24 0 
1 4 7 22 29 30 0 
2 14 24 25 28 32 0 
1 2 3 5 10 19 21 23 25 28 29 0 
4 5 6 12 14 15 25 26 28 29 0 
2 4 7 15 18 0 
7 10 13 14 27 30 31 0 
1 3 6 8 19 20 22 0 
1 10 17 22 25 28 0 
10 25 28 32 0 
2 4 8 11 12 16 23 26 27 31 0 
16 18 20 25 0 
1 11 24 28 30 0 
1 4 5 8 10 14 17 21 23 24 28 0 
1 12 18 21 25 0 
1 5 12 30 0 
1 3 8 12 16 24 27 30 31 0 
2 3 13 21 23 30 0 
13 18 22 24 26 27 28 29 0 
6 12 13 20 22 30 0 
14 18 22 23 24 27 28 29 0 
1 3 4 5 11 14 17 23 24 31 0 
15 25 26 27 30 32 0 
2 16 19 20 24 32 0 
2 5 11 14 15 21 0 
15 25 26 30 0 
4 9 11 14 15 17 22 24 32 0 
11 14 30 31 0 
6 22 24 25 31 32 0 
1 7 20 0 
1 2 7 9 11 13 18 0 
5 8 28 29 30 0 
1 4 27 0 
7 10 29 0 
9 10 12 22 0 
1 6 8 18 27 0 
2 6 16 17 22 27 31 0 
9 23 30 32 0 
3 13 18 24 26 30 31 0 
3 4 8 10 13 20 26 32 0 
4 5 9 18 19 21 23 26 31 0 
3 6 22 27 29 0 
5 11 14 24 0 
1 3 5 10 11 27 30 0 
7 16 19 24 0 
1 3 11 12 24 31 32 0 
2 13 14 22 24 26 27 29 32 0 
12 15 17 30 31 0 
1 7 10 13 24 26 30 0 
1 6 10 13 19 0 
2 6 7 28 0 
3 6 13 20 0 
4 5 12 14 17 20 21 22 30 31 0 
2 17 18 22 29 0 
1 4 9 10 12 23 27 31 0 
2 21 23 29 0 
2 3 7 18 23 32 0 
3 4 6 14 15 21 26 29 32 0 
13 14 15 18 19 23 0 
3 7 8 9 10 11 21 22 30 0 
10 20 23 0 
4 9 10 20 27 0 
3 7 26 32 0 
7 13 14 29 0 
8 9 10 12 14 18 26 28 30 0 
6 9 13 24 0 
7 14 18 20 25 29 30 31 32 0 
6 8 9 13 22 28 0 
14 17 18 0 
1 7 16 22 23 27 29 30 0 
6 8 16 0 
9 14 16 24 26 28 32 0 
17 22 29 0 
3 7 10 18 29 30 0 
15 21 25 31 0 
2 5 9 13 26 27 0 
5 12 14 23 25 0 
8 13 16 18 21 22 0 
9 15 16 17 20 21 26 29 0 
12 15 24 0 
1 5 17 20 28 0 
3 11 13 15 24 26 31 0 
1 8 11 14 16 17 19 22 30 0 
3 6 12 14 19 21 23 0 
11 15 22 29 0 
10 15 20 23 24 0 
4 6 13 15 32 0 
15 19 26 0 
1 7 29 30 31 0 
1 4 14 23 24 25 32 0 
9 15 22 26 28 31 0 
3 7 10 25 26 0 
7 27 32 0 
1 8 10 14 23 24 25 31 32 0 
1 6 11 16 20 0 
5 9 12 21 23 25 31 32 0 
15 16 20 28 0 
10 11 14 29 0 
1 6 9 11 12 32 0 
4 8 11 14 18 20 23 24 0 
8 12 16 19 22 23 26 27 0 
2 13 23 0 
7 16 20 24 28 0 
2 13 16 22 24 28 0 
10 14 17 25 28 0 
5 12 16 18 0 
6 10 13 28 0 
4 12 16 17 18 21 26 27 29 30 0 
6 7 12 18 19 20 23 24 27 28 0 
1 9 12 16 26 30 0 
7 13 15 22 24 30 0 
3 11 18 22 23 29 0 
4 12 13 14 0 
1 4 9 20 26 28 0 
5 13 15 19 29 31 0 
1 6 8 12 16 22 28 29 31 0 
10 22 28 31 32 0 
2 6 8 15 16 17 20 21 0 
15 16 27 32 0 
18 27 29 0 
2 3 7 10 18 20 0 
1 20 23 24 0 
12 29 0 
4 23 29 0 
1 12 13 25 27 30 0 
3 7 11 12 13 19 24 26 28 0 
3 4 8 16 19 21 25 31 0 
2 4 5 14 17 31 0 
2 4 12 16 29 0 
6 9 11 21 26 27 32 0 
17 18 21 23 31 32 0 
4 28 31 0 
5 7 11 16 19 21 0 
7 13 14 18 20 29 0 
5 11 13 19 20 21 30 0 
5 13 14 15 19 20 25 29 31 0 
4 9 11 13 16 17 28 30 32 0 
2 8 30 0 
1 19 21 22 0 
1 2 3 5 12 21 27 30 32 0 
5 6 9 10 23 0 
1 10 14 15 20 26 0 
9 12 14 16 18 27 29 30 0 
5 9 11 12 21 23 0 
5 15 16 21 0 
2 4 5 13 14 15 17 21 29 0 
6 15 17 21 29 31 0 
4 10 11 13 28 30 0 
2 3 14 15 20 26 31 0 
6 8 13 15 30 0 
1 4 14 26 31 0 
2 4 14 15 17 20 21 29 30 0 
5 6 8 10 11 22 24 25 27 31 0 
21 22 28 0 
4 6 10 17 19 21 32 0 
2 4 9 13 16 23 26 27 0 
9 11 12 24 26 27 0 
3 5 6 7 12 15 0 
2 7 16 0 
1 8 11 12 16 18 22 23 28 0 
3 8 9 10 11 14 20 22 24 28 29 0 
1 2 4 28 0 
3 6 7 11 13 15 20 26 29 0 
6 8 9 14 15 18 19 30 0 
3 15 19 20 25 0 
5 12 21 24 26 28 29 32 0 
1 13 18 21 23 26 0 
4 6 10 13 16 20 0 
1 3 15 19 20 23 27 28 29 31 0 
3 5 6 16 19 21 26 30 0 
3 7 13 15 16 26 0 
4 10 16 19 29 0 
6 7 21 29 31 32 0 
7 12 15 17 19 22 26 0 
4 5 15 19 32 0 
9 11 19 24 29 30 31 0 
3 12 17 25 0 
11 27 32 0 
2 25 30 32 0 
1 8 13 14 27 0 
7 17 19 20 26 27 29 0 
8 17 23 29 0 
2 6 13 24 28 31 32 0 
2 10 25 27 32 0 
1 7 12 18 27 30 0 
3 9 13 15 24 28 0 
13 14 16 17 26 0 
5 12 20 24 0 
7 21 26 29 0 
10 11 19 21 28 0 
17 20 23 24 27 0 
3 6 10 11 15 17 23 29 30 31 0 
5 9 11 13 14 23 32 0 
4 5 12 14 24 27 30 0 
1 12 22 0 
8 18 23 30 0 
8 10 14 15 21 25 0 
3 4 9 18 0 
4 5 11 19 23 0 
2 3 8 26 0 
1 5 6 8 9 14 15 17 27 30 0 
4 16 17 19 24 27 30 0 
4 7 8 9 18 26 32 0 
-1 -6 -13 -14 -16 -32 0 
-17 -23 -27 -28 -32 0 
-7 -18 -22 -26 -29 -32 0 
-5 -15 -18 -23 -24 -25 -30 -31 -32 0 
-2 -6 -8 -11 -17 -18 -21 -27 -29 0 
-3 -11 -12 -15 -25 -27 -32 0 
-5 -7 -11 -16 -17 0 
-5 -6 -10 -19 -28 0 
-2 -4 -12 -13 -18 -19 -21 -25 0 
-8 -14 -15 -23 -28 0 
-9 -12 -16 -17 -20 -32 0 
-1 -8 -10 -16 -18 -23 -24 0 
-2 -7 -16 -17 -22 -28 0 
-2 -3 -5 -10 -12 -17 -27 -29 0 
-1 -2 -9 -12 -17 -31 0 
-5 -8 -9 -10 -16 -19 -24 -25 0 
-11 -13 -21 -27 -31 -32 0 
-2 -5 -6 -10 -21 -26 -28 -32 0 
-1 -18 -20 -21 -23 -24 -25 -27 -30 0 
-13 -26 -28 -30 -32 0 
-1 -5 -9 -12 -19 -22 -23 -31 0 
-7 -11 -14 -21 -26 -27 -32 0 
-1 -2 -9 -10 -15 -17 -19 -22 -23 0 
-13 -17 -23 -32 0 
-3 -7 -19 -24 -29 0 
-5 -14 -16 -19 -20 -21 -30 0 
-2 -6 -20 -22 -26 -28 -31 0 
-2 -4 -12 -16 -17 -20 -21 -27 0 
-1 -4 -8 -11 -14 -17 -18 -27 -30 -32 0 
-4 -5 -17 -23 0 
-6 -11 -13 -23 -26 -28 -29 0 
-6 -13 -16 -29 -32 0 
-7 -10 -12 -21 -26 -32 0 
-1 -3 -4 -5 -21 0 
-6 -7 -13 -14 -19 -22 -23 -28 0 
-3 -15 -20 -22 -25 -29 0 
-6 -8 -13 -14 -16 -18 -19 -26 -28 -30 0 
-20 -29 0 
-3 -5 -9 -13 -15 -22 -29 -32 0 
-3 -10 -21 -22 -31 0 
-12 -18 -19 -21 -28 -30 -31 0 
-3 -12 -13 -18 -20 -23 0 
-6 -7 -8 -15 -16 -20 -25 -26 -28 -29 -32 0 
-6 -7 -8 -13 -19 -22 -25 -26 -30 0 
-6 -10 -17 -19 -23 -27 -28 0 
-3 -9 -16 -23 -24 -30 -31 0 
-2 -3 -9 -10 -15 -20 -21 -23 -24 -26 -28 -29 0 
-2 -3 -5 -6 -14 -17 -22 0 
-5 -9 -11 -13 -23 -30 0 
-4 -11 -22 -25 -31 0 
-6 -7 -16 -25 -31 -32 0 
-2 -9 -10 -19 -28 -29 0 
-7 -14 -15 -20 -24 -28 -31 0 
-6 -8 -16 0 
-2 -3 -13 -14 -25 -32 0 
-10 -17 -20 -26 -29 -30 0 
-1 -3 -5 -6 -10 -12 -13 -14 -26 0 
-9 -11 -19 -20 -21 -22 -23 0 
-8 -10 -11 -13 -17 -18 -21 0 
-1 -17 -20 -21 -25 -26 -29 -32 0 
-4 -8 -14 -16 -28 -29 0 
-4 -10 -17 -19 -23 -25 -30 0 
-4 -11 -21 -32 0 
-1 -2 -8 -13 -19 -21 -23 0 
-4 -7 -13 -15 -16 -24 -27 -29 0 
-1 -3 -7 -10 -12 -16 -21 -27 -31 0 
-2 -13 -20 -23 -26 -27 -28 -29 0 
-5 -8 -24 -29 0 
-3 -8 -9 -11 -23 0 
-1 -8 -9 -10 -15 -28 -31 -32 0 
-3 -4 -5 -13 -15 -25 0 
-1 -2 -3 -6 -8 -9 -12 -16 -17 -20 -29 0 
-2 -5 -7 -11 -17 -19 -25 -29 -30 0 
-5 -7 -14 -26 0 
-3 -11 -14 -15 -17 -26 -28 -32 0 
-6 -11 -22 -24 -27 0 
-3 -4 -22 -24 -28 0 
-1 -2 -10 -11 -12 -18 -19 -27 0 
-4 -5 -11 -15 -20 -30 0 
-3 -10 -12 -19 -24 -27 -28 -29 -32 0 
-1 -7 -8 -12 -16 -25 0 
-1 -9 -11 -12 -18 -19 -26 -28 0 
-2 -12 -19 -25 -26 -27 -29 0 
-1 -2 -5 -9 -10 -14 -15 -19 -23 -25 -28 -32 0 
-15 -18 0 
-9 -10 -18 -25 -27 0 
-1 -2 -3 -10 -14 -27 -28 -29 -31 0 
-3 -6 -15 -17 -23 -26 0 
-6 -15 -19 -24 -27 0 
-4 -6 -9 -11 -13 -16 -25 -26 -32 0 
-5 -7 -12 -15 -22 -23 -25 -30 0 
-2 -4 -12 -18 -19 -21 -28 -30 -32 0 
-8 -10 -13 -16 -20 -23 -24 0 
-11 -23 -24 -28 0 
-13 -14 -15 -20 -21 -26 0 
-2 -4 -9 -12 -13 -17 -20 -21 -32 0 
-1 -6 -7 -11 -15 -17 -25 -26 -28 -32 0 
-15 -17 -24 -29 -32 0 
-2 -13 -15 -30 0 
-3 -6 -9 -12 -18 -26 -27 -31 -32 0 
-2 -5 -15 -16 -19 0 
-13 -20 -23 -28 -29 0 
-5 -6 -11 -12 -14 -17 -22 0 
-1 -2 -6 -8 -9 -22 0 
-4 -6 -13 -18 -30 -32 0 
-5 -9 -11 -14 -16 -18 -22 -23 -31 -32 0 
-3 -11 -17 -19 -20 -23 0 
-7 -10 -16 -18 -20 -22 -28 -29 0 
-14 -21 -26 -31 0 
-13 -20 0 
-1 -7 -8 -9 -11 -16 -18 -20 0 
-4 -8 -13 -22 -29 -32 0 
-4 -13 -14 -20 0 
-1 -10 -14 -23 -25 0 
-1 -6 -14 -15 -19 -21 -28 -31 0 
-1 -14 -15 -21 -22 -26 -28 -31 0 
-4 -6 -10 -18 -21 -22 -24 -26 -29 -31 0 
-2 -3 -6 -23 -28 -32 0 
-1 -4 -14 -17 -23 -28 -29 0 
-5 -18 -23 -25 -31 0 
-8 -9 -17 -18 -25 -27 -29 0 
-2 -3 -6 -11 -15 -22 -27 -28 -30 0 
-11 -12 -17 -27 -28 -29 0 
-1 -21 -24 0 
-1 -7 -11 -13 -15 -23 -27 -29 -31 0 
-1 -2 -7 -10 -11 -12 -15 -18 -23 0 
-15 -19 -20 -28 -32 0 
-7 -11 -16 -17 -19 -24 -31 -32 0 
-3 -6 -11 -13 -15 -18 -20 -21 -24 -31 -32 0 
-2 -8 -9 -10 -12 -15 -17 -21 -28 -32 0 
-3 -10 -16 -20 -22 -29 -31 0 
-3 -4 -9 -10 -22 -27 -28 0 
-2 -14 -21 -22 -23 -24 0 
-3 -6 -10 -13 -21 -25 -29 -31 0 
-4 -6 -7 -20 -23 -27 -32 0 
-2 -7 -25 -27 -28 0 
-3 -11 -24 -26 -27 -32 0 
-11 -18 -19 -20 -23 -25 -28 -29 -30 0 
-2 -7 -10 -14 -17 -21 -22 -27 -31 0 
-12 -15 -25 -32 0 
-7 -15 -19 -27 0 
-6 -10 -11 -13 -20 -29 -30 0 
-2 -9 -10 -11 -13 -14 -15 -18 -28 -29 0 
-7 -19 -25 -27 -29 0 
-1 -5 -7 -10 -12 -14 -16 -17 -29 0 
-7 -14 -20 -22 -30 -31 0 
-9 -19 -26 -31 0 
-7 -15 -16 -23 -27 -32 0 
-4 -6 -8 -24 -26 -28 0 
-3 -13 -14 -19 -28 0 
-6 -13 -15 0 
-1 -8 -26 -30 0 
-5 -13 -15 -21 -32 0 
-4 -7 -18 -19 -20 -21 0 
-1 -15 -19 -27 0 
-4 -5 -9 -11 -15 -26 0 
-2 -3 -15 -19 -21 -28 -30 -31 0 
-9 -12 -15 -18 -23 -31 0 
-4 -17 -20 -29 0 
-1 -3 -4 -13 -14 -16 -21 -29 -31 0 
-5 -10 -11 -12 -17 -24 -30 -31 0 
-2 -7 -16 -27 -28 0 
-3 -7 -13 -18 -21 -22 -26 -29 -31 0 
-6 -8 -11 -17 -26 -29 -31 0 
-1 -7 -17 -25 -28 -29 -32 0 
-7 -8 -9 -12 -13 -18 -20 -25 -26 -30 0 
-5 -17 -26 -27 -32 0 
-3 -5 -6 -11 -17 -29 -31 0 
-4 -22 -24 -26 -29 0 
-7 -12 -18 -25 -26 -29 -30 0 
-7 -18 -19 -31 0 
-10 -12 -25 -27 0 
-8 -16 -20 -26 0 
-1 -4 -22 -24 0 
-5 -11 -12 -14 -17 -32 0 
-4 -7 -10 -11 -19 -23 -27 -30 -31 0 
-4 -14 -18 -29 -31 0 
-6 -8 -11 -12 -15 -19 -26 -29 0 
-9 -10 -13 -17 -20 -21 -24 -26 0 
-2 -4 -5 -10 -11 -14 -16 -18 -23 0 
-8 -11 -16 -21 -24 -26 -29 -30 0 
-8 -13 -15 -17 -20 -27 -28 0 
-13 -15 -18 -24 0 
-5 -6 -9 -12 -18 -20 -23 0 
-10 -12 -15 -20 -29 -31 0 
-2 -7 -11 -13 -15 -17 -21 -23 -27 -28 -32 0 
-1 -3 -5 -10 -14 -16 -18 -27 0 
-1 -3 -5 -10 -15 0 
-7 -15 -16 -28 -32 0 
-5 -11 -13 -16 -20 -28 0 
-6 -10 -13 -21 -24 -27 -29 0 
-5 -9 -11 -16 -29 0 
-4 -6 -8 -9 -27 -28 -31 0 
-2 -22 -25 0 
-5 -6 -10 -24 -26 -27 -28 -30 0 
-1 -3 -7 -13 -21 -28 0 
-3 -4 -11 -22 -25 -30 0 
-4 -5 -10 -13 -14 -16 -19 -20 -24 0 
-1 -4 -7 -22 -29 -30 0 
-2 -14 -24 -25 -28 -32 0 
-1 -2 -3 -5 -10 -19 -21 -23 -25 -28 -29 0 
-4 -5 -6 -12 -14 -15 -25 -26 -28 -29 0 
-2 -4 -7 -15 -18 0 
-7 -10 -13 -14 -27 -30 -31 0 
-1 -3 -6 -8 -19 -20 -22 0 
-1 -10 -17 -22 -25 -28 0 
-10 -25 -28 -32 0 
-2 -4 -8 -11 -12 -16 -23 -26 -27 -31 0 
-16 -18 -20 -25 0 
-1 -11 -24 -28 -30 0 
-1 -4 -5 -8 -10 -14 -17 -21 -23 -24 -28 0 
-1 -12 -18 -21 -25 0 
-1 -5 -12 -30 0 
-1 -3 -8 -12 -16 -24 -27 -30 -31 0 
-2 -3 -13 -21 -23 -30 0 
-13 -18 -22 -24 -26 -27 -28 -29 0 
-6 -12 -13 -20 -22 -30 0 
-14 -18 -22 -23 -24 -27 -28 -29 0 
-1 -3 -4 -5 -11 -14 -17 -23 -24 -31 0 
-15 -25 -26 -27 -30 -32 0 
-2 -16 -19 -20 -24 -32 0 
-2 -5 -11 -14 -15 -21 0 
-15 -25 -26 -30 0 
-4 -9 -11 -14 -15 -17 -22 -24 -32 0 
-11 -14 -30 -31 0 
-6 -22 -24 -25 -31 -32 0 
-1 -7 -20 0 
-1 -2 -7 -9 -11 -13 -18 0 
-5 -8 -28 -29 -30 0 
-1 -4 -27 0 
-7 -10 -29 0 
-9 -10 -12 -22 0 
-1 -6 -8 -18 -27 0 
-2 -6 -16 -17 -22 -27 -31 0 
-9 -23 -30 -32 0 
-3 -13 -18 -24 -26 -30 -31 0 
-3 -4 -8 -10 -13 -20 -26 -32 0 
-4 -5 -9 -18 -19 -21 -23 -26 -31 0 
-3 -6 -22 -27 -29 0 
-5 -11 -14 -24 0 
-1 -3 -5 -10 -11 -27 -30 0 
-7 -16 -19 -24 0 
-1 -3 -11 -12 -24 -31 -32 0 
-2 -13 -14 -22 -24 -26 -27 -29 -32 0 
-12 -15 -17 -30 -31 0 
-1 -7 -10 -13 -24 -26 -30 0 
-1 -6 -10 -13 -19 0 
-2 -6 -7 -28 0 
-3 -6 -13 -20 0 
-4 -5 -12 -14 -17 -20 -21 -22 -30 -31 0 
-2 -17 -18 -22 -29 0 
-1 -4 -9 -10 -12 -23 -27 -31 0 
-2 -21 -23 -29 0 
-2 -3 -7 -18 -23 -32 0 
-3 -4 -6 -14 -15 -21 -26 -29 -32 0 
-13 -14 -15 -18 -19 -23 0 
-3 -7 -8 -9 -10 -11 -21 -22 -30 0 
-10 -20 -23 0 
-4 -9 -10 -20 -27 0 
-3 -7 -26 -32 0 
-7 -13 -14 -29 0 
-8 -9 -10 -12 -14 -18 -26 -28 -30 0 
-6 -9 -13 -24 0 
-7 -14 -18 -20 -25 -29 -30 -31 -32 0 
-6 -8 -9 -13 -22 -28 0 
-14 -17 -18 0 
-1 -7 -16 -22 -23 -27 -29 -30 0 
-6 -8 -16 0 
-9 -14 -16 -24 -26 -28 -32 0 
-17 -22 -29 0 
-3 -7 -10 -18 -29 -30 0 
-15 -21 -25 -31 0 
-2 -5 -9 -13 -26 -27 0 
-5 -12 -14 -23 -25 0 
-8 -13 -16 -18 -21 -22 0 
-9 -15 -16 -17 -20 -21 -26 -29 0 
-12 -15 -24 0 
-1 -5 -17 -20 -28 0 
-3 -11 -13 -15 -24 -26 -31 0 
-1 -8 -11 -14 -16 -17 -19 -22 -30 0 
-3 -6 -12 -14 -19 -21 -23 0 
-11 -15 -22 -29 0 
-10 -15 -20 -23 -24 0 
-4 -6 -13 -15 -32 0 
-15 -19 -26 0 
-1 -7 -29 -30 -31 0 
-1 -4 -14 -23 -24 -25 -32 0 
-9 -15 -22 -26 -28 -31 0 
-3 -7 -10 -25 -26 0 
-7 -27 -32 0 
-1 -8 -10 -14 -23 -24 -25 -31 -32 0 
-1 -6 -11 -16 -20 0 
-5 -9 -12 -21 -23 -25 -31 -32 0 
-15 -16 -20 -28 0 
-10 -11 -14 -29 0 
-1 -6 -9 -11 -12 -32 0 
-4 -8 -11 -14 -18 -20 -23 -24 0 
-8 -12 -16 -19 -22 -23 -26 -27 0 
-2 -13 -23 0 
-7 -16 -20 -24 -28 0 
-2 -13 -16 -22 -24 -28 0 
-10 -14 -17 -25 -28 0 
-5 -12 -16 -18 0 
-6 -10 -13 -28 0 
-4 -12 -16 -17 -18 -21 -26 -27 -29 -30 0 
-6 -7 -12 -18 -19 -20 -23 -24 -27 -28 0 
-1 -9 -12 -16 -26 -30 0 
-7 -13 -15 -22 -24 -30 0 
-3 -11 -18 -22 -23 -29 0 
-4 -12 -13 -14 0 
-1 -4 -9 -20 -26 -28 0 
-5 -13 -15 -19 -29 -31 0 
-1 -6 -8 -12 -16 -22 -28 -29 -31 0 
-10 -22 -28 -31 -32 0 
-2 -6 -8 -15 -16 -17 -20 -21 0 
-15 -16 -27 -32 0 
-18 -27 -29 0 
-2 -3 -7 -10 -18 -20 0 
-1 -20 -23 -24 0 
-12 -29 0 
-4 -23 -29 0 
-1 -12 -13 -25 -27 -30 0 
-3 -7 -11 -12 -13 -19 -24 -26 -28 0 
-3 -4 -8 -16 -19 -21 -25 -31 0 
-2 -4 -5 -14 -17 -31 0 
-2 -4 -12 -16 -29 0 
-6 -9 -11 -21 -26 -27 -32 0 
-17 -18 -21 -23 -31 -32 0 
-4 -28 -31 0 
-5 -7 -11 -16 -19 -21 0 
-7 -13 -14 -18 -20 -29 0 
-5 -11 -13 -19 -20 -21 -30 0 
-5 -13 -14 -15 -19 -20 -25 -29 -31 0 
-4 -9 -11 -13 -16 -17 -28 -30 -32 0 
-2 -8 -30 0 
-1 -19 -21 -22 0 
-1 -2 -3 -5 -12 -21 -27 -30 -32 0 
-5 -6 -9 -10 -23 0 
-1 -10 -14 -15 -20 -26 0 
-9 -12 -14 -16 -18 -27 -29 -30 0 
-5 -9 -11 -12 -21 -23 0 
-5 -15 -16 -21 0 
-2 -4 -5 -13 -14 -15 -17 -21 -29 0 
-6 -15 -17 -21 -29 -31 0 
-4 -10 -11 -13 -28 -30 0 
-2 -3 -14 -15 -20 -26 -31 0 
-6 -8 -13 -15 -30 0 
-1 -4 -14 -26 -31 0 
-2 -4 -14 -15 -17 -20 -21 -29 -30 0 
-5 -6 -8 -10 -11 -22 -24 -25 -27 -31 0 
-21 -22 -28 0 
-4 -6 -10 -17 -19 -21 -32 0 
-2 -4 -9 -13 -16 -23 -26 -27 0 
-9 -11 -12 -24 -26 -27 0 
-3 -5 -6 -7 -12 -15 0 
-2 -7 -16 0 
-1 -8 -11 -12 -16 -18 -22 -23 -28 0 
-3 -8 -9 -10 -11 -14 -20 -22 -24 -28 -29 0 
-1 -2 -4 -28 0 
-3 -6 -7 -11 -13 -15 -20 -26 -29 0 
-6 -8 -9 -14 -15 -18 -19 -30 0 
-3 -15 -19 -20 -25 0 
-5 -12 -21 -24 -26 -28 -29 -32 0 
-1 -13 -18 -21 -23 -26 0 
-4 -6 -10 -13 -16 -20 0 
-1 -3 -15 -19 -20 -23 -27 -28 -29 -31 0 
-3 -5 -6 -16 -19 -21 -26 -30 0 
-3 -7 -13 -15 -16 -26 0 
-4 -10 -16 -19 -29 0 
-6 -7 -21 -29 -31 -32 0 
-7 -12 -15 -17 -19 -22 -26 0 
-4 -5 -15 -19 -32 0 
-9 -11 -19 -24 -29 -30 -31 0 
-3 -12 -17 -25 0 
-11 -27 -32 0 
-2 -25 -30 -32 0 
-1 -8 -13 -14 -27 0 
-7 -17 -19 -20 -26 -27 -29 0 
-8 -17 -23 -29 0 
-2 -6 -13 -24 -28 -31 -32 0 
-2 -10 -25 -27 -32 0 
-1 -7 -12 -18 -27 -30 0 
-3 -9 -13 -15 -24 -28 0 
-13 -14 -16 -17 -26 0 
-5 -12 -20 -24 0 
-7 -21 -26 -29 0 
-10 -11 -19 -21 -28 0 
-17 -20 -23 -24 -27 0 
-3 -6 -10 -11 -15 -17 -23 -29 -30 -31 0 
-5 -9 -11 -13 -14 -23 -32 0 
-4 -5 -12 -14 -24 -27 -30 0 
-1 -12 -22 0 
-8 -18 -23 -30 0 
-8 -10 -14 -15 -21 -25 0 
-3 -4 -9 -18 0 
-4 -5 -11 -19 -23 0 
-2 -3 -8 -26 0 
-1 -5 -6 -8 -9 -14 -15 -17 -27 -30 0 
-4 -16 -17 -19 -24 -27 -30 0 
-4 -7 -8 -9 -18 -26 -32 0 
