p cnf 32 800
2 8 12 14 22 25 0 
3 4 8 16 21 25 31 0 
3 24 28 0 
3 19 29 0 
3 6 9 12 23 28 0 
4 10 13 21 25 0 
8 13 20 21 24 30 0 
21 22 27 31 0 
11 16 21 31 0 
3 6 7 10 13 18 24 0 
3 7 18 19 20 29 32 0 
7 9 21 30 0 
3 12 21 29 30 31 0 
9 11 15 16 19 23 31 0 
4 18 19 20 21 27 30 0 
10 15 16 17 20 26 29 30 0 
1 3 11 13 17 19 21 22 0 
7 10 14 16 18 22 23 24 0 
2 4 14 16 17 29 0 
1 8 16 17 25 32 0 
2 5 8 10 19 20 27 0 
3 7 15 17 20 23 26 0 
1 9 11 13 14 27 0 
3 14 28 31 0 
3 12 13 16 17 19 21 0 
4 5 8 13 15 23 24 26 0 
4 16 25 26 0 
5 15 22 24 25 26 28 29 32 0 
1 8 9 16 23 25 29 0 
4 10 13 18 20 29 32 0 
3 6 8 26 0 
14 16 22 25 30 31 0 
3 4 9 12 20 25 27 0 
1 3 14 32 0 
2 3 4 8 13 18 32 0 
4 15 20 21 22 29 0 
15 17 20 22 25 32 0 
15 20 27 31 0 
4 7 11 15 17 20 24 25 29 31 0 
15 17 25 27 0 
10 14 18 19 21 22 24 26 0 
2 9 10 19 22 24 0 
3 8 11 20 24 31 0 
2 9 17 32 0 
2 7 9 18 32 0 
6 16 19 21 22 24 30 31 0 
2 5 7 10 0 
12 18 19 27 0 
2 5 9 16 20 0 
12 14 16 18 19 22 32 0 
3 7 10 11 16 0 
3 8 9 11 13 19 22 26 30 31 0 
13 15 17 19 25 27 31 32 0 
5 17 19 28 30 0 
7 11 17 22 0 
4 6 14 24 28 0 
13 23 25 31 32 0 
3 4 12 15 16 20 29 32 0 
9 19 22 28 0 
3 4 11 15 30 0 
5 6 8 32 0 
1 5 7 8 21 28 30 0 
2 8 23 24 26 0 
7 11 12 13 26 27 0 
1 6 10 17 18 20 26 27 31 0 
5 18 20 22 23 0 
18 19 23 30 0 
3 4 17 18 28 32 0 
3 4 7 14 25 31 0 
2 5 14 19 20 24 0 
1 2 5 9 12 13 23 0 
6 11 12 14 21 32 0 
9 17 19 22 25 26 32 0 
8 18 23 30 0 
1 3 11 13 20 23 29 30 32 0 
2 5 6 11 15 17 22 28 0 
9 17 18 21 0 
1 13 16 24 27 28 0 
3 13 16 19 28 0 
9 11 15 19 20 25 30 0 
5 9 11 13 19 20 21 24 26 28 0 
1 7 13 21 29 0 
4 9 13 15 0 
5 6 9 12 13 16 21 22 23 24 32 0 
9 18 27 0 
3 4 5 9 14 18 26 0 
6 9 15 16 19 24 30 0 
1 5 8 14 20 0 
3 11 13 18 22 25 28 29 0 
3 4 12 15 16 22 24 26 0 
4 5 8 9 14 16 20 28 31 0 
3 6 12 13 16 18 26 32 0 
4 5 7 8 11 14 17 19 26 27 32 0 
1 4 6 12 16 24 28 31 32 0 
4 8 10 17 32 0 
1 27 30 0 
3 5 8 17 20 27 29 30 0 
1 9 14 15 18 22 26 29 31 0 
2 6 9 12 19 25 30 31 0 
1 2 3 4 9 10 11 15 16 18 20 22 26 0 
9 14 22 25 28 0 
2 10 14 25 27 29 31 0 
5 12 13 15 0 
5 7 8 15 29 31 0 
13 14 19 20 27 0 
2 3 6 7 17 19 27 30 31 0 
1 11 13 23 28 29 30 31 0 
1 4 10 16 20 22 32 0 
2 6 8 13 18 26 27 0 
4 9 12 13 15 20 29 30 0 
2 4 7 13 18 26 0 
1 3 5 14 15 31 0 
2 12 13 18 19 21 0 
4 7 10 26 30 31 0 
11 13 14 16 17 31 0 
3 10 14 21 26 30 31 0 
2 10 17 21 26 32 0 
1 6 7 15 22 23 25 0 
6 7 11 15 17 18 20 23 25 0 
1 6 13 16 17 28 31 0 
2 7 11 19 20 21 0 
3 15 17 21 29 30 0 
1 7 10 18 19 22 0 
1 2 4 9 10 18 26 0 
7 13 15 17 22 30 32 0 
19 23 30 0 
1 4 11 12 13 15 18 23 0 
4 12 26 27 32 0 
1 16 17 22 0 
3 4 9 14 15 21 27 0 
13 14 22 29 0 
1 3 4 5 8 20 25 31 0 
4 13 14 28 0 
1 2 12 15 16 23 27 28 0 
12 13 17 19 21 24 28 31 0 
5 7 11 16 27 32 0 
5 8 12 14 18 29 31 0 
2 3 10 18 19 20 24 28 0 
1 5 20 22 29 0 
1 10 12 26 0 
2 3 17 21 0 
9 12 13 23 29 0 
1 6 19 20 32 0 
3 7 11 17 21 24 27 32 0 
7 19 31 32 0 
2 9 11 13 14 18 22 26 27 32 0 
9 10 20 26 0 
1 10 13 14 25 26 32 0 
12 14 23 24 31 0 
1 6 9 15 16 18 21 27 0 
9 16 20 21 30 0 
11 14 16 0 
1 2 6 22 28 31 32 0 
1 3 5 11 12 18 21 26 28 0 
5 12 17 18 20 22 26 0 
7 9 11 18 21 24 0 
6 11 14 16 17 0 
3 12 16 19 26 27 30 0 
2 7 11 28 0 
16 17 20 24 28 0 
3 8 9 13 16 18 20 28 30 31 0 
4 11 13 17 18 29 0 
3 8 10 23 28 31 0 
1 2 7 8 10 15 18 22 0 
15 20 22 25 29 0 
3 18 19 23 25 29 0 
2 8 16 17 18 19 20 28 0 
2 11 17 28 0 
3 8 12 13 15 25 28 0 
1 14 16 20 22 24 25 26 0 
1 7 9 0 
7 9 18 25 27 0 
13 22 25 26 32 0 
1 4 18 24 26 29 0 
16 18 19 28 0 
1 2 15 20 25 27 32 0 
6 8 10 11 17 23 25 0 
5 11 19 26 31 0 
6 9 13 17 24 25 28 0 
4 8 21 22 27 0 
14 15 17 26 31 0 
7 8 27 0 
5 8 12 20 21 23 28 0 
2 10 22 24 26 28 30 0 
3 18 22 26 0 
4 11 13 23 27 28 30 0 
6 7 20 29 0 
1 3 6 13 15 21 22 23 0 
1 5 13 18 21 22 25 31 0 
5 12 14 23 25 0 
5 8 10 12 0 
15 17 21 23 28 29 31 0 
2 9 17 28 0 
1 2 13 26 0 
3 5 7 8 10 14 17 23 25 31 0 
3 4 15 16 23 0 
2 10 17 21 0 
1 5 10 11 17 22 26 29 31 0 
2 7 12 14 21 25 0 
11 14 25 26 29 0 
4 5 13 23 28 0 
7 11 13 17 18 19 20 24 32 0 
5 9 19 21 22 29 30 0 
1 4 10 13 14 21 27 0 
1 5 21 26 27 0 
1 3 12 13 16 17 27 30 31 0 
9 16 27 29 31 0 
4 11 12 15 17 21 22 0 
5 6 13 14 15 17 24 0 
2 4 11 23 28 29 0 
3 4 6 9 14 20 25 0 
12 19 20 21 30 0 
4 10 14 20 23 24 31 0 
17 25 29 0 
6 10 17 20 23 24 0 
3 4 5 14 18 28 0 
1 7 11 16 23 24 28 29 0 
11 22 27 0 
3 9 10 16 26 27 0 
2 14 16 20 21 28 0 
9 14 17 19 30 0 
3 10 16 17 23 29 0 
12 14 25 28 29 0 
8 9 10 14 20 24 0 
1 10 11 24 32 0 
3 6 15 16 17 20 22 28 32 0 
1 17 20 23 26 29 0 
1 2 6 9 14 22 29 32 0 
1 19 21 24 30 0 
9 11 24 25 31 0 
4 8 13 19 27 28 0 
4 6 17 24 29 0 
5 9 13 17 19 26 0 
6 11 15 18 0 
8 26 29 31 0 
10 17 23 28 31 0 
3 4 13 15 17 23 24 27 31 0 
11 20 23 0 
1 4 7 8 9 18 21 27 28 0 
10 12 13 19 20 22 23 27 31 0 
1 2 3 7 8 11 12 13 15 28 31 0 
5 7 15 17 21 23 0 
4 9 11 20 29 31 32 0 
4 6 7 11 17 20 31 0 
2 3 4 5 13 14 16 18 23 32 0 
9 13 22 26 29 0 
1 11 26 32 0 
3 10 11 12 26 31 0 
4 8 9 13 20 26 28 0 
1 4 7 8 9 15 17 20 23 31 0 
1 3 5 6 18 28 0 
5 6 12 29 0 
3 10 11 15 18 20 25 0 
6 8 10 12 13 17 19 27 30 31 0 
16 18 21 27 29 0 
1 11 12 19 32 0 
3 10 12 22 27 0 
5 9 11 15 19 27 28 0 
8 10 19 20 22 27 28 29 0 
3 8 9 10 17 29 0 
1 3 21 23 24 0 
12 14 16 22 26 0 
3 10 20 23 28 31 0 
5 10 22 31 32 0 
4 14 16 17 18 23 0 
2 7 20 22 31 32 0 
1 6 14 17 18 19 22 26 28 0 
2 4 11 26 27 0 
2 4 6 8 15 21 28 30 31 0 
2 9 10 23 24 26 31 0 
3 5 13 14 21 23 28 29 30 0 
3 5 13 15 17 18 22 23 0 
1 2 4 12 20 26 0 
13 16 20 22 24 29 0 
2 4 6 8 9 10 14 18 20 24 26 0 
4 5 9 11 12 17 23 29 0 
5 19 22 0 
3 4 5 7 8 12 14 19 21 23 25 32 0 
11 15 18 21 23 29 0 
2 8 10 17 18 20 21 22 28 29 30 0 
3 5 8 17 30 31 0 
6 7 11 21 28 29 30 31 0 
1 18 21 22 25 29 32 0 
16 21 26 0 
7 8 31 0 
1 3 7 8 13 17 21 23 0 
7 9 10 12 18 22 30 0 
7 9 10 13 15 19 21 30 0 
7 8 9 10 12 17 29 31 0 
8 16 27 32 0 
11 15 20 27 0 
9 17 19 24 27 29 0 
2 5 7 13 16 17 18 26 30 0 
2 3 12 24 26 29 31 32 0 
1 5 6 7 10 19 22 26 29 0 
10 12 19 29 32 0 
2 4 15 18 19 21 24 30 0 
1 6 13 21 22 27 30 0 
4 10 12 13 16 19 23 0 
2 6 9 10 13 19 29 32 0 
4 14 16 20 22 23 0 
2 12 14 22 25 29 0 
4 9 11 22 26 28 29 0 
2 7 17 24 0 
8 12 15 25 27 0 
5 9 11 12 17 21 22 27 32 0 
1 2 3 11 14 23 30 0 
2 9 10 13 16 29 32 0 
2 8 9 19 25 27 0 
1 5 11 16 22 23 32 0 
4 8 12 23 27 30 0 
4 7 9 14 24 0 
1 5 6 11 15 18 21 29 0 
7 14 25 26 0 
12 13 15 19 23 30 32 0 
6 15 21 23 24 0 
2 21 23 24 29 0 
2 9 17 22 30 0 
2 18 24 25 31 32 0 
1 8 15 16 18 24 25 26 29 32 0 
3 7 8 9 10 16 29 30 0 
10 12 13 17 20 21 24 28 0 
12 13 14 18 29 0 
4 8 12 20 22 23 25 28 32 0 
2 16 22 23 25 26 29 30 0 
7 9 10 12 18 20 25 0 
5 15 21 30 0 
2 8 13 16 27 28 0 
2 15 16 20 22 24 26 27 28 0 
1 6 11 21 22 24 0 
2 3 4 5 14 15 18 20 22 26 0 
7 11 15 21 30 0 
11 12 19 28 31 0 
2 7 15 20 23 31 0 
6 14 16 30 0 
7 10 14 15 22 0 
1 6 11 18 20 24 26 27 0 
17 19 31 0 
7 17 18 25 31 0 
5 6 7 16 0 
4 5 12 14 15 19 21 0 
3 8 12 13 18 24 0 
15 16 25 26 30 0 
13 16 25 30 0 
2 11 12 13 17 20 32 0 
9 11 13 16 18 19 0 
5 9 15 17 18 20 28 29 0 
1 7 14 15 21 27 30 0 
3 4 9 18 23 24 25 30 32 0 
4 6 8 10 12 16 0 
2 3 9 12 15 16 22 23 24 26 28 32 0 
12 14 23 24 26 31 0 
4 16 18 23 26 31 32 0 
4 6 7 10 24 25 0 
3 10 14 29 30 0 
2 8 11 17 18 19 21 23 24 29 0 
2 6 9 13 16 18 23 25 0 
1 6 7 10 11 15 23 25 26 30 0 
14 26 32 0 
6 9 17 26 32 0 
3 15 16 17 19 24 25 27 30 32 0 
15 19 20 28 0 
1 14 17 21 24 25 30 0 
4 6 12 15 17 19 21 0 
5 9 12 28 31 0 
6 15 25 27 29 30 0 
2 13 18 21 25 26 0 
1 5 18 19 22 25 26 31 0 
10 13 15 28 31 32 0 
4 6 14 24 28 30 31 0 
5 14 18 24 27 31 0 
3 9 21 29 32 0 
13 14 17 20 26 31 0 
11 20 23 25 26 27 30 0 
9 11 13 17 20 22 26 30 0 
6 7 8 13 16 19 26 29 31 32 0 
1 2 5 6 8 11 17 22 0 
6 12 13 18 24 26 29 31 0 
15 16 18 23 24 25 31 32 0 
2 5 8 22 23 0 
2 5 7 9 17 19 0 
5 19 22 25 29 31 0 
6 8 19 23 28 0 
1 2 9 22 28 30 0 
7 18 21 22 26 32 0 
2 10 19 20 32 0 
4 15 18 19 20 25 27 0 
2 3 4 16 19 22 25 29 0 
4 7 9 11 20 22 26 27 30 31 0 
9 11 16 17 19 27 28 29 0 
1 8 10 13 14 19 22 24 0 
16 24 26 28 0 
2 11 12 16 17 19 21 24 28 30 0 
2 3 9 13 15 17 0 
7 17 21 30 31 0 
2 4 11 13 24 30 0 
6 9 16 17 19 23 25 31 0 
2 3 5 6 16 0 
5 6 9 32 0 
1 10 13 16 21 23 30 31 0 
-2 -8 -12 -14 -22 -25 0 
-3 -4 -8 -16 -21 -25 -31 0 
-3 -24 -28 0 
-3 -19 -29 0 
-3 -6 -9 -12 -23 -28 0 
-4 -10 -13 -21 -25 0 
-8 -13 -20 -21 -24 -30 0 
-21 -22 -27 -31 0 
-11 -16 -21 -31 0 
-3 -6 -7 -10 -13 -18 -24 0 
-3 -7 -18 -19 -20 -29 -32 0 
-7 -9 -21 -30 0 
-3 -12 -21 -29 -30 -31 0 
-9 -11 -15 -16 -19 -23 -31 0 
-4 -18 -19 -20 -21 -27 -30 0 
-10 -15 -16 -17 -20 -26 -29 -30 0 
-1 -3 -11 -13 -17 -19 -21 -22 0 
-7 -10 -14 -16 -18 -22 -23 -24 0 
-2 -4 -14 -16 -17 -29 0 
-1 -8 -16 -17 -25 -32 0 
-2 -5 -8 -10 -19 -20 -27 0 
-3 -7 -15 -17 -20 -23 -26 0 
-1 -9 -11 -13 -14 -27 0 
-3 -14 -28 -31 0 
-3 -12 -13 -16 -17 -19 -21 0 
-4 -5 -8 -13 -15 -23 -24 -26 0 
-4 -16 -25 -26 0 
-5 -15 -22 -24 -25 -26 -28 -29 -32 0 
-1 -8 -9 -16 -23 -25 -29 0 
-4 -10 -13 -18 -20 -29 -32 0 
-3 -6 -8 -26 0 
-14 -16 -22 -25 -30 -31 0 
-3 -4 -9 -12 -20 -25 -27 0 
-1 -3 -14 -32 0 
-2 -3 -4 -8 -13 -18 -32 0 
-4 -15 -20 -21 -22 -29 0 
-15 -17 -20 -22 -25 -32 0 
-15 -20 -27 -31 0 
-4 -7 -11 -15 -17 -20 -24 -25 -29 -31 0 
-15 -17 -25 -27 0 
-10 -14 -18 -19 -21 -22 -24 -26 0 
-2 -9 -10 -19 -22 -24 0 
-3 -8 -11 -20 -24 -31 0 
-2 -9 -17 -32 0 
-2 -7 -9 -18 -32 0 
-6 -16 -19 -21 -22 -24 -30 -31 0 
-2 -5 -7 -10 0 
-12 -18 -19 -27 0 
-2 -5 -9 -16 -20 0 
-12 -14 -16 -18 -19 -22 -32 0 
-3 -7 -10 -11 -16 0 
-3 -8 -9 -11 -13 -19 -22 -26 -30 -31 0 
-13 -15 -17 -19 -25 -27 -31 -32 0 
-5 -17 -19 -28 -30 0 
-7 -11 -17 -22 0 
-4 -6 -14 -24 -28 0 
-13 -23 -25 -31 -32 0 
-3 -4 -12 -15 -16 -20 -29 -32 0 
-9 -19 -22 -28 0 
-3 -4 -11 -15 -30 0 
-5 -6 -8 -32 0 
-1 -5 -7 -8 -21 -28 -30 0 
-2 -8 -23 -24 -26 0 
-7 -11 -12 -13 -26 -27 0 
-1 -6 -10 -17 -18 -20 -26 -27 -31 0 
-5 -18 -20 -22 -23 0 
-18 -19 -23 -30 0 
-3 -4 -17 -18 -28 -32 0 
-3 -4 -7 -14 -25 -31 0 
-2 -5 -14 -19 -20 -24 0 
-1 -2 -5 -9 -12 -13 -23 0 
-6 -11 -12 -14 -21 -32 0 
-9 -17 -19 -22 -25 -26 -32 0 
-8 -18 -23 -30 0 
-1 -3 -11 -13 -20 -23 -29 -30 -32 0 
-2 -5 -6 -11 -15 -17 -22 -28 0 
-9 -17 -18 -21 0 
-1 -13 -16 -24 -27 -28 0 
-3 -13 -16 -19 -28 0 
-9 -11 -15 -19 -20 -25 -30 0 
-5 -9 -11 -13 -19 -20 -21 -24 -26 -28 0 
-1 -7 -13 -21 -29 0 
-4 -9 -13 -15 0 
-5 -6 -9 -12 -13 -16 -21 -22 -23 -24 -32 0 
-9 -18 -27 0 
-3 -4 -5 -9 -14 -18 -26 0 
-6 -9 -15 -16 -19 -24 -30 0 
-1 -5 -8 -14 -20 0 
-3 -11 -13 -18 -22 -25 -28 -29 0 
-3 -4 -12 -15 -16 -22 -24 -26 0 
-4 -5 -8 -9 -14 -16 -20 -28 -31 0 
-3 -6 -12 -13 -16 -18 -26 -32 0 
-4 -5 -7 -8 -11 -14 -17 -19 -26 -27 -32 0 
-1 -4 -6 -12 -16 -24 -28 -31 -32 0 
-4 -8 -10 -17 -32 0 
-1 -27 -30 0 
-3 -5 -8 -17 -20 -27 -29 -30 0 
-1 -9 -14 -15 -18 -22 -26 -29 -31 0 
-2 -6 -9 -12 -19 -25 -30 -31 0 
-1 -2 -3 -4 -9 -10 -11 -15 -16 -18 -20 -22 -26 0 
-9 -14 -22 -25 -28 0 
-2 -10 -14 -25 -27 -29 -31 0 
-5 -12 -13 -15 0 
-5 -7 -8 -15 -29 -31 0 
-13 -14 -19 -20 -27 0 
-2 -3 -6 -7 -17 -19 -27 -30 -31 0 
-1 -11 -13 -23 -28 -29 -30 -31 0 
-1 -4 -10 -16 -20 -22 -32 0 
-2 -6 -8 -13 -18 -26 -27 0 
-4 -9 -12 -13 -15 -20 -29 -30 0 
-2 -4 -7 -13 -18 -26 0 
-1 -3 -5 -14 -15 -31 0 
-2 -12 -13 -18 -19 -21 0 
-4 -7 -10 -26 -30 -31 0 
-11 -13 -14 -16 -17 -31 0 
-3 -10 -14 -21 -26 -30 -31 0 
-2 -10 -17 -21 -26 -32 0 
-1 -6 -7 -15 -22 -23 -25 0 
-6 -7 -11 -15 -17 -18 -20 -23 -25 0 
-1 -6 -13 -16 -17 -28 -31 0 
-2 -7 -11 -19 -20 -21 0 
-3 -15 -17 -21 -29 -30 0 
-1 -7 -10 -18 -19 -22 0 
-1 -2 -4 -9 -10 -18 -26 0 
-7 -13 -15 -17 -22 -30 -32 0 
-19 -23 -30 0 
-1 -4 -11 -12 -13 -15 -18 -23 0 
-4 -12 -26 -27 -32 0 
-1 -16 -17 -22 0 
-3 -4 -9 -14 -15 -21 -27 0 
-13 -14 -22 -29 0 
-1 -3 -4 -5 -8 -20 -25 -31 0 
-4 -13 -14 -28 0 
-1 -2 -12 -15 -16 -23 -27 -28 0 
-12 -13 -17 -19 -21 -24 -28 -31 0 
-5 -7 -11 -16 -27 -32 0 
-5 -8 -12 -14 -18 -29 -31 0 
-2 -3 -10 -18 -19 -20 -24 -28 0 
-1 -5 -20 -22 -29 0 
-1 -10 -12 -26 0 
-2 -3 -17 -21 0 
-9 -12 -13 -23 -29 0 
-1 -6 -19 -20 -32 0 
-3 -7 -11 -17 -21 -24 -27 -32 0 
-7 -19 -31 -32 0 
-2 -9 -11 -13 -14 -18 -22 -26 -27 -32 0 
-9 -10 -20 -26 0 
-1 -10 -13 -14 -25 -26 -32 0 
-12 -14 -23 -24 -31 0 
-1 -6 -9 -15 -16 -18 -21 -27 0 
-9 -16 -20 -21 -30 0 
-11 -14 -16 0 
-1 -2 -6 -22 -28 -31 -32 0 
-1 -3 -5 -11 -12 -18 -21 -26 -28 0 
-5 -12 -17 -18 -20 -22 -26 0 
-7 -9 -11 -18 -21 -24 0 
-6 -11 -14 -16 -17 0 
-3 -12 -16 -19 -26 -27 -30 0 
-2 -7 -11 -28 0 
-16 -17 -20 -24 -28 0 
-3 -8 -9 -13 -16 -18 -20 -28 -30 -31 0 
-4 -11 -13 -17 -18 -29 0 
-3 -8 -10 -23 -28 -31 0 
-1 -2 -7 -8 -10 -15 -18 -22 0 
-15 -20 -22 -25 -29 0 
-3 -18 -19 -23 -25 -29 0 
-2 -8 -16 -17 -18 -19 -20 -28 0 
-2 -11 -17 -28 0 
-3 -8 -12 -13 -15 -25 -28 0 
-1 -14 -16 -20 -22 -24 -25 -26 0 
-1 -7 -9 0 
-7 -9 -18 -25 -27 0 
-13 -22 -25 -26 -32 0 
-1 -4 -18 -24 -26 -29 0 
-16 -18 -19 -28 0 
-1 -2 -15 -20 -25 -27 -32 0 
-6 -8 -10 -11 -17 -23 -25 0 
-5 -11 -19 -26 -31 0 
-6 -9 -13 -17 -24 -25 -28 0 
-4 -8 -21 -22 -27 0 
-14 -15 -17 -26 -31 0 
-7 -8 -27 0 
-5 -8 -12 -20 -21 -23 -28 0 
-2 -10 -22 -24 -26 -28 -30 0 
-3 -18 -22 -26 0 
-4 -11 -13 -23 -27 -28 -30 0 
-6 -7 -20 -29 0 
-1 -3 -6 -13 -15 -21 -22 -23 0 
-1 -5 -13 -18 -21 -22 -25 -31 0 
-5 -12 -14 -23 -25 0 
-5 -8 -10 -12 0 
-15 -17 -21 -23 -28 -29 -31 0 
-2 -9 -17 -28 0 
-1 -2 -13 -26 0 
-3 -5 -7 -8 -10 -14 -17 -23 -25 -31 0 
-3 -4 -15 -16 -23 0 
-2 -10 -17 -21 0 
-1 -5 -10 -11 -17 -22 -26 -29 -31 0 
-2 -7 -12 -14 -21 -25 0 
-11 -14 -25 -26 -29 0 
-4 -5 -13 -23 -28 0 
-7 -11 -13 -17 -18 -19 -20 -24 -32 0 
-5 -9 -19 -21 -22 -29 -30 0 
-1 -4 -10 -13 -14 -21 -27 0 
-1 -5 -21 -26 -27 0 
-1 -3 -12 -13 -16 -17 -27 -30 -31 0 
-9 -16 -27 -29 -31 0 
-4 -11 -12 -15 -17 -21 -22 0 
-5 -6 -13 -14 -15 -17 -24 0 
-2 -4 -11 -23 -28 -29 0 
-3 -4 -6 -9 -14 -20 -25 0 
-12 -19 -20 -21 -30 0 
-4 -10 -14 -20 -23 -24 -31 0 
-17 -25 -29 0 
-6 -10 -17 -20 -23 -24 0 
-3 -4 -5 -14 -18 -28 0 
-1 -7 -11 -16 -23 -24 -28 -29 0 
-11 -22 -27 0 
-3 -9 -10 -16 -26 -27 0 
-2 -14 -16 -20 -21 -28 0 
-9 -14 -17 -19 -30 0 
-3 -10 -16 -17 -23 -29 0 
-12 -14 -25 -28 -29 0 
-8 -9 -10 -14 -20 -24 0 
-1 -10 -11 -24 -32 0 
-3 -6 -15 -16 -17 -20 -22 -28 -32 0 
-1 -17 -20 -23 -26 -29 0 
-1 -2 -6 -9 -14 -22 -29 -32 0 
-1 -19 -21 -24 -30 0 
-9 -11 -24 -25 -31 0 
-4 -8 -13 -19 -27 -28 0 
-4 -6 -17 -24 -29 0 
-5 -9 -13 -17 -19 -26 0 
-6 -11 -15 -18 0 
-8 -26 -29 -31 0 
-10 -17 -23 -28 -31 0 
-3 -4 -13 -15 -17 -23 -24 -27 -31 0 
-11 -20 -23 0 
-1 -4 -7 -8 -9 -18 -21 -27 -28 0 
-10 -12 -13 -19 -20 -22 -23 -27 -31 0 
-1 -2 -3 -7 -8 -11 -12 -13 -15 -28 -31 0 
-5 -7 -15 -17 -21 -23 0 
-4 -9 -11 -20 -29 -31 -32 0 
-4 -6 -7 -11 -17 -20 -31 0 
-2 -3 -4 -5 -13 -14 -16 -18 -23 -32 0 
-9 -13 -22 -26 -29 0 
-1 -11 -26 -32 0 
-3 -10 -11 -12 -26 -31 0 
-4 -8 -9 -13 -20 -26 -28 0 
-1 -4 -7 -8 -9 -15 -17 -20 -23 -31 0 
-1 -3 -5 -6 -18 -28 0 
-5 -6 -12 -29 0 
-3 -10 -11 -15 -18 -20 -25 0 
-6 -8 -10 -12 -13 -17 -19 -27 -30 -31 0 
-16 -18 -21 -27 -29 0 
-1 -11 -12 -19 -32 0 
-3 -10 -12 -22 -27 0 
-5 -9 -11 -15 -19 -27 -28 0 
-8 -10 -19 -20 -22 -27 -28 -29 0 
-3 -8 -9 -10 -17 -29 0 
-1 -3 -21 -23 -24 0 
-12 -14 -16 -22 -26 0 
-3 -10 -20 -23 -28 -31 0 
-5 -10 -22 -31 -32 0 
-4 -14 -16 -17 -18 -23 0 
-2 -7 -20 -22 -31 -32 0 
-1 -6 -14 -17 -18 -19 -22 -26 -28 0 
-2 -4 -11 -26 -27 0 
-2 -4 -6 -8 -15 -21 -28 -30 -31 0 
-2 -9 -10 -23 -24 -26 -31 0 
-3 -5 -13 -14 -21 -23 -28 -29 -30 0 
-3 -5 -13 -15 -17 -18 -22 -23 0 
-1 -2 -4 -12 -20 -26 0 
-13 -16 -20 -22 -24 -29 0 
-2 -4 -6 -8 -9 -10 -14 -18 -20 -24 -26 0 
-4 -5 -9 -11 -12 -17 -23 -29 0 
-5 -19 -22 0 
-3 -4 -5 -7 -8 -12 -14 -19 -21 -23 -25 -32 0 
-11 -15 -18 -21 -23 -29 0 
-2 -8 -10 -17 -18 -20 -21 -22 -28 -29 -30 0 
-3 -5 -8 -17 -30 -31 0 
-6 -7 -11 -21 -28 -29 -30 -31 0 
-1 -18 -21 -22 -25 -29 -32 0 
-16 -21 -26 0 
-7 -8 -31 0 
-1 -3 -7 -8 -13 -17 -21 -23 0 
-7 -9 -10 -12 -18 -22 -30 0 
-7 -9 -10 -13 -15 -19 -21 -30 0 
-7 -8 -9 -10 -12 -17 -29 -31 0 
-8 -16 -27 -32 0 
-11 -15 -20 -27 0 
-9 -17 -19 -24 -27 -29 0 
-2 -5 -7 -13 -16 -17 -18 -26 -30 0 
-2 -3 -12 -24 -26 -29 -31 -32 0 
-1 -5 -6 -7 -10 -19 -22 -26 -29 0 
-10 -12 -19 -29 -32 0 
-2 -4 -15 -18 -19 -21 -24 -30 0 
-1 -6 -13 -21 -22 -27 -30 0 
-4 -10 -12 -13 -16 -19 -23 0 
-2 -6 -9 -10 -13 -19 -29 -32 0 
-4 -14 -16 -20 -22 -23 0 
-2 -12 -14 -22 -25 -29 0 
-4 -9 -11 -22 -26 -28 -29 0 
-2 -7 -17 -24 0 
-8 -12 -15 -25 -27 0 
-5 -9 -11 -12 -17 -21 -22 -27 -32 0 
-1 -2 -3 -11 -14 -23 -30 0 
-2 -9 -10 -13 -16 -29 -32 0 
-2 -8 -9 -19 -25 -27 0 
-1 -5 -11 -16 -22 -23 -32 0 
-4 -8 -12 -23 -27 -30 0 
-4 -7 -9 -14 -24 0 
-1 -5 -6 -11 -15 -18 -21 -29 0 
-7 -14 -25 -26 0 
-12 -13 -15 -19 -23 -30 -32 0 
-6 -15 -21 -23 -24 0 
-2 -21 -23 -24 -29 0 
-2 -9 -17 -22 -30 0 
-2 -18 -24 -25 -31 -32 0 
-1 -8 -15 -16 -18 -24 -25 -26 -29 -32 0 
-3 -7 -8 -9 -10 -16 -29 -30 0 
-10 -12 -13 -17 -20 -21 -24 -28 0 
-12 -13 -14 -18 -29 0 
-4 -8 -12 -20 -22 -23 -25 -28 -32 0 
-2 -16 -22 -23 -25 -26 -29 -30 0 
-7 -9 -10 -12 -18 -20 -25 0 
-5 -15 -21 -30 0 
-2 -8 -13 -16 -27 -28 0 
-2 -15 -16 -20 -22 -24 -26 -27 -28 0 
-1 -6 -11 -21 -22 -24 0 
-2 -3 -4 -5 -14 -15 -18 -20 -22 -26 0 
-7 -11 -15 -21 -30 0 
-11 -12 -19 -28 -31 0 
-2 -7 -15 -20 -23 -31 0 
-6 -14 -16 -30 0 
-7 -10 -14 -15 -22 0 
-1 -6 -11 -18 -20 -24 -26 -27 0 
-17 -19 -31 0 
-7 -17 -18 -25 -31 0 
-5 -6 -7 -16 0 
-4 -5 -12 -14 -15 -19 -21 0 
-3 -8 -12 -13 -18 -24 0 
-15 -16 -25 -26 -30 0 
-13 -16 -25 -30 0 
-2 -11 -12 -13 -17 -20 -32 0 
-9 -11 -13 -16 -18 -19 0 
-5 -9 -15 -17 -18 -20 -28 -29 0 
-1 -7 -14 -15 -21 -27 -30 0 
-3 -4 -9 -18 -23 -24 -25 -30 -32 0 
-4 -6 -8 -10 -12 -16 0 
-2 -3 -9 -12 -15 -16 -22 -23 -24 -26 -28 -32 0 
-12 -14 -23 -24 -26 -31 0 
-4 -16 -18 -23 -26 -31 -32 0 
-4 -6 -7 -10 -24 -25 0 
-3 -10 -14 -29 -30 0 
-2 -8 -11 -17 -18 -19 -21 -23 -24 -29 0 
-2 -6 -9 -13 -16 -18 -23 -25 0 
-1 -6 -7 -10 -11 -15 -23 -25 -26 -30 0 
-14 -26 -32 0 
-6 -9 -17 -26 -32 0 
-3 -15 -16 -17 -19 -24 -25 -27 -30 -32 0 
-15 -19 -20 -28 0 
-1 -14 -17 -21 -24 -25 -30 0 
-4 -6 -12 -15 -17 -19 -21 0 
-5 -9 -12 -28 -31 0 
-6 -15 -25 -27 -29 -30 0 
-2 -13 -18 -21 -25 -26 0 
-1 -5 -18 -19 -22 -25 -26 -31 0 
-10 -13 -15 -28 -31 -32 0 
-4 -6 -14 -24 -28 -30 -31 0 
-5 -14 -18 -24 -27 -31 0 
-3 -9 -21 -29 -32 0 
-13 -14 -17 -20 -26 -31 0 
-11 -20 -23 -25 -26 -27 -30 0 
-9 -11 -13 -17 -20 -22 -26 -30 0 
-6 -7 -8 -13 -16 -19 -26 -29 -31 -32 0 
-1 -2 -5 -6 -8 -11 -17 -22 0 
-6 -12 -13 -18 -24 -26 -29 -31 0 
-15 -16 -18 -23 -24 -25 -31 -32 0 
-2 -5 -8 -22 -23 0 
-2 -5 -7 -9 -17 -19 0 
-5 -19 -22 -25 -29 -31 0 
-6 -8 -19 -23 -28 0 
-1 -2 -9 -22 -28 -30 0 
-7 -18 -21 -22 -26 -32 0 
-2 -10 -19 -20 -32 0 
-4 -15 -18 -19 -20 -25 -27 0 
-2 -3 -4 -16 -19 -22 -25 -29 0 
-4 -7 -9 -11 -20 -22 -26 -27 -30 -31 0 
-9 -11 -16 -17 -19 -27 -28 -29 0 
-1 -8 -10 -13 -14 -19 -22 -24 0 
-16 -24 -26 -28 0 
-2 -11 -12 -16 -17 -19 -21 -24 -28 -30 0 
-2 -3 -9 -13 -15 -17 0 
-7 -17 -21 -30 -31 0 
-2 -4 -11 -13 -24 -30 0 
-6 -9 -16 -17 -19 -23 -25 -31 0 
-2 -3 -5 -6 -16 0 
-5 -6 -9 -32 0 
-1 -10 -13 -16 -21 -23 -30 -31 0 
