p cnf 32 800
1 8 11 14 19 20 24 26 0 
6 11 14 25 29 31 0 
3 4 13 19 22 24 26 29 0 
2 28 30 0 
1 8 12 24 25 0 
4 5 8 9 10 11 19 22 26 27 30 0 
4 8 11 16 0 
3 20 30 31 32 0 
2 15 18 19 20 24 27 29 0 
8 10 12 19 22 25 26 0 
2 5 9 12 17 26 29 32 0 
2 8 12 17 18 19 27 32 0 
10 16 21 26 29 0 
6 21 29 32 0 
1 2 14 15 20 0 
4 12 16 21 22 23 26 30 0 
2 4 5 12 14 25 28 31 0 
9 14 15 16 18 24 32 0 
6 7 9 16 17 23 31 0 
6 20 23 24 0 
3 4 9 10 14 17 20 28 0 
1 2 12 21 25 28 30 0 
11 18 24 25 27 0 
14 18 24 32 0 
5 8 9 11 13 19 27 30 0 
4 9 12 16 19 22 23 0 
8 9 15 19 27 29 0 
8 11 13 18 19 22 28 30 32 0 
5 10 15 20 24 0 
3 6 10 11 0 
4 5 19 22 0 
9 14 26 28 31 0 
1 2 7 11 20 22 25 27 28 29 0 
3 4 6 11 18 22 25 27 0 
3 5 7 8 11 15 21 23 28 30 31 0 
2 6 8 9 10 12 13 15 16 18 21 0 
4 5 7 8 13 17 21 0 
13 15 20 22 25 27 31 0 
2 3 7 16 19 23 26 30 0 
8 10 13 17 21 0 
2 18 20 26 29 32 0 
2 4 12 17 23 0 
1 7 9 18 19 20 23 26 0 
7 12 17 23 25 30 0 
7 11 14 24 27 30 0 
10 14 16 29 0 
1 2 19 23 24 29 0 
7 8 12 15 17 20 22 30 32 0 
2 19 31 32 0 
13 14 21 32 0 
9 14 24 30 0 
9 12 18 19 20 21 0 
7 8 10 13 15 21 0 
9 10 19 20 0 
2 3 4 14 18 20 24 0 
5 8 9 11 18 23 0 
4 10 24 30 32 0 
8 10 11 12 23 29 0 
17 18 19 25 27 0 
3 9 10 20 26 30 31 0 
1 3 8 9 14 15 17 21 31 32 0 
6 15 21 0 
1 6 15 24 27 0 
6 10 14 15 27 0 
4 5 16 22 31 0 
8 23 25 26 0 
2 12 15 20 22 25 27 29 0 
1 5 6 10 11 16 17 21 22 28 29 30 0 
4 7 8 15 21 22 23 28 30 0 
13 15 22 29 30 0 
1 7 10 17 23 0 
13 14 22 0 
3 4 6 19 29 30 31 0 
2 7 9 19 20 23 24 32 0 
3 4 7 15 19 22 30 31 0 
1 10 15 20 22 27 28 0 
6 7 8 14 18 19 22 23 32 0 
1 4 12 21 27 28 29 0 
10 12 13 26 30 0 
2 3 18 27 0 
3 8 9 10 17 18 22 32 0 
1 8 25 0 
7 11 12 22 31 32 0 
10 18 19 23 27 28 0 
1 7 18 0 
1 5 8 14 26 27 28 32 0 
4 12 14 18 22 24 26 0 
5 19 22 25 26 30 31 0 
1 2 7 12 14 23 26 27 29 0 
1 4 7 18 24 28 32 0 
10 15 17 29 32 0 
3 11 15 28 0 
2 3 5 11 15 24 25 30 0 
1 4 21 24 25 27 28 31 0 
3 9 10 31 32 0 
10 12 13 19 20 27 32 0 
5 15 20 27 28 0 
1 5 16 0 
8 10 11 15 20 28 30 0 
4 11 14 26 0 
7 10 14 16 18 20 22 23 28 0 
4 5 10 11 14 18 25 28 0 
1 3 16 20 28 30 0 
5 11 16 25 26 28 0 
3 12 20 26 27 28 32 0 
1 4 8 22 24 31 0 
2 4 5 11 12 17 18 28 32 0 
11 15 16 21 0 
4 6 11 13 18 26 0 
2 7 9 27 0 
2 4 11 13 19 20 24 25 28 30 31 0 
6 7 14 30 0 
1 7 9 15 17 24 25 0 
1 6 8 12 17 22 25 0 
15 19 22 26 32 0 
13 14 16 18 0 
8 14 15 26 28 32 0 
6 7 12 13 15 19 22 0 
2 4 6 9 11 15 17 28 32 0 
1 9 20 23 26 0 
8 9 13 25 30 0 
12 13 23 25 26 27 28 32 0 
1 6 7 17 0 
6 11 14 16 18 20 32 0 
11 16 20 0 
13 17 18 21 28 31 0 
15 18 20 23 0 
2 7 30 32 0 
2 3 6 8 11 12 23 24 29 0 
1 9 13 14 15 17 31 0 
4 6 15 18 22 24 25 0 
5 17 30 0 
6 17 18 19 25 0 
2 13 19 23 26 27 28 31 0 
2 3 4 24 25 26 27 28 0 
1 2 10 14 15 16 24 26 31 0 
4 6 9 12 19 23 24 0 
2 6 20 24 28 29 30 0 
14 15 16 25 31 0 
10 15 29 31 0 
3 7 9 20 21 22 32 0 
4 18 19 24 0 
5 7 25 27 28 31 0 
5 11 12 15 19 27 31 32 0 
15 23 27 28 0 
4 6 11 15 22 26 31 0 
3 4 8 12 14 15 18 19 25 0 
2 4 8 9 10 14 17 22 27 32 0 
4 8 9 27 31 0 
2 7 8 10 16 25 0 
3 6 14 21 26 0 
6 7 13 17 18 26 31 0 
6 8 12 13 14 22 30 31 0 
2 4 10 24 27 0 
2 5 13 14 21 28 0 
3 7 8 9 17 23 28 32 0 
2 14 29 0 
2 9 10 12 17 19 25 0 
4 6 7 16 24 28 31 0 
1 7 10 20 28 0 
1 4 9 21 29 31 32 0 
9 10 11 14 16 23 24 27 29 0 
1 6 26 31 0 
10 17 24 31 0 
3 4 7 14 23 25 26 28 30 0 
1 3 10 12 14 29 30 32 0 
8 11 16 17 27 0 
5 10 19 22 24 25 26 0 
1 5 11 12 16 20 27 29 30 0 
8 9 11 12 16 22 25 30 0 
7 10 11 12 19 27 30 0 
2 11 15 16 17 25 28 30 0 
4 8 9 12 20 21 25 0 
19 21 24 25 26 32 0 
14 20 25 29 31 0 
2 11 13 19 27 0 
4 10 11 14 15 20 27 29 0 
1 4 5 6 12 13 14 16 17 20 21 25 0 
3 19 22 27 31 0 
1 3 7 10 11 12 27 29 0 
1 4 11 14 21 0 
8 12 14 15 22 26 28 0 
1 6 8 29 0 
5 7 10 12 13 23 30 0 
3 6 7 11 13 15 26 27 0 
19 22 30 0 
6 10 17 28 0 
2 3 4 17 22 29 0 
6 11 22 26 31 0 
2 4 6 12 28 0 
4 9 10 18 21 22 28 0 
2 9 13 14 15 23 24 25 29 0 
4 7 13 17 22 28 0 
1 3 7 10 11 21 24 25 0 
2 7 12 30 32 0 
2 10 11 12 19 30 31 0 
1 4 7 8 14 15 16 17 22 0 
11 15 20 30 0 
1 8 14 17 21 0 
5 7 11 13 16 20 23 29 0 
9 10 13 14 15 19 20 23 0 
7 16 17 22 28 30 0 
4 11 15 19 24 29 0 
1 7 10 13 17 21 32 0 
2 3 4 6 13 15 19 23 0 
14 19 22 24 32 0 
3 4 6 7 10 14 18 21 22 0 
4 5 13 17 21 23 31 0 
1 3 4 5 6 15 22 23 25 0 
2 4 6 10 17 19 23 24 32 0 
10 12 15 19 25 0 
7 8 14 15 19 21 23 26 29 32 0 
3 8 18 28 29 0 
4 19 21 23 25 0 
11 13 21 24 27 28 29 30 0 
9 11 14 24 25 0 
3 9 11 14 20 24 32 0 
6 8 9 11 15 17 20 28 31 0 
9 11 14 16 18 22 26 30 0 
13 14 27 30 0 
1 3 6 8 21 32 0 
2 4 14 15 16 24 27 30 0 
1 18 23 27 32 0 
6 13 15 18 19 26 27 28 31 0 
5 23 25 0 
10 13 15 16 19 0 
5 7 15 20 21 22 23 28 30 0 
9 12 15 18 20 21 22 27 30 0 
1 4 12 14 0 
5 8 9 16 30 32 0 
6 12 18 20 21 25 27 32 0 
4 9 15 18 29 31 0 
1 6 9 16 19 20 0 
19 24 25 26 30 32 0 
1 2 3 4 8 14 18 22 24 26 27 0 
3 5 8 10 12 19 21 32 0 
6 11 14 15 20 28 0 
5 11 13 17 31 0 
7 22 26 0 
15 17 23 25 29 0 
9 12 24 30 0 
1 11 15 19 29 0 
3 6 15 17 19 22 30 31 0 
12 17 29 0 
1 11 12 14 19 24 30 0 
4 9 14 23 24 26 29 0 
3 9 19 21 30 31 0 
9 16 18 20 24 25 32 0 
3 5 13 23 0 
2 8 13 19 26 0 
4 20 21 22 25 28 30 32 0 
12 20 23 27 32 0 
5 10 14 17 27 0 
10 14 23 25 26 0 
17 24 0 
1 8 19 21 25 0 
1 5 19 21 31 0 
5 7 15 18 26 31 0 
3 9 17 25 29 31 0 
6 9 11 14 16 18 19 0 
1 4 15 16 22 27 31 0 
2 9 13 16 22 32 0 
6 17 21 25 31 0 
5 7 9 13 19 21 31 0 
4 6 12 15 17 23 24 29 30 0 
1 4 6 18 30 32 0 
3 4 23 26 28 31 0 
5 7 11 13 17 18 19 22 24 30 0 
3 11 12 18 27 28 0 
2 10 19 23 25 0 
14 19 23 28 31 0 
5 7 8 26 27 31 0 
2 10 14 15 21 23 24 32 0 
1 13 15 23 26 0 
3 9 11 29 0 
4 6 10 17 24 28 30 0 
3 5 11 25 29 0 
8 9 27 31 0 
7 8 14 15 21 23 0 
5 10 14 25 29 0 
12 13 15 21 27 30 0 
3 14 26 28 0 
6 12 13 20 30 0 
5 27 32 0 
3 5 7 9 12 14 18 19 31 0 
4 6 20 22 25 0 
2 5 11 12 20 31 0 
5 8 13 15 16 17 19 21 22 24 32 0 
3 6 20 25 28 31 32 0 
1 9 22 24 28 31 0 
3 4 10 13 32 0 
2 3 6 9 20 21 22 25 0 
5 16 21 24 26 28 32 0 
6 9 12 13 19 20 21 25 26 32 0 
3 7 9 16 20 21 22 23 24 25 26 0 
1 5 16 17 21 24 25 26 27 28 0 
6 13 18 21 26 30 0 
3 8 9 12 16 17 19 23 24 27 30 31 0 
1 9 13 26 29 0 
4 6 12 17 22 28 0 
10 19 24 27 29 0 
4 10 17 22 0 
13 15 22 24 28 29 0 
4 6 27 28 31 32 0 
4 7 9 15 31 0 
7 10 20 23 0 
2 6 9 18 20 23 28 29 0 
10 15 18 19 22 31 0 
5 9 19 24 0 
1 8 9 14 26 0 
5 17 18 26 30 32 0 
5 6 20 0 
2 21 23 24 31 32 0 
5 6 18 20 32 0 
7 10 18 26 0 
4 9 16 22 27 28 0 
2 3 16 17 21 29 0 
4 7 11 15 17 0 
3 11 21 23 27 0 
3 14 18 24 29 0 
1 9 14 18 19 20 23 25 0 
4 5 6 8 10 11 13 22 30 31 0 
8 14 15 19 24 25 28 29 0 
8 11 16 21 25 28 0 
2 4 6 15 22 23 24 25 27 30 0 
4 7 14 19 23 30 0 
10 12 27 31 0 
13 18 26 27 30 32 0 
2 3 13 16 24 28 31 0 
3 9 17 19 20 22 28 29 0 
2 8 21 24 32 0 
3 9 16 17 28 0 
2 17 24 25 27 0 
2 10 11 12 21 22 25 26 0 
2 3 7 8 18 26 28 0 
3 26 27 0 
1 3 7 12 13 26 29 0 
5 8 15 20 24 32 0 
18 20 30 0 
6 13 15 16 23 25 31 0 
1 10 14 17 19 28 0 
9 10 15 17 22 25 27 28 0 
8 10 21 22 23 24 29 32 0 
18 25 30 0 
8 10 13 14 17 20 24 25 0 
5 8 12 16 20 25 27 30 0 
4 9 10 14 16 17 26 27 30 31 0 
2 3 10 20 27 0 
4 11 14 22 26 31 0 
6 10 12 24 26 30 0 
1 2 8 10 12 15 17 19 26 31 0 
2 9 11 19 22 26 0 
9 17 20 0 
4 13 14 17 19 23 28 0 
1 7 10 11 17 23 0 
1 4 18 24 26 0 
1 3 10 13 14 18 20 29 31 0 
2 8 23 25 30 32 0 
10 17 22 24 26 0 
11 13 18 19 0 
2 14 17 24 26 28 0 
4 6 10 14 16 19 28 29 0 
2 7 14 15 24 25 0 
7 10 20 23 25 0 
6 7 8 10 14 20 26 0 
1 4 17 19 29 0 
2 4 7 9 17 24 29 31 0 
12 13 16 22 23 24 28 32 0 
7 9 11 22 24 25 0 
8 12 18 20 21 24 25 31 0 
8 20 24 29 0 
9 10 11 13 20 27 32 0 
12 15 16 24 25 30 0 
5 17 18 26 30 0 
12 13 15 16 17 19 21 23 0 
1 9 13 17 21 25 27 32 0 
1 2 8 13 21 22 26 30 0 
7 8 17 18 22 0 
3 4 8 14 15 19 20 21 23 31 0 
8 9 24 29 0 
8 9 14 15 16 17 21 25 0 
1 8 10 12 14 17 28 31 0 
5 12 21 22 27 30 31 0 
1 5 6 10 15 16 28 30 0 
16 18 28 29 30 0 
12 15 17 22 23 26 0 
8 17 20 27 29 0 
4 8 10 21 22 24 26 27 0 
15 19 24 30 32 0 
1 3 9 11 13 18 26 0 
5 11 14 15 0 
5 6 8 15 28 0 
12 18 24 25 26 0 
2 4 13 14 22 25 26 30 0 
5 11 14 17 20 28 0 
7 9 15 16 25 0 
2 5 9 25 27 0 
5 11 13 18 20 29 30 32 0 
1 2 5 10 20 22 24 0 
3 5 6 15 24 25 26 27 32 0 
-1 -8 -11 -14 -19 -20 -24 -26 0 
-6 -11 -14 -25 -29 -31 0 
-3 -4 -13 -19 -22 -24 -26 -29 0 
-2 -28 -30 0 
-1 -8 -12 -24 -25 0 
-4 -5 -8 -9 -10 -11 -19 -22 -26 -27 -30 0 
-4 -8 -11 -16 0 
-3 -20 -30 -31 -32 0 
-2 -15 -18 -19 -20 -24 -27 -29 0 
-8 -10 -12 -19 -22 -25 -26 0 
-2 -5 -9 -12 -17 -26 -29 -32 0 
-2 -8 -12 -17 -18 -19 -27 -32 0 
-10 -16 -21 -26 -29 0 
-6 -21 -29 -32 0 
-1 -2 -14 -15 -20 0 
-4 -12 -16 -21 -22 -23 -26 -30 0 
-2 -4 -5 -12 -14 -25 -28 -31 0 
-9 -14 -15 -16 -18 -24 -32 0 
-6 -7 -9 -16 -17 -23 -31 0 
-6 -20 -23 -24 0 
-3 -4 -9 -10 -14 -17 -20 -28 0 
-1 -2 -12 -21 -25 -28 -30 0 
-11 -18 -24 -25 -27 0 
-14 -18 -24 -32 0 
-5 -8 -9 -11 -13 -19 -27 -30 0 
-4 -9 -12 -16 -19 -22 -23 0 
-8 -9 -15 -19 -27 -29 0 
-8 -11 -13 -18 -19 -22 -28 -30 -32 0 
-5 -10 -15 -20 -24 0 
-3 -6 -10 -11 0 
-4 -5 -19 -22 0 
-9 -14 -26 -28 -31 0 
-1 -2 -7 -11 -20 -22 -25 -27 -28 -29 0 
-3 -4 -6 -11 -18 -22 -25 -27 0 
-3 -5 -7 -8 -11 -15 -21 -23 -28 -30 -31 0 
-2 -6 -8 -9 -10 -12 -13 -15 -16 -18 -21 0 
-4 -5 -7 -8 -13 -17 -21 0 
-13 -15 -20 -22 -25 -27 -31 0 
-2 -3 -7 -16 -19 -23 -26 -30 0 
-8 -10 -13 -17 -21 0 
-2 -18 -20 -26 -29 -32 0 
-2 -4 -12 -17 -23 0 
-1 -7 -9 -18 -19 -20 -23 -26 0 
-7 -12 -17 -23 -25 -30 0 
-7 -11 -14 -24 -27 -30 0 
-10 -14 -16 -29 0 
-1 -2 -19 -23 -24 -29 0 
-7 -8 -12 -15 -17 -20 -22 -30 -32 0 
-2 -19 -31 -32 0 
-13 -14 -21 -32 0 
-9 -14 -24 -30 0 
-9 -12 -18 -19 -20 -21 0 
-7 -8 -10 -13 -15 -21 0 
-9 -10 -19 -20 0 
-2 -3 -4 -14 -18 -20 -24 0 
-5 -8 -9 -11 -18 -23 0 
-4 -10 -24 -30 -32 0 
-8 -10 -11 -12 -23 -29 0 
-17 -18 -19 -25 -27 0 
-3 -9 -10 -20 -26 -30 -31 0 
-1 -3 -8 -9 -14 -15 -17 -21 -31 -32 0 
-6 -15 -21 0 
-1 -6 -15 -24 -27 0 
-6 -10 -14 -15 -27 0 
-4 -5 -16 -22 -31 0 
-8 -23 -25 -26 0 
-2 -12 -15 -20 -22 -25 -27 -29 0 
-1 -5 -6 -10 -11 -16 -17 -21 -22 -28 -29 -30 0 
-4 -7 -8 -15 -21 -22 -23 -28 -30 0 
-13 -15 -22 -29 -30 0 
-1 -7 -10 -17 -23 0 
-13 -14 -22 0 
-3 -4 -6 -19 -29 -30 -31 0 
-2 -7 -9 -19 -20 -23 -24 -32 0 
-3 -4 -7 -15 -19 -22 -30 -31 0 
-1 -10 -15 -20 -22 -27 -28 0 
-6 -7 -8 -14 -18 -19 -22 -23 -32 0 
-1 -4 -12 -21 -27 -28 -29 0 
-10 -12 -13 -26 -30 0 
-2 -3 -18 -27 0 
-3 -8 -9 -10 -17 -18 -22 -32 0 
-1 -8 -25 0 
-7 -11 -12 -22 -31 -32 0 
-10 -18 -19 -23 -27 -28 0 
-1 -7 -18 0 
-1 -5 -8 -14 -26 -27 -28 -32 0 
-4 -12 -14 -18 -22 -24 -26 0 
-5 -19 -22 -25 -26 -30 -31 0 
-1 -2 -7 -12 -14 -23 -26 -27 -29 0 
-1 -4 -7 -18 -24 -28 -32 0 
-10 -15 -17 -29 -32 0 
-3 -11 -15 -28 0 
-2 -3 -5 -11 -15 -24 -25 -30 0 
-1 -4 -21 -24 -25 -27 -28 -31 0 
-3 -9 -10 -31 -32 0 
-10 -12 -13 -19 -20 -27 -32 0 
-5 -15 -20 -27 -28 0 
-1 -5 -16 0 
-8 -10 -11 -15 -20 -28 -30 0 
-4 -11 -14 -26 0 
-7 -10 -14 -16 -18 -20 -22 -23 -28 0 
-4 -5 -10 -11 -14 -18 -25 -28 0 
-1 -3 -16 -20 -28 -30 0 
-5 -11 -16 -25 -26 -28 0 
-3 -12 -20 -26 -27 -28 -32 0 
-1 -4 -8 -22 -24 -31 0 
-2 -4 -5 -11 -12 -17 -18 -28 -32 0 
-11 -15 -16 -21 0 
-4 -6 -11 -13 -18 -26 0 
-2 -7 -9 -27 0 
-2 -4 -11 -13 -19 -20 -24 -25 -28 -30 -31 0 
-6 -7 -14 -30 0 
-1 -7 -9 -15 -17 -24 -25 0 
-1 -6 -8 -12 -17 -22 -25 0 
-15 -19 -22 -26 -32 0 
-13 -14 -16 -18 0 
-8 -14 -15 -26 -28 -32 0 
-6 -7 -12 -13 -15 -19 -22 0 
-2 -4 -6 -9 -11 -15 -17 -28 -32 0 
-1 -9 -20 -23 -26 0 
-8 -9 -13 -25 -30 0 
-12 -13 -23 -25 -26 -27 -28 -32 0 
-1 -6 -7 -17 0 
-6 -11 -14 -16 -18 -20 -32 0 
-11 -16 -20 0 
-13 -17 -18 -21 -28 -31 0 
-15 -18 -20 -23 0 
-2 -7 -30 -32 0 
-2 -3 -6 -8 -11 -12 -23 -24 -29 0 
-1 -9 -13 -14 -15 -17 -31 0 
-4 -6 -15 -18 -22 -24 -25 0 
-5 -17 -30 0 
-6 -17 -18 -19 -25 0 
-2 -13 -19 -23 -26 -27 -28 -31 0 
-2 -3 -4 -24 -25 -26 -27 -28 0 
-1 -2 -10 -14 -15 -16 -24 -26 -31 0 
-4 -6 -9 -12 -19 -23 -24 0 
-2 -6 -20 -24 -28 -29 -30 0 
-14 -15 -16 -25 -31 0 
-10 -15 -29 -31 0 
-3 -7 -9 -20 -21 -22 -32 0 
-4 -18 -19 -24 0 
-5 -7 -25 -27 -28 -31 0 
-5 -11 -12 -15 -19 -27 -31 -32 0 
-15 -23 -27 -28 0 
-4 -6 -11 -15 -22 -26 -31 0 
-3 -4 -8 -12 -14 -15 -18 -19 -25 0 
-2 -4 -8 -9 -10 -14 -17 -22 -27 -32 0 
-4 -8 -9 -27 -31 0 
-2 -7 -8 -10 -16 -25 0 
-3 -6 -14 -21 -26 0 
-6 -7 -13 -17 -18 -26 -31 0 
-6 -8 -12 -13 -14 -22 -30 -31 0 
-2 -4 -10 -24 -27 0 
-2 -5 -13 -14 -21 -28 0 
-3 -7 -8 -9 -17 -23 -28 -32 0 
-2 -14 -29 0 
-2 -9 -10 -12 -17 -19 -25 0 
-4 -6 -7 -16 -24 -28 -31 0 
-1 -7 -10 -20 -28 0 
-1 -4 -9 -21 -29 -31 -32 0 
-9 -10 -11 -14 -16 -23 -24 -27 -29 0 
-1 -6 -26 -31 0 
-10 -17 -24 -31 0 
-3 -4 -7 -14 -23 -25 -26 -28 -30 0 
-1 -3 -10 -12 -14 -29 -30 -32 0 
-8 -11 -16 -17 -27 0 
-5 -10 -19 -22 -24 -25 -26 0 
-1 -5 -11 -12 -16 -20 -27 -29 -30 0 
-8 -9 -11 -12 -16 -22 -25 -30 0 
-7 -10 -11 -12 -19 -27 -30 0 
-2 -11 -15 -16 -17 -25 -28 -30 0 
-4 -8 -9 -12 -20 -21 -25 0 
-19 -21 -24 -25 -26 -32 0 
-14 -20 -25 -29 -31 0 
-2 -11 -13 -19 -27 0 
-4 -10 -11 -14 -15 -20 -27 -29 0 
-1 -4 -5 -6 -12 -13 -14 -16 -17 -20 -21 -25 0 
-3 -19 -22 -27 -31 0 
-1 -3 -7 -10 -11 -12 -27 -29 0 
-1 -4 -11 -14 -21 0 
-8 -12 -14 -15 -22 -26 -28 0 
-1 -6 -8 -29 0 
-5 -7 -10 -12 -13 -23 -30 0 
-3 -6 -7 -11 -13 -15 -26 -27 0 
-19 -22 -30 0 
-6 -10 -17 -28 0 
-2 -3 -4 -17 -22 -29 0 
-6 -11 -22 -26 -31 0 
-2 -4 -6 -12 -28 0 
-4 -9 -10 -18 -21 -22 -28 0 
-2 -9 -13 -14 -15 -23 -24 -25 -29 0 
-4 -7 -13 -17 -22 -28 0 
-1 -3 -7 -10 -11 -21 -24 -25 0 
-2 -7 -12 -30 -32 0 
-2 -10 -11 -12 -19 -30 -31 0 
-1 -4 -7 -8 -14 -15 -16 -17 -22 0 
-11 -15 -20 -30 0 
-1 -8 -14 -17 -21 0 
-5 -7 -11 -13 -16 -20 -23 -29 0 
-9 -10 -13 -14 -15 -19 -20 -23 0 
-7 -16 -17 -22 -28 -30 0 
-4 -11 -15 -19 -24 -29 0 
-1 -7 -10 -13 -17 -21 -32 0 
-2 -3 -4 -6 -13 -15 -19 -23 0 
-14 -19 -22 -24 -32 0 
-3 -4 -6 -7 -10 -14 -18 -21 -22 0 
-4 -5 -13 -17 -21 -23 -31 0 
-1 -3 -4 -5 -6 -15 -22 -23 -25 0 
-2 -4 -6 -10 -17 -19 -23 -24 -32 0 
-10 -12 -15 -19 -25 0 
-7 -8 -14 -15 -19 -21 -23 -26 -29 -32 0 
-3 -8 -18 -28 -29 0 
-4 -19 -21 -23 -25 0 
-11 -13 -21 -24 -27 -28 -29 -30 0 
-9 -11 -14 -24 -25 0 
-3 -9 -11 -14 -20 -24 -32 0 
-6 -8 -9 -11 -15 -17 -20 -28 -31 0 
-9 -11 -14 -16 -18 -22 -26 -30 0 
-13 -14 -27 -30 0 
-1 -3 -6 -8 -21 -32 0 
-2 -4 -14 -15 -16 -24 -27 -30 0 
-1 -18 -23 -27 -32 0 
-6 -13 -15 -18 -19 -26 -27 -28 -31 0 
-5 -23 -25 0 
-10 -13 -15 -16 -19 0 
-5 -7 -15 -20 -21 -22 -23 -28 -30 0 
-9 -12 -15 -18 -20 -21 -22 -27 -30 0 
-1 -4 -12 -14 0 
-5 -8 -9 -16 -30 -32 0 
-6 -12 -18 -20 -21 -25 -27 -32 0 
-4 -9 -15 -18 -29 -31 0 
-1 -6 -9 -16 -19 -20 0 
-19 -24 -25 -26 -30 -32 0 
-1 -2 -3 -4 -8 -14 -18 -22 -24 -26 -27 0 
-3 -5 -8 -10 -12 -19 -21 -32 0 
-6 -11 -14 -15 -20 -28 0 
-5 -11 -13 -17 -31 0 
-7 -22 -26 0 
-15 -17 -23 -25 -29 0 
-9 -12 -24 -30 0 
-1 -11 -15 -19 -29 0 
-3 -6 -15 -17 -19 -22 -30 -31 0 
-12 -17 -29 0 
-1 -11 -12 -14 -19 -24 -30 0 
-4 -9 -14 -23 -24 -26 -29 0 
-3 -9 -19 -21 -30 -31 0 
-9 -16 -18 -20 -24 -25 -32 0 
-3 -5 -13 -23 0 
-2 -8 -13 -19 -26 0 
-4 -20 -21 -22 -25 -28 -30 -32 0 
-12 -20 -23 -27 -32 0 
-5 -10 -14 -17 -27 0 
-10 -14 -23 -25 -26 0 
-17 -24 0 
-1 -8 -19 -21 -25 0 
-1 -5 -19 -21 -31 0 
-5 -7 -15 -18 -26 -31 0 
-3 -9 -17 -25 -29 -31 0 
-6 -9 -11 -14 -16 -18 -19 0 
-1 -4 -15 -16 -22 -27 -31 0 
-2 -9 -13 -16 -22 -32 0 
-6 -17 -21 -25 -31 0 
-5 -7 -9 -13 -19 -21 -31 0 
-4 -6 -12 -15 -17 -23 -24 -29 -30 0 
-1 -4 -6 -18 -30 -32 0 
-3 -4 -23 -26 -28 -31 0 
-5 -7 -11 -13 -17 -18 -19 -22 -24 -30 0 
-3 -11 -12 -18 -27 -28 0 
-2 -10 -19 -23 -25 0 
-14 -19 -23 -28 -31 0 
-5 -7 -8 -26 -27 -31 0 
-2 -10 -14 -15 -21 -23 -24 -32 0 
-1 -13 -15 -23 -26 0 
-3 -9 -11 -29 0 
-4 -6 -10 -17 -24 -28 -30 0 
-3 -5 -11 -25 -29 0 
-8 -9 -27 -31 0 
-7 -8 -14 -15 -21 -23 0 
-5 -10 -14 -25 -29 0 
-12 -13 -15 -21 -27 -30 0 
-3 -14 -26 -28 0 
-6 -12 -13 -20 -30 0 
-5 -27 -32 0 
-3 -5 -7 -9 -12 -14 -18 -19 -31 0 
-4 -6 -20 -22 -25 0 
-2 -5 -11 -12 -20 -31 0 
-5 -8 -13 -15 -16 -17 -19 -21 -22 -24 -32 0 
-3 -6 -20 -25 -28 -31 -32 0 
-1 -9 -22 -24 -28 -31 0 
-3 -4 -10 -13 -32 0 
-2 -3 -6 -9 -20 -21 -22 -25 0 
-5 -16 -21 -24 -26 -28 -32 0 
-6 -9 -12 -13 -19 -20 -21 -25 -26 -32 0 
-3 -7 -9 -16 -20 -21 -22 -23 -24 -25 -26 0 
-1 -5 -16 -17 -21 -24 -25 -26 -27 -28 0 
-6 -13 -18 -21 -26 -30 0 
-3 -8 -9 -12 -16 -17 -19 -23 -24 -27 -30 -31 0 
-1 -9 -13 -26 -29 0 
-4 -6 -12 -17 -22 -28 0 
-10 -19 -24 -27 -29 0 
-4 -10 -17 -22 0 
-13 -15 -22 -24 -28 -29 0 
-4 -6 -27 -28 -31 -32 0 
-4 -7 -9 -15 -31 0 
-7 -10 -20 -23 0 
-2 -6 -9 -18 -20 -23 -28 -29 0 
-10 -15 -18 -19 -22 -31 0 
-5 -9 -19 -24 0 
-1 -8 -9 -14 -26 0 
-5 -17 -18 -26 -30 -32 0 
-5 -6 -20 0 
-2 -21 -23 -24 -31 -32 0 
-5 -6 -18 -20 -32 0 
-7 -10 -18 -26 0 
-4 -9 -16 -22 -27 -28 0 
-2 -3 -16 -17 -21 -29 0 
-4 -7 -11 -15 -17 0 
-3 -11 -21 -23 -27 0 
-3 -14 -18 -24 -29 0 
-1 -9 -14 -18 -19 -20 -23 -25 0 
-4 -5 -6 -8 -10 -11 -13 -22 -30 -31 0 
-8 -14 -15 -19 -24 -25 -28 -29 0 
-8 -11 -16 -21 -25 -28 0 
-2 -4 -6 -15 -22 -23 -24 -25 -27 -30 0 
-4 -7 -14 -19 -23 -30 0 
-10 -12 -27 -31 0 
-13 -18 -26 -27 -30 -32 0 
-2 -3 -13 -16 -24 -28 -31 0 
-3 -9 -17 -19 -20 -22 -28 -29 0 
-2 -8 -21 -24 -32 0 
-3 -9 -16 -17 -28 0 
-2 -17 -24 -25 -27 0 
-2 -10 -11 -12 -21 -22 -25 -26 0 
-2 -3 -7 -8 -18 -26 -28 0 
-3 -26 -27 0 
-1 -3 -7 -12 -13 -26 -29 0 
-5 -8 -15 -20 -24 -32 0 
-18 -20 -30 0 
-6 -13 -15 -16 -23 -25 -31 0 
-1 -10 -14 -17 -19 -28 0 
-9 -10 -15 -17 -22 -25 -27 -28 0 
-8 -10 -21 -22 -23 -24 -29 -32 0 
-18 -25 -30 0 
-8 -10 -13 -14 -17 -20 -24 -25 0 
-5 -8 -12 -16 -20 -25 -27 -30 0 
-4 -9 -10 -14 -16 -17 -26 -27 -30 -31 0 
-2 -3 -10 -20 -27 0 
-4 -11 -14 -22 -26 -31 0 
-6 -10 -12 -24 -26 -30 0 
-1 -2 -8 -10 -12 -15 -17 -19 -26 -31 0 
-2 -9 -11 -19 -22 -26 0 
-9 -17 -20 0 
-4 -13 -14 -17 -19 -23 -28 0 
-1 -7 -10 -11 -17 -23 0 
-1 -4 -18 -24 -26 0 
-1 -3 -10 -13 -14 -18 -20 -29 -31 0 
-2 -8 -23 -25 -30 -32 0 
-10 -17 -22 -24 -26 0 
-11 -13 -18 -19 0 
-2 -14 -17 -24 -26 -28 0 
-4 -6 -10 -14 -16 -19 -28 -29 0 
-2 -7 -14 -15 -24 -25 0 
-7 -10 -20 -23 -25 0 
-6 -7 -8 -10 -14 -20 -26 0 
-1 -4 -17 -19 -29 0 
-2 -4 -7 -9 -17 -24 -29 -31 0 
-12 -13 -16 -22 -23 -24 -28 -32 0 
-7 -9 -11 -22 -24 -25 0 
-8 -12 -18 -20 -21 -24 -25 -31 0 
-8 -20 -24 -29 0 
-9 -10 -11 -13 -20 -27 -32 0 
-12 -15 -16 -24 -25 -30 0 
-5 -17 -18 -26 -30 0 
-12 -13 -15 -16 -17 -19 -21 -23 0 
-1 -9 -13 -17 -21 -25 -27 -32 0 
-1 -2 -8 -13 -21 -22 -26 -30 0 
-7 -8 -17 -18 -22 0 
-3 -4 -8 -14 -15 -19 -20 -21 -23 -31 0 
-8 -9 -24 -29 0 
-8 -9 -14 -15 -16 -17 -21 -25 0 
-1 -8 -10 -12 -14 -17 -28 -31 0 
-5 -12 -21 -22 -27 -30 -31 0 
-1 -5 -6 -10 -15 -16 -28 -30 0 
-16 -18 -28 -29 -30 0 
-12 -15 -17 -22 -23 -26 0 
-8 -17 -20 -27 -29 0 
-4 -8 -10 -21 -22 -24 -26 -27 0 
-15 -19 -24 -30 -32 0 
-1 -3 -9 -11 -13 -18 -26 0 
-5 -11 -14 -15 0 
-5 -6 -8 -15 -28 0 
-12 -18 -24 -25 -26 0 
-2 -4 -13 -14 -22 -25 -26 -30 0 
-5 -11 -14 -17 -20 -28 0 
-7 -9 -15 -16 -25 0 
-2 -5 -9 -25 -27 0 
-5 -11 -13 -18 -20 -29 -30 -32 0 
-1 -2 -5 -10 -20 -22 -24 0 
-3 -5 -6 -15 -24 -25 -26 -27 -32 0 
