p cnf 32 800
8 11 13 15 26 0 
14 17 24 25 0 
1 5 13 20 26 27 30 31 0 
6 7 17 18 24 0 
3 18 22 30 0 
4 7 8 10 13 24 27 29 0 
4 14 15 17 19 0 
5 9 15 21 24 25 0 
1 6 7 9 18 28 0 
16 17 20 23 29 0 
1 10 11 16 17 19 20 25 0 
2 4 8 9 11 16 21 30 0 
10 11 27 29 0 
3 4 8 19 24 26 0 
7 11 13 27 0 
2 20 23 30 31 0 
4 5 7 15 17 22 25 27 0 
5 8 10 19 26 0 
9 11 21 22 23 27 31 0 
5 6 11 13 17 0 
1 11 13 0 
9 14 17 0 
7 10 12 18 19 21 22 23 24 30 0 
13 18 19 21 22 24 26 29 0 
1 6 8 14 16 18 22 0 
4 8 10 11 23 0 
4 7 10 11 22 32 0 
7 8 9 17 18 21 24 0 
1 3 7 9 14 16 22 31 32 0 
5 8 14 23 27 28 30 0 
6 22 23 24 27 28 31 0 
2 4 9 15 20 24 26 27 30 0 
8 9 15 19 30 0 
1 3 11 13 14 17 20 23 26 27 0 
15 16 18 20 29 31 0 
7 10 12 22 0 
6 10 12 13 18 28 29 30 32 0 
4 9 17 20 27 32 0 
6 9 10 18 20 26 32 0 
2 4 8 20 23 27 28 30 0 
6 9 11 14 20 23 26 28 0 
2 4 16 17 0 
4 7 9 27 29 31 32 0 
1 15 19 22 0 
4 5 8 14 19 25 29 0 
3 13 14 17 18 20 31 32 0 
7 14 17 25 29 0 
6 8 13 17 21 22 27 32 0 
12 13 14 21 22 25 0 
7 13 15 17 19 21 30 31 0 
6 14 19 26 28 0 
5 6 8 16 17 23 27 0 
2 7 14 26 0 
3 6 11 13 15 22 26 29 0 
1 16 19 0 
1 4 5 6 8 15 20 25 27 0 
8 9 15 18 19 21 24 0 
2 7 8 9 22 0 
6 16 30 32 0 
7 9 20 25 0 
4 9 10 12 15 16 18 19 22 0 
11 14 20 27 29 0 
6 15 18 23 27 0 
3 5 12 19 24 30 0 
9 14 15 21 23 25 28 30 0 
5 18 20 27 0 
12 20 22 30 0 
2 9 10 13 25 32 0 
2 3 4 14 19 24 26 30 0 
2 8 12 18 26 29 0 
1 3 4 6 10 16 19 24 32 0 
1 4 6 11 15 0 
5 11 20 23 24 27 30 0 
3 4 7 12 15 22 31 0 
1 4 5 9 15 24 27 31 0 
1 6 11 12 21 24 26 30 32 0 
9 13 20 23 24 32 0 
2 3 5 17 21 28 0 
6 11 13 23 27 31 0 
3 7 32 0 
10 17 22 23 25 28 29 31 0 
12 21 27 0 
13 15 16 18 23 32 0 
11 12 21 23 31 32 0 
5 6 7 11 24 25 31 0 
5 14 16 19 24 0 
10 19 21 24 27 29 0 
4 7 8 17 21 23 27 32 0 
1 3 5 14 15 19 23 30 0 
6 7 13 24 25 28 31 0 
2 15 17 24 27 0 
1 3 4 8 9 19 22 30 32 0 
1 2 6 17 20 27 30 0 
7 17 18 22 24 26 27 30 31 0 
10 13 14 20 21 31 0 
7 23 24 0 
11 12 23 26 31 0 
3 5 28 0 
12 13 23 28 0 
1 2 4 6 26 29 0 
9 11 12 14 17 19 20 26 30 0 
1 8 13 19 21 23 28 31 0 
5 8 14 15 16 17 19 0 
5 9 14 15 23 27 0 
1 2 8 14 15 27 28 0 
3 7 8 11 14 18 19 22 28 29 0 
1 13 17 31 0 
1 4 8 15 19 21 0 
19 21 26 0 
3 12 15 17 20 22 23 25 26 0 
1 14 29 0 
3 7 11 15 25 27 29 30 0 
5 8 9 20 24 25 0 
4 6 7 13 20 21 25 28 0 
8 13 16 32 0 
4 11 13 16 17 0 
3 4 10 14 15 16 19 21 22 24 31 32 0 
7 8 20 22 23 24 30 0 
5 8 9 14 30 32 0 
4 7 12 13 21 30 32 0 
1 9 17 20 22 28 29 30 0 
4 8 11 14 16 20 25 28 0 
8 10 11 14 15 19 28 0 
1 12 20 26 30 0 
2 4 10 30 0 
4 5 17 18 23 30 32 0 
2 8 12 14 16 17 19 24 30 0 
4 10 11 15 17 18 19 24 25 30 31 0 
2 4 13 23 24 0 
5 12 14 20 28 31 32 0 
4 17 18 22 23 28 0 
3 7 9 12 24 30 0 
7 19 27 28 31 32 0 
4 9 11 18 19 22 24 32 0 
1 8 22 24 31 0 
1 3 7 8 13 14 15 22 23 26 0 
3 10 15 24 0 
8 11 21 29 0 
14 17 25 32 0 
2 13 17 19 29 0 
1 4 8 9 12 0 
24 25 26 0 
6 12 13 17 24 29 32 0 
5 16 19 26 28 0 
1 8 9 17 19 22 26 29 32 0 
1 2 10 20 23 28 0 
9 15 23 26 28 29 0 
1 6 7 12 17 25 27 29 0 
2 5 8 24 26 0 
1 6 11 14 16 21 25 28 30 0 
5 12 19 27 0 
1 4 8 15 20 22 25 30 0 
6 8 18 26 0 
2 7 11 14 17 21 0 
2 11 18 22 0 
17 18 19 22 23 27 29 31 0 
1 4 9 16 20 21 0 
5 8 9 12 14 16 17 18 26 30 0 
2 8 10 14 16 22 28 29 0 
1 2 3 5 8 9 10 15 32 0 
1 2 3 16 23 25 28 31 0 
8 9 10 11 13 29 0 
4 16 20 32 0 
2 5 7 8 9 10 20 27 28 30 0 
2 15 29 30 0 
11 13 16 22 26 27 0 
2 7 9 13 18 19 20 21 26 29 0 
4 5 9 11 18 20 0 
5 12 23 25 27 32 0 
3 9 10 11 13 14 22 29 32 0 
4 11 16 17 20 27 29 31 32 0 
1 2 15 18 31 0 
1 3 12 17 20 21 24 0 
2 7 11 14 22 0 
3 4 5 11 28 29 0 
17 26 29 0 
5 6 13 27 30 0 
2 6 8 16 21 25 0 
9 14 18 22 30 31 0 
11 13 16 24 25 29 0 
2 3 6 12 13 14 17 21 26 28 0 
3 4 5 8 16 22 23 27 28 0 
11 18 32 0 
7 10 15 17 22 24 27 28 31 32 0 
5 6 13 22 26 0 
1 2 21 28 0 
2 3 4 12 16 32 0 
1 5 12 21 27 30 0 
1 2 8 10 12 16 0 
2 5 8 13 14 26 32 0 
7 10 12 13 0 
5 8 24 25 26 30 0 
6 10 12 14 17 22 0 
1 9 14 22 30 0 
1 8 15 20 21 26 0 
1 4 8 13 32 0 
7 10 11 16 20 23 27 28 30 31 0 
1 6 10 15 21 0 
5 6 7 14 0 
5 11 18 27 0 
7 16 24 25 0 
6 7 10 12 13 20 0 
10 14 17 19 32 0 
8 23 0 
1 2 6 8 12 23 0 
4 21 23 25 29 32 0 
8 9 10 11 15 20 21 28 29 0 
6 10 13 18 19 30 0 
3 4 6 7 11 15 17 24 25 31 0 
1 17 21 22 24 0 
2 24 25 31 32 0 
2 5 7 11 23 24 0 
5 7 17 21 31 0 
14 17 19 20 21 23 24 0 
3 5 21 23 27 28 30 0 
1 5 6 12 14 15 18 23 29 0 
7 21 24 0 
2 7 17 30 32 0 
1 2 6 14 22 25 32 0 
8 11 14 18 24 25 0 
19 23 24 27 30 0 
1 4 10 15 21 23 31 0 
4 13 24 28 30 0 
2 6 7 21 26 32 0 
2 4 12 13 14 17 18 21 27 0 
2 6 7 8 18 22 27 31 0 
6 11 14 18 22 24 31 0 
1 3 13 17 23 24 0 
1 7 8 10 13 16 29 31 0 
5 12 15 18 22 26 27 0 
6 7 13 22 0 
1 3 5 6 10 13 18 23 29 31 0 
1 7 22 26 27 30 0 
12 18 31 0 
13 14 16 18 19 22 25 30 0 
6 13 14 15 18 0 
4 10 14 15 16 25 0 
6 7 9 16 26 28 31 32 0 
1 4 5 7 8 9 10 16 18 21 25 26 29 0 
1 2 6 17 22 0 
4 17 18 24 26 0 
8 14 17 22 29 0 
14 16 24 25 26 27 31 0 
3 10 12 30 32 0 
6 7 9 10 28 0 
2 12 16 17 22 30 0 
2 5 22 24 26 29 0 
8 9 16 18 0 
1 6 18 22 25 0 
1 8 9 12 14 18 22 0 
4 6 17 19 23 25 27 29 30 31 0 
5 7 8 10 16 19 20 29 30 32 0 
1 2 3 5 11 17 23 28 0 
2 4 6 18 19 29 0 
21 23 24 26 30 0 
7 8 9 14 31 0 
6 12 13 18 22 26 28 0 
9 11 20 25 27 0 
7 13 20 21 26 0 
4 18 21 25 28 31 0 
6 15 22 32 0 
12 13 22 27 29 30 0 
6 10 11 15 18 19 27 30 0 
3 4 8 11 12 27 0 
6 9 13 15 22 23 27 31 0 
8 13 26 30 32 0 
5 6 9 13 17 29 0 
1 9 14 20 22 0 
2 5 10 14 16 17 30 32 0 
6 10 24 31 0 
4 8 12 19 20 0 
7 17 20 0 
1 4 13 22 29 31 32 0 
1 10 13 20 30 0 
1 2 13 29 30 0 
5 6 17 29 31 0 
2 8 9 10 14 23 30 0 
3 5 9 13 16 20 21 22 24 28 0 
4 17 27 0 
3 13 14 20 22 25 30 31 0 
3 12 19 20 24 25 27 29 32 0 
2 11 12 14 28 29 0 
3 7 11 14 20 24 28 0 
1 4 5 8 9 11 15 17 29 0 
1 2 8 10 18 0 
4 9 14 27 30 0 
2 6 12 17 28 29 0 
3 4 7 14 18 25 28 0 
8 15 19 21 28 29 0 
2 13 14 17 22 29 0 
9 12 15 16 17 20 23 32 0 
1 2 5 15 31 0 
1 5 10 16 22 0 
2 4 9 13 18 20 26 32 0 
6 7 11 15 25 26 27 0 
5 8 10 11 12 17 18 28 30 31 0 
3 4 20 21 22 25 26 0 
3 6 13 18 21 25 26 28 30 31 0 
4 7 13 14 30 0 
14 30 32 0 
7 10 21 22 26 30 31 32 0 
3 12 16 17 20 23 28 29 30 0 
5 8 18 30 0 
1 8 13 20 27 0 
26 28 0 
2 4 7 8 15 31 0 
4 5 20 27 29 0 
4 9 10 31 32 0 
5 17 21 25 29 32 0 
11 12 14 15 17 24 31 0 
7 9 10 17 23 27 0 
15 16 21 28 32 0 
4 8 16 19 22 23 0 
5 7 10 12 19 24 27 29 32 0 
1 11 19 23 32 0 
5 6 10 15 18 21 23 26 29 0 
2 4 5 26 32 0 
8 9 15 20 22 24 27 28 0 
14 16 17 18 19 22 23 27 0 
1 4 8 11 14 15 18 24 25 28 32 0 
17 21 27 31 0 
11 12 16 19 0 
2 11 15 20 23 26 0 
3 11 15 22 26 29 0 
5 11 22 27 31 0 
16 17 22 24 26 0 
3 12 20 25 29 31 0 
1 7 8 9 20 31 0 
8 9 11 12 22 0 
4 5 10 17 18 20 21 26 27 0 
2 14 15 17 22 25 26 0 
20 25 26 0 
3 8 13 14 15 23 25 0 
1 4 6 12 13 19 30 31 0 
4 5 10 12 28 32 0 
1 2 5 9 10 15 20 21 22 28 0 
1 9 19 20 26 0 
4 10 11 27 29 31 0 
5 6 7 11 13 21 30 31 0 
4 6 9 11 17 21 24 0 
4 8 11 12 26 30 31 32 0 
3 6 7 8 16 22 24 0 
2 6 8 12 19 20 31 32 0 
3 4 7 11 18 22 26 28 0 
6 15 19 26 27 0 
2 5 8 10 17 21 23 0 
8 9 11 15 19 21 26 29 0 
1 10 13 22 32 0 
1 4 9 11 25 28 0 
7 8 14 16 23 31 0 
4 5 12 16 19 25 29 31 0 
12 22 27 30 31 32 0 
1 3 10 11 15 22 23 24 25 31 0 
2 17 19 21 22 26 32 0 
5 18 20 22 23 0 
1 6 9 15 16 17 19 27 0 
17 24 29 30 0 
6 14 15 17 20 22 28 0 
1 6 11 19 20 21 28 30 31 0 
6 10 11 15 20 24 28 0 
9 13 22 32 0 
6 10 11 17 23 28 30 0 
1 2 12 13 15 32 0 
14 23 24 30 32 0 
6 8 9 12 13 14 17 20 22 23 26 0 
5 8 17 25 28 0 
9 12 14 18 30 0 
1 4 6 7 17 19 23 25 0 
2 3 6 7 11 27 32 0 
6 7 10 15 20 24 25 27 0 
11 21 24 28 29 31 0 
21 26 27 0 
3 4 9 10 20 23 0 
1 4 11 12 31 0 
1 2 10 18 22 24 32 0 
4 10 13 21 23 0 
15 19 23 25 0 
1 5 15 18 20 29 0 
2 4 10 20 24 29 31 32 0 
6 7 10 23 24 27 0 
10 14 15 19 21 27 0 
5 15 19 21 28 32 0 
2 10 11 28 31 0 
1 7 10 21 23 0 
2 6 12 15 20 0 
3 4 10 12 15 18 22 32 0 
2 7 14 19 27 28 0 
8 9 12 14 15 20 29 31 0 
4 6 8 9 17 19 20 23 26 0 
7 12 13 15 16 18 20 22 24 0 
1 3 19 24 0 
4 6 21 30 0 
1 16 19 22 23 27 0 
1 4 6 7 9 10 13 16 21 27 0 
2 9 12 16 18 27 31 0 
5 6 10 15 18 25 28 0 
2 13 22 24 0 
7 11 12 17 23 28 32 0 
2 14 15 16 19 25 0 
11 17 20 29 30 0 
-8 -11 -13 -15 -26 0 
-14 -17 -24 -25 0 
-1 -5 -13 -20 -26 -27 -30 -31 0 
-6 -7 -17 -18 -24 0 
-3 -18 -22 -30 0 
-4 -7 -8 -10 -13 -24 -27 -29 0 
-4 -14 -15 -17 -19 0 
-5 -9 -15 -21 -24 -25 0 
-1 -6 -7 -9 -18 -28 0 
-16 -17 -20 -23 -29 0 
-1 -10 -11 -16 -17 -19 -20 -25 0 
-2 -4 -8 -9 -11 -16 -21 -30 0 
-10 -11 -27 -29 0 
-3 -4 -8 -19 -24 -26 0 
-7 -11 -13 -27 0 
-2 -20 -23 -30 -31 0 
-4 -5 -7 -15 -17 -22 -25 -27 0 
-5 -8 -10 -19 -26 0 
-9 -11 -21 -22 -23 -27 -31 0 
-5 -6 -11 -13 -17 0 
-1 -11 -13 0 
-9 -14 -17 0 
-7 -10 -12 -18 -19 -21 -22 -23 -24 -30 0 
-13 -18 -19 -21 -22 -24 -26 -29 0 
-1 -6 -8 -14 -16 -18 -22 0 
-4 -8 -10 -11 -23 0 
-4 -7 -10 -11 -22 -32 0 
-7 -8 -9 -17 -18 -21 -24 0 
-1 -3 -7 -9 -14 -16 -22 -31 -32 0 
-5 -8 -14 -23 -27 -28 -30 0 
-6 -22 -23 -24 -27 -28 -31 0 
-2 -4 -9 -15 -20 -24 -26 -27 -30 0 
-8 -9 -15 -19 -30 0 
-1 -3 -11 -13 -14 -17 -20 -23 -26 -27 0 
-15 -16 -18 -20 -29 -31 0 
-7 -10 -12 -22 0 
-6 -10 -12 -13 -18 -28 -29 -30 -32 0 
-4 -9 -17 -20 -27 -32 0 
-6 -9 -10 -18 -20 -26 -32 0 
-2 -4 -8 -20 -23 -27 -28 -30 0 
-6 -9 -11 -14 -20 -23 -26 -28 0 
-2 -4 -16 -17 0 
-4 -7 -9 -27 -29 -31 -32 0 
-1 -15 -19 -22 0 
-4 -5 -8 -14 -19 -25 -29 0 
-3 -13 -14 -17 -18 -20 -31 -32 0 
-7 -14 -17 -25 -29 0 
-6 -8 -13 -17 -21 -22 -27 -32 0 
-12 -13 -14 -21 -22 -25 0 
-7 -13 -15 -17 -19 -21 -30 -31 0 
-6 -14 -19 -26 -28 0 
-5 -6 -8 -16 -17 -23 -27 0 
-2 -7 -14 -26 0 
-3 -6 -11 -13 -15 -22 -26 -29 0 
-1 -16 -19 0 
-1 -4 -5 -6 -8 -15 -20 -25 -27 0 
-8 -9 -15 -18 -19 -21 -24 0 
-2 -7 -8 -9 -22 0 
-6 -16 -30 -32 0 
-7 -9 -20 -25 0 
-4 -9 -10 -12 -15 -16 -18 -19 -22 0 
-11 -14 -20 -27 -29 0 
-6 -15 -18 -23 -27 0 
-3 -5 -12 -19 -24 -30 0 
-9 -14 -15 -21 -23 -25 -28 -30 0 
-5 -18 -20 -27 0 
-12 -20 -22 -30 0 
-2 -9 -10 -13 -25 -32 0 
-2 -3 -4 -14 -19 -24 -26 -30 0 
-2 -8 -12 -18 -26 -29 0 
-1 -3 -4 -6 -10 -16 -19 -24 -32 0 
-1 -4 -6 -11 -15 0 
-5 -11 -20 -23 -24 -27 -30 0 
-3 -4 -7 -12 -15 -22 -31 0 
-1 -4 -5 -9 -15 -24 -27 -31 0 
-1 -6 -11 -12 -21 -24 -26 -30 -32 0 
-9 -13 -20 -23 -24 -32 0 
-2 -3 -5 -17 -21 -28 0 
-6 -11 -13 -23 -27 -31 0 
-3 -7 -32 0 
-10 -17 -22 -23 -25 -28 -29 -31 0 
-12 -21 -27 0 
-13 -15 -16 -18 -23 -32 0 
-11 -12 -21 -23 -31 -32 0 
-5 -6 -7 -11 -24 -25 -31 0 
-5 -14 -16 -19 -24 0 
-10 -19 -21 -24 -27 -29 0 
-4 -7 -8 -17 -21 -23 -27 -32 0 
-1 -3 -5 -14 -15 -19 -23 -30 0 
-6 -7 -13 -24 -25 -28 -31 0 
-2 -15 -17 -24 -27 0 
-1 -3 -4 -8 -9 -19 -22 -30 -32 0 
-1 -2 -6 -17 -20 -27 -30 0 
-7 -17 -18 -22 -24 -26 -27 -30 -31 0 
-10 -13 -14 -20 -21 -31 0 
-7 -23 -24 0 
-11 -12 -23 -26 -31 0 
-3 -5 -28 0 
-12 -13 -23 -28 0 
-1 -2 -4 -6 -26 -29 0 
-9 -11 -12 -14 -17 -19 -20 -26 -30 0 
-1 -8 -13 -19 -21 -23 -28 -31 0 
-5 -8 -14 -15 -16 -17 -19 0 
-5 -9 -14 -15 -23 -27 0 
-1 -2 -8 -14 -15 -27 -28 0 
-3 -7 -8 -11 -14 -18 -19 -22 -28 -29 0 
-1 -13 -17 -31 0 
-1 -4 -8 -15 -19 -21 0 
-19 -21 -26 0 
-3 -12 -15 -17 -20 -22 -23 -25 -26 0 
-1 -14 -29 0 
-3 -7 -11 -15 -25 -27 -29 -30 0 
-5 -8 -9 -20 -24 -25 0 
-4 -6 -7 -13 -20 -21 -25 -28 0 
-8 -13 -16 -32 0 
-4 -11 -13 -16 -17 0 
-3 -4 -10 -14 -15 -16 -19 -21 -22 -24 -31 -32 0 
-7 -8 -20 -22 -23 -24 -30 0 
-5 -8 -9 -14 -30 -32 0 
-4 -7 -12 -13 -21 -30 -32 0 
-1 -9 -17 -20 -22 -28 -29 -30 0 
-4 -8 -11 -14 -16 -20 -25 -28 0 
-8 -10 -11 -14 -15 -19 -28 0 
-1 -12 -20 -26 -30 0 
-2 -4 -10 -30 0 
-4 -5 -17 -18 -23 -30 -32 0 
-2 -8 -12 -14 -16 -17 -19 -24 -30 0 
-4 -10 -11 -15 -17 -18 -19 -24 -25 -30 -31 0 
-2 -4 -13 -23 -24 0 
-5 -12 -14 -20 -28 -31 -32 0 
-4 -17 -18 -22 -23 -28 0 
-3 -7 -9 -12 -24 -30 0 
-7 -19 -27 -28 -31 -32 0 
-4 -9 -11 -18 -19 -22 -24 -32 0 
-1 -8 -22 -24 -31 0 
-1 -3 -7 -8 -13 -14 -15 -22 -23 -26 0 
-3 -10 -15 -24 0 
-8 -11 -21 -29 0 
-14 -17 -25 -32 0 
-2 -13 -17 -19 -29 0 
-1 -4 -8 -9 -12 0 
-24 -25 -26 0 
-6 -12 -13 -17 -24 -29 -32 0 
-5 -16 -19 -26 -28 0 
-1 -8 -9 -17 -19 -22 -26 -29 -32 0 
-1 -2 -10 -20 -23 -28 0 
-9 -15 -23 -26 -28 -29 0 
-1 -6 -7 -12 -17 -25 -27 -29 0 
-2 -5 -8 -24 -26 0 
-1 -6 -11 -14 -16 -21 -25 -28 -30 0 
-5 -12 -19 -27 0 
-1 -4 -8 -15 -20 -22 -25 -30 0 
-6 -8 -18 -26 0 
-2 -7 -11 -14 -17 -21 0 
-2 -11 -18 -22 0 
-17 -18 -19 -22 -23 -27 -29 -31 0 
-1 -4 -9 -16 -20 -21 0 
-5 -8 -9 -12 -14 -16 -17 -18 -26 -30 0 
-2 -8 -10 -14 -16 -22 -28 -29 0 
-1 -2 -3 -5 -8 -9 -10 -15 -32 0 
-1 -2 -3 -16 -23 -25 -28 -31 0 
-8 -9 -10 -11 -13 -29 0 
-4 -16 -20 -32 0 
-2 -5 -7 -8 -9 -10 -20 -27 -28 -30 0 
-2 -15 -29 -30 0 
-11 -13 -16 -22 -26 -27 0 
-2 -7 -9 -13 -18 -19 -20 -21 -26 -29 0 
-4 -5 -9 -11 -18 -20 0 
-5 -12 -23 -25 -27 -32 0 
-3 -9 -10 -11 -13 -14 -22 -29 -32 0 
-4 -11 -16 -17 -20 -27 -29 -31 -32 0 
-1 -2 -15 -18 -31 0 
-1 -3 -12 -17 -20 -21 -24 0 
-2 -7 -11 -14 -22 0 
-3 -4 -5 -11 -28 -29 0 
-17 -26 -29 0 
-5 -6 -13 -27 -30 0 
-2 -6 -8 -16 -21 -25 0 
-9 -14 -18 -22 -30 -31 0 
-11 -13 -16 -24 -25 -29 0 
-2 -3 -6 -12 -13 -14 -17 -21 -26 -28 0 
-3 -4 -5 -8 -16 -22 -23 -27 -28 0 
-11 -18 -32 0 
-7 -10 -15 -17 -22 -24 -27 -28 -31 -32 0 
-5 -6 -13 -22 -26 0 
-1 -2 -21 -28 0 
-2 -3 -4 -12 -16 -32 0 
-1 -5 -12 -21 -27 -30 0 
-1 -2 -8 -10 -12 -16 0 
-2 -5 -8 -13 -14 -26 -32 0 
-7 -10 -12 -13 0 
-5 -8 -24 -25 -26 -30 0 
-6 -10 -12 -14 -17 -22 0 
-1 -9 -14 -22 -30 0 
-1 -8 -15 -20 -21 -26 0 
-1 -4 -8 -13 -32 0 
-7 -10 -11 -16 -20 -23 -27 -28 -30 -31 0 
-1 -6 -10 -15 -21 0 
-5 -6 -7 -14 0 
-5 -11 -18 -27 0 
-7 -16 -24 -25 0 
-6 -7 -10 -12 -13 -20 0 
-10 -14 -17 -19 -32 0 
-8 -23 0 
-1 -2 -6 -8 -12 -23 0 
-4 -21 -23 -25 -29 -32 0 
-8 -9 -10 -11 -15 -20 -21 -28 -29 0 
-6 -10 -13 -18 -19 -30 0 
-3 -4 -6 -7 -11 -15 -17 -24 -25 -31 0 
-1 -17 -21 -22 -24 0 
-2 -24 -25 -31 -32 0 
-2 -5 -7 -11 -23 -24 0 
-5 -7 -17 -21 -31 0 
-14 -17 -19 -20 -21 -23 -24 0 
-3 -5 -21 -23 -27 -28 -30 0 
-1 -5 -6 -12 -14 -15 -18 -23 -29 0 
-7 -21 -24 0 
-2 -7 -17 -30 -32 0 
-1 -2 -6 -14 -22 -25 -32 0 
-8 -11 -14 -18 -24 -25 0 
-19 -23 -24 -27 -30 0 
-1 -4 -10 -15 -21 -23 -31 0 
-4 -13 -24 -28 -30 0 
-2 -6 -7 -21 -26 -32 0 
-2 -4 -12 -13 -14 -17 -18 -21 -27 0 
-2 -6 -7 -8 -18 -22 -27 -31 0 
-6 -11 -14 -18 -22 -24 -31 0 
-1 -3 -13 -17 -23 -24 0 
-1 -7 -8 -10 -13 -16 -29 -31 0 
-5 -12 -15 -18 -22 -26 -27 0 
-6 -7 -13 -22 0 
-1 -3 -5 -6 -10 -13 -18 -23 -29 -31 0 
-1 -7 -22 -26 -27 -30 0 
-12 -18 -31 0 
-13 -14 -16 -18 -19 -22 -25 -30 0 
-6 -13 -14 -15 -18 0 
-4 -10 -14 -15 -16 -25 0 
-6 -7 -9 -16 -26 -28 -31 -32 0 
-1 -4 -5 -7 -8 -9 -10 -16 -18 -21 -25 -26 -29 0 
-1 -2 -6 -17 -22 0 
-4 -17 -18 -24 -26 0 
-8 -14 -17 -22 -29 0 
-14 -16 -24 -25 -26 -27 -31 0 
-3 -10 -12 -30 -32 0 
-6 -7 -9 -10 -28 0 
-2 -12 -16 -17 -22 -30 0 
-2 -5 -22 -24 -26 -29 0 
-8 -9 -16 -18 0 
-1 -6 -18 -22 -25 0 
-1 -8 -9 -12 -14 -18 -22 0 
-4 -6 -17 -19 -23 -25 -27 -29 -30 -31 0 
-5 -7 -8 -10 -16 -19 -20 -29 -30 -32 0 
-1 -2 -3 -5 -11 -17 -23 -28 0 
-2 -4 -6 -18 -19 -29 0 
-21 -23 -24 -26 -30 0 
-7 -8 -9 -14 -31 0 
-6 -12 -13 -18 -22 -26 -28 0 
-9 -11 -20 -25 -27 0 
-7 -13 -20 -21 -26 0 
-4 -18 -21 -25 -28 -31 0 
-6 -15 -22 -32 0 
-12 -13 -22 -27 -29 -30 0 
-6 -10 -11 -15 -18 -19 -27 -30 0 
-3 -4 -8 -11 -12 -27 0 
-6 -9 -13 -15 -22 -23 -27 -31 0 
-8 -13 -26 -30 -32 0 
-5 -6 -9 -13 -17 -29 0 
-1 -9 -14 -20 -22 0 
-2 -5 -10 -14 -16 -17 -30 -32 0 
-6 -10 -24 -31 0 
-4 -8 -12 -19 -20 0 
-7 -17 -20 0 
-1 -4 -13 -22 -29 -31 -32 0 
-1 -10 -13 -20 -30 0 
-1 -2 -13 -29 -30 0 
-5 -6 -17 -29 -31 0 
-2 -8 -9 -10 -14 -23 -30 0 
-3 -5 -9 -13 -16 -20 -21 -22 -24 -28 0 
-4 -17 -27 0 
-3 -13 -14 -20 -22 -25 -30 -31 0 
-3 -12 -19 -20 -24 -25 -27 -29 -32 0 
-2 -11 -12 -14 -28 -29 0 
-3 -7 -11 -14 -20 -24 -28 0 
-1 -4 -5 -8 -9 -11 -15 -17 -29 0 
-1 -2 -8 -10 -18 0 
-4 -9 -14 -27 -30 0 
-2 -6 -12 -17 -28 -29 0 
-3 -4 -7 -14 -18 -25 -28 0 
-8 -15 -19 -21 -28 -29 0 
-2 -13 -14 -17 -22 -29 0 
-9 -12 -15 -16 -17 -20 -23 -32 0 
-1 -2 -5 -15 -31 0 
-1 -5 -10 -16 -22 0 
-2 -4 -9 -13 -18 -20 -26 -32 0 
-6 -7 -11 -15 -25 -26 -27 0 
-5 -8 -10 -11 -12 -17 -18 -28 -30 -31 0 
-3 -4 -20 -21 -22 -25 -26 0 
-3 -6 -13 -18 -21 -25 -26 -28 -30 -31 0 
-4 -7 -13 -14 -30 0 
-14 -30 -32 0 
-7 -10 -21 -22 -26 -30 -31 -32 0 
-3 -12 -16 -17 -20 -23 -28 -29 -30 0 
-5 -8 -18 -30 0 
-1 -8 -13 -20 -27 0 
-26 -28 0 
-2 -4 -7 -8 -15 -31 0 
-4 -5 -20 -27 -29 0 
-4 -9 -10 -31 -32 0 
-5 -17 -21 -25 -29 -32 0 
-11 -12 -14 -15 -17 -24 -31 0 
-7 -9 -10 -17 -23 -27 0 
-15 -16 -21 -28 -32 0 
-4 -8 -16 -19 -22 -23 0 
-5 -7 -10 -12 -19 -24 -27 -29 -32 0 
-1 -11 -19 -23 -32 0 
-5 -6 -10 -15 -18 -21 -23 -26 -29 0 
-2 -4 -5 -26 -32 0 
-8 -9 -15 -20 -22 -24 -27 -28 0 
-14 -16 -17 -18 -19 -22 -23 -27 0 
-1 -4 -8 -11 -14 -15 -18 -24 -25 -28 -32 0 
-17 -21 -27 -31 0 
-11 -12 -16 -19 0 
-2 -11 -15 -20 -23 -26 0 
-3 -11 -15 -22 -26 -29 0 
-5 -11 -22 -27 -31 0 
-16 -17 -22 -24 -26 0 
-3 -12 -20 -25 -29 -31 0 
-1 -7 -8 -9 -20 -31 0 
-8 -9 -11 -12 -22 0 
-4 -5 -10 -17 -18 -20 -21 -26 -27 0 
-2 -14 -15 -17 -22 -25 -26 0 
-20 -25 -26 0 
-3 -8 -13 -14 -15 -23 -25 0 
-1 -4 -6 -12 -13 -19 -30 -31 0 
-4 -5 -10 -12 -28 -32 0 
-1 -2 -5 -9 -10 -15 -20 -21 -22 -28 0 
-1 -9 -19 -20 -26 0 
-4 -10 -11 -27 -29 -31 0 
-5 -6 -7 -11 -13 -21 -30 -31 0 
-4 -6 -9 -11 -17 -21 -24 0 
-4 -8 -11 -12 -26 -30 -31 -32 0 
-3 -6 -7 -8 -16 -22 -24 0 
-2 -6 -8 -12 -19 -20 -31 -32 0 
-3 -4 -7 -11 -18 -22 -26 -28 0 
-6 -15 -19 -26 -27 0 
-2 -5 -8 -10 -17 -21 -23 0 
-8 -9 -11 -15 -19 -21 -26 -29 0 
-1 -10 -13 -22 -32 0 
-1 -4 -9 -11 -25 -28 0 
-7 -8 -14 -16 -23 -31 0 
-4 -5 -12 -16 -19 -25 -29 -31 0 
-12 -22 -27 -30 -31 -32 0 
-1 -3 -10 -11 -15 -22 -23 -24 -25 -31 0 
-2 -17 -19 -21 -22 -26 -32 0 
-5 -18 -20 -22 -23 0 
-1 -6 -9 -15 -16 -17 -19 -27 0 
-17 -24 -29 -30 0 
-6 -14 -15 -17 -20 -22 -28 0 
-1 -6 -11 -19 -20 -21 -28 -30 -31 0 
-6 -10 -11 -15 -20 -24 -28 0 
-9 -13 -22 -32 0 
-6 -10 -11 -17 -23 -28 -30 0 
-1 -2 -12 -13 -15 -32 0 
-14 -23 -24 -30 -32 0 
-6 -8 -9 -12 -13 -14 -17 -20 -22 -23 -26 0 
-5 -8 -17 -25 -28 0 
-9 -12 -14 -18 -30 0 
-1 -4 -6 -7 -17 -19 -23 -25 0 
-2 -3 -6 -7 -11 -27 -32 0 
-6 -7 -10 -15 -20 -24 -25 -27 0 
-11 -21 -24 -28 -29 -31 0 
-21 -26 -27 0 
-3 -4 -9 -10 -20 -23 0 
-1 -4 -11 -12 -31 0 
-1 -2 -10 -18 -22 -24 -32 0 
-4 -10 -13 -21 -23 0 
-15 -19 -23 -25 0 
-1 -5 -15 -18 -20 -29 0 
-2 -4 -10 -20 -24 -29 -31 -32 0 
-6 -7 -10 -23 -24 -27 0 
-10 -14 -15 -19 -21 -27 0 
-5 -15 -19 -21 -28 -32 0 
-2 -10 -11 -28 -31 0 
-1 -7 -10 -21 -23 0 
-2 -6 -12 -15 -20 0 
-3 -4 -10 -12 -15 -18 -22 -32 0 
-2 -7 -14 -19 -27 -28 0 
-8 -9 -12 -14 -15 -20 -29 -31 0 
-4 -6 -8 -9 -17 -19 -20 -23 -26 0 
-7 -12 -13 -15 -16 -18 -20 -22 -24 0 
-1 -3 -19 -24 0 
-4 -6 -21 -30 0 
-1 -16 -19 -22 -23 -27 0 
-1 -4 -6 -7 -9 -10 -13 -16 -21 -27 0 
-2 -9 -12 -16 -18 -27 -31 0 
-5 -6 -10 -15 -18 -25 -28 0 
-2 -13 -22 -24 0 
-7 -11 -12 -17 -23 -28 -32 0 
-2 -14 -15 -16 -19 -25 0 
-11 -17 -20 -29 -30 0 
