p cnf 32 800
10 13 17 18 27 28 0 
7 18 24 25 27 29 0 
5 11 13 21 25 32 0 
3 16 19 31 32 0 
4 9 23 0 
9 16 27 32 0 
2 14 19 21 25 28 29 30 31 0 
2 5 13 14 16 19 21 0 
1 7 14 19 24 27 0 
2 5 9 13 14 16 22 23 25 0 
2 31 0 
4 12 13 19 24 0 
6 7 12 29 0 
8 14 19 22 23 24 0 
1 2 7 18 0 
2 4 10 13 17 22 23 0 
15 17 21 25 26 29 30 0 
5 8 11 21 22 23 24 30 0 
1 5 7 9 23 25 30 0 
24 25 28 30 0 
1 2 8 13 18 20 22 23 27 30 0 
1 3 8 16 29 30 0 
11 15 17 31 32 0 
2 4 5 12 14 23 26 0 
1 3 5 6 9 28 0 
1 5 8 15 16 19 20 29 0 
4 8 13 14 20 25 26 27 28 29 0 
4 15 16 19 28 32 0 
2 4 5 8 10 13 15 19 22 23 0 
2 12 18 22 29 31 0 
11 14 19 25 27 0 
8 11 12 14 22 24 0 
1 7 17 22 32 0 
2 3 7 10 20 21 22 24 29 0 
8 10 13 16 17 26 0 
8 9 10 11 24 27 0 
1 4 9 13 27 31 0 
8 11 19 32 0 
2 11 14 17 0 
2 5 13 21 23 25 26 29 0 
6 8 9 12 18 19 30 0 
1 7 14 25 28 0 
2 4 9 20 23 24 25 31 0 
3 4 5 6 11 16 27 29 0 
4 25 28 30 31 0 
6 10 16 17 20 21 25 29 0 
1 7 8 13 14 24 31 0 
6 11 13 19 20 24 30 32 0 
11 17 18 23 31 0 
11 12 15 24 27 28 31 32 0 
2 5 12 18 0 
2 10 11 12 18 21 26 0 
11 18 29 32 0 
1 2 15 23 24 26 30 0 
3 6 10 11 19 25 0 
7 14 17 27 28 0 
1 16 17 24 27 0 
2 8 9 10 15 20 23 24 25 26 31 32 0 
5 20 21 25 26 27 30 0 
1 6 15 21 22 25 27 0 
8 9 18 19 21 22 0 
7 24 27 28 0 
3 4 6 10 12 13 18 0 
1 4 7 12 28 0 
1 2 14 17 19 21 26 28 31 0 
1 11 23 25 28 29 31 0 
10 13 25 29 32 0 
1 2 13 17 24 25 28 31 0 
4 9 25 26 0 
3 5 9 19 20 30 0 
10 13 17 24 25 0 
1 4 8 14 16 17 28 0 
14 18 24 25 28 29 0 
3 5 8 10 17 26 27 32 0 
7 11 17 18 21 25 27 31 0 
5 6 9 11 12 13 19 21 24 0 
1 26 28 29 0 
1 4 7 14 32 0 
8 13 20 23 25 32 0 
10 16 17 18 27 28 0 
15 16 17 18 24 26 28 31 0 
4 6 8 15 23 24 29 0 
2 12 16 18 19 0 
2 4 14 27 28 30 0 
3 11 18 24 25 27 0 
6 8 9 12 27 31 32 0 
3 5 7 8 9 14 18 0 
3 13 17 22 24 26 29 0 
5 10 16 18 21 22 23 30 0 
1 8 9 12 24 27 0 
7 8 15 16 27 32 0 
8 9 12 20 21 22 24 29 30 0 
2 3 6 7 8 13 14 17 31 0 
4 6 12 29 0 
2 3 4 6 11 16 24 25 26 0 
9 14 16 31 0 
10 11 14 16 31 32 0 
5 7 12 16 21 24 25 26 28 29 0 
8 15 23 26 30 0 
12 14 18 22 23 29 0 
10 11 16 20 26 28 29 31 0 
2 3 5 7 10 20 23 0 
3 4 9 10 21 24 0 
6 7 23 26 29 0 
8 14 18 21 24 0 
2 3 4 16 22 23 24 27 0 
3 9 20 21 0 
1 10 12 22 24 27 29 30 0 
2 10 16 21 28 0 
9 12 17 28 29 30 32 0 
6 14 22 23 24 30 0 
10 13 15 22 24 25 0 
7 11 16 18 22 23 26 27 32 0 
9 11 14 0 
9 12 27 28 30 31 32 0 
7 12 17 19 28 31 0 
1 3 7 8 9 30 0 
1 8 14 17 28 30 32 0 
7 11 25 26 27 31 0 
12 23 32 0 
6 8 11 21 24 29 30 32 0 
9 22 31 0 
1 5 6 9 17 18 22 26 28 32 0 
2 5 16 23 0 
4 10 20 21 28 0 
2 6 24 31 32 0 
1 2 5 10 17 24 27 0 
1 3 8 14 17 20 22 26 28 0 
7 9 12 22 25 27 29 0 
8 16 21 23 30 31 0 
1 3 11 15 16 18 20 28 32 0 
2 3 14 17 20 24 0 
9 11 14 17 32 0 
7 11 12 17 18 0 
7 11 15 22 26 0 
1 3 5 6 7 9 11 24 30 31 0 
1 8 11 14 21 29 0 
10 21 25 27 30 32 0 
5 13 19 21 27 0 
7 19 21 22 25 0 
6 12 13 19 20 23 27 0 
2 3 9 12 16 21 23 31 0 
1 21 30 0 
1 8 10 16 21 22 24 27 29 0 
1 2 7 13 15 18 22 25 31 0 
3 5 9 10 18 25 30 0 
3 19 25 26 32 0 
2 5 6 14 18 23 25 26 29 31 0 
3 4 10 21 30 0 
3 4 7 13 15 16 24 31 0 
2 4 6 9 12 15 22 24 28 0 
14 15 22 0 
11 13 17 20 21 22 0 
3 4 14 15 26 0 
11 15 23 24 32 0 
3 9 12 13 19 22 25 0 
3 14 15 20 0 
6 9 17 20 28 31 0 
1 3 7 12 15 17 22 0 
10 14 29 0 
7 19 27 0 
1 2 9 14 24 32 0 
6 12 16 17 23 26 0 
4 8 9 10 11 12 13 20 21 22 28 29 0 
2 5 18 19 20 28 0 
7 11 19 20 23 28 29 0 
13 17 18 23 25 0 
8 16 20 27 29 30 0 
6 7 10 15 27 0 
6 12 14 17 20 0 
2 16 22 23 27 0 
9 15 16 19 25 29 0 
6 12 16 18 26 27 30 0 
3 5 7 9 12 22 27 0 
6 17 21 24 27 0 
6 7 9 10 13 15 17 18 28 30 0 
13 24 25 28 0 
1 2 10 18 19 23 28 0 
8 13 26 31 0 
1 7 8 11 14 20 21 22 28 0 
12 13 16 17 22 25 30 0 
13 16 17 23 26 27 30 0 
3 4 8 15 17 30 0 
7 12 13 23 26 32 0 
3 8 12 13 14 17 22 23 24 0 
5 9 10 28 0 
2 4 5 7 16 20 27 30 0 
5 8 10 13 20 25 26 29 0 
9 11 14 16 19 24 27 31 0 
2 5 15 18 20 21 25 27 0 
2 10 13 20 31 0 
1 2 17 18 22 26 0 
10 11 12 18 21 24 25 27 0 
1 10 13 15 19 23 25 0 
1 11 15 19 28 0 
1 2 3 8 10 16 23 25 31 0 
1 7 14 24 25 31 0 
6 9 11 14 15 18 28 29 0 
3 11 12 16 21 23 27 0 
1 7 15 18 21 31 0 
1 15 24 25 26 0 
2 10 11 15 20 23 25 26 27 29 0 
6 8 12 13 19 0 
5 12 14 16 29 30 0 
1 2 3 5 21 22 0 
15 17 19 26 31 0 
22 24 29 30 31 0 
1 10 12 14 16 30 32 0 
2 3 4 12 25 26 0 
3 8 12 19 22 24 32 0 
9 13 20 0 
3 10 19 26 27 30 31 0 
3 5 6 15 20 28 0 
3 4 24 25 28 0 
2 4 10 11 16 18 21 22 28 29 0 
3 6 9 10 16 18 20 21 26 27 0 
5 11 12 16 18 25 27 30 32 0 
2 8 11 20 21 0 
2 5 10 15 17 19 28 30 31 0 
4 6 9 11 14 15 21 24 27 0 
13 14 15 17 20 22 24 0 
8 10 25 0 
1 4 8 24 31 0 
2 6 10 11 16 18 24 26 29 0 
1 3 7 14 15 16 19 22 25 27 0 
1 8 10 11 22 26 29 0 
2 3 10 20 22 23 25 27 30 0 
3 19 20 21 0 
1 2 4 6 22 25 26 29 30 32 0 
5 7 9 11 18 21 0 
8 22 30 31 32 0 
1 12 14 15 16 26 32 0 
1 7 8 13 14 20 27 0 
6 13 14 16 25 30 0 
1 2 5 11 17 18 20 23 29 0 
4 6 7 9 13 20 21 0 
5 9 16 17 26 0 
1 3 17 19 22 23 27 32 0 
21 27 28 0 
1 7 8 14 27 29 0 
1 2 3 7 8 22 0 
4 12 14 17 30 0 
15 16 21 25 29 0 
4 8 12 14 26 27 0 
6 7 12 14 21 31 0 
3 11 14 25 28 0 
11 14 18 0 
4 7 9 15 17 18 30 32 0 
2 3 13 19 0 
4 6 9 13 14 27 0 
3 14 17 26 29 31 0 
6 12 16 17 24 28 29 32 0 
1 19 23 26 30 0 
12 24 27 31 0 
18 25 0 
1 5 15 20 21 22 31 0 
2 3 4 6 20 24 26 32 0 
8 15 17 18 23 25 28 32 0 
2 4 5 6 12 24 27 31 0 
4 6 11 15 16 22 0 
1 22 28 32 0 
7 8 14 21 22 26 31 32 0 
4 6 7 22 28 0 
25 26 0 
6 12 14 17 21 23 0 
6 7 10 20 22 25 28 30 31 0 
2 5 7 10 11 26 0 
2 13 14 20 27 31 0 
1 15 18 25 0 
10 12 13 14 24 30 32 0 
1 2 10 11 13 18 24 25 28 0 
2 8 14 17 18 0 
4 17 24 25 29 30 0 
9 11 13 19 23 25 31 0 
1 3 4 14 25 28 0 
1 2 8 12 14 21 28 29 0 
4 9 13 21 0 
1 8 10 12 16 20 21 26 28 29 31 0 
3 6 8 17 19 29 0 
2 5 8 9 10 11 16 28 30 0 
6 12 15 19 25 29 0 
4 5 7 8 20 28 0 
6 21 24 28 0 
2 4 9 19 30 31 0 
8 16 18 19 0 
1 5 11 12 21 30 31 0 
2 7 9 10 12 31 0 
5 20 25 31 32 0 
2 16 20 23 30 31 0 
4 8 18 22 30 32 0 
2 6 7 13 21 24 26 27 0 
4 5 6 7 21 23 24 27 0 
9 14 18 0 
6 10 12 21 31 0 
1 3 8 12 16 32 0 
4 7 12 18 23 26 28 0 
3 6 9 16 21 25 29 0 
2 5 6 7 10 14 24 25 26 31 0 
12 20 23 24 27 31 0 
1 8 9 23 31 0 
4 6 7 13 27 0 
2 5 9 15 20 29 0 
7 19 20 22 24 28 0 
1 6 8 15 30 31 0 
14 29 0 
23 24 27 28 29 0 
2 5 7 24 27 29 0 
3 10 14 16 19 21 23 27 0 
2 4 7 17 21 30 32 0 
1 3 14 26 30 0 
7 19 21 30 0 
1 8 11 26 27 0 
1 2 3 9 22 31 0 
4 8 9 15 18 20 28 0 
3 6 7 13 16 24 31 0 
2 13 14 15 18 19 22 24 30 0 
3 10 12 22 28 0 
3 4 5 6 9 10 11 14 0 
1 4 10 11 13 25 0 
1 6 11 12 18 24 0 
6 12 26 28 31 0 
5 7 16 25 30 0 
4 8 13 22 24 30 0 
9 12 13 16 22 26 28 0 
1 7 9 12 17 23 26 29 30 31 0 
1 9 12 16 19 21 24 26 0 
3 6 10 29 31 0 
2 18 28 31 0 
5 7 16 19 21 22 32 0 
5 10 14 20 24 26 0 
2 3 14 31 32 0 
1 4 7 10 0 
2 3 4 5 24 25 29 31 0 
2 5 9 13 14 19 23 24 0 
1 2 12 21 32 0 
3 11 13 14 15 19 21 25 26 27 0 
3 7 8 11 14 30 0 
10 13 19 28 31 0 
3 4 12 14 16 20 22 0 
1 7 13 22 25 28 32 0 
1 4 5 7 11 14 20 27 0 
9 10 11 16 18 22 23 30 0 
1 3 9 14 15 24 0 
2 7 19 20 24 0 
2 5 10 13 14 23 26 31 0 
5 12 18 20 21 27 31 0 
5 12 19 0 
3 12 14 17 25 32 0 
4 10 16 19 21 22 25 27 0 
16 17 24 26 30 32 0 
2 3 4 5 16 25 26 27 0 
3 8 11 17 0 
1 3 28 29 30 0 
17 20 23 29 31 32 0 
2 19 23 31 32 0 
1 4 5 10 12 14 19 20 24 30 0 
2 3 7 22 23 32 0 
3 9 11 21 23 24 26 27 0 
6 10 21 26 27 0 
1 2 5 9 19 22 32 0 
1 4 10 21 0 
6 13 15 31 0 
7 14 17 19 24 29 30 0 
6 8 9 13 22 25 27 31 0 
1 5 10 14 18 22 26 28 30 0 
1 11 19 26 27 32 0 
3 7 11 16 23 27 28 0 
5 7 8 17 26 28 32 0 
4 7 13 25 28 32 0 
7 23 25 27 0 
5 6 9 14 15 20 27 31 0 
4 6 7 11 20 24 29 31 0 
3 5 8 10 12 0 
25 26 30 0 
2 3 4 16 18 28 29 30 0 
1 3 5 12 15 18 22 25 26 32 0 
4 8 9 22 23 31 0 
4 8 11 14 19 29 31 0 
4 8 15 17 18 23 26 27 0 
2 6 7 8 14 18 19 23 24 0 
5 10 13 16 20 24 30 0 
1 6 12 17 20 22 24 32 0 
4 5 6 12 22 31 0 
4 23 25 28 31 0 
5 9 30 32 0 
5 13 14 22 27 28 30 0 
1 3 17 20 27 32 0 
8 11 16 32 0 
1 2 5 9 10 13 28 0 
2 8 10 18 19 21 26 32 0 
6 7 12 19 26 29 31 0 
1 2 11 14 16 20 24 27 32 0 
1 2 3 7 16 24 32 0 
7 9 23 30 0 
8 17 18 20 32 0 
2 12 13 14 15 30 0 
3 10 15 22 26 31 0 
3 9 14 16 21 24 27 30 0 
18 19 22 29 0 
4 19 21 23 24 0 
-10 -13 -17 -18 -27 -28 0 
-7 -18 -24 -25 -27 -29 0 
-5 -11 -13 -21 -25 -32 0 
-3 -16 -19 -31 -32 0 
-4 -9 -23 0 
-9 -16 -27 -32 0 
-2 -14 -19 -21 -25 -28 -29 -30 -31 0 
-2 -5 -13 -14 -16 -19 -21 0 
-1 -7 -14 -19 -24 -27 0 
-2 -5 -9 -13 -14 -16 -22 -23 -25 0 
-2 -31 0 
-4 -12 -13 -19 -24 0 
-6 -7 -12 -29 0 
-8 -14 -19 -22 -23 -24 0 
-1 -2 -7 -18 0 
-2 -4 -10 -13 -17 -22 -23 0 
-15 -17 -21 -25 -26 -29 -30 0 
-5 -8 -11 -21 -22 -23 -24 -30 0 
-1 -5 -7 -9 -23 -25 -30 0 
-24 -25 -28 -30 0 
-1 -2 -8 -13 -18 -20 -22 -23 -27 -30 0 
-1 -3 -8 -16 -29 -30 0 
-11 -15 -17 -31 -32 0 
-2 -4 -5 -12 -14 -23 -26 0 
-1 -3 -5 -6 -9 -28 0 
-1 -5 -8 -15 -16 -19 -20 -29 0 
-4 -8 -13 -14 -20 -25 -26 -27 -28 -29 0 
-4 -15 -16 -19 -28 -32 0 
-2 -4 -5 -8 -10 -13 -15 -19 -22 -23 0 
-2 -12 -18 -22 -29 -31 0 
-11 -14 -19 -25 -27 0 
-8 -11 -12 -14 -22 -24 0 
-1 -7 -17 -22 -32 0 
-2 -3 -7 -10 -20 -21 -22 -24 -29 0 
-8 -10 -13 -16 -17 -26 0 
-8 -9 -10 -11 -24 -27 0 
-1 -4 -9 -13 -27 -31 0 
-8 -11 -19 -32 0 
-2 -11 -14 -17 0 
-2 -5 -13 -21 -23 -25 -26 -29 0 
-6 -8 -9 -12 -18 -19 -30 0 
-1 -7 -14 -25 -28 0 
-2 -4 -9 -20 -23 -24 -25 -31 0 
-3 -4 -5 -6 -11 -16 -27 -29 0 
-4 -25 -28 -30 -31 0 
-6 -10 -16 -17 -20 -21 -25 -29 0 
-1 -7 -8 -13 -14 -24 -31 0 
-6 -11 -13 -19 -20 -24 -30 -32 0 
-11 -17 -18 -23 -31 0 
-11 -12 -15 -24 -27 -28 -31 -32 0 
-2 -5 -12 -18 0 
-2 -10 -11 -12 -18 -21 -26 0 
-11 -18 -29 -32 0 
-1 -2 -15 -23 -24 -26 -30 0 
-3 -6 -10 -11 -19 -25 0 
-7 -14 -17 -27 -28 0 
-1 -16 -17 -24 -27 0 
-2 -8 -9 -10 -15 -20 -23 -24 -25 -26 -31 -32 0 
-5 -20 -21 -25 -26 -27 -30 0 
-1 -6 -15 -21 -22 -25 -27 0 
-8 -9 -18 -19 -21 -22 0 
-7 -24 -27 -28 0 
-3 -4 -6 -10 -12 -13 -18 0 
-1 -4 -7 -12 -28 0 
-1 -2 -14 -17 -19 -21 -26 -28 -31 0 
-1 -11 -23 -25 -28 -29 -31 0 
-10 -13 -25 -29 -32 0 
-1 -2 -13 -17 -24 -25 -28 -31 0 
-4 -9 -25 -26 0 
-3 -5 -9 -19 -20 -30 0 
-10 -13 -17 -24 -25 0 
-1 -4 -8 -14 -16 -17 -28 0 
-14 -18 -24 -25 -28 -29 0 
-3 -5 -8 -10 -17 -26 -27 -32 0 
-7 -11 -17 -18 -21 -25 -27 -31 0 
-5 -6 -9 -11 -12 -13 -19 -21 -24 0 
-1 -26 -28 -29 0 
-1 -4 -7 -14 -32 0 
-8 -13 -20 -23 -25 -32 0 
-10 -16 -17 -18 -27 -28 0 
-15 -16 -17 -18 -24 -26 -28 -31 0 
-4 -6 -8 -15 -23 -24 -29 0 
-2 -12 -16 -18 -19 0 
-2 -4 -14 -27 -28 -30 0 
-3 -11 -18 -24 -25 -27 0 
-6 -8 -9 -12 -27 -31 -32 0 
-3 -5 -7 -8 -9 -14 -18 0 
-3 -13 -17 -22 -24 -26 -29 0 
-5 -10 -16 -18 -21 -22 -23 -30 0 
-1 -8 -9 -12 -24 -27 0 
-7 -8 -15 -16 -27 -32 0 
-8 -9 -12 -20 -21 -22 -24 -29 -30 0 
-2 -3 -6 -7 -8 -13 -14 -17 -31 0 
-4 -6 -12 -29 0 
-2 -3 -4 -6 -11 -16 -24 -25 -26 0 
-9 -14 -16 -31 0 
-10 -11 -14 -16 -31 -32 0 
-5 -7 -12 -16 -21 -24 -25 -26 -28 -29 0 
-8 -15 -23 -26 -30 0 
-12 -14 -18 -22 -23 -29 0 
-10 -11 -16 -20 -26 -28 -29 -31 0 
-2 -3 -5 -7 -10 -20 -23 0 
-3 -4 -9 -10 -21 -24 0 
-6 -7 -23 -26 -29 0 
-8 -14 -18 -21 -24 0 
-2 -3 -4 -16 -22 -23 -24 -27 0 
-3 -9 -20 -21 0 
-1 -10 -12 -22 -24 -27 -29 -30 0 
-2 -10 -16 -21 -28 0 
-9 -12 -17 -28 -29 -30 -32 0 
-6 -14 -22 -23 -24 -30 0 
-10 -13 -15 -22 -24 -25 0 
-7 -11 -16 -18 -22 -23 -26 -27 -32 0 
-9 -11 -14 0 
-9 -12 -27 -28 -30 -31 -32 0 
-7 -12 -17 -19 -28 -31 0 
-1 -3 -7 -8 -9 -30 0 
-1 -8 -14 -17 -28 -30 -32 0 
-7 -11 -25 -26 -27 -31 0 
-12 -23 -32 0 
-6 -8 -11 -21 -24 -29 -30 -32 0 
-9 -22 -31 0 
-1 -5 -6 -9 -17 -18 -22 -26 -28 -32 0 
-2 -5 -16 -23 0 
-4 -10 -20 -21 -28 0 
-2 -6 -24 -31 -32 0 
-1 -2 -5 -10 -17 -24 -27 0 
-1 -3 -8 -14 -17 -20 -22 -26 -28 0 
-7 -9 -12 -22 -25 -27 -29 0 
-8 -16 -21 -23 -30 -31 0 
-1 -3 -11 -15 -16 -18 -20 -28 -32 0 
-2 -3 -14 -17 -20 -24 0 
-9 -11 -14 -17 -32 0 
-7 -11 -12 -17 -18 0 
-7 -11 -15 -22 -26 0 
-1 -3 -5 -6 -7 -9 -11 -24 -30 -31 0 
-1 -8 -11 -14 -21 -29 0 
-10 -21 -25 -27 -30 -32 0 
-5 -13 -19 -21 -27 0 
-7 -19 -21 -22 -25 0 
-6 -12 -13 -19 -20 -23 -27 0 
-2 -3 -9 -12 -16 -21 -23 -31 0 
-1 -21 -30 0 
-1 -8 -10 -16 -21 -22 -24 -27 -29 0 
-1 -2 -7 -13 -15 -18 -22 -25 -31 0 
-3 -5 -9 -10 -18 -25 -30 0 
-3 -19 -25 -26 -32 0 
-2 -5 -6 -14 -18 -23 -25 -26 -29 -31 0 
-3 -4 -10 -21 -30 0 
-3 -4 -7 -13 -15 -16 -24 -31 0 
-2 -4 -6 -9 -12 -15 -22 -24 -28 0 
-14 -15 -22 0 
-11 -13 -17 -20 -21 -22 0 
-3 -4 -14 -15 -26 0 
-11 -15 -23 -24 -32 0 
-3 -9 -12 -13 -19 -22 -25 0 
-3 -14 -15 -20 0 
-6 -9 -17 -20 -28 -31 0 
-1 -3 -7 -12 -15 -17 -22 0 
-10 -14 -29 0 
-7 -19 -27 0 
-1 -2 -9 -14 -24 -32 0 
-6 -12 -16 -17 -23 -26 0 
-4 -8 -9 -10 -11 -12 -13 -20 -21 -22 -28 -29 0 
-2 -5 -18 -19 -20 -28 0 
-7 -11 -19 -20 -23 -28 -29 0 
-13 -17 -18 -23 -25 0 
-8 -16 -20 -27 -29 -30 0 
-6 -7 -10 -15 -27 0 
-6 -12 -14 -17 -20 0 
-2 -16 -22 -23 -27 0 
-9 -15 -16 -19 -25 -29 0 
-6 -12 -16 -18 -26 -27 -30 0 
-3 -5 -7 -9 -12 -22 -27 0 
-6 -17 -21 -24 -27 0 
-6 -7 -9 -10 -13 -15 -17 -18 -28 -30 0 
-13 -24 -25 -28 0 
-1 -2 -10 -18 -19 -23 -28 0 
-8 -13 -26 -31 0 
-1 -7 -8 -11 -14 -20 -21 -22 -28 0 
-12 -13 -16 -17 -22 -25 -30 0 
-13 -16 -17 -23 -26 -27 -30 0 
-3 -4 -8 -15 -17 -30 0 
-7 -12 -13 -23 -26 -32 0 
-3 -8 -12 -13 -14 -17 -22 -23 -24 0 
-5 -9 -10 -28 0 
-2 -4 -5 -7 -16 -20 -27 -30 0 
-5 -8 -10 -13 -20 -25 -26 -29 0 
-9 -11 -14 -16 -19 -24 -27 -31 0 
-2 -5 -15 -18 -20 -21 -25 -27 0 
-2 -10 -13 -20 -31 0 
-1 -2 -17 -18 -22 -26 0 
-10 -11 -12 -18 -21 -24 -25 -27 0 
-1 -10 -13 -15 -19 -23 -25 0 
-1 -11 -15 -19 -28 0 
-1 -2 -3 -8 -10 -16 -23 -25 -31 0 
-1 -7 -14 -24 -25 -31 0 
-6 -9 -11 -14 -15 -18 -28 -29 0 
-3 -11 -12 -16 -21 -23 -27 0 
-1 -7 -15 -18 -21 -31 0 
-1 -15 -24 -25 -26 0 
-2 -10 -11 -15 -20 -23 -25 -26 -27 -29 0 
-6 -8 -12 -13 -19 0 
-5 -12 -14 -16 -29 -30 0 
-1 -2 -3 -5 -21 -22 0 
-15 -17 -19 -26 -31 0 
-22 -24 -29 -30 -31 0 
-1 -10 -12 -14 -16 -30 -32 0 
-2 -3 -4 -12 -25 -26 0 
-3 -8 -12 -19 -22 -24 -32 0 
-9 -13 -20 0 
-3 -10 -19 -26 -27 -30 -31 0 
-3 -5 -6 -15 -20 -28 0 
-3 -4 -24 -25 -28 0 
-2 -4 -10 -11 -16 -18 -21 -22 -28 -29 0 
-3 -6 -9 -10 -16 -18 -20 -21 -26 -27 0 
-5 -11 -12 -16 -18 -25 -27 -30 -32 0 
-2 -8 -11 -20 -21 0 
-2 -5 -10 -15 -17 -19 -28 -30 -31 0 
-4 -6 -9 -11 -14 -15 -21 -24 -27 0 
-13 -14 -15 -17 -20 -22 -24 0 
-8 -10 -25 0 
-1 -4 -8 -24 -31 0 
-2 -6 -10 -11 -16 -18 -24 -26 -29 0 
-1 -3 -7 -14 -15 -16 -19 -22 -25 -27 0 
-1 -8 -10 -11 -22 -26 -29 0 
-2 -3 -10 -20 -22 -23 -25 -27 -30 0 
-3 -19 -20 -21 0 
-1 -2 -4 -6 -22 -25 -26 -29 -30 -32 0 
-5 -7 -9 -11 -18 -21 0 
-8 -22 -30 -31 -32 0 
-1 -12 -14 -15 -16 -26 -32 0 
-1 -7 -8 -13 -14 -20 -27 0 
-6 -13 -14 -16 -25 -30 0 
-1 -2 -5 -11 -17 -18 -20 -23 -29 0 
-4 -6 -7 -9 -13 -20 -21 0 
-5 -9 -16 -17 -26 0 
-1 -3 -17 -19 -22 -23 -27 -32 0 
-21 -27 -28 0 
-1 -7 -8 -14 -27 -29 0 
-1 -2 -3 -7 -8 -22 0 
-4 -12 -14 -17 -30 0 
-15 -16 -21 -25 -29 0 
-4 -8 -12 -14 -26 -27 0 
-6 -7 -12 -14 -21 -31 0 
-3 -11 -14 -25 -28 0 
-11 -14 -18 0 
-4 -7 -9 -15 -17 -18 -30 -32 0 
-2 -3 -13 -19 0 
-4 -6 -9 -13 -14 -27 0 
-3 -14 -17 -26 -29 -31 0 
-6 -12 -16 -17 -24 -28 -29 -32 0 
-1 -19 -23 -26 -30 0 
-12 -24 -27 -31 0 
-18 -25 0 
-1 -5 -15 -20 -21 -22 -31 0 
-2 -3 -4 -6 -20 -24 -26 -32 0 
-8 -15 -17 -18 -23 -25 -28 -32 0 
-2 -4 -5 -6 -12 -24 -27 -31 0 
-4 -6 -11 -15 -16 -22 0 
-1 -22 -28 -32 0 
-7 -8 -14 -21 -22 -26 -31 -32 0 
-4 -6 -7 -22 -28 0 
-25 -26 0 
-6 -12 -14 -17 -21 -23 0 
-6 -7 -10 -20 -22 -25 -28 -30 -31 0 
-2 -5 -7 -10 -11 -26 0 
-2 -13 -14 -20 -27 -31 0 
-1 -15 -18 -25 0 
-10 -12 -13 -14 -24 -30 -32 0 
-1 -2 -10 -11 -13 -18 -24 -25 -28 0 
-2 -8 -14 -17 -18 0 
-4 -17 -24 -25 -29 -30 0 
-9 -11 -13 -19 -23 -25 -31 0 
-1 -3 -4 -14 -25 -28 0 
-1 -2 -8 -12 -14 -21 -28 -29 0 
-4 -9 -13 -21 0 
-1 -8 -10 -12 -16 -20 -21 -26 -28 -29 -31 0 
-3 -6 -8 -17 -19 -29 0 
-2 -5 -8 -9 -10 -11 -16 -28 -30 0 
-6 -12 -15 -19 -25 -29 0 
-4 -5 -7 -8 -20 -28 0 
-6 -21 -24 -28 0 
-2 -4 -9 -19 -30 -31 0 
-8 -16 -18 -19 0 
-1 -5 -11 -12 -21 -30 -31 0 
-2 -7 -9 -10 -12 -31 0 
-5 -20 -25 -31 -32 0 
-2 -16 -20 -23 -30 -31 0 
-4 -8 -18 -22 -30 -32 0 
-2 -6 -7 -13 -21 -24 -26 -27 0 
-4 -5 -6 -7 -21 -23 -24 -27 0 
-9 -14 -18 0 
-6 -10 -12 -21 -31 0 
-1 -3 -8 -12 -16 -32 0 
-4 -7 -12 -18 -23 -26 -28 0 
-3 -6 -9 -16 -21 -25 -29 0 
-2 -5 -6 -7 -10 -14 -24 -25 -26 -31 0 
-12 -20 -23 -24 -27 -31 0 
-1 -8 -9 -23 -31 0 
-4 -6 -7 -13 -27 0 
-2 -5 -9 -15 -20 -29 0 
-7 -19 -20 -22 -24 -28 0 
-1 -6 -8 -15 -30 -31 0 
-14 -29 0 
-23 -24 -27 -28 -29 0 
-2 -5 -7 -24 -27 -29 0 
-3 -10 -14 -16 -19 -21 -23 -27 0 
-2 -4 -7 -17 -21 -30 -32 0 
-1 -3 -14 -26 -30 0 
-7 -19 -21 -30 0 
-1 -8 -11 -26 -27 0 
-1 -2 -3 -9 -22 -31 0 
-4 -8 -9 -15 -18 -20 -28 0 
-3 -6 -7 -13 -16 -24 -31 0 
-2 -13 -14 -15 -18 -19 -22 -24 -30 0 
-3 -10 -12 -22 -28 0 
-3 -4 -5 -6 -9 -10 -11 -14 0 
-1 -4 -10 -11 -13 -25 0 
-1 -6 -11 -12 -18 -24 0 
-6 -12 -26 -28 -31 0 
-5 -7 -16 -25 -30 0 
-4 -8 -13 -22 -24 -30 0 
-9 -12 -13 -16 -22 -26 -28 0 
-1 -7 -9 -12 -17 -23 -26 -29 -30 -31 0 
-1 -9 -12 -16 -19 -21 -24 -26 0 
-3 -6 -10 -29 -31 0 
-2 -18 -28 -31 0 
-5 -7 -16 -19 -21 -22 -32 0 
-5 -10 -14 -20 -24 -26 0 
-2 -3 -14 -31 -32 0 
-1 -4 -7 -10 0 
-2 -3 -4 -5 -24 -25 -29 -31 0 
-2 -5 -9 -13 -14 -19 -23 -24 0 
-1 -2 -12 -21 -32 0 
-3 -11 -13 -14 -15 -19 -21 -25 -26 -27 0 
-3 -7 -8 -11 -14 -30 0 
-10 -13 -19 -28 -31 0 
-3 -4 -12 -14 -16 -20 -22 0 
-1 -7 -13 -22 -25 -28 -32 0 
-1 -4 -5 -7 -11 -14 -20 -27 0 
-9 -10 -11 -16 -18 -22 -23 -30 0 
-1 -3 -9 -14 -15 -24 0 
-2 -7 -19 -20 -24 0 
-2 -5 -10 -13 -14 -23 -26 -31 0 
-5 -12 -18 -20 -21 -27 -31 0 
-5 -12 -19 0 
-3 -12 -14 -17 -25 -32 0 
-4 -10 -16 -19 -21 -22 -25 -27 0 
-16 -17 -24 -26 -30 -32 0 
-2 -3 -4 -5 -16 -25 -26 -27 0 
-3 -8 -11 -17 0 
-1 -3 -28 -29 -30 0 
-17 -20 -23 -29 -31 -32 0 
-2 -19 -23 -31 -32 0 
-1 -4 -5 -10 -12 -14 -19 -20 -24 -30 0 
-2 -3 -7 -22 -23 -32 0 
-3 -9 -11 -21 -23 -24 -26 -27 0 
-6 -10 -21 -26 -27 0 
-1 -2 -5 -9 -19 -22 -32 0 
-1 -4 -10 -21 0 
-6 -13 -15 -31 0 
-7 -14 -17 -19 -24 -29 -30 0 
-6 -8 -9 -13 -22 -25 -27 -31 0 
-1 -5 -10 -14 -18 -22 -26 -28 -30 0 
-1 -11 -19 -26 -27 -32 0 
-3 -7 -11 -16 -23 -27 -28 0 
-5 -7 -8 -17 -26 -28 -32 0 
-4 -7 -13 -25 -28 -32 0 
-7 -23 -25 -27 0 
-5 -6 -9 -14 -15 -20 -27 -31 0 
-4 -6 -7 -11 -20 -24 -29 -31 0 
-3 -5 -8 -10 -12 0 
-25 -26 -30 0 
-2 -3 -4 -16 -18 -28 -29 -30 0 
-1 -3 -5 -12 -15 -18 -22 -25 -26 -32 0 
-4 -8 -9 -22 -23 -31 0 
-4 -8 -11 -14 -19 -29 -31 0 
-4 -8 -15 -17 -18 -23 -26 -27 0 
-2 -6 -7 -8 -14 -18 -19 -23 -24 0 
-5 -10 -13 -16 -20 -24 -30 0 
-1 -6 -12 -17 -20 -22 -24 -32 0 
-4 -5 -6 -12 -22 -31 0 
-4 -23 -25 -28 -31 0 
-5 -9 -30 -32 0 
-5 -13 -14 -22 -27 -28 -30 0 
-1 -3 -17 -20 -27 -32 0 
-8 -11 -16 -32 0 
-1 -2 -5 -9 -10 -13 -28 0 
-2 -8 -10 -18 -19 -21 -26 -32 0 
-6 -7 -12 -19 -26 -29 -31 0 
-1 -2 -11 -14 -16 -20 -24 -27 -32 0 
-1 -2 -3 -7 -16 -24 -32 0 
-7 -9 -23 -30 0 
-8 -17 -18 -20 -32 0 
-2 -12 -13 -14 -15 -30 0 
-3 -10 -15 -22 -26 -31 0 
-3 -9 -14 -16 -21 -24 -27 -30 0 
-18 -19 -22 -29 0 
-4 -19 -21 -23 -24 0 
