p cnf 32 800
5 14 16 22 25 32 0 
4 8 11 12 19 22 28 29 0 
15 28 32 0 
2 11 12 23 26 30 0 
11 14 19 22 25 26 0 
1 3 15 19 20 24 0 
6 11 25 29 0 
19 22 24 26 30 0 
7 10 15 16 20 23 25 0 
4 5 13 14 15 22 0 
1 2 7 10 18 25 28 29 0 
8 9 11 12 14 29 31 0 
3 5 9 10 13 17 19 0 
2 3 10 13 22 23 0 
1 8 17 20 23 24 27 29 31 0 
1 10 14 20 27 0 
11 12 19 21 22 25 29 30 0 
2 15 18 22 24 28 29 0 
6 17 21 22 26 32 0 
4 5 6 7 8 9 16 17 22 24 32 0 
3 8 11 16 22 24 27 28 0 
9 14 16 23 29 31 32 0 
2 7 12 18 19 0 
6 16 29 0 
1 11 19 22 27 0 
3 7 13 14 19 23 25 28 31 0 
11 29 0 
1 5 18 20 28 30 0 
1 7 16 19 23 24 29 0 
3 11 15 17 19 23 0 
2 4 8 10 11 29 30 0 
4 12 26 28 0 
4 18 20 27 28 30 0 
7 10 13 29 0 
11 13 14 16 18 19 21 24 29 32 0 
3 6 16 31 0 
2 9 11 13 17 18 31 0 
12 13 21 26 29 31 0 
1 7 10 14 15 20 22 23 27 31 0 
2 4 9 11 20 24 0 
16 20 25 28 32 0 
4 11 15 18 22 0 
1 2 5 10 17 24 28 0 
6 11 19 24 28 32 0 
2 11 19 20 22 0 
1 2 9 14 16 22 28 32 0 
4 7 14 16 19 32 0 
4 10 14 15 20 23 0 
3 11 17 29 32 0 
2 3 8 10 14 0 
9 15 19 20 27 30 32 0 
6 7 20 29 31 0 
5 17 25 0 
4 24 26 27 0 
1 7 8 17 18 20 27 0 
8 12 17 18 0 
4 11 13 15 16 23 26 0 
16 26 27 29 31 0 
6 9 11 24 26 32 0 
11 13 30 31 0 
1 2 4 9 19 20 21 22 25 27 31 0 
5 7 8 9 10 23 29 0 
8 12 22 31 0 
1 7 10 11 16 23 24 28 0 
1 9 12 19 20 0 
4 17 19 24 0 
2 4 7 10 12 15 25 0 
10 14 16 18 23 27 30 31 0 
8 9 10 14 16 19 32 0 
1 2 12 20 21 23 31 32 0 
3 9 14 20 22 25 26 32 0 
15 17 24 27 31 0 
9 10 15 20 25 0 
15 19 0 
4 9 10 12 16 20 23 27 0 
2 3 7 10 13 16 26 30 31 32 0 
4 6 11 19 23 30 0 
2 4 6 12 13 22 26 0 
4 13 14 18 19 0 
2 5 6 8 9 14 18 21 28 0 
11 21 22 26 28 32 0 
1 3 22 23 30 0 
6 9 18 26 30 0 
7 8 11 15 18 21 29 0 
4 6 7 10 11 14 18 20 24 0 
7 9 17 28 0 
3 5 6 23 0 
1 8 12 13 25 26 29 30 0 
11 16 25 27 32 0 
6 9 12 13 14 16 29 32 0 
2 8 12 14 25 26 27 0 
5 6 9 13 15 19 25 0 
8 9 10 12 13 19 20 0 
7 12 23 26 27 0 
1 4 12 22 23 27 32 0 
3 7 14 17 22 27 0 
17 21 22 23 26 30 32 0 
6 14 22 26 29 0 
1 8 10 15 18 23 27 0 
1 4 7 13 24 26 0 
2 8 9 13 14 15 16 28 0 
1 9 16 18 20 24 28 29 30 0 
4 5 7 21 24 26 31 0 
5 9 13 15 19 27 32 0 
4 5 21 22 30 31 0 
10 13 17 25 30 32 0 
1 4 8 11 17 18 20 0 
3 5 6 13 17 19 23 29 0 
9 18 23 26 29 0 
7 10 16 18 19 26 0 
5 6 7 8 13 24 0 
4 5 7 9 10 17 27 0 
5 26 27 30 0 
3 8 15 20 28 0 
1 6 7 9 10 13 16 22 29 0 
14 17 23 28 0 
1 3 7 11 23 26 0 
9 13 25 27 31 32 0 
8 12 13 14 17 18 28 31 0 
2 3 10 14 16 19 20 22 24 27 31 0 
1 10 11 14 15 23 26 0 
1 11 20 28 31 0 
1 9 10 11 25 27 28 30 0 
1 5 7 16 17 18 22 24 28 29 0 
2 3 15 19 27 29 0 
4 5 9 15 21 22 0 
2 3 7 9 10 11 15 28 0 
10 12 17 31 0 
1 2 4 10 12 22 23 31 0 
3 17 19 20 21 25 31 0 
8 9 19 20 22 0 
8 10 16 19 23 30 0 
2 7 12 14 28 30 32 0 
5 14 24 28 29 30 31 0 
1 2 3 6 7 22 26 31 0 
1 3 10 11 27 28 31 0 
12 14 15 16 21 24 29 0 
9 22 27 28 0 
1 5 12 24 25 29 30 0 
1 24 26 30 31 32 0 
2 7 19 20 23 0 
2 4 9 10 16 19 20 22 23 28 30 0 
1 4 6 7 10 20 29 32 0 
1 12 18 24 0 
2 5 19 32 0 
6 11 14 20 21 29 0 
4 14 20 21 29 30 32 0 
4 6 11 12 16 20 21 32 0 
10 11 14 20 0 
3 17 18 29 0 
11 13 15 16 22 31 0 
2 3 5 31 0 
2 9 11 15 26 32 0 
3 8 12 13 17 0 
9 10 20 21 25 27 30 0 
2 3 5 10 19 25 27 30 32 0 
4 11 17 28 31 0 
20 23 26 30 0 
5 7 13 16 21 26 32 0 
5 6 14 23 31 0 
1 2 4 5 12 21 25 0 
1 3 4 8 9 12 13 15 21 24 26 29 0 
6 8 9 12 26 0 
3 11 13 14 17 27 32 0 
10 16 24 31 0 
2 9 10 19 20 21 29 0 
6 12 19 23 27 30 32 0 
1 2 9 15 23 27 28 29 0 
2 13 16 21 29 0 
10 14 16 30 0 
8 10 17 22 25 0 
9 10 11 13 18 20 22 23 26 30 0 
2 8 9 10 11 15 19 20 0 
1 8 18 20 25 28 31 0 
4 6 13 15 20 21 25 0 
3 10 18 24 29 0 
3 5 6 11 13 18 22 29 0 
9 19 20 25 31 0 
9 15 17 18 20 23 24 30 0 
1 4 5 10 15 17 25 32 0 
5 10 12 23 24 25 27 28 31 0 
3 7 15 20 22 28 0 
12 15 19 25 28 0 
1 2 10 12 16 20 26 27 30 0 
4 10 13 19 25 26 27 32 0 
3 4 8 15 0 
3 22 30 32 0 
12 17 18 23 0 
2 7 10 13 26 27 29 30 0 
1 5 9 14 23 25 31 0 
3 8 9 25 28 29 30 0 
9 10 20 0 
5 6 13 14 18 27 30 0 
1 9 13 19 22 23 28 30 31 0 
12 13 22 26 0 
1 2 3 8 13 18 26 28 29 0 
8 15 17 19 24 25 29 30 0 
1 6 7 9 21 32 0 
3 7 10 27 0 
4 5 10 0 
8 16 22 24 32 0 
1 3 12 19 0 
3 8 9 12 13 15 16 19 0 
5 9 14 22 25 28 0 
4 13 20 22 23 27 28 0 
9 11 13 24 30 31 32 0 
18 20 24 26 29 31 0 
7 12 13 18 21 25 0 
4 14 21 24 25 0 
7 11 14 19 22 24 29 30 0 
2 11 13 18 23 29 0 
1 2 5 7 10 14 20 25 29 0 
2 6 12 18 20 24 32 0 
5 7 12 15 21 22 25 27 28 29 32 0 
4 13 14 19 23 26 31 0 
2 7 11 12 15 22 30 0 
3 14 22 0 
4 8 14 19 25 28 0 
1 3 6 9 11 17 27 0 
4 27 32 0 
1 2 3 12 20 27 32 0 
18 19 25 30 32 0 
1 14 15 27 29 30 32 0 
1 12 13 0 
13 20 22 0 
18 27 29 32 0 
11 13 14 15 25 28 0 
2 4 8 12 18 25 29 0 
3 10 14 19 28 29 30 32 0 
18 19 20 21 23 29 0 
8 12 15 21 25 28 30 31 0 
7 20 25 27 0 
13 18 20 21 28 0 
8 26 28 0 
15 21 23 24 29 31 0 
3 5 14 18 19 20 21 23 25 32 0 
4 6 8 10 13 27 30 0 
3 7 23 24 30 32 0 
1 2 3 4 5 20 29 0 
7 12 20 22 0 
3 4 17 19 22 25 29 32 0 
5 7 13 16 21 25 29 0 
11 14 17 22 23 29 30 32 0 
9 11 15 16 22 26 0 
2 6 12 15 17 18 19 30 0 
10 13 30 31 0 
3 6 21 25 26 30 0 
13 15 29 30 32 0 
6 7 12 25 26 0 
2 8 10 25 29 0 
4 9 19 23 25 28 0 
5 9 15 21 24 27 32 0 
1 3 12 13 17 29 30 0 
2 7 12 18 19 31 0 
4 6 10 13 15 16 25 27 28 0 
7 8 12 16 23 25 29 0 
2 5 12 15 16 18 27 0 
2 11 12 13 17 26 29 31 0 
1 2 3 22 26 28 0 
7 8 19 20 24 26 30 0 
3 6 12 17 19 0 
1 4 6 9 13 15 19 24 31 0 
1 3 13 14 18 26 27 31 0 
3 4 6 7 10 12 16 0 
3 5 9 21 22 27 32 0 
10 16 28 30 0 
4 5 14 20 24 28 0 
3 6 19 22 23 30 31 0 
2 21 22 27 28 29 31 0 
2 14 19 21 22 0 
21 30 32 0 
1 2 23 25 28 32 0 
3 8 14 22 26 28 0 
1 2 3 22 32 0 
1 7 18 20 23 32 0 
1 8 20 0 
1 2 3 4 5 29 0 
8 12 17 20 27 28 31 0 
2 4 7 19 21 26 29 0 
2 7 14 0 
6 8 15 23 26 29 0 
8 16 23 24 27 32 0 
2 8 9 10 17 20 22 30 32 0 
1 5 8 12 17 19 22 30 0 
2 11 13 25 26 29 0 
6 9 11 19 29 31 0 
2 4 10 12 18 25 30 31 0 
6 10 11 25 0 
3 6 9 24 28 32 0 
9 13 16 21 23 25 27 0 
4 8 12 13 20 23 28 0 
5 11 13 18 20 28 31 0 
3 7 14 16 20 22 23 32 0 
2 4 13 23 27 29 0 
1 4 6 9 10 17 20 24 25 26 0 
1 2 3 5 12 19 21 22 24 29 0 
3 7 14 19 20 21 22 25 32 0 
7 8 9 10 11 12 14 25 30 32 0 
4 9 11 15 0 
9 11 14 19 0 
2 7 14 16 17 19 22 23 24 25 0 
19 26 29 31 32 0 
2 15 18 0 
11 19 20 24 28 0 
2 4 6 10 17 0 
5 19 23 28 0 
8 13 16 20 22 28 0 
1 6 14 22 0 
2 18 27 30 0 
3 6 11 12 20 25 0 
5 19 22 26 0 
5 6 9 17 20 24 27 30 0 
3 9 12 16 19 21 22 29 31 0 
2 6 12 13 17 27 0 
4 10 30 0 
1 3 4 12 22 30 0 
6 10 12 13 20 22 26 31 0 
3 4 9 11 16 19 22 24 0 
3 4 7 9 13 26 30 32 0 
3 10 11 19 21 23 31 32 0 
18 26 29 0 
12 14 20 23 26 0 
2 8 14 18 26 0 
1 2 3 4 11 15 17 22 26 28 32 0 
2 5 9 16 17 22 23 25 26 31 0 
1 16 20 31 0 
3 9 15 17 21 23 24 30 0 
1 23 24 28 0 
4 13 14 25 29 0 
1 7 10 16 19 23 27 28 29 31 0 
2 6 9 27 0 
5 21 27 0 
6 7 11 21 29 0 
6 10 16 25 28 30 32 0 
4 15 16 32 0 
10 18 25 28 29 0 
2 7 10 16 18 29 0 
10 21 27 30 0 
7 11 12 24 26 0 
25 31 32 0 
6 9 13 16 18 24 25 29 0 
14 29 0 
1 3 4 8 17 19 20 23 26 0 
2 9 10 16 17 19 21 29 0 
1 9 11 12 17 23 30 32 0 
5 8 12 18 20 22 30 32 0 
12 19 24 25 26 0 
10 11 14 15 30 0 
5 8 10 23 30 0 
1 4 10 12 20 30 0 
5 6 9 10 13 27 29 0 
2 4 6 8 11 31 0 
15 16 18 27 29 0 
5 15 18 20 25 28 30 0 
7 10 14 17 22 0 
11 12 19 22 28 0 
4 6 14 24 31 0 
2 15 20 26 0 
14 22 24 26 28 30 0 
1 5 7 12 16 25 0 
1 3 9 10 19 21 29 0 
4 11 17 23 28 29 0 
8 18 21 32 0 
1 2 8 17 18 20 29 32 0 
4 6 8 17 23 27 29 0 
6 22 26 29 0 
5 12 16 20 22 32 0 
13 14 17 20 22 24 30 31 32 0 
4 14 17 18 27 0 
2 3 12 15 29 31 32 0 
1 9 13 15 21 24 27 30 32 0 
3 4 5 6 9 10 25 31 32 0 
1 9 11 14 22 26 0 
2 3 11 20 23 28 0 
12 15 20 26 0 
2 9 11 17 21 27 28 0 
4 7 16 18 26 30 31 32 0 
6 7 9 13 16 23 29 0 
6 7 9 14 29 31 0 
6 8 11 14 15 18 25 29 0 
2 10 18 28 29 0 
3 4 8 10 13 14 19 20 0 
5 9 10 17 28 0 
3 5 6 9 13 20 23 0 
2 4 11 14 16 23 26 29 31 32 0 
7 9 12 14 20 22 27 32 0 
3 13 14 17 21 24 27 29 0 
3 13 19 22 24 29 0 
4 5 6 11 12 27 0 
1 7 16 24 25 31 32 0 
1 11 15 18 25 26 27 29 30 0 
7 8 10 15 16 18 24 26 0 
5 8 27 28 29 0 
6 10 16 17 31 0 
4 10 11 12 13 21 31 0 
4 8 11 17 19 24 26 0 
1 22 24 31 0 
4 5 9 15 24 27 28 0 
3 10 13 16 25 28 31 0 
3 4 16 26 31 0 
-5 -14 -16 -22 -25 -32 0 
-4 -8 -11 -12 -19 -22 -28 -29 0 
-15 -28 -32 0 
-2 -11 -12 -23 -26 -30 0 
-11 -14 -19 -22 -25 -26 0 
-1 -3 -15 -19 -20 -24 0 
-6 -11 -25 -29 0 
-19 -22 -24 -26 -30 0 
-7 -10 -15 -16 -20 -23 -25 0 
-4 -5 -13 -14 -15 -22 0 
-1 -2 -7 -10 -18 -25 -28 -29 0 
-8 -9 -11 -12 -14 -29 -31 0 
-3 -5 -9 -10 -13 -17 -19 0 
-2 -3 -10 -13 -22 -23 0 
-1 -8 -17 -20 -23 -24 -27 -29 -31 0 
-1 -10 -14 -20 -27 0 
-11 -12 -19 -21 -22 -25 -29 -30 0 
-2 -15 -18 -22 -24 -28 -29 0 
-6 -17 -21 -22 -26 -32 0 
-4 -5 -6 -7 -8 -9 -16 -17 -22 -24 -32 0 
-3 -8 -11 -16 -22 -24 -27 -28 0 
-9 -14 -16 -23 -29 -31 -32 0 
-2 -7 -12 -18 -19 0 
-6 -16 -29 0 
-1 -11 -19 -22 -27 0 
-3 -7 -13 -14 -19 -23 -25 -28 -31 0 
-11 -29 0 
-1 -5 -18 -20 -28 -30 0 
-1 -7 -16 -19 -23 -24 -29 0 
-3 -11 -15 -17 -19 -23 0 
-2 -4 -8 -10 -11 -29 -30 0 
-4 -12 -26 -28 0 
-4 -18 -20 -27 -28 -30 0 
-7 -10 -13 -29 0 
-11 -13 -14 -16 -18 -19 -21 -24 -29 -32 0 
-3 -6 -16 -31 0 
-2 -9 -11 -13 -17 -18 -31 0 
-12 -13 -21 -26 -29 -31 0 
-1 -7 -10 -14 -15 -20 -22 -23 -27 -31 0 
-2 -4 -9 -11 -20 -24 0 
-16 -20 -25 -28 -32 0 
-4 -11 -15 -18 -22 0 
-1 -2 -5 -10 -17 -24 -28 0 
-6 -11 -19 -24 -28 -32 0 
-2 -11 -19 -20 -22 0 
-1 -2 -9 -14 -16 -22 -28 -32 0 
-4 -7 -14 -16 -19 -32 0 
-4 -10 -14 -15 -20 -23 0 
-3 -11 -17 -29 -32 0 
-2 -3 -8 -10 -14 0 
-9 -15 -19 -20 -27 -30 -32 0 
-6 -7 -20 -29 -31 0 
-5 -17 -25 0 
-4 -24 -26 -27 0 
-1 -7 -8 -17 -18 -20 -27 0 
-8 -12 -17 -18 0 
-4 -11 -13 -15 -16 -23 -26 0 
-16 -26 -27 -29 -31 0 
-6 -9 -11 -24 -26 -32 0 
-11 -13 -30 -31 0 
-1 -2 -4 -9 -19 -20 -21 -22 -25 -27 -31 0 
-5 -7 -8 -9 -10 -23 -29 0 
-8 -12 -22 -31 0 
-1 -7 -10 -11 -16 -23 -24 -28 0 
-1 -9 -12 -19 -20 0 
-4 -17 -19 -24 0 
-2 -4 -7 -10 -12 -15 -25 0 
-10 -14 -16 -18 -23 -27 -30 -31 0 
-8 -9 -10 -14 -16 -19 -32 0 
-1 -2 -12 -20 -21 -23 -31 -32 0 
-3 -9 -14 -20 -22 -25 -26 -32 0 
-15 -17 -24 -27 -31 0 
-9 -10 -15 -20 -25 0 
-15 -19 0 
-4 -9 -10 -12 -16 -20 -23 -27 0 
-2 -3 -7 -10 -13 -16 -26 -30 -31 -32 0 
-4 -6 -11 -19 -23 -30 0 
-2 -4 -6 -12 -13 -22 -26 0 
-4 -13 -14 -18 -19 0 
-2 -5 -6 -8 -9 -14 -18 -21 -28 0 
-11 -21 -22 -26 -28 -32 0 
-1 -3 -22 -23 -30 0 
-6 -9 -18 -26 -30 0 
-7 -8 -11 -15 -18 -21 -29 0 
-4 -6 -7 -10 -11 -14 -18 -20 -24 0 
-7 -9 -17 -28 0 
-3 -5 -6 -23 0 
-1 -8 -12 -13 -25 -26 -29 -30 0 
-11 -16 -25 -27 -32 0 
-6 -9 -12 -13 -14 -16 -29 -32 0 
-2 -8 -12 -14 -25 -26 -27 0 
-5 -6 -9 -13 -15 -19 -25 0 
-8 -9 -10 -12 -13 -19 -20 0 
-7 -12 -23 -26 -27 0 
-1 -4 -12 -22 -23 -27 -32 0 
-3 -7 -14 -17 -22 -27 0 
-17 -21 -22 -23 -26 -30 -32 0 
-6 -14 -22 -26 -29 0 
-1 -8 -10 -15 -18 -23 -27 0 
-1 -4 -7 -13 -24 -26 0 
-2 -8 -9 -13 -14 -15 -16 -28 0 
-1 -9 -16 -18 -20 -24 -28 -29 -30 0 
-4 -5 -7 -21 -24 -26 -31 0 
-5 -9 -13 -15 -19 -27 -32 0 
-4 -5 -21 -22 -30 -31 0 
-10 -13 -17 -25 -30 -32 0 
-1 -4 -8 -11 -17 -18 -20 0 
-3 -5 -6 -13 -17 -19 -23 -29 0 
-9 -18 -23 -26 -29 0 
-7 -10 -16 -18 -19 -26 0 
-5 -6 -7 -8 -13 -24 0 
-4 -5 -7 -9 -10 -17 -27 0 
-5 -26 -27 -30 0 
-3 -8 -15 -20 -28 0 
-1 -6 -7 -9 -10 -13 -16 -22 -29 0 
-14 -17 -23 -28 0 
-1 -3 -7 -11 -23 -26 0 
-9 -13 -25 -27 -31 -32 0 
-8 -12 -13 -14 -17 -18 -28 -31 0 
-2 -3 -10 -14 -16 -19 -20 -22 -24 -27 -31 0 
-1 -10 -11 -14 -15 -23 -26 0 
-1 -11 -20 -28 -31 0 
-1 -9 -10 -11 -25 -27 -28 -30 0 
-1 -5 -7 -16 -17 -18 -22 -24 -28 -29 0 
-2 -3 -15 -19 -27 -29 0 
-4 -5 -9 -15 -21 -22 0 
-2 -3 -7 -9 -10 -11 -15 -28 0 
-10 -12 -17 -31 0 
-1 -2 -4 -10 -12 -22 -23 -31 0 
-3 -17 -19 -20 -21 -25 -31 0 
-8 -9 -19 -20 -22 0 
-8 -10 -16 -19 -23 -30 0 
-2 -7 -12 -14 -28 -30 -32 0 
-5 -14 -24 -28 -29 -30 -31 0 
-1 -2 -3 -6 -7 -22 -26 -31 0 
-1 -3 -10 -11 -27 -28 -31 0 
-12 -14 -15 -16 -21 -24 -29 0 
-9 -22 -27 -28 0 
-1 -5 -12 -24 -25 -29 -30 0 
-1 -24 -26 -30 -31 -32 0 
-2 -7 -19 -20 -23 0 
-2 -4 -9 -10 -16 -19 -20 -22 -23 -28 -30 0 
-1 -4 -6 -7 -10 -20 -29 -32 0 
-1 -12 -18 -24 0 
-2 -5 -19 -32 0 
-6 -11 -14 -20 -21 -29 0 
-4 -14 -20 -21 -29 -30 -32 0 
-4 -6 -11 -12 -16 -20 -21 -32 0 
-10 -11 -14 -20 0 
-3 -17 -18 -29 0 
-11 -13 -15 -16 -22 -31 0 
-2 -3 -5 -31 0 
-2 -9 -11 -15 -26 -32 0 
-3 -8 -12 -13 -17 0 
-9 -10 -20 -21 -25 -27 -30 0 
-2 -3 -5 -10 -19 -25 -27 -30 -32 0 
-4 -11 -17 -28 -31 0 
-20 -23 -26 -30 0 
-5 -7 -13 -16 -21 -26 -32 0 
-5 -6 -14 -23 -31 0 
-1 -2 -4 -5 -12 -21 -25 0 
-1 -3 -4 -8 -9 -12 -13 -15 -21 -24 -26 -29 0 
-6 -8 -9 -12 -26 0 
-3 -11 -13 -14 -17 -27 -32 0 
-10 -16 -24 -31 0 
-2 -9 -10 -19 -20 -21 -29 0 
-6 -12 -19 -23 -27 -30 -32 0 
-1 -2 -9 -15 -23 -27 -28 -29 0 
-2 -13 -16 -21 -29 0 
-10 -14 -16 -30 0 
-8 -10 -17 -22 -25 0 
-9 -10 -11 -13 -18 -20 -22 -23 -26 -30 0 
-2 -8 -9 -10 -11 -15 -19 -20 0 
-1 -8 -18 -20 -25 -28 -31 0 
-4 -6 -13 -15 -20 -21 -25 0 
-3 -10 -18 -24 -29 0 
-3 -5 -6 -11 -13 -18 -22 -29 0 
-9 -19 -20 -25 -31 0 
-9 -15 -17 -18 -20 -23 -24 -30 0 
-1 -4 -5 -10 -15 -17 -25 -32 0 
-5 -10 -12 -23 -24 -25 -27 -28 -31 0 
-3 -7 -15 -20 -22 -28 0 
-12 -15 -19 -25 -28 0 
-1 -2 -10 -12 -16 -20 -26 -27 -30 0 
-4 -10 -13 -19 -25 -26 -27 -32 0 
-3 -4 -8 -15 0 
-3 -22 -30 -32 0 
-12 -17 -18 -23 0 
-2 -7 -10 -13 -26 -27 -29 -30 0 
-1 -5 -9 -14 -23 -25 -31 0 
-3 -8 -9 -25 -28 -29 -30 0 
-9 -10 -20 0 
-5 -6 -13 -14 -18 -27 -30 0 
-1 -9 -13 -19 -22 -23 -28 -30 -31 0 
-12 -13 -22 -26 0 
-1 -2 -3 -8 -13 -18 -26 -28 -29 0 
-8 -15 -17 -19 -24 -25 -29 -30 0 
-1 -6 -7 -9 -21 -32 0 
-3 -7 -10 -27 0 
-4 -5 -10 0 
-8 -16 -22 -24 -32 0 
-1 -3 -12 -19 0 
-3 -8 -9 -12 -13 -15 -16 -19 0 
-5 -9 -14 -22 -25 -28 0 
-4 -13 -20 -22 -23 -27 -28 0 
-9 -11 -13 -24 -30 -31 -32 0 
-18 -20 -24 -26 -29 -31 0 
-7 -12 -13 -18 -21 -25 0 
-4 -14 -21 -24 -25 0 
-7 -11 -14 -19 -22 -24 -29 -30 0 
-2 -11 -13 -18 -23 -29 0 
-1 -2 -5 -7 -10 -14 -20 -25 -29 0 
-2 -6 -12 -18 -20 -24 -32 0 
-5 -7 -12 -15 -21 -22 -25 -27 -28 -29 -32 0 
-4 -13 -14 -19 -23 -26 -31 0 
-2 -7 -11 -12 -15 -22 -30 0 
-3 -14 -22 0 
-4 -8 -14 -19 -25 -28 0 
-1 -3 -6 -9 -11 -17 -27 0 
-4 -27 -32 0 
-1 -2 -3 -12 -20 -27 -32 0 
-18 -19 -25 -30 -32 0 
-1 -14 -15 -27 -29 -30 -32 0 
-1 -12 -13 0 
-13 -20 -22 0 
-18 -27 -29 -32 0 
-11 -13 -14 -15 -25 -28 0 
-2 -4 -8 -12 -18 -25 -29 0 
-3 -10 -14 -19 -28 -29 -30 -32 0 
-18 -19 -20 -21 -23 -29 0 
-8 -12 -15 -21 -25 -28 -30 -31 0 
-7 -20 -25 -27 0 
-13 -18 -20 -21 -28 0 
-8 -26 -28 0 
-15 -21 -23 -24 -29 -31 0 
-3 -5 -14 -18 -19 -20 -21 -23 -25 -32 0 
-4 -6 -8 -10 -13 -27 -30 0 
-3 -7 -23 -24 -30 -32 0 
-1 -2 -3 -4 -5 -20 -29 0 
-7 -12 -20 -22 0 
-3 -4 -17 -19 -22 -25 -29 -32 0 
-5 -7 -13 -16 -21 -25 -29 0 
-11 -14 -17 -22 -23 -29 -30 -32 0 
-9 -11 -15 -16 -22 -26 0 
-2 -6 -12 -15 -17 -18 -19 -30 0 
-10 -13 -30 -31 0 
-3 -6 -21 -25 -26 -30 0 
-13 -15 -29 -30 -32 0 
-6 -7 -12 -25 -26 0 
-2 -8 -10 -25 -29 0 
-4 -9 -19 -23 -25 -28 0 
-5 -9 -15 -21 -24 -27 -32 0 
-1 -3 -12 -13 -17 -29 -30 0 
-2 -7 -12 -18 -19 -31 0 
-4 -6 -10 -13 -15 -16 -25 -27 -28 0 
-7 -8 -12 -16 -23 -25 -29 0 
-2 -5 -12 -15 -16 -18 -27 0 
-2 -11 -12 -13 -17 -26 -29 -31 0 
-1 -2 -3 -22 -26 -28 0 
-7 -8 -19 -20 -24 -26 -30 0 
-3 -6 -12 -17 -19 0 
-1 -4 -6 -9 -13 -15 -19 -24 -31 0 
-1 -3 -13 -14 -18 -26 -27 -31 0 
-3 -4 -6 -7 -10 -12 -16 0 
-3 -5 -9 -21 -22 -27 -32 0 
-10 -16 -28 -30 0 
-4 -5 -14 -20 -24 -28 0 
-3 -6 -19 -22 -23 -30 -31 0 
-2 -21 -22 -27 -28 -29 -31 0 
-2 -14 -19 -21 -22 0 
-21 -30 -32 0 
-1 -2 -23 -25 -28 -32 0 
-3 -8 -14 -22 -26 -28 0 
-1 -2 -3 -22 -32 0 
-1 -7 -18 -20 -23 -32 0 
-1 -8 -20 0 
-1 -2 -3 -4 -5 -29 0 
-8 -12 -17 -20 -27 -28 -31 0 
-2 -4 -7 -19 -21 -26 -29 0 
-2 -7 -14 0 
-6 -8 -15 -23 -26 -29 0 
-8 -16 -23 -24 -27 -32 0 
-2 -8 -9 -10 -17 -20 -22 -30 -32 0 
-1 -5 -8 -12 -17 -19 -22 -30 0 
-2 -11 -13 -25 -26 -29 0 
-6 -9 -11 -19 -29 -31 0 
-2 -4 -10 -12 -18 -25 -30 -31 0 
-6 -10 -11 -25 0 
-3 -6 -9 -24 -28 -32 0 
-9 -13 -16 -21 -23 -25 -27 0 
-4 -8 -12 -13 -20 -23 -28 0 
-5 -11 -13 -18 -20 -28 -31 0 
-3 -7 -14 -16 -20 -22 -23 -32 0 
-2 -4 -13 -23 -27 -29 0 
-1 -4 -6 -9 -10 -17 -20 -24 -25 -26 0 
-1 -2 -3 -5 -12 -19 -21 -22 -24 -29 0 
-3 -7 -14 -19 -20 -21 -22 -25 -32 0 
-7 -8 -9 -10 -11 -12 -14 -25 -30 -32 0 
-4 -9 -11 -15 0 
-9 -11 -14 -19 0 
-2 -7 -14 -16 -17 -19 -22 -23 -24 -25 0 
-19 -26 -29 -31 -32 0 
-2 -15 -18 0 
-11 -19 -20 -24 -28 0 
-2 -4 -6 -10 -17 0 
-5 -19 -23 -28 0 
-8 -13 -16 -20 -22 -28 0 
-1 -6 -14 -22 0 
-2 -18 -27 -30 0 
-3 -6 -11 -12 -20 -25 0 
-5 -19 -22 -26 0 
-5 -6 -9 -17 -20 -24 -27 -30 0 
-3 -9 -12 -16 -19 -21 -22 -29 -31 0 
-2 -6 -12 -13 -17 -27 0 
-4 -10 -30 0 
-1 -3 -4 -12 -22 -30 0 
-6 -10 -12 -13 -20 -22 -26 -31 0 
-3 -4 -9 -11 -16 -19 -22 -24 0 
-3 -4 -7 -9 -13 -26 -30 -32 0 
-3 -10 -11 -19 -21 -23 -31 -32 0 
-18 -26 -29 0 
-12 -14 -20 -23 -26 0 
-2 -8 -14 -18 -26 0 
-1 -2 -3 -4 -11 -15 -17 -22 -26 -28 -32 0 
-2 -5 -9 -16 -17 -22 -23 -25 -26 -31 0 
-1 -16 -20 -31 0 
-3 -9 -15 -17 -21 -23 -24 -30 0 
-1 -23 -24 -28 0 
-4 -13 -14 -25 -29 0 
-1 -7 -10 -16 -19 -23 -27 -28 -29 -31 0 
-2 -6 -9 -27 0 
-5 -21 -27 0 
-6 -7 -11 -21 -29 0 
-6 -10 -16 -25 -28 -30 -32 0 
-4 -15 -16 -32 0 
-10 -18 -25 -28 -29 0 
-2 -7 -10 -16 -18 -29 0 
-10 -21 -27 -30 0 
-7 -11 -12 -24 -26 0 
-25 -31 -32 0 
-6 -9 -13 -16 -18 -24 -25 -29 0 
-14 -29 0 
-1 -3 -4 -8 -17 -19 -20 -23 -26 0 
-2 -9 -10 -16 -17 -19 -21 -29 0 
-1 -9 -11 -12 -17 -23 -30 -32 0 
-5 -8 -12 -18 -20 -22 -30 -32 0 
-12 -19 -24 -25 -26 0 
-10 -11 -14 -15 -30 0 
-5 -8 -10 -23 -30 0 
-1 -4 -10 -12 -20 -30 0 
-5 -6 -9 -10 -13 -27 -29 0 
-2 -4 -6 -8 -11 -31 0 
-15 -16 -18 -27 -29 0 
-5 -15 -18 -20 -25 -28 -30 0 
-7 -10 -14 -17 -22 0 
-11 -12 -19 -22 -28 0 
-4 -6 -14 -24 -31 0 
-2 -15 -20 -26 0 
-14 -22 -24 -26 -28 -30 0 
-1 -5 -7 -12 -16 -25 0 
-1 -3 -9 -10 -19 -21 -29 0 
-4 -11 -17 -23 -28 -29 0 
-8 -18 -21 -32 0 
-1 -2 -8 -17 -18 -20 -29 -32 0 
-4 -6 -8 -17 -23 -27 -29 0 
-6 -22 -26 -29 0 
-5 -12 -16 -20 -22 -32 0 
-13 -14 -17 -20 -22 -24 -30 -31 -32 0 
-4 -14 -17 -18 -27 0 
-2 -3 -12 -15 -29 -31 -32 0 
-1 -9 -13 -15 -21 -24 -27 -30 -32 0 
-3 -4 -5 -6 -9 -10 -25 -31 -32 0 
-1 -9 -11 -14 -22 -26 0 
-2 -3 -11 -20 -23 -28 0 
-12 -15 -20 -26 0 
-2 -9 -11 -17 -21 -27 -28 0 
-4 -7 -16 -18 -26 -30 -31 -32 0 
-6 -7 -9 -13 -16 -23 -29 0 
-6 -7 -9 -14 -29 -31 0 
-6 -8 -11 -14 -15 -18 -25 -29 0 
-2 -10 -18 -28 -29 0 
-3 -4 -8 -10 -13 -14 -19 -20 0 
-5 -9 -10 -17 -28 0 
-3 -5 -6 -9 -13 -20 -23 0 
-2 -4 -11 -14 -16 -23 -26 -29 -31 -32 0 
-7 -9 -12 -14 -20 -22 -27 -32 0 
-3 -13 -14 -17 -21 -24 -27 -29 0 
-3 -13 -19 -22 -24 -29 0 
-4 -5 -6 -11 -12 -27 0 
-1 -7 -16 -24 -25 -31 -32 0 
-1 -11 -15 -18 -25 -26 -27 -29 -30 0 
-7 -8 -10 -15 -16 -18 -24 -26 0 
-5 -8 -27 -28 -29 0 
-6 -10 -16 -17 -31 0 
-4 -10 -11 -12 -13 -21 -31 0 
-4 -8 -11 -17 -19 -24 -26 0 
-1 -22 -24 -31 0 
-4 -5 -9 -15 -24 -27 -28 0 
-3 -10 -13 -16 -25 -28 -31 0 
-3 -4 -16 -26 -31 0 
