p cnf 32 800
2 6 7 11 14 23 30 0 
11 15 16 22 24 0 
1 4 10 15 16 18 20 22 24 0 
18 23 25 0 
4 7 8 10 12 20 0 
1 2 3 5 13 15 18 32 0 
10 13 20 25 0 
3 5 15 20 29 0 
1 4 10 11 14 15 22 26 28 0 
4 12 15 24 0 
2 10 13 20 26 27 31 32 0 
3 11 12 14 21 22 0 
11 15 23 25 26 0 
2 8 14 20 24 25 29 32 0 
1 6 7 13 20 25 29 30 0 
1 14 25 31 0 
7 14 15 19 30 0 
5 6 10 16 19 20 26 0 
1 9 16 30 31 32 0 
6 8 9 15 18 22 26 27 32 0 
3 5 8 16 29 32 0 
7 8 14 17 21 29 0 
6 10 12 27 31 0 
5 6 11 15 26 0 
5 6 15 19 21 22 23 26 0 
3 7 15 18 20 31 0 
3 4 9 25 27 0 
6 8 9 15 17 25 0 
12 14 17 20 26 32 0 
1 7 13 14 27 32 0 
5 7 17 24 25 32 0 
4 10 14 23 29 0 
6 10 19 25 26 30 0 
1 4 5 12 15 0 
4 5 8 16 27 0 
8 12 20 29 0 
4 10 15 18 23 28 0 
5 8 12 14 15 17 21 22 23 26 29 0 
13 18 19 21 22 27 28 29 0 
6 7 11 23 0 
9 11 13 16 17 29 30 0 
3 9 10 15 25 0 
1 8 16 17 20 26 30 0 
11 13 17 18 20 23 25 29 0 
3 5 12 16 20 23 0 
4 8 12 20 22 25 31 0 
2 3 4 11 12 21 23 25 0 
10 11 18 25 28 29 0 
5 11 13 0 
5 26 27 28 29 30 0 
5 7 11 14 19 23 24 29 0 
4 10 27 28 0 
3 4 11 13 19 21 22 24 28 30 0 
1 6 16 19 24 25 31 32 0 
2 5 12 15 16 22 28 0 
1 4 17 19 0 
3 4 5 7 11 23 27 31 0 
12 22 26 0 
10 14 24 25 27 0 
1 2 5 11 25 27 28 0 
1 3 6 7 8 20 22 25 0 
8 11 18 25 26 28 29 0 
3 6 8 11 13 14 15 21 24 29 30 0 
5 6 13 31 0 
4 6 7 8 11 18 22 23 24 32 0 
9 10 16 17 23 0 
5 12 13 14 31 32 0 
8 11 12 13 19 22 26 0 
1 3 16 21 23 24 27 28 0 
1 3 5 8 15 16 20 21 22 30 0 
1 4 5 18 20 25 31 0 
1 2 17 19 21 23 24 31 0 
2 7 22 0 
5 13 20 23 0 
1 10 16 18 19 21 24 25 29 30 0 
13 16 18 19 27 29 0 
3 4 9 10 25 0 
4 12 22 24 31 32 0 
4 14 20 21 28 30 0 
6 10 13 24 25 31 0 
7 8 11 27 29 30 31 32 0 
3 8 10 16 20 28 30 0 
4 5 6 7 19 21 22 26 28 0 
1 2 5 18 22 26 0 
1 2 8 10 14 15 16 21 25 26 28 30 32 0 
5 24 27 0 
7 13 16 23 28 0 
17 28 30 0 
9 13 14 18 22 27 28 0 
9 16 20 26 32 0 
4 7 11 19 23 28 29 30 0 
3 4 6 11 0 
4 12 14 15 18 21 22 25 28 0 
1 5 6 19 20 0 
5 17 26 0 
10 11 12 15 23 26 28 0 
10 16 22 24 25 29 0 
3 8 18 26 29 31 0 
6 8 11 12 14 21 24 0 
1 3 7 14 15 16 29 30 0 
3 7 14 20 22 28 30 0 
4 10 16 20 21 30 0 
3 17 18 29 0 
6 11 14 29 30 32 0 
3 11 17 23 30 0 
3 4 13 27 32 0 
4 6 7 21 24 26 28 0 
2 5 18 25 28 31 32 0 
8 15 18 19 23 26 27 31 0 
1 6 9 15 16 23 25 29 0 
1 7 20 0 
2 5 26 31 0 
1 7 9 15 26 0 
2 16 17 21 24 27 0 
4 6 11 12 13 19 23 0 
2 14 26 0 
2 12 14 25 28 31 32 0 
9 17 21 24 28 0 
1 6 8 12 13 14 19 26 30 31 32 0 
2 3 9 15 19 0 
9 15 18 0 
7 8 10 14 28 0 
3 9 13 19 22 23 28 0 
12 17 30 31 32 0 
4 5 13 16 18 22 0 
1 2 5 6 12 19 0 
17 23 25 26 31 0 
5 10 12 14 23 0 
1 7 12 13 16 25 28 30 0 
11 12 13 20 26 0 
1 7 10 13 15 18 22 27 28 0 
5 7 9 10 13 21 23 25 0 
6 7 8 11 12 23 24 30 0 
5 7 14 23 26 29 0 
1 4 5 6 9 12 13 22 28 30 0 
3 21 23 24 25 0 
16 20 22 30 0 
1 2 5 9 19 0 
1 5 6 8 10 14 20 31 0 
5 7 14 15 18 22 24 31 0 
9 10 17 18 20 23 26 0 
1 6 9 12 27 28 31 32 0 
1 3 4 27 30 0 
1 2 8 9 17 30 0 
4 11 13 15 21 30 31 0 
10 11 18 25 29 0 
1 4 6 9 10 17 18 28 0 
4 8 14 23 0 
5 8 11 25 26 0 
16 20 23 0 
5 7 8 14 15 17 19 24 27 28 0 
2 3 6 7 11 20 29 0 
2 4 6 9 16 31 0 
6 7 9 17 19 21 26 27 31 0 
4 8 15 24 25 0 
7 15 18 20 21 30 0 
5 9 11 14 17 19 22 27 0 
1 2 16 17 18 19 20 21 25 27 0 
9 11 16 22 0 
3 4 8 14 17 23 24 26 0 
4 6 9 10 12 26 29 0 
2 10 12 15 16 17 26 0 
2 3 11 19 23 28 31 0 
17 19 22 26 0 
1 4 9 13 19 24 25 29 0 
1 11 12 31 32 0 
11 16 28 31 0 
4 8 14 17 19 20 0 
1 3 4 9 10 25 0 
8 10 13 14 27 29 0 
1 7 9 24 26 0 
14 15 27 0 
5 7 11 12 15 16 27 32 0 
6 7 11 18 30 0 
3 4 6 14 18 21 26 0 
2 8 13 23 26 0 
2 7 10 14 17 19 20 0 
14 17 22 23 30 31 0 
3 4 6 14 20 25 29 30 0 
6 10 11 16 21 0 
9 13 14 17 18 22 27 0 
2 6 11 12 14 19 20 23 26 0 
1 13 15 17 23 24 32 0 
5 8 12 15 17 19 0 
6 9 20 25 26 31 0 
2 6 10 22 25 26 30 0 
2 3 7 12 20 24 25 0 
2 3 4 10 19 22 0 
4 18 20 23 29 32 0 
6 7 17 18 24 29 0 
1 4 10 14 19 20 26 31 0 
4 17 23 0 
3 7 8 14 19 20 27 30 0 
1 8 13 14 18 0 
3 4 5 10 16 21 22 25 0 
8 16 28 30 0 
2 7 9 12 13 17 24 0 
1 2 13 16 24 32 0 
4 7 26 30 0 
4 8 10 12 14 21 23 30 0 
1 2 17 20 26 0 
1 2 4 11 19 25 26 27 31 0 
1 13 16 21 22 25 27 30 0 
1 4 6 19 21 29 30 0 
10 14 16 18 19 31 32 0 
4 6 7 20 21 26 27 0 
1 3 5 6 11 13 19 20 26 0 
7 12 14 24 25 0 
1 2 6 9 15 23 24 25 28 29 0 
1 14 15 19 28 0 
1 11 21 23 24 0 
1 2 3 5 20 22 0 
3 4 7 11 17 23 25 0 
2 5 10 12 17 23 30 0 
6 14 21 24 28 0 
14 20 24 26 0 
4 8 10 17 23 31 0 
4 11 14 17 20 28 0 
11 14 24 0 
1 3 10 13 28 32 0 
2 3 16 18 20 21 24 32 0 
1 4 7 10 11 26 0 
2 3 7 10 13 22 28 0 
1 5 7 9 11 12 16 27 29 0 
8 9 16 18 22 23 27 0 
4 6 13 15 21 23 25 26 0 
8 10 14 26 0 
2 14 19 20 22 28 30 32 0 
4 5 8 15 19 21 0 
1 2 6 14 15 21 23 31 0 
2 3 4 5 6 8 20 24 27 29 32 0 
4 7 8 15 16 19 26 27 0 
4 5 12 25 27 29 0 
1 4 9 14 15 18 22 29 0 
8 10 11 13 20 22 27 31 0 
7 12 18 21 26 32 0 
3 14 23 27 0 
6 8 12 15 18 23 25 32 0 
3 6 7 8 18 0 
1 5 9 13 15 18 23 25 26 27 0 
5 11 14 29 0 
16 18 20 24 25 0 
14 24 25 26 28 31 0 
6 10 25 32 0 
2 8 19 29 0 
1 5 7 16 21 25 0 
12 14 20 21 25 26 0 
1 2 8 19 22 26 29 30 32 0 
4 5 7 12 21 23 29 32 0 
1 4 9 10 16 22 0 
3 9 20 22 24 0 
4 10 17 18 23 30 31 0 
1 6 9 12 15 20 22 26 28 0 
2 6 12 19 20 31 0 
2 3 5 16 25 0 
4 9 11 18 20 23 31 0 
1 20 24 0 
6 11 12 14 21 23 26 29 30 31 0 
5 8 22 23 27 28 32 0 
3 7 11 22 27 0 
1 2 4 5 9 15 23 30 0 
3 11 13 14 20 25 28 29 32 0 
6 8 11 13 21 25 29 0 
2 5 13 14 18 23 24 29 31 0 
2 4 11 14 28 0 
3 10 13 32 0 
8 9 15 25 29 0 
19 21 24 27 0 
5 10 11 13 20 21 24 27 0 
11 20 26 27 28 0 
9 12 18 23 24 0 
9 14 31 32 0 
1 4 5 11 18 22 25 0 
4 5 7 10 14 15 17 19 0 
3 5 6 7 11 15 18 20 26 0 
5 6 9 16 17 29 30 31 0 
3 10 19 32 0 
6 16 17 20 27 29 0 
5 7 19 21 26 27 0 
10 12 18 19 32 0 
5 6 10 17 24 29 32 0 
2 3 7 19 20 22 25 26 27 32 0 
1 13 16 25 31 0 
2 3 4 12 13 16 17 23 30 0 
3 4 11 14 21 22 0 
6 7 12 14 21 29 31 0 
2 10 11 24 28 30 0 
2 6 10 11 16 22 32 0 
1 2 9 21 23 26 0 
18 19 25 26 29 0 
4 11 14 16 17 19 32 0 
7 15 20 31 0 
2 15 17 18 22 32 0 
1 5 7 10 19 20 0 
2 4 6 7 10 23 28 29 0 
1 3 5 6 14 16 0 
7 21 27 32 0 
1 5 6 11 16 18 20 22 0 
3 5 14 29 0 
2 14 16 0 
22 24 27 0 
7 11 12 15 19 28 29 31 0 
10 21 25 27 28 32 0 
14 21 22 23 29 31 0 
10 13 16 19 22 0 
1 5 6 12 14 25 0 
1 3 10 12 25 31 32 0 
7 9 13 28 31 0 
14 17 19 23 26 29 0 
1 8 18 19 27 28 0 
1 14 18 22 31 32 0 
2 8 19 25 0 
9 20 26 27 30 0 
1 9 23 0 
2 4 5 10 11 17 21 24 0 
2 10 16 17 0 
7 8 14 28 31 32 0 
3 5 6 11 12 17 21 28 31 32 0 
6 13 16 22 30 0 
6 15 19 28 0 
1 16 22 32 0 
6 11 13 14 18 19 23 25 27 30 0 
3 9 10 11 12 15 25 27 28 0 
7 8 9 16 21 31 0 
11 15 18 29 30 31 0 
4 6 10 16 21 23 26 29 0 
3 9 13 18 26 27 28 0 
1 3 10 21 27 29 32 0 
20 26 32 0 
3 4 6 13 20 26 28 31 0 
3 11 14 16 19 20 22 27 29 30 32 0 
2 11 12 16 20 23 31 0 
1 2 3 13 24 32 0 
2 6 8 11 12 14 23 25 26 0 
1 5 6 7 19 20 22 24 25 31 0 
2 3 7 17 19 20 26 0 
2 3 11 15 21 26 29 31 32 0 
6 21 30 0 
3 5 8 11 15 22 24 26 31 32 0 
1 2 5 14 17 19 25 29 31 0 
8 12 15 17 21 23 27 30 31 32 0 
7 8 10 19 29 30 0 
5 8 14 18 24 27 29 30 0 
9 13 18 22 29 0 
1 19 24 28 0 
1 6 10 12 21 28 0 
5 10 22 24 25 26 0 
14 18 22 26 27 0 
6 15 17 20 29 31 32 0 
6 9 11 12 14 21 26 27 29 31 0 
7 12 30 0 
1 4 10 11 13 17 20 22 23 0 
7 15 20 21 23 27 28 0 
6 24 31 0 
4 7 9 10 14 15 17 0 
15 21 25 28 29 32 0 
6 19 23 24 25 32 0 
2 4 25 28 32 0 
7 10 13 20 27 30 0 
2 4 15 23 25 28 31 0 
2 3 6 8 9 14 19 24 26 28 0 
3 5 12 29 30 0 
5 12 20 22 24 29 31 0 
13 16 26 31 0 
2 5 6 26 0 
13 15 23 31 32 0 
1 3 8 21 0 
3 15 17 18 26 0 
5 13 17 20 24 31 32 0 
1 2 8 11 16 17 18 20 21 0 
3 20 28 29 0 
2 3 7 19 21 26 0 
1 16 21 27 29 0 
7 16 18 21 25 29 31 0 
3 8 12 16 20 27 28 0 
1 9 20 21 0 
8 31 0 
2 5 6 8 11 18 19 20 21 22 31 0 
1 6 10 15 16 18 22 24 31 0 
1 3 4 14 17 24 25 30 0 
1 6 13 15 19 20 0 
4 9 13 16 21 31 0 
1 22 26 31 0 
5 14 23 0 
1 5 8 21 24 26 30 0 
3 14 18 21 24 32 0 
2 5 7 12 14 16 17 29 0 
1 9 13 15 21 30 0 
1 3 5 6 9 23 0 
1 5 7 8 26 30 31 32 0 
1 15 20 28 0 
4 8 10 11 16 23 25 28 31 0 
3 7 17 24 25 30 31 0 
4 9 14 0 
11 12 13 25 26 32 0 
2 4 11 15 18 21 29 32 0 
8 15 16 17 24 28 30 0 
6 7 13 22 31 0 
5 7 13 17 22 25 26 0 
7 13 17 22 24 28 29 0 
-2 -6 -7 -11 -14 -23 -30 0 
-11 -15 -16 -22 -24 0 
-1 -4 -10 -15 -16 -18 -20 -22 -24 0 
-18 -23 -25 0 
-4 -7 -8 -10 -12 -20 0 
-1 -2 -3 -5 -13 -15 -18 -32 0 
-10 -13 -20 -25 0 
-3 -5 -15 -20 -29 0 
-1 -4 -10 -11 -14 -15 -22 -26 -28 0 
-4 -12 -15 -24 0 
-2 -10 -13 -20 -26 -27 -31 -32 0 
-3 -11 -12 -14 -21 -22 0 
-11 -15 -23 -25 -26 0 
-2 -8 -14 -20 -24 -25 -29 -32 0 
-1 -6 -7 -13 -20 -25 -29 -30 0 
-1 -14 -25 -31 0 
-7 -14 -15 -19 -30 0 
-5 -6 -10 -16 -19 -20 -26 0 
-1 -9 -16 -30 -31 -32 0 
-6 -8 -9 -15 -18 -22 -26 -27 -32 0 
-3 -5 -8 -16 -29 -32 0 
-7 -8 -14 -17 -21 -29 0 
-6 -10 -12 -27 -31 0 
-5 -6 -11 -15 -26 0 
-5 -6 -15 -19 -21 -22 -23 -26 0 
-3 -7 -15 -18 -20 -31 0 
-3 -4 -9 -25 -27 0 
-6 -8 -9 -15 -17 -25 0 
-12 -14 -17 -20 -26 -32 0 
-1 -7 -13 -14 -27 -32 0 
-5 -7 -17 -24 -25 -32 0 
-4 -10 -14 -23 -29 0 
-6 -10 -19 -25 -26 -30 0 
-1 -4 -5 -12 -15 0 
-4 -5 -8 -16 -27 0 
-8 -12 -20 -29 0 
-4 -10 -15 -18 -23 -28 0 
-5 -8 -12 -14 -15 -17 -21 -22 -23 -26 -29 0 
-13 -18 -19 -21 -22 -27 -28 -29 0 
-6 -7 -11 -23 0 
-9 -11 -13 -16 -17 -29 -30 0 
-3 -9 -10 -15 -25 0 
-1 -8 -16 -17 -20 -26 -30 0 
-11 -13 -17 -18 -20 -23 -25 -29 0 
-3 -5 -12 -16 -20 -23 0 
-4 -8 -12 -20 -22 -25 -31 0 
-2 -3 -4 -11 -12 -21 -23 -25 0 
-10 -11 -18 -25 -28 -29 0 
-5 -11 -13 0 
-5 -26 -27 -28 -29 -30 0 
-5 -7 -11 -14 -19 -23 -24 -29 0 
-4 -10 -27 -28 0 
-3 -4 -11 -13 -19 -21 -22 -24 -28 -30 0 
-1 -6 -16 -19 -24 -25 -31 -32 0 
-2 -5 -12 -15 -16 -22 -28 0 
-1 -4 -17 -19 0 
-3 -4 -5 -7 -11 -23 -27 -31 0 
-12 -22 -26 0 
-10 -14 -24 -25 -27 0 
-1 -2 -5 -11 -25 -27 -28 0 
-1 -3 -6 -7 -8 -20 -22 -25 0 
-8 -11 -18 -25 -26 -28 -29 0 
-3 -6 -8 -11 -13 -14 -15 -21 -24 -29 -30 0 
-5 -6 -13 -31 0 
-4 -6 -7 -8 -11 -18 -22 -23 -24 -32 0 
-9 -10 -16 -17 -23 0 
-5 -12 -13 -14 -31 -32 0 
-8 -11 -12 -13 -19 -22 -26 0 
-1 -3 -16 -21 -23 -24 -27 -28 0 
-1 -3 -5 -8 -15 -16 -20 -21 -22 -30 0 
-1 -4 -5 -18 -20 -25 -31 0 
-1 -2 -17 -19 -21 -23 -24 -31 0 
-2 -7 -22 0 
-5 -13 -20 -23 0 
-1 -10 -16 -18 -19 -21 -24 -25 -29 -30 0 
-13 -16 -18 -19 -27 -29 0 
-3 -4 -9 -10 -25 0 
-4 -12 -22 -24 -31 -32 0 
-4 -14 -20 -21 -28 -30 0 
-6 -10 -13 -24 -25 -31 0 
-7 -8 -11 -27 -29 -30 -31 -32 0 
-3 -8 -10 -16 -20 -28 -30 0 
-4 -5 -6 -7 -19 -21 -22 -26 -28 0 
-1 -2 -5 -18 -22 -26 0 
-1 -2 -8 -10 -14 -15 -16 -21 -25 -26 -28 -30 -32 0 
-5 -24 -27 0 
-7 -13 -16 -23 -28 0 
-17 -28 -30 0 
-9 -13 -14 -18 -22 -27 -28 0 
-9 -16 -20 -26 -32 0 
-4 -7 -11 -19 -23 -28 -29 -30 0 
-3 -4 -6 -11 0 
-4 -12 -14 -15 -18 -21 -22 -25 -28 0 
-1 -5 -6 -19 -20 0 
-5 -17 -26 0 
-10 -11 -12 -15 -23 -26 -28 0 
-10 -16 -22 -24 -25 -29 0 
-3 -8 -18 -26 -29 -31 0 
-6 -8 -11 -12 -14 -21 -24 0 
-1 -3 -7 -14 -15 -16 -29 -30 0 
-3 -7 -14 -20 -22 -28 -30 0 
-4 -10 -16 -20 -21 -30 0 
-3 -17 -18 -29 0 
-6 -11 -14 -29 -30 -32 0 
-3 -11 -17 -23 -30 0 
-3 -4 -13 -27 -32 0 
-4 -6 -7 -21 -24 -26 -28 0 
-2 -5 -18 -25 -28 -31 -32 0 
-8 -15 -18 -19 -23 -26 -27 -31 0 
-1 -6 -9 -15 -16 -23 -25 -29 0 
-1 -7 -20 0 
-2 -5 -26 -31 0 
-1 -7 -9 -15 -26 0 
-2 -16 -17 -21 -24 -27 0 
-4 -6 -11 -12 -13 -19 -23 0 
-2 -14 -26 0 
-2 -12 -14 -25 -28 -31 -32 0 
-9 -17 -21 -24 -28 0 
-1 -6 -8 -12 -13 -14 -19 -26 -30 -31 -32 0 
-2 -3 -9 -15 -19 0 
-9 -15 -18 0 
-7 -8 -10 -14 -28 0 
-3 -9 -13 -19 -22 -23 -28 0 
-12 -17 -30 -31 -32 0 
-4 -5 -13 -16 -18 -22 0 
-1 -2 -5 -6 -12 -19 0 
-17 -23 -25 -26 -31 0 
-5 -10 -12 -14 -23 0 
-1 -7 -12 -13 -16 -25 -28 -30 0 
-11 -12 -13 -20 -26 0 
-1 -7 -10 -13 -15 -18 -22 -27 -28 0 
-5 -7 -9 -10 -13 -21 -23 -25 0 
-6 -7 -8 -11 -12 -23 -24 -30 0 
-5 -7 -14 -23 -26 -29 0 
-1 -4 -5 -6 -9 -12 -13 -22 -28 -30 0 
-3 -21 -23 -24 -25 0 
-16 -20 -22 -30 0 
-1 -2 -5 -9 -19 0 
-1 -5 -6 -8 -10 -14 -20 -31 0 
-5 -7 -14 -15 -18 -22 -24 -31 0 
-9 -10 -17 -18 -20 -23 -26 0 
-1 -6 -9 -12 -27 -28 -31 -32 0 
-1 -3 -4 -27 -30 0 
-1 -2 -8 -9 -17 -30 0 
-4 -11 -13 -15 -21 -30 -31 0 
-10 -11 -18 -25 -29 0 
-1 -4 -6 -9 -10 -17 -18 -28 0 
-4 -8 -14 -23 0 
-5 -8 -11 -25 -26 0 
-16 -20 -23 0 
-5 -7 -8 -14 -15 -17 -19 -24 -27 -28 0 
-2 -3 -6 -7 -11 -20 -29 0 
-2 -4 -6 -9 -16 -31 0 
-6 -7 -9 -17 -19 -21 -26 -27 -31 0 
-4 -8 -15 -24 -25 0 
-7 -15 -18 -20 -21 -30 0 
-5 -9 -11 -14 -17 -19 -22 -27 0 
-1 -2 -16 -17 -18 -19 -20 -21 -25 -27 0 
-9 -11 -16 -22 0 
-3 -4 -8 -14 -17 -23 -24 -26 0 
-4 -6 -9 -10 -12 -26 -29 0 
-2 -10 -12 -15 -16 -17 -26 0 
-2 -3 -11 -19 -23 -28 -31 0 
-17 -19 -22 -26 0 
-1 -4 -9 -13 -19 -24 -25 -29 0 
-1 -11 -12 -31 -32 0 
-11 -16 -28 -31 0 
-4 -8 -14 -17 -19 -20 0 
-1 -3 -4 -9 -10 -25 0 
-8 -10 -13 -14 -27 -29 0 
-1 -7 -9 -24 -26 0 
-14 -15 -27 0 
-5 -7 -11 -12 -15 -16 -27 -32 0 
-6 -7 -11 -18 -30 0 
-3 -4 -6 -14 -18 -21 -26 0 
-2 -8 -13 -23 -26 0 
-2 -7 -10 -14 -17 -19 -20 0 
-14 -17 -22 -23 -30 -31 0 
-3 -4 -6 -14 -20 -25 -29 -30 0 
-6 -10 -11 -16 -21 0 
-9 -13 -14 -17 -18 -22 -27 0 
-2 -6 -11 -12 -14 -19 -20 -23 -26 0 
-1 -13 -15 -17 -23 -24 -32 0 
-5 -8 -12 -15 -17 -19 0 
-6 -9 -20 -25 -26 -31 0 
-2 -6 -10 -22 -25 -26 -30 0 
-2 -3 -7 -12 -20 -24 -25 0 
-2 -3 -4 -10 -19 -22 0 
-4 -18 -20 -23 -29 -32 0 
-6 -7 -17 -18 -24 -29 0 
-1 -4 -10 -14 -19 -20 -26 -31 0 
-4 -17 -23 0 
-3 -7 -8 -14 -19 -20 -27 -30 0 
-1 -8 -13 -14 -18 0 
-3 -4 -5 -10 -16 -21 -22 -25 0 
-8 -16 -28 -30 0 
-2 -7 -9 -12 -13 -17 -24 0 
-1 -2 -13 -16 -24 -32 0 
-4 -7 -26 -30 0 
-4 -8 -10 -12 -14 -21 -23 -30 0 
-1 -2 -17 -20 -26 0 
-1 -2 -4 -11 -19 -25 -26 -27 -31 0 
-1 -13 -16 -21 -22 -25 -27 -30 0 
-1 -4 -6 -19 -21 -29 -30 0 
-10 -14 -16 -18 -19 -31 -32 0 
-4 -6 -7 -20 -21 -26 -27 0 
-1 -3 -5 -6 -11 -13 -19 -20 -26 0 
-7 -12 -14 -24 -25 0 
-1 -2 -6 -9 -15 -23 -24 -25 -28 -29 0 
-1 -14 -15 -19 -28 0 
-1 -11 -21 -23 -24 0 
-1 -2 -3 -5 -20 -22 0 
-3 -4 -7 -11 -17 -23 -25 0 
-2 -5 -10 -12 -17 -23 -30 0 
-6 -14 -21 -24 -28 0 
-14 -20 -24 -26 0 
-4 -8 -10 -17 -23 -31 0 
-4 -11 -14 -17 -20 -28 0 
-11 -14 -24 0 
-1 -3 -10 -13 -28 -32 0 
-2 -3 -16 -18 -20 -21 -24 -32 0 
-1 -4 -7 -10 -11 -26 0 
-2 -3 -7 -10 -13 -22 -28 0 
-1 -5 -7 -9 -11 -12 -16 -27 -29 0 
-8 -9 -16 -18 -22 -23 -27 0 
-4 -6 -13 -15 -21 -23 -25 -26 0 
-8 -10 -14 -26 0 
-2 -14 -19 -20 -22 -28 -30 -32 0 
-4 -5 -8 -15 -19 -21 0 
-1 -2 -6 -14 -15 -21 -23 -31 0 
-2 -3 -4 -5 -6 -8 -20 -24 -27 -29 -32 0 
-4 -7 -8 -15 -16 -19 -26 -27 0 
-4 -5 -12 -25 -27 -29 0 
-1 -4 -9 -14 -15 -18 -22 -29 0 
-8 -10 -11 -13 -20 -22 -27 -31 0 
-7 -12 -18 -21 -26 -32 0 
-3 -14 -23 -27 0 
-6 -8 -12 -15 -18 -23 -25 -32 0 
-3 -6 -7 -8 -18 0 
-1 -5 -9 -13 -15 -18 -23 -25 -26 -27 0 
-5 -11 -14 -29 0 
-16 -18 -20 -24 -25 0 
-14 -24 -25 -26 -28 -31 0 
-6 -10 -25 -32 0 
-2 -8 -19 -29 0 
-1 -5 -7 -16 -21 -25 0 
-12 -14 -20 -21 -25 -26 0 
-1 -2 -8 -19 -22 -26 -29 -30 -32 0 
-4 -5 -7 -12 -21 -23 -29 -32 0 
-1 -4 -9 -10 -16 -22 0 
-3 -9 -20 -22 -24 0 
-4 -10 -17 -18 -23 -30 -31 0 
-1 -6 -9 -12 -15 -20 -22 -26 -28 0 
-2 -6 -12 -19 -20 -31 0 
-2 -3 -5 -16 -25 0 
-4 -9 -11 -18 -20 -23 -31 0 
-1 -20 -24 0 
-6 -11 -12 -14 -21 -23 -26 -29 -30 -31 0 
-5 -8 -22 -23 -27 -28 -32 0 
-3 -7 -11 -22 -27 0 
-1 -2 -4 -5 -9 -15 -23 -30 0 
-3 -11 -13 -14 -20 -25 -28 -29 -32 0 
-6 -8 -11 -13 -21 -25 -29 0 
-2 -5 -13 -14 -18 -23 -24 -29 -31 0 
-2 -4 -11 -14 -28 0 
-3 -10 -13 -32 0 
-8 -9 -15 -25 -29 0 
-19 -21 -24 -27 0 
-5 -10 -11 -13 -20 -21 -24 -27 0 
-11 -20 -26 -27 -28 0 
-9 -12 -18 -23 -24 0 
-9 -14 -31 -32 0 
-1 -4 -5 -11 -18 -22 -25 0 
-4 -5 -7 -10 -14 -15 -17 -19 0 
-3 -5 -6 -7 -11 -15 -18 -20 -26 0 
-5 -6 -9 -16 -17 -29 -30 -31 0 
-3 -10 -19 -32 0 
-6 -16 -17 -20 -27 -29 0 
-5 -7 -19 -21 -26 -27 0 
-10 -12 -18 -19 -32 0 
-5 -6 -10 -17 -24 -29 -32 0 
-2 -3 -7 -19 -20 -22 -25 -26 -27 -32 0 
-1 -13 -16 -25 -31 0 
-2 -3 -4 -12 -13 -16 -17 -23 -30 0 
-3 -4 -11 -14 -21 -22 0 
-6 -7 -12 -14 -21 -29 -31 0 
-2 -10 -11 -24 -28 -30 0 
-2 -6 -10 -11 -16 -22 -32 0 
-1 -2 -9 -21 -23 -26 0 
-18 -19 -25 -26 -29 0 
-4 -11 -14 -16 -17 -19 -32 0 
-7 -15 -20 -31 0 
-2 -15 -17 -18 -22 -32 0 
-1 -5 -7 -10 -19 -20 0 
-2 -4 -6 -7 -10 -23 -28 -29 0 
-1 -3 -5 -6 -14 -16 0 
-7 -21 -27 -32 0 
-1 -5 -6 -11 -16 -18 -20 -22 0 
-3 -5 -14 -29 0 
-2 -14 -16 0 
-22 -24 -27 0 
-7 -11 -12 -15 -19 -28 -29 -31 0 
-10 -21 -25 -27 -28 -32 0 
-14 -21 -22 -23 -29 -31 0 
-10 -13 -16 -19 -22 0 
-1 -5 -6 -12 -14 -25 0 
-1 -3 -10 -12 -25 -31 -32 0 
-7 -9 -13 -28 -31 0 
-14 -17 -19 -23 -26 -29 0 
-1 -8 -18 -19 -27 -28 0 
-1 -14 -18 -22 -31 -32 0 
-2 -8 -19 -25 0 
-9 -20 -26 -27 -30 0 
-1 -9 -23 0 
-2 -4 -5 -10 -11 -17 -21 -24 0 
-2 -10 -16 -17 0 
-7 -8 -14 -28 -31 -32 0 
-3 -5 -6 -11 -12 -17 -21 -28 -31 -32 0 
-6 -13 -16 -22 -30 0 
-6 -15 -19 -28 0 
-1 -16 -22 -32 0 
-6 -11 -13 -14 -18 -19 -23 -25 -27 -30 0 
-3 -9 -10 -11 -12 -15 -25 -27 -28 0 
-7 -8 -9 -16 -21 -31 0 
-11 -15 -18 -29 -30 -31 0 
-4 -6 -10 -16 -21 -23 -26 -29 0 
-3 -9 -13 -18 -26 -27 -28 0 
-1 -3 -10 -21 -27 -29 -32 0 
-20 -26 -32 0 
-3 -4 -6 -13 -20 -26 -28 -31 0 
-3 -11 -14 -16 -19 -20 -22 -27 -29 -30 -32 0 
-2 -11 -12 -16 -20 -23 -31 0 
-1 -2 -3 -13 -24 -32 0 
-2 -6 -8 -11 -12 -14 -23 -25 -26 0 
-1 -5 -6 -7 -19 -20 -22 -24 -25 -31 0 
-2 -3 -7 -17 -19 -20 -26 0 
-2 -3 -11 -15 -21 -26 -29 -31 -32 0 
-6 -21 -30 0 
-3 -5 -8 -11 -15 -22 -24 -26 -31 -32 0 
-1 -2 -5 -14 -17 -19 -25 -29 -31 0 
-8 -12 -15 -17 -21 -23 -27 -30 -31 -32 0 
-7 -8 -10 -19 -29 -30 0 
-5 -8 -14 -18 -24 -27 -29 -30 0 
-9 -13 -18 -22 -29 0 
-1 -19 -24 -28 0 
-1 -6 -10 -12 -21 -28 0 
-5 -10 -22 -24 -25 -26 0 
-14 -18 -22 -26 -27 0 
-6 -15 -17 -20 -29 -31 -32 0 
-6 -9 -11 -12 -14 -21 -26 -27 -29 -31 0 
-7 -12 -30 0 
-1 -4 -10 -11 -13 -17 -20 -22 -23 0 
-7 -15 -20 -21 -23 -27 -28 0 
-6 -24 -31 0 
-4 -7 -9 -10 -14 -15 -17 0 
-15 -21 -25 -28 -29 -32 0 
-6 -19 -23 -24 -25 -32 0 
-2 -4 -25 -28 -32 0 
-7 -10 -13 -20 -27 -30 0 
-2 -4 -15 -23 -25 -28 -31 0 
-2 -3 -6 -8 -9 -14 -19 -24 -26 -28 0 
-3 -5 -12 -29 -30 0 
-5 -12 -20 -22 -24 -29 -31 0 
-13 -16 -26 -31 0 
-2 -5 -6 -26 0 
-13 -15 -23 -31 -32 0 
-1 -3 -8 -21 0 
-3 -15 -17 -18 -26 0 
-5 -13 -17 -20 -24 -31 -32 0 
-1 -2 -8 -11 -16 -17 -18 -20 -21 0 
-3 -20 -28 -29 0 
-2 -3 -7 -19 -21 -26 0 
-1 -16 -21 -27 -29 0 
-7 -16 -18 -21 -25 -29 -31 0 
-3 -8 -12 -16 -20 -27 -28 0 
-1 -9 -20 -21 0 
-8 -31 0 
-2 -5 -6 -8 -11 -18 -19 -20 -21 -22 -31 0 
-1 -6 -10 -15 -16 -18 -22 -24 -31 0 
-1 -3 -4 -14 -17 -24 -25 -30 0 
-1 -6 -13 -15 -19 -20 0 
-4 -9 -13 -16 -21 -31 0 
-1 -22 -26 -31 0 
-5 -14 -23 0 
-1 -5 -8 -21 -24 -26 -30 0 
-3 -14 -18 -21 -24 -32 0 
-2 -5 -7 -12 -14 -16 -17 -29 0 
-1 -9 -13 -15 -21 -30 0 
-1 -3 -5 -6 -9 -23 0 
-1 -5 -7 -8 -26 -30 -31 -32 0 
-1 -15 -20 -28 0 
-4 -8 -10 -11 -16 -23 -25 -28 -31 0 
-3 -7 -17 -24 -25 -30 -31 0 
-4 -9 -14 0 
-11 -12 -13 -25 -26 -32 0 
-2 -4 -11 -15 -18 -21 -29 -32 0 
-8 -15 -16 -17 -24 -28 -30 0 
-6 -7 -13 -22 -31 0 
-5 -7 -13 -17 -22 -25 -26 0 
-7 -13 -17 -22 -24 -28 -29 0 
