p cnf 32 800
3 5 16 17 18 21 22 27 0 
5 7 10 11 16 29 0 
1 10 11 17 22 25 0 
2 3 4 6 10 20 28 0 
7 10 13 18 21 23 25 32 0 
3 5 6 11 18 19 21 28 29 0 
6 8 9 11 15 16 18 22 25 28 29 0 
2 14 15 22 23 24 29 0 
7 12 15 23 24 26 30 0 
16 19 26 31 0 
14 28 29 31 0 
8 13 21 29 30 32 0 
6 12 15 19 20 0 
2 18 19 24 25 29 0 
5 15 17 19 21 24 0 
3 14 27 28 0 
5 9 20 26 30 0 
1 14 20 25 0 
1 7 15 26 31 0 
5 10 11 16 19 23 24 32 0 
3 9 20 26 28 0 
1 5 7 8 9 15 19 25 32 0 
2 9 10 17 27 0 
1 4 7 26 27 30 32 0 
7 12 16 17 18 19 29 32 0 
2 6 11 16 19 22 27 0 
1 3 4 8 9 21 0 
4 7 8 15 22 28 0 
8 15 16 25 27 0 
4 5 16 27 0 
3 7 10 17 25 26 32 0 
3 4 7 13 14 29 31 0 
16 18 26 28 31 32 0 
2 5 8 12 19 27 31 32 0 
1 9 14 15 17 22 28 0 
1 9 14 15 17 18 19 23 24 25 26 0 
1 16 18 26 31 32 0 
3 9 11 31 32 0 
3 4 21 22 25 27 28 31 0 
4 7 11 18 23 26 29 32 0 
6 8 19 0 
6 22 26 32 0 
3 9 10 11 14 19 29 30 32 0 
1 2 12 13 14 0 
1 2 7 12 15 21 30 0 
9 12 14 16 17 22 29 30 0 
10 12 14 21 27 28 32 0 
7 10 13 14 16 20 25 0 
4 14 27 28 0 
5 6 10 12 13 21 0 
4 5 25 28 30 31 0 
5 8 19 26 0 
4 15 24 29 0 
12 18 21 26 27 0 
8 9 10 21 24 30 31 0 
4 5 6 17 19 21 22 26 0 
20 23 25 29 32 0 
4 6 7 8 15 16 26 32 0 
1 3 12 18 19 26 27 28 29 0 
8 15 21 26 29 30 0 
11 17 21 22 23 32 0 
2 5 18 20 21 0 
3 4 8 17 18 23 32 0 
1 2 6 8 13 22 0 
5 10 13 15 28 31 0 
2 10 11 13 22 25 30 0 
3 5 7 13 16 24 0 
4 20 0 
5 12 17 31 0 
5 10 19 23 24 31 0 
8 19 21 24 26 27 29 0 
10 11 23 27 28 30 31 0 
1 6 7 11 12 17 22 25 29 0 
3 5 15 21 26 30 32 0 
8 10 11 18 23 24 26 0 
6 16 17 18 21 23 29 0 
2 10 19 23 24 27 32 0 
2 4 5 17 20 23 0 
5 7 9 12 29 0 
5 7 8 11 15 30 32 0 
19 21 29 0 
1 3 8 9 12 18 29 0 
2 9 11 16 17 24 27 28 0 
4 6 7 13 15 24 29 0 
2 8 12 25 31 0 
1 3 12 19 23 27 31 0 
6 11 17 26 0 
4 6 21 22 0 
8 14 17 19 20 24 0 
1 2 4 13 22 24 26 29 32 0 
1 12 23 25 29 0 
16 18 32 0 
9 14 15 23 24 27 0 
4 10 17 18 20 23 31 0 
14 29 30 0 
6 9 16 17 29 30 0 
2 4 8 9 10 13 17 28 30 32 0 
2 4 5 7 8 17 24 25 31 0 
7 9 12 13 19 20 24 27 28 30 0 
14 18 19 28 0 
4 7 17 20 21 22 27 31 0 
12 13 15 23 24 25 31 32 0 
11 12 13 20 25 27 28 31 0 
1 3 4 11 17 18 22 25 30 31 0 
1 4 5 11 16 19 24 29 30 0 
4 5 7 11 23 0 
8 9 11 14 23 26 0 
4 11 17 23 27 0 
2 13 20 24 28 29 30 31 32 0 
2 5 9 13 22 24 29 30 0 
1 2 5 6 9 16 17 30 31 0 
3 4 8 14 22 25 27 28 32 0 
9 12 22 29 0 
1 3 4 9 31 0 
13 15 17 19 28 32 0 
3 4 5 13 16 17 18 20 0 
1 2 17 18 22 23 24 27 0 
3 5 6 9 17 26 31 0 
6 10 14 17 0 
3 8 9 10 12 13 14 20 0 
1 3 13 14 18 23 0 
2 4 9 11 20 0 
2 7 10 16 18 32 0 
3 14 16 21 0 
9 11 14 18 19 21 24 0 
3 5 11 21 23 0 
2 3 6 12 16 20 27 0 
2 9 15 17 24 0 
3 6 9 11 13 17 18 22 27 0 
8 9 17 18 19 0 
4 8 15 0 
1 2 9 11 16 0 
2 7 12 14 26 0 
4 5 8 13 14 18 27 32 0 
1 12 14 15 16 21 23 0 
3 5 17 19 20 24 28 29 0 
3 7 12 25 31 0 
11 18 32 0 
9 15 16 22 30 32 0 
1 8 13 20 25 27 29 0 
4 6 13 18 21 22 31 32 0 
3 14 18 21 24 25 0 
3 5 7 15 23 30 31 0 
3 9 11 12 23 25 0 
3 15 22 30 0 
6 9 24 28 29 0 
1 4 9 11 14 20 21 24 27 28 0 
1 2 3 5 12 22 32 0 
4 5 17 18 19 0 
3 5 18 20 23 28 30 32 0 
8 12 14 21 27 28 0 
6 10 19 24 0 
5 6 20 27 0 
2 5 9 14 26 0 
12 13 14 17 18 20 22 30 0 
2 3 6 7 16 19 20 31 0 
2 15 16 19 21 23 25 26 30 0 
9 13 17 21 24 30 0 
6 7 8 9 12 18 20 25 26 27 29 0 
2 8 9 11 21 24 27 0 
2 3 11 18 28 0 
5 6 8 10 20 21 25 29 32 0 
5 7 8 13 17 19 20 21 22 31 0 
1 10 11 14 21 23 0 
5 6 11 21 22 31 32 0 
2 8 16 18 27 31 0 
4 8 13 22 23 30 0 
3 11 14 0 
6 17 19 27 0 
1 6 9 10 13 16 17 18 0 
1 4 5 19 25 0 
2 5 12 18 20 24 30 0 
11 12 31 0 
2 9 11 15 16 18 20 29 0 
12 14 16 25 30 31 0 
3 11 22 23 27 32 0 
3 8 12 17 18 24 29 0 
1 5 6 8 15 16 22 27 32 0 
9 13 15 16 19 27 0 
4 12 13 15 16 18 22 26 0 
8 11 23 30 0 
11 15 18 19 26 30 31 32 0 
1 3 20 26 27 28 29 32 0 
4 5 12 17 18 19 20 26 30 0 
4 13 15 16 0 
7 14 16 19 20 25 26 27 31 0 
6 7 11 15 22 27 0 
1 2 4 12 14 16 17 19 28 0 
6 16 17 20 31 0 
1 16 21 24 25 28 29 31 0 
20 23 0 
1 3 5 16 17 22 25 26 29 32 0 
1 3 7 14 15 24 0 
1 8 9 11 13 22 27 28 29 31 0 
2 8 15 17 19 24 28 0 
3 17 19 25 26 29 32 0 
5 9 14 19 21 24 26 27 0 
5 14 16 31 0 
2 6 9 12 15 0 
2 28 29 30 0 
5 8 9 15 18 20 0 
8 13 20 21 26 27 0 
9 17 18 26 30 0 
11 19 26 30 0 
2 5 6 7 20 22 28 29 0 
1 4 7 11 14 18 19 27 0 
8 9 18 23 27 0 
1 5 12 21 23 0 
1 13 15 20 21 0 
1 7 11 12 19 0 
1 9 15 16 18 19 0 
5 13 14 16 24 28 32 0 
7 8 9 13 14 17 27 29 32 0 
6 7 14 18 19 24 30 0 
8 17 22 0 
2 7 24 25 27 31 0 
2 10 19 22 27 28 29 32 0 
9 15 21 26 31 0 
13 16 20 27 31 0 
2 9 10 13 21 22 31 0 
1 2 8 9 12 16 23 24 27 0 
3 17 18 19 20 21 22 26 0 
4 8 19 22 25 27 0 
1 4 6 23 25 30 32 0 
14 18 22 26 29 0 
5 12 16 0 
5 6 7 11 12 15 16 0 
1 2 6 16 17 22 0 
2 3 6 8 11 13 20 22 0 
20 22 24 30 0 
19 21 23 26 27 31 0 
14 15 20 26 0 
2 7 14 21 25 0 
1 5 7 9 12 22 0 
3 6 11 12 30 32 0 
4 6 8 20 23 27 30 32 0 
5 10 11 0 
8 12 23 25 30 0 
3 8 14 20 28 30 0 
3 5 6 7 18 32 0 
9 11 16 17 28 30 0 
1 3 7 8 15 17 0 
1 4 7 12 16 22 28 0 
1 3 13 17 22 29 0 
4 5 6 7 16 27 30 0 
2 7 11 13 21 25 32 0 
3 8 27 29 31 0 
16 24 26 31 0 
3 5 11 22 23 0 
1 4 6 8 11 12 15 20 30 0 
4 5 6 9 10 16 25 0 
5 8 12 29 0 
2 3 10 16 18 22 30 31 0 
3 9 12 29 32 0 
12 14 15 25 29 0 
6 7 12 15 18 31 0 
1 4 6 11 13 16 17 20 22 30 0 
14 23 27 30 0 
3 6 7 8 12 16 19 32 0 
1 3 16 26 32 0 
2 11 12 18 20 25 31 0 
3 12 13 17 19 24 25 26 31 0 
11 12 20 22 23 28 29 32 0 
1 4 6 11 20 29 0 
3 10 15 21 23 26 30 32 0 
1 7 9 16 27 0 
20 24 26 31 32 0 
4 14 15 28 0 
12 18 22 23 25 28 0 
9 10 12 16 18 21 0 
9 20 21 25 28 30 0 
11 17 19 22 25 28 29 0 
8 14 15 0 
17 20 25 29 32 0 
1 2 4 19 22 0 
1 3 8 18 22 24 25 27 0 
2 7 15 25 26 27 32 0 
1 3 5 10 18 29 31 0 
3 8 12 22 29 30 0 
1 6 9 17 23 24 29 31 0 
5 13 23 27 29 31 0 
1 11 17 21 24 0 
5 6 8 22 25 26 27 28 31 32 0 
3 14 19 0 
6 8 12 30 0 
6 16 22 30 31 0 
5 8 20 23 30 0 
1 9 19 21 25 26 0 
6 11 14 26 27 0 
3 7 20 22 25 26 0 
1 4 9 18 20 21 22 25 30 0 
7 13 17 18 21 25 31 0 
10 16 21 25 27 0 
6 11 19 23 26 27 28 0 
4 5 11 12 17 23 24 29 0 
3 8 12 16 23 28 31 0 
4 13 17 18 20 24 31 32 0 
6 9 17 19 20 21 29 0 
1 2 7 10 14 19 22 28 0 
1 5 30 31 0 
11 12 17 18 20 26 31 0 
2 6 17 22 28 30 0 
3 7 8 9 18 22 27 28 29 0 
4 8 9 11 13 21 23 28 29 30 32 0 
1 2 15 20 32 0 
1 9 12 13 19 23 28 32 0 
4 6 13 15 23 27 31 0 
7 18 27 0 
1 2 4 22 24 26 29 31 0 
1 2 5 10 18 19 27 29 0 
4 9 11 14 19 23 24 0 
3 4 12 15 16 26 31 0 
8 11 28 32 0 
5 9 11 14 21 0 
9 14 19 25 0 
7 10 13 14 32 0 
3 4 7 10 13 20 31 0 
21 23 31 0 
4 7 9 10 13 17 24 25 29 0 
2 3 9 11 14 22 24 25 31 32 0 
3 5 7 8 11 14 20 27 32 0 
1 2 7 16 25 31 0 
2 8 9 13 14 15 19 24 26 0 
5 12 13 15 27 29 0 
10 12 14 21 22 24 29 0 
1 2 8 9 28 30 0 
2 13 14 21 24 31 32 0 
6 7 12 19 29 31 0 
9 19 22 24 26 0 
1 5 7 15 28 0 
1 20 21 31 0 
7 8 13 14 16 17 18 20 29 0 
6 7 9 12 29 0 
5 6 10 13 14 21 24 0 
9 13 18 22 28 30 0 
6 12 19 23 28 0 
8 14 20 25 32 0 
3 14 19 32 0 
4 5 6 7 18 29 31 0 
9 15 27 31 0 
4 17 19 20 24 26 0 
1 4 5 8 9 10 13 15 18 19 25 26 32 0 
2 7 15 26 31 0 
1 2 4 8 16 19 21 23 25 0 
8 14 16 20 31 0 
14 20 25 0 
1 7 9 17 19 27 28 0 
3 7 11 17 21 32 0 
2 6 10 15 21 29 31 0 
16 19 20 24 25 31 32 0 
9 11 12 17 30 0 
1 6 11 20 22 24 25 26 29 31 0 
8 9 11 12 15 20 29 31 0 
11 14 17 18 24 31 0 
9 10 13 15 25 29 32 0 
1 5 8 9 10 18 24 28 32 0 
3 11 18 31 0 
4 5 9 13 18 19 31 0 
4 6 9 10 19 20 31 0 
5 13 19 25 0 
1 6 7 17 30 32 0 
7 9 11 13 15 17 29 0 
3 11 19 31 32 0 
8 9 13 26 30 0 
4 6 7 12 16 17 23 27 0 
1 5 12 20 26 0 
4 5 12 16 26 32 0 
4 8 10 15 0 
3 5 12 14 23 27 31 0 
2 4 5 6 20 21 27 31 0 
19 22 26 32 0 
4 5 14 19 23 29 31 0 
8 9 11 12 16 17 18 31 0 
21 26 32 0 
1 15 19 21 22 31 0 
3 5 10 17 22 0 
17 18 19 30 0 
2 3 9 13 23 29 0 
4 13 14 23 25 0 
5 11 14 18 20 22 0 
2 4 18 25 26 0 
6 11 17 18 21 28 0 
2 4 12 16 23 30 31 0 
4 5 7 13 23 31 0 
5 7 19 20 26 29 30 31 0 
6 7 8 10 11 12 25 26 0 
6 10 12 15 18 19 23 0 
2 6 14 23 24 27 30 32 0 
2 14 20 28 32 0 
7 16 18 20 21 24 0 
2 20 22 28 29 0 
3 5 6 7 12 17 18 22 24 0 
6 7 19 22 24 28 0 
1 2 3 6 8 10 14 15 28 31 0 
6 16 19 27 0 
1 2 4 14 16 24 27 29 0 
17 29 30 0 
2 7 17 21 22 24 0 
7 13 14 16 19 0 
2 3 8 10 19 21 24 0 
-3 -5 -16 -17 -18 -21 -22 -27 0 
-5 -7 -10 -11 -16 -29 0 
-1 -10 -11 -17 -22 -25 0 
-2 -3 -4 -6 -10 -20 -28 0 
-7 -10 -13 -18 -21 -23 -25 -32 0 
-3 -5 -6 -11 -18 -19 -21 -28 -29 0 
-6 -8 -9 -11 -15 -16 -18 -22 -25 -28 -29 0 
-2 -14 -15 -22 -23 -24 -29 0 
-7 -12 -15 -23 -24 -26 -30 0 
-16 -19 -26 -31 0 
-14 -28 -29 -31 0 
-8 -13 -21 -29 -30 -32 0 
-6 -12 -15 -19 -20 0 
-2 -18 -19 -24 -25 -29 0 
-5 -15 -17 -19 -21 -24 0 
-3 -14 -27 -28 0 
-5 -9 -20 -26 -30 0 
-1 -14 -20 -25 0 
-1 -7 -15 -26 -31 0 
-5 -10 -11 -16 -19 -23 -24 -32 0 
-3 -9 -20 -26 -28 0 
-1 -5 -7 -8 -9 -15 -19 -25 -32 0 
-2 -9 -10 -17 -27 0 
-1 -4 -7 -26 -27 -30 -32 0 
-7 -12 -16 -17 -18 -19 -29 -32 0 
-2 -6 -11 -16 -19 -22 -27 0 
-1 -3 -4 -8 -9 -21 0 
-4 -7 -8 -15 -22 -28 0 
-8 -15 -16 -25 -27 0 
-4 -5 -16 -27 0 
-3 -7 -10 -17 -25 -26 -32 0 
-3 -4 -7 -13 -14 -29 -31 0 
-16 -18 -26 -28 -31 -32 0 
-2 -5 -8 -12 -19 -27 -31 -32 0 
-1 -9 -14 -15 -17 -22 -28 0 
-1 -9 -14 -15 -17 -18 -19 -23 -24 -25 -26 0 
-1 -16 -18 -26 -31 -32 0 
-3 -9 -11 -31 -32 0 
-3 -4 -21 -22 -25 -27 -28 -31 0 
-4 -7 -11 -18 -23 -26 -29 -32 0 
-6 -8 -19 0 
-6 -22 -26 -32 0 
-3 -9 -10 -11 -14 -19 -29 -30 -32 0 
-1 -2 -12 -13 -14 0 
-1 -2 -7 -12 -15 -21 -30 0 
-9 -12 -14 -16 -17 -22 -29 -30 0 
-10 -12 -14 -21 -27 -28 -32 0 
-7 -10 -13 -14 -16 -20 -25 0 
-4 -14 -27 -28 0 
-5 -6 -10 -12 -13 -21 0 
-4 -5 -25 -28 -30 -31 0 
-5 -8 -19 -26 0 
-4 -15 -24 -29 0 
-12 -18 -21 -26 -27 0 
-8 -9 -10 -21 -24 -30 -31 0 
-4 -5 -6 -17 -19 -21 -22 -26 0 
-20 -23 -25 -29 -32 0 
-4 -6 -7 -8 -15 -16 -26 -32 0 
-1 -3 -12 -18 -19 -26 -27 -28 -29 0 
-8 -15 -21 -26 -29 -30 0 
-11 -17 -21 -22 -23 -32 0 
-2 -5 -18 -20 -21 0 
-3 -4 -8 -17 -18 -23 -32 0 
-1 -2 -6 -8 -13 -22 0 
-5 -10 -13 -15 -28 -31 0 
-2 -10 -11 -13 -22 -25 -30 0 
-3 -5 -7 -13 -16 -24 0 
-4 -20 0 
-5 -12 -17 -31 0 
-5 -10 -19 -23 -24 -31 0 
-8 -19 -21 -24 -26 -27 -29 0 
-10 -11 -23 -27 -28 -30 -31 0 
-1 -6 -7 -11 -12 -17 -22 -25 -29 0 
-3 -5 -15 -21 -26 -30 -32 0 
-8 -10 -11 -18 -23 -24 -26 0 
-6 -16 -17 -18 -21 -23 -29 0 
-2 -10 -19 -23 -24 -27 -32 0 
-2 -4 -5 -17 -20 -23 0 
-5 -7 -9 -12 -29 0 
-5 -7 -8 -11 -15 -30 -32 0 
-19 -21 -29 0 
-1 -3 -8 -9 -12 -18 -29 0 
-2 -9 -11 -16 -17 -24 -27 -28 0 
-4 -6 -7 -13 -15 -24 -29 0 
-2 -8 -12 -25 -31 0 
-1 -3 -12 -19 -23 -27 -31 0 
-6 -11 -17 -26 0 
-4 -6 -21 -22 0 
-8 -14 -17 -19 -20 -24 0 
-1 -2 -4 -13 -22 -24 -26 -29 -32 0 
-1 -12 -23 -25 -29 0 
-16 -18 -32 0 
-9 -14 -15 -23 -24 -27 0 
-4 -10 -17 -18 -20 -23 -31 0 
-14 -29 -30 0 
-6 -9 -16 -17 -29 -30 0 
-2 -4 -8 -9 -10 -13 -17 -28 -30 -32 0 
-2 -4 -5 -7 -8 -17 -24 -25 -31 0 
-7 -9 -12 -13 -19 -20 -24 -27 -28 -30 0 
-14 -18 -19 -28 0 
-4 -7 -17 -20 -21 -22 -27 -31 0 
-12 -13 -15 -23 -24 -25 -31 -32 0 
-11 -12 -13 -20 -25 -27 -28 -31 0 
-1 -3 -4 -11 -17 -18 -22 -25 -30 -31 0 
-1 -4 -5 -11 -16 -19 -24 -29 -30 0 
-4 -5 -7 -11 -23 0 
-8 -9 -11 -14 -23 -26 0 
-4 -11 -17 -23 -27 0 
-2 -13 -20 -24 -28 -29 -30 -31 -32 0 
-2 -5 -9 -13 -22 -24 -29 -30 0 
-1 -2 -5 -6 -9 -16 -17 -30 -31 0 
-3 -4 -8 -14 -22 -25 -27 -28 -32 0 
-9 -12 -22 -29 0 
-1 -3 -4 -9 -31 0 
-13 -15 -17 -19 -28 -32 0 
-3 -4 -5 -13 -16 -17 -18 -20 0 
-1 -2 -17 -18 -22 -23 -24 -27 0 
-3 -5 -6 -9 -17 -26 -31 0 
-6 -10 -14 -17 0 
-3 -8 -9 -10 -12 -13 -14 -20 0 
-1 -3 -13 -14 -18 -23 0 
-2 -4 -9 -11 -20 0 
-2 -7 -10 -16 -18 -32 0 
-3 -14 -16 -21 0 
-9 -11 -14 -18 -19 -21 -24 0 
-3 -5 -11 -21 -23 0 
-2 -3 -6 -12 -16 -20 -27 0 
-2 -9 -15 -17 -24 0 
-3 -6 -9 -11 -13 -17 -18 -22 -27 0 
-8 -9 -17 -18 -19 0 
-4 -8 -15 0 
-1 -2 -9 -11 -16 0 
-2 -7 -12 -14 -26 0 
-4 -5 -8 -13 -14 -18 -27 -32 0 
-1 -12 -14 -15 -16 -21 -23 0 
-3 -5 -17 -19 -20 -24 -28 -29 0 
-3 -7 -12 -25 -31 0 
-11 -18 -32 0 
-9 -15 -16 -22 -30 -32 0 
-1 -8 -13 -20 -25 -27 -29 0 
-4 -6 -13 -18 -21 -22 -31 -32 0 
-3 -14 -18 -21 -24 -25 0 
-3 -5 -7 -15 -23 -30 -31 0 
-3 -9 -11 -12 -23 -25 0 
-3 -15 -22 -30 0 
-6 -9 -24 -28 -29 0 
-1 -4 -9 -11 -14 -20 -21 -24 -27 -28 0 
-1 -2 -3 -5 -12 -22 -32 0 
-4 -5 -17 -18 -19 0 
-3 -5 -18 -20 -23 -28 -30 -32 0 
-8 -12 -14 -21 -27 -28 0 
-6 -10 -19 -24 0 
-5 -6 -20 -27 0 
-2 -5 -9 -14 -26 0 
-12 -13 -14 -17 -18 -20 -22 -30 0 
-2 -3 -6 -7 -16 -19 -20 -31 0 
-2 -15 -16 -19 -21 -23 -25 -26 -30 0 
-9 -13 -17 -21 -24 -30 0 
-6 -7 -8 -9 -12 -18 -20 -25 -26 -27 -29 0 
-2 -8 -9 -11 -21 -24 -27 0 
-2 -3 -11 -18 -28 0 
-5 -6 -8 -10 -20 -21 -25 -29 -32 0 
-5 -7 -8 -13 -17 -19 -20 -21 -22 -31 0 
-1 -10 -11 -14 -21 -23 0 
-5 -6 -11 -21 -22 -31 -32 0 
-2 -8 -16 -18 -27 -31 0 
-4 -8 -13 -22 -23 -30 0 
-3 -11 -14 0 
-6 -17 -19 -27 0 
-1 -6 -9 -10 -13 -16 -17 -18 0 
-1 -4 -5 -19 -25 0 
-2 -5 -12 -18 -20 -24 -30 0 
-11 -12 -31 0 
-2 -9 -11 -15 -16 -18 -20 -29 0 
-12 -14 -16 -25 -30 -31 0 
-3 -11 -22 -23 -27 -32 0 
-3 -8 -12 -17 -18 -24 -29 0 
-1 -5 -6 -8 -15 -16 -22 -27 -32 0 
-9 -13 -15 -16 -19 -27 0 
-4 -12 -13 -15 -16 -18 -22 -26 0 
-8 -11 -23 -30 0 
-11 -15 -18 -19 -26 -30 -31 -32 0 
-1 -3 -20 -26 -27 -28 -29 -32 0 
-4 -5 -12 -17 -18 -19 -20 -26 -30 0 
-4 -13 -15 -16 0 
-7 -14 -16 -19 -20 -25 -26 -27 -31 0 
-6 -7 -11 -15 -22 -27 0 
-1 -2 -4 -12 -14 -16 -17 -19 -28 0 
-6 -16 -17 -20 -31 0 
-1 -16 -21 -24 -25 -28 -29 -31 0 
-20 -23 0 
-1 -3 -5 -16 -17 -22 -25 -26 -29 -32 0 
-1 -3 -7 -14 -15 -24 0 
-1 -8 -9 -11 -13 -22 -27 -28 -29 -31 0 
-2 -8 -15 -17 -19 -24 -28 0 
-3 -17 -19 -25 -26 -29 -32 0 
-5 -9 -14 -19 -21 -24 -26 -27 0 
-5 -14 -16 -31 0 
-2 -6 -9 -12 -15 0 
-2 -28 -29 -30 0 
-5 -8 -9 -15 -18 -20 0 
-8 -13 -20 -21 -26 -27 0 
-9 -17 -18 -26 -30 0 
-11 -19 -26 -30 0 
-2 -5 -6 -7 -20 -22 -28 -29 0 
-1 -4 -7 -11 -14 -18 -19 -27 0 
-8 -9 -18 -23 -27 0 
-1 -5 -12 -21 -23 0 
-1 -13 -15 -20 -21 0 
-1 -7 -11 -12 -19 0 
-1 -9 -15 -16 -18 -19 0 
-5 -13 -14 -16 -24 -28 -32 0 
-7 -8 -9 -13 -14 -17 -27 -29 -32 0 
-6 -7 -14 -18 -19 -24 -30 0 
-8 -17 -22 0 
-2 -7 -24 -25 -27 -31 0 
-2 -10 -19 -22 -27 -28 -29 -32 0 
-9 -15 -21 -26 -31 0 
-13 -16 -20 -27 -31 0 
-2 -9 -10 -13 -21 -22 -31 0 
-1 -2 -8 -9 -12 -16 -23 -24 -27 0 
-3 -17 -18 -19 -20 -21 -22 -26 0 
-4 -8 -19 -22 -25 -27 0 
-1 -4 -6 -23 -25 -30 -32 0 
-14 -18 -22 -26 -29 0 
-5 -12 -16 0 
-5 -6 -7 -11 -12 -15 -16 0 
-1 -2 -6 -16 -17 -22 0 
-2 -3 -6 -8 -11 -13 -20 -22 0 
-20 -22 -24 -30 0 
-19 -21 -23 -26 -27 -31 0 
-14 -15 -20 -26 0 
-2 -7 -14 -21 -25 0 
-1 -5 -7 -9 -12 -22 0 
-3 -6 -11 -12 -30 -32 0 
-4 -6 -8 -20 -23 -27 -30 -32 0 
-5 -10 -11 0 
-8 -12 -23 -25 -30 0 
-3 -8 -14 -20 -28 -30 0 
-3 -5 -6 -7 -18 -32 0 
-9 -11 -16 -17 -28 -30 0 
-1 -3 -7 -8 -15 -17 0 
-1 -4 -7 -12 -16 -22 -28 0 
-1 -3 -13 -17 -22 -29 0 
-4 -5 -6 -7 -16 -27 -30 0 
-2 -7 -11 -13 -21 -25 -32 0 
-3 -8 -27 -29 -31 0 
-16 -24 -26 -31 0 
-3 -5 -11 -22 -23 0 
-1 -4 -6 -8 -11 -12 -15 -20 -30 0 
-4 -5 -6 -9 -10 -16 -25 0 
-5 -8 -12 -29 0 
-2 -3 -10 -16 -18 -22 -30 -31 0 
-3 -9 -12 -29 -32 0 
-12 -14 -15 -25 -29 0 
-6 -7 -12 -15 -18 -31 0 
-1 -4 -6 -11 -13 -16 -17 -20 -22 -30 0 
-14 -23 -27 -30 0 
-3 -6 -7 -8 -12 -16 -19 -32 0 
-1 -3 -16 -26 -32 0 
-2 -11 -12 -18 -20 -25 -31 0 
-3 -12 -13 -17 -19 -24 -25 -26 -31 0 
-11 -12 -20 -22 -23 -28 -29 -32 0 
-1 -4 -6 -11 -20 -29 0 
-3 -10 -15 -21 -23 -26 -30 -32 0 
-1 -7 -9 -16 -27 0 
-20 -24 -26 -31 -32 0 
-4 -14 -15 -28 0 
-12 -18 -22 -23 -25 -28 0 
-9 -10 -12 -16 -18 -21 0 
-9 -20 -21 -25 -28 -30 0 
-11 -17 -19 -22 -25 -28 -29 0 
-8 -14 -15 0 
-17 -20 -25 -29 -32 0 
-1 -2 -4 -19 -22 0 
-1 -3 -8 -18 -22 -24 -25 -27 0 
-2 -7 -15 -25 -26 -27 -32 0 
-1 -3 -5 -10 -18 -29 -31 0 
-3 -8 -12 -22 -29 -30 0 
-1 -6 -9 -17 -23 -24 -29 -31 0 
-5 -13 -23 -27 -29 -31 0 
-1 -11 -17 -21 -24 0 
-5 -6 -8 -22 -25 -26 -27 -28 -31 -32 0 
-3 -14 -19 0 
-6 -8 -12 -30 0 
-6 -16 -22 -30 -31 0 
-5 -8 -20 -23 -30 0 
-1 -9 -19 -21 -25 -26 0 
-6 -11 -14 -26 -27 0 
-3 -7 -20 -22 -25 -26 0 
-1 -4 -9 -18 -20 -21 -22 -25 -30 0 
-7 -13 -17 -18 -21 -25 -31 0 
-10 -16 -21 -25 -27 0 
-6 -11 -19 -23 -26 -27 -28 0 
-4 -5 -11 -12 -17 -23 -24 -29 0 
-3 -8 -12 -16 -23 -28 -31 0 
-4 -13 -17 -18 -20 -24 -31 -32 0 
-6 -9 -17 -19 -20 -21 -29 0 
-1 -2 -7 -10 -14 -19 -22 -28 0 
-1 -5 -30 -31 0 
-11 -12 -17 -18 -20 -26 -31 0 
-2 -6 -17 -22 -28 -30 0 
-3 -7 -8 -9 -18 -22 -27 -28 -29 0 
-4 -8 -9 -11 -13 -21 -23 -28 -29 -30 -32 0 
-1 -2 -15 -20 -32 0 
-1 -9 -12 -13 -19 -23 -28 -32 0 
-4 -6 -13 -15 -23 -27 -31 0 
-7 -18 -27 0 
-1 -2 -4 -22 -24 -26 -29 -31 0 
-1 -2 -5 -10 -18 -19 -27 -29 0 
-4 -9 -11 -14 -19 -23 -24 0 
-3 -4 -12 -15 -16 -26 -31 0 
-8 -11 -28 -32 0 
-5 -9 -11 -14 -21 0 
-9 -14 -19 -25 0 
-7 -10 -13 -14 -32 0 
-3 -4 -7 -10 -13 -20 -31 0 
-21 -23 -31 0 
-4 -7 -9 -10 -13 -17 -24 -25 -29 0 
-2 -3 -9 -11 -14 -22 -24 -25 -31 -32 0 
-3 -5 -7 -8 -11 -14 -20 -27 -32 0 
-1 -2 -7 -16 -25 -31 0 
-2 -8 -9 -13 -14 -15 -19 -24 -26 0 
-5 -12 -13 -15 -27 -29 0 
-10 -12 -14 -21 -22 -24 -29 0 
-1 -2 -8 -9 -28 -30 0 
-2 -13 -14 -21 -24 -31 -32 0 
-6 -7 -12 -19 -29 -31 0 
-9 -19 -22 -24 -26 0 
-1 -5 -7 -15 -28 0 
-1 -20 -21 -31 0 
-7 -8 -13 -14 -16 -17 -18 -20 -29 0 
-6 -7 -9 -12 -29 0 
-5 -6 -10 -13 -14 -21 -24 0 
-9 -13 -18 -22 -28 -30 0 
-6 -12 -19 -23 -28 0 
-8 -14 -20 -25 -32 0 
-3 -14 -19 -32 0 
-4 -5 -6 -7 -18 -29 -31 0 
-9 -15 -27 -31 0 
-4 -17 -19 -20 -24 -26 0 
-1 -4 -5 -8 -9 -10 -13 -15 -18 -19 -25 -26 -32 0 
-2 -7 -15 -26 -31 0 
-1 -2 -4 -8 -16 -19 -21 -23 -25 0 
-8 -14 -16 -20 -31 0 
-14 -20 -25 0 
-1 -7 -9 -17 -19 -27 -28 0 
-3 -7 -11 -17 -21 -32 0 
-2 -6 -10 -15 -21 -29 -31 0 
-16 -19 -20 -24 -25 -31 -32 0 
-9 -11 -12 -17 -30 0 
-1 -6 -11 -20 -22 -24 -25 -26 -29 -31 0 
-8 -9 -11 -12 -15 -20 -29 -31 0 
-11 -14 -17 -18 -24 -31 0 
-9 -10 -13 -15 -25 -29 -32 0 
-1 -5 -8 -9 -10 -18 -24 -28 -32 0 
-3 -11 -18 -31 0 
-4 -5 -9 -13 -18 -19 -31 0 
-4 -6 -9 -10 -19 -20 -31 0 
-5 -13 -19 -25 0 
-1 -6 -7 -17 -30 -32 0 
-7 -9 -11 -13 -15 -17 -29 0 
-3 -11 -19 -31 -32 0 
-8 -9 -13 -26 -30 0 
-4 -6 -7 -12 -16 -17 -23 -27 0 
-1 -5 -12 -20 -26 0 
-4 -5 -12 -16 -26 -32 0 
-4 -8 -10 -15 0 
-3 -5 -12 -14 -23 -27 -31 0 
-2 -4 -5 -6 -20 -21 -27 -31 0 
-19 -22 -26 -32 0 
-4 -5 -14 -19 -23 -29 -31 0 
-8 -9 -11 -12 -16 -17 -18 -31 0 
-21 -26 -32 0 
-1 -15 -19 -21 -22 -31 0 
-3 -5 -10 -17 -22 0 
-17 -18 -19 -30 0 
-2 -3 -9 -13 -23 -29 0 
-4 -13 -14 -23 -25 0 
-5 -11 -14 -18 -20 -22 0 
-2 -4 -18 -25 -26 0 
-6 -11 -17 -18 -21 -28 0 
-2 -4 -12 -16 -23 -30 -31 0 
-4 -5 -7 -13 -23 -31 0 
-5 -7 -19 -20 -26 -29 -30 -31 0 
-6 -7 -8 -10 -11 -12 -25 -26 0 
-6 -10 -12 -15 -18 -19 -23 0 
-2 -6 -14 -23 -24 -27 -30 -32 0 
-2 -14 -20 -28 -32 0 
-7 -16 -18 -20 -21 -24 0 
-2 -20 -22 -28 -29 0 
-3 -5 -6 -7 -12 -17 -18 -22 -24 0 
-6 -7 -19 -22 -24 -28 0 
-1 -2 -3 -6 -8 -10 -14 -15 -28 -31 0 
-6 -16 -19 -27 0 
-1 -2 -4 -14 -16 -24 -27 -29 0 
-17 -29 -30 0 
-2 -7 -17 -21 -22 -24 0 
-7 -13 -14 -16 -19 0 
-2 -3 -8 -10 -19 -21 -24 0 
