p cnf 33 800
9 13 24 26 28 30 0 
1 3 12 14 18 23 32 0 
8 15 16 33 0 
2 4 8 12 23 28 0 
5 12 22 26 27 28 0 
4 9 21 23 24 25 31 0 
3 15 21 25 28 0 
13 16 25 27 28 32 0 
1 4 17 20 24 29 30 32 0 
6 8 10 11 23 30 31 0 
1 5 21 23 24 28 30 0 
1 10 16 18 23 25 33 0 
3 6 7 15 21 22 0 
2 5 9 16 21 27 31 33 0 
5 12 13 14 15 21 29 33 0 
10 13 16 23 25 0 
5 10 12 13 23 27 0 
5 14 15 24 25 0 
2 12 14 16 22 23 0 
1 2 3 11 16 23 25 0 
5 8 15 23 0 
4 6 25 27 30 33 0 
4 11 12 15 17 0 
1 4 11 21 31 0 
5 6 19 0 
2 8 9 12 17 19 20 27 28 31 32 0 
8 11 16 23 24 33 0 
3 12 15 17 18 21 22 24 25 30 31 0 
8 14 22 24 26 27 32 33 0 
5 10 11 15 28 33 0 
6 11 13 28 33 0 
14 28 29 0 
4 8 20 22 30 0 
3 12 22 23 30 0 
7 14 21 24 27 0 
9 28 0 
3 6 11 12 21 23 27 29 30 33 0 
10 21 28 0 
3 22 25 0 
6 8 25 26 31 0 
7 12 15 18 25 27 31 0 
5 10 13 15 25 28 31 0 
1 5 22 26 31 32 0 
6 14 15 22 29 30 0 
5 13 18 22 0 
1 4 5 9 11 15 17 30 32 0 
11 19 28 30 0 
13 18 28 30 0 
5 9 15 16 20 21 27 31 0 
1 3 6 23 24 25 26 0 
3 6 10 13 16 17 20 23 25 31 0 
3 6 17 24 25 28 0 
7 13 15 21 23 26 27 0 
12 14 25 27 0 
1 4 12 13 28 31 33 0 
9 13 24 31 0 
2 13 16 25 32 0 
2 11 12 13 24 27 0 
2 6 9 10 11 21 23 0 
7 15 18 24 25 30 31 0 
5 7 11 12 15 17 20 24 29 30 0 
3 4 10 16 17 18 23 28 0 
6 9 17 21 23 24 30 33 0 
4 8 9 12 17 24 25 26 28 30 33 0 
3 5 27 29 0 
6 10 11 14 16 17 19 23 29 0 
6 8 10 12 13 20 25 26 31 33 0 
2 10 16 18 20 25 0 
6 9 12 22 24 0 
7 11 22 26 31 33 0 
3 5 7 12 22 33 0 
2 11 22 25 0 
4 6 22 28 32 0 
1 2 4 7 9 13 15 17 18 30 31 32 0 
19 25 0 
3 8 9 11 14 23 26 28 29 31 0 
4 8 17 19 26 0 
1 6 26 31 0 
5 6 20 27 28 0 
7 10 13 15 17 22 0 
1 3 4 6 10 18 0 
2 8 10 26 30 0 
7 17 21 30 32 33 0 
7 10 19 21 27 0 
2 3 12 23 24 27 31 32 0 
15 18 19 21 29 32 0 
1 3 8 16 19 26 0 
10 12 15 17 19 22 0 
1 6 8 13 14 31 0 
11 24 26 27 28 30 0 
1 7 16 18 21 22 23 25 26 29 0 
3 7 15 27 31 33 0 
2 12 15 16 28 29 32 0 
5 10 11 18 20 23 27 28 32 33 0 
7 11 15 20 21 25 30 0 
8 9 17 19 21 23 30 0 
5 6 14 19 32 0 
6 11 16 17 29 0 
2 4 12 13 32 33 0 
10 14 23 28 29 32 33 0 
1 3 4 8 11 20 31 32 0 
3 5 9 16 22 23 26 28 0 
1 4 10 12 21 27 0 
4 12 16 20 33 0 
6 8 26 0 
2 9 26 28 29 0 
8 10 13 14 23 32 0 
5 17 20 24 29 0 
18 19 20 26 27 32 33 0 
2 5 8 9 11 26 30 31 0 
1 6 9 14 20 28 0 
12 19 0 
5 6 15 28 33 0 
2 6 10 23 25 29 31 0 
9 10 14 18 19 29 0 
9 10 17 28 0 
1 13 20 23 24 31 0 
5 8 18 26 0 
6 15 30 0 
8 11 16 21 22 30 32 0 
8 16 19 23 29 32 0 
4 26 29 31 33 0 
3 4 5 6 21 24 0 
11 24 27 28 29 31 0 
14 22 28 29 0 
3 11 13 19 21 28 30 0 
4 7 9 15 25 0 
7 9 10 12 15 21 25 28 29 33 0 
9 15 16 17 19 23 0 
3 6 18 20 26 31 0 
16 19 25 26 30 32 0 
1 6 10 16 33 0 
2 5 6 8 16 21 22 24 25 0 
3 7 21 28 29 0 
2 4 6 11 12 17 23 28 29 30 32 0 
6 25 27 0 
2 4 7 10 12 13 15 26 30 32 0 
8 15 19 25 31 0 
4 5 8 9 13 19 28 0 
1 6 23 30 32 0 
1 2 4 5 7 8 11 14 21 30 0 
1 14 15 22 24 27 33 0 
5 10 12 21 30 0 
1 6 13 20 22 24 0 
1 7 8 11 14 16 25 30 0 
14 20 23 0 
1 3 5 7 12 13 16 18 22 31 0 
4 12 16 20 25 26 31 33 0 
8 11 12 15 23 24 27 0 
3 4 10 15 20 29 32 0 
5 9 11 16 22 25 31 0 
7 9 22 0 
4 7 12 20 31 0 
2 8 10 12 18 23 25 26 0 
12 16 17 22 24 0 
1 6 15 21 25 26 28 32 33 0 
7 10 14 18 19 20 25 32 0 
1 5 7 8 10 11 16 25 0 
1 2 4 5 9 15 19 24 28 30 0 
4 7 10 18 20 22 26 0 
1 3 13 15 0 
1 4 7 8 9 0 
3 4 8 10 11 14 26 33 0 
1 7 16 17 21 22 24 25 28 0 
2 11 13 18 19 21 25 30 31 0 
3 14 20 22 33 0 
2 5 13 26 33 0 
3 7 8 10 11 17 29 0 
7 16 20 27 0 
4 6 15 22 27 28 0 
1 7 17 25 27 0 
11 12 18 20 23 31 0 
3 5 11 16 21 28 29 30 32 0 
2 4 5 8 11 19 23 28 0 
11 14 15 17 19 21 25 0 
1 3 4 9 13 19 24 0 
3 4 5 7 10 17 19 26 29 31 0 
1 2 11 13 18 20 21 22 28 30 0 
1 2 7 16 18 0 
1 5 15 20 29 31 33 0 
14 17 20 30 0 
5 10 12 13 14 16 20 25 0 
8 9 10 11 29 0 
1 6 8 14 17 19 0 
2 7 11 15 24 32 0 
14 15 26 0 
5 13 21 24 28 31 33 0 
10 13 18 0 
4 7 9 15 17 23 28 0 
8 9 14 15 21 22 24 25 28 29 32 0 
2 3 5 6 12 30 0 
1 5 16 17 18 27 32 33 0 
2 3 7 8 9 10 17 18 23 32 0 
7 10 21 26 27 30 0 
9 10 12 20 33 0 
2 8 11 25 26 28 29 0 
15 25 0 
13 14 16 17 18 32 0 
2 14 17 21 23 25 27 0 
2 7 12 13 14 33 0 
2 6 8 11 12 15 18 20 27 29 30 0 
1 7 14 25 26 29 0 
1 2 4 15 18 22 24 0 
3 4 7 8 12 16 17 19 25 30 0 
13 14 15 17 22 26 0 
4 7 16 21 24 0 
1 4 14 15 24 0 
6 15 20 25 26 33 0 
6 21 24 32 0 
5 7 14 30 31 0 
1 7 8 21 22 31 33 0 
10 15 16 20 0 
13 16 18 20 33 0 
4 9 21 25 30 0 
7 8 13 16 24 25 0 
11 18 23 30 0 
2 6 7 14 19 26 32 33 0 
10 12 18 21 22 24 26 33 0 
2 17 20 21 22 24 27 28 0 
8 10 24 25 30 0 
11 12 15 19 30 33 0 
9 12 15 18 21 32 0 
7 15 21 27 29 0 
5 6 7 14 15 18 22 25 0 
4 12 13 21 25 30 0 
9 10 13 26 0 
11 12 19 24 28 29 0 
9 12 25 27 29 0 
8 13 14 16 18 28 32 0 
10 16 19 22 26 27 0 
4 9 10 16 18 26 27 31 32 0 
3 6 9 11 12 27 28 0 
8 9 18 20 29 30 33 0 
5 8 11 12 13 17 19 20 21 24 26 32 0 
5 8 10 12 15 18 25 26 29 0 
2 9 20 22 29 0 
3 4 5 11 13 21 22 0 
3 11 12 17 23 27 28 0 
2 5 6 21 25 27 29 30 0 
1 2 7 10 13 27 28 31 33 0 
7 10 11 15 18 24 0 
29 30 32 33 0 
3 8 15 16 23 26 33 0 
4 8 12 14 17 18 28 29 31 0 
3 9 11 20 21 22 25 32 33 0 
3 16 19 24 27 30 32 33 0 
2 5 16 19 33 0 
9 11 17 21 22 25 33 0 
9 12 25 28 0 
5 9 19 26 32 0 
13 14 24 32 0 
4 13 18 24 25 26 27 32 0 
10 13 20 28 32 0 
8 10 24 25 32 0 
2 7 11 16 17 21 22 23 28 0 
24 27 28 0 
5 7 8 18 20 26 27 32 33 0 
4 15 16 24 32 0 
2 12 13 20 23 30 0 
2 4 6 8 17 0 
1 19 23 33 0 
1 2 4 6 10 11 15 19 22 32 0 
9 22 26 28 0 
2 3 9 12 14 27 28 0 
6 10 11 18 23 33 0 
5 7 13 16 30 0 
4 7 13 15 17 26 31 0 
5 7 24 29 30 0 
2 3 13 15 18 24 25 0 
4 5 6 9 14 19 23 25 28 0 
7 14 15 17 28 0 
2 4 15 18 27 32 33 0 
1 10 15 16 18 22 0 
3 4 10 18 19 22 23 31 33 0 
9 21 22 24 30 33 0 
1 7 13 14 21 23 31 0 
10 16 21 24 25 33 0 
2 3 12 26 29 33 0 
5 7 13 17 19 22 31 33 0 
5 7 17 21 26 29 33 0 
3 11 13 22 25 30 32 0 
1 2 7 11 17 32 0 
4 10 15 16 28 0 
1 4 6 14 16 18 0 
7 10 20 21 31 0 
7 12 16 21 27 32 0 
3 12 16 20 28 0 
6 10 12 16 23 24 31 0 
5 6 21 27 31 33 0 
11 13 16 18 0 
1 3 10 16 31 33 0 
1 7 19 25 29 31 0 
3 5 6 7 9 18 20 23 32 33 0 
1 5 6 9 11 16 17 21 29 30 31 0 
3 4 8 11 13 15 16 24 27 0 
5 13 21 22 24 25 26 0 
6 18 33 0 
3 4 6 8 32 0 
3 5 8 9 16 24 26 30 0 
2 4 6 15 27 0 
1 9 10 16 20 23 29 0 
18 19 0 
3 7 25 26 32 0 
3 4 11 16 17 24 32 0 
4 10 17 26 29 31 33 0 
2 8 12 15 30 32 0 
3 4 12 14 15 24 28 0 
2 6 8 13 18 23 24 25 30 0 
2 4 10 16 23 24 27 31 0 
4 10 17 24 29 30 0 
19 20 0 
22 23 29 33 0 
8 9 17 19 22 29 30 0 
3 5 7 9 13 19 22 30 0 
4 10 12 20 27 33 0 
2 4 8 12 13 22 27 29 0 
14 27 30 32 0 
4 10 21 24 30 33 0 
6 8 11 12 17 18 19 26 0 
1 3 4 6 7 9 10 14 16 0 
7 13 15 22 25 0 
3 5 7 17 19 20 30 0 
2 8 9 13 23 26 28 31 32 0 
5 14 17 24 27 30 0 
8 13 17 26 28 0 
5 6 11 25 31 33 0 
8 12 13 14 15 18 21 24 33 0 
3 8 15 17 25 32 33 0 
1 2 9 16 25 27 29 0 
5 13 21 26 33 0 
1 2 4 5 11 14 16 28 29 0 
12 19 22 25 29 31 0 
4 10 20 24 28 29 0 
1 3 6 19 26 28 30 32 0 
1 5 6 7 10 11 13 15 22 27 29 0 
1 11 12 19 25 27 28 0 
1 2 6 7 8 9 13 20 21 0 
5 8 15 20 24 26 28 0 
4 10 11 16 18 20 29 0 
3 14 19 23 0 
2 24 29 33 0 
11 14 15 18 20 24 0 
2 15 19 21 0 
10 15 17 18 19 33 0 
13 14 17 0 
18 19 32 0 
3 4 5 13 15 33 0 
4 6 23 30 0 
2 5 12 16 24 0 
7 8 9 11 15 18 29 0 
10 15 21 26 31 32 0 
2 5 6 20 30 32 33 0 
5 23 27 29 0 
11 13 15 19 20 30 0 
2 3 17 26 30 32 0 
11 12 14 16 17 31 33 0 
2 19 20 24 28 32 0 
3 6 7 15 17 25 29 32 0 
9 13 17 0 
3 5 6 7 11 20 25 26 0 
3 5 7 11 17 23 29 30 32 0 
8 12 19 21 23 27 30 0 
13 15 22 24 0 
2 20 27 30 31 0 
1 5 9 11 12 22 31 0 
6 7 10 24 26 28 32 0 
9 10 11 18 19 21 26 30 31 32 0 
2 3 20 21 23 33 0 
3 8 17 20 25 27 28 0 
1 10 12 14 24 0 
4 27 28 0 
12 13 19 21 30 0 
3 19 23 0 
3 4 7 17 18 19 25 26 27 29 0 
3 10 17 29 32 0 
12 14 24 0 
2 4 13 19 24 27 32 0 
3 4 8 9 13 20 25 27 0 
3 13 22 23 26 32 33 0 
4 5 11 12 13 20 28 33 0 
7 21 30 0 
23 27 0 
4 7 8 12 16 20 24 30 33 0 
8 11 26 27 28 29 30 32 0 
4 5 12 16 19 25 29 30 31 33 0 
3 16 20 30 0 
7 9 11 13 14 18 19 21 23 29 33 0 
5 6 12 14 27 30 0 
2 3 13 16 18 20 25 27 28 29 32 0 
4 11 18 24 28 0 
3 4 6 17 20 22 0 
2 4 18 21 27 0 
16 24 26 28 31 32 0 
2 8 11 29 0 
3 9 16 17 22 24 25 26 31 0 
2 7 14 20 27 0 
10 22 24 26 27 0 
16 18 26 29 31 32 33 0 
1 3 8 11 12 13 16 0 
10 17 21 22 32 0 
-9 -13 -24 -26 -28 -30 0 
-1 -3 -12 -14 -18 -23 -32 0 
-8 -15 -16 -33 0 
-2 -4 -8 -12 -23 -28 0 
-5 -12 -22 -26 -27 -28 0 
-4 -9 -21 -23 -24 -25 -31 0 
-3 -15 -21 -25 -28 0 
-13 -16 -25 -27 -28 -32 0 
-1 -4 -17 -20 -24 -29 -30 -32 0 
-6 -8 -10 -11 -23 -30 -31 0 
-1 -5 -21 -23 -24 -28 -30 0 
-1 -10 -16 -18 -23 -25 -33 0 
-3 -6 -7 -15 -21 -22 0 
-2 -5 -9 -16 -21 -27 -31 -33 0 
-5 -12 -13 -14 -15 -21 -29 -33 0 
-10 -13 -16 -23 -25 0 
-5 -10 -12 -13 -23 -27 0 
-5 -14 -15 -24 -25 0 
-2 -12 -14 -16 -22 -23 0 
-1 -2 -3 -11 -16 -23 -25 0 
-5 -8 -15 -23 0 
-4 -6 -25 -27 -30 -33 0 
-4 -11 -12 -15 -17 0 
-1 -4 -11 -21 -31 0 
-5 -6 -19 0 
-2 -8 -9 -12 -17 -19 -20 -27 -28 -31 -32 0 
-8 -11 -16 -23 -24 -33 0 
-3 -12 -15 -17 -18 -21 -22 -24 -25 -30 -31 0 
-8 -14 -22 -24 -26 -27 -32 -33 0 
-5 -10 -11 -15 -28 -33 0 
-6 -11 -13 -28 -33 0 
-14 -28 -29 0 
-4 -8 -20 -22 -30 0 
-3 -12 -22 -23 -30 0 
-7 -14 -21 -24 -27 0 
-9 -28 0 
-3 -6 -11 -12 -21 -23 -27 -29 -30 -33 0 
-10 -21 -28 0 
-3 -22 -25 0 
-6 -8 -25 -26 -31 0 
-7 -12 -15 -18 -25 -27 -31 0 
-5 -10 -13 -15 -25 -28 -31 0 
-1 -5 -22 -26 -31 -32 0 
-6 -14 -15 -22 -29 -30 0 
-5 -13 -18 -22 0 
-1 -4 -5 -9 -11 -15 -17 -30 -32 0 
-11 -19 -28 -30 0 
-13 -18 -28 -30 0 
-5 -9 -15 -16 -20 -21 -27 -31 0 
-1 -3 -6 -23 -24 -25 -26 0 
-3 -6 -10 -13 -16 -17 -20 -23 -25 -31 0 
-3 -6 -17 -24 -25 -28 0 
-7 -13 -15 -21 -23 -26 -27 0 
-12 -14 -25 -27 0 
-1 -4 -12 -13 -28 -31 -33 0 
-9 -13 -24 -31 0 
-2 -13 -16 -25 -32 0 
-2 -11 -12 -13 -24 -27 0 
-2 -6 -9 -10 -11 -21 -23 0 
-7 -15 -18 -24 -25 -30 -31 0 
-5 -7 -11 -12 -15 -17 -20 -24 -29 -30 0 
-3 -4 -10 -16 -17 -18 -23 -28 0 
-6 -9 -17 -21 -23 -24 -30 -33 0 
-4 -8 -9 -12 -17 -24 -25 -26 -28 -30 -33 0 
-3 -5 -27 -29 0 
-6 -10 -11 -14 -16 -17 -19 -23 -29 0 
-6 -8 -10 -12 -13 -20 -25 -26 -31 -33 0 
-2 -10 -16 -18 -20 -25 0 
-6 -9 -12 -22 -24 0 
-7 -11 -22 -26 -31 -33 0 
-3 -5 -7 -12 -22 -33 0 
-2 -11 -22 -25 0 
-4 -6 -22 -28 -32 0 
-1 -2 -4 -7 -9 -13 -15 -17 -18 -30 -31 -32 0 
-19 -25 0 
-3 -8 -9 -11 -14 -23 -26 -28 -29 -31 0 
-4 -8 -17 -19 -26 0 
-1 -6 -26 -31 0 
-5 -6 -20 -27 -28 0 
-7 -10 -13 -15 -17 -22 0 
-1 -3 -4 -6 -10 -18 0 
-2 -8 -10 -26 -30 0 
-7 -17 -21 -30 -32 -33 0 
-7 -10 -19 -21 -27 0 
-2 -3 -12 -23 -24 -27 -31 -32 0 
-15 -18 -19 -21 -29 -32 0 
-1 -3 -8 -16 -19 -26 0 
-10 -12 -15 -17 -19 -22 0 
-1 -6 -8 -13 -14 -31 0 
-11 -24 -26 -27 -28 -30 0 
-1 -7 -16 -18 -21 -22 -23 -25 -26 -29 0 
-3 -7 -15 -27 -31 -33 0 
-2 -12 -15 -16 -28 -29 -32 0 
-5 -10 -11 -18 -20 -23 -27 -28 -32 -33 0 
-7 -11 -15 -20 -21 -25 -30 0 
-8 -9 -17 -19 -21 -23 -30 0 
-5 -6 -14 -19 -32 0 
-6 -11 -16 -17 -29 0 
-2 -4 -12 -13 -32 -33 0 
-10 -14 -23 -28 -29 -32 -33 0 
-1 -3 -4 -8 -11 -20 -31 -32 0 
-3 -5 -9 -16 -22 -23 -26 -28 0 
-1 -4 -10 -12 -21 -27 0 
-4 -12 -16 -20 -33 0 
-6 -8 -26 0 
-2 -9 -26 -28 -29 0 
-8 -10 -13 -14 -23 -32 0 
-5 -17 -20 -24 -29 0 
-18 -19 -20 -26 -27 -32 -33 0 
-2 -5 -8 -9 -11 -26 -30 -31 0 
-1 -6 -9 -14 -20 -28 0 
-12 -19 0 
-5 -6 -15 -28 -33 0 
-2 -6 -10 -23 -25 -29 -31 0 
-9 -10 -14 -18 -19 -29 0 
-9 -10 -17 -28 0 
-1 -13 -20 -23 -24 -31 0 
-5 -8 -18 -26 0 
-6 -15 -30 0 
-8 -11 -16 -21 -22 -30 -32 0 
-8 -16 -19 -23 -29 -32 0 
-4 -26 -29 -31 -33 0 
-3 -4 -5 -6 -21 -24 0 
-11 -24 -27 -28 -29 -31 0 
-14 -22 -28 -29 0 
-3 -11 -13 -19 -21 -28 -30 0 
-4 -7 -9 -15 -25 0 
-7 -9 -10 -12 -15 -21 -25 -28 -29 -33 0 
-9 -15 -16 -17 -19 -23 0 
-3 -6 -18 -20 -26 -31 0 
-16 -19 -25 -26 -30 -32 0 
-1 -6 -10 -16 -33 0 
-2 -5 -6 -8 -16 -21 -22 -24 -25 0 
-3 -7 -21 -28 -29 0 
-2 -4 -6 -11 -12 -17 -23 -28 -29 -30 -32 0 
-6 -25 -27 0 
-2 -4 -7 -10 -12 -13 -15 -26 -30 -32 0 
-8 -15 -19 -25 -31 0 
-4 -5 -8 -9 -13 -19 -28 0 
-1 -6 -23 -30 -32 0 
-1 -2 -4 -5 -7 -8 -11 -14 -21 -30 0 
-1 -14 -15 -22 -24 -27 -33 0 
-5 -10 -12 -21 -30 0 
-1 -6 -13 -20 -22 -24 0 
-1 -7 -8 -11 -14 -16 -25 -30 0 
-14 -20 -23 0 
-1 -3 -5 -7 -12 -13 -16 -18 -22 -31 0 
-4 -12 -16 -20 -25 -26 -31 -33 0 
-8 -11 -12 -15 -23 -24 -27 0 
-3 -4 -10 -15 -20 -29 -32 0 
-5 -9 -11 -16 -22 -25 -31 0 
-7 -9 -22 0 
-4 -7 -12 -20 -31 0 
-2 -8 -10 -12 -18 -23 -25 -26 0 
-12 -16 -17 -22 -24 0 
-1 -6 -15 -21 -25 -26 -28 -32 -33 0 
-7 -10 -14 -18 -19 -20 -25 -32 0 
-1 -5 -7 -8 -10 -11 -16 -25 0 
-1 -2 -4 -5 -9 -15 -19 -24 -28 -30 0 
-4 -7 -10 -18 -20 -22 -26 0 
-1 -3 -13 -15 0 
-1 -4 -7 -8 -9 0 
-3 -4 -8 -10 -11 -14 -26 -33 0 
-1 -7 -16 -17 -21 -22 -24 -25 -28 0 
-2 -11 -13 -18 -19 -21 -25 -30 -31 0 
-3 -14 -20 -22 -33 0 
-2 -5 -13 -26 -33 0 
-3 -7 -8 -10 -11 -17 -29 0 
-7 -16 -20 -27 0 
-4 -6 -15 -22 -27 -28 0 
-1 -7 -17 -25 -27 0 
-11 -12 -18 -20 -23 -31 0 
-3 -5 -11 -16 -21 -28 -29 -30 -32 0 
-2 -4 -5 -8 -11 -19 -23 -28 0 
-11 -14 -15 -17 -19 -21 -25 0 
-1 -3 -4 -9 -13 -19 -24 0 
-3 -4 -5 -7 -10 -17 -19 -26 -29 -31 0 
-1 -2 -11 -13 -18 -20 -21 -22 -28 -30 0 
-1 -2 -7 -16 -18 0 
-1 -5 -15 -20 -29 -31 -33 0 
-14 -17 -20 -30 0 
-5 -10 -12 -13 -14 -16 -20 -25 0 
-8 -9 -10 -11 -29 0 
-1 -6 -8 -14 -17 -19 0 
-2 -7 -11 -15 -24 -32 0 
-14 -15 -26 0 
-5 -13 -21 -24 -28 -31 -33 0 
-10 -13 -18 0 
-4 -7 -9 -15 -17 -23 -28 0 
-8 -9 -14 -15 -21 -22 -24 -25 -28 -29 -32 0 
-2 -3 -5 -6 -12 -30 0 
-1 -5 -16 -17 -18 -27 -32 -33 0 
-2 -3 -7 -8 -9 -10 -17 -18 -23 -32 0 
-7 -10 -21 -26 -27 -30 0 
-9 -10 -12 -20 -33 0 
-2 -8 -11 -25 -26 -28 -29 0 
-15 -25 0 
-13 -14 -16 -17 -18 -32 0 
-2 -14 -17 -21 -23 -25 -27 0 
-2 -7 -12 -13 -14 -33 0 
-2 -6 -8 -11 -12 -15 -18 -20 -27 -29 -30 0 
-1 -7 -14 -25 -26 -29 0 
-1 -2 -4 -15 -18 -22 -24 0 
-3 -4 -7 -8 -12 -16 -17 -19 -25 -30 0 
-13 -14 -15 -17 -22 -26 0 
-4 -7 -16 -21 -24 0 
-1 -4 -14 -15 -24 0 
-6 -15 -20 -25 -26 -33 0 
-6 -21 -24 -32 0 
-5 -7 -14 -30 -31 0 
-1 -7 -8 -21 -22 -31 -33 0 
-10 -15 -16 -20 0 
-13 -16 -18 -20 -33 0 
-4 -9 -21 -25 -30 0 
-7 -8 -13 -16 -24 -25 0 
-11 -18 -23 -30 0 
-2 -6 -7 -14 -19 -26 -32 -33 0 
-10 -12 -18 -21 -22 -24 -26 -33 0 
-2 -17 -20 -21 -22 -24 -27 -28 0 
-8 -10 -24 -25 -30 0 
-11 -12 -15 -19 -30 -33 0 
-9 -12 -15 -18 -21 -32 0 
-7 -15 -21 -27 -29 0 
-5 -6 -7 -14 -15 -18 -22 -25 0 
-4 -12 -13 -21 -25 -30 0 
-9 -10 -13 -26 0 
-11 -12 -19 -24 -28 -29 0 
-9 -12 -25 -27 -29 0 
-8 -13 -14 -16 -18 -28 -32 0 
-10 -16 -19 -22 -26 -27 0 
-4 -9 -10 -16 -18 -26 -27 -31 -32 0 
-3 -6 -9 -11 -12 -27 -28 0 
-8 -9 -18 -20 -29 -30 -33 0 
-5 -8 -11 -12 -13 -17 -19 -20 -21 -24 -26 -32 0 
-5 -8 -10 -12 -15 -18 -25 -26 -29 0 
-2 -9 -20 -22 -29 0 
-3 -4 -5 -11 -13 -21 -22 0 
-3 -11 -12 -17 -23 -27 -28 0 
-2 -5 -6 -21 -25 -27 -29 -30 0 
-1 -2 -7 -10 -13 -27 -28 -31 -33 0 
-7 -10 -11 -15 -18 -24 0 
-29 -30 -32 -33 0 
-3 -8 -15 -16 -23 -26 -33 0 
-4 -8 -12 -14 -17 -18 -28 -29 -31 0 
-3 -9 -11 -20 -21 -22 -25 -32 -33 0 
-3 -16 -19 -24 -27 -30 -32 -33 0 
-2 -5 -16 -19 -33 0 
-9 -11 -17 -21 -22 -25 -33 0 
-9 -12 -25 -28 0 
-5 -9 -19 -26 -32 0 
-13 -14 -24 -32 0 
-4 -13 -18 -24 -25 -26 -27 -32 0 
-10 -13 -20 -28 -32 0 
-8 -10 -24 -25 -32 0 
-2 -7 -11 -16 -17 -21 -22 -23 -28 0 
-24 -27 -28 0 
-5 -7 -8 -18 -20 -26 -27 -32 -33 0 
-4 -15 -16 -24 -32 0 
-2 -12 -13 -20 -23 -30 0 
-2 -4 -6 -8 -17 0 
-1 -19 -23 -33 0 
-1 -2 -4 -6 -10 -11 -15 -19 -22 -32 0 
-9 -22 -26 -28 0 
-2 -3 -9 -12 -14 -27 -28 0 
-6 -10 -11 -18 -23 -33 0 
-5 -7 -13 -16 -30 0 
-4 -7 -13 -15 -17 -26 -31 0 
-5 -7 -24 -29 -30 0 
-2 -3 -13 -15 -18 -24 -25 0 
-4 -5 -6 -9 -14 -19 -23 -25 -28 0 
-7 -14 -15 -17 -28 0 
-2 -4 -15 -18 -27 -32 -33 0 
-1 -10 -15 -16 -18 -22 0 
-3 -4 -10 -18 -19 -22 -23 -31 -33 0 
-9 -21 -22 -24 -30 -33 0 
-1 -7 -13 -14 -21 -23 -31 0 
-10 -16 -21 -24 -25 -33 0 
-2 -3 -12 -26 -29 -33 0 
-5 -7 -13 -17 -19 -22 -31 -33 0 
-5 -7 -17 -21 -26 -29 -33 0 
-3 -11 -13 -22 -25 -30 -32 0 
-1 -2 -7 -11 -17 -32 0 
-4 -10 -15 -16 -28 0 
-1 -4 -6 -14 -16 -18 0 
-7 -10 -20 -21 -31 0 
-7 -12 -16 -21 -27 -32 0 
-3 -12 -16 -20 -28 0 
-6 -10 -12 -16 -23 -24 -31 0 
-5 -6 -21 -27 -31 -33 0 
-11 -13 -16 -18 0 
-1 -3 -10 -16 -31 -33 0 
-1 -7 -19 -25 -29 -31 0 
-3 -5 -6 -7 -9 -18 -20 -23 -32 -33 0 
-1 -5 -6 -9 -11 -16 -17 -21 -29 -30 -31 0 
-3 -4 -8 -11 -13 -15 -16 -24 -27 0 
-5 -13 -21 -22 -24 -25 -26 0 
-6 -18 -33 0 
-3 -4 -6 -8 -32 0 
-3 -5 -8 -9 -16 -24 -26 -30 0 
-2 -4 -6 -15 -27 0 
-1 -9 -10 -16 -20 -23 -29 0 
-18 -19 0 
-3 -7 -25 -26 -32 0 
-3 -4 -11 -16 -17 -24 -32 0 
-4 -10 -17 -26 -29 -31 -33 0 
-2 -8 -12 -15 -30 -32 0 
-3 -4 -12 -14 -15 -24 -28 0 
-2 -6 -8 -13 -18 -23 -24 -25 -30 0 
-2 -4 -10 -16 -23 -24 -27 -31 0 
-4 -10 -17 -24 -29 -30 0 
-19 -20 0 
-22 -23 -29 -33 0 
-8 -9 -17 -19 -22 -29 -30 0 
-3 -5 -7 -9 -13 -19 -22 -30 0 
-4 -10 -12 -20 -27 -33 0 
-2 -4 -8 -12 -13 -22 -27 -29 0 
-14 -27 -30 -32 0 
-4 -10 -21 -24 -30 -33 0 
-6 -8 -11 -12 -17 -18 -19 -26 0 
-1 -3 -4 -6 -7 -9 -10 -14 -16 0 
-7 -13 -15 -22 -25 0 
-3 -5 -7 -17 -19 -20 -30 0 
-2 -8 -9 -13 -23 -26 -28 -31 -32 0 
-5 -14 -17 -24 -27 -30 0 
-8 -13 -17 -26 -28 0 
-5 -6 -11 -25 -31 -33 0 
-8 -12 -13 -14 -15 -18 -21 -24 -33 0 
-3 -8 -15 -17 -25 -32 -33 0 
-1 -2 -9 -16 -25 -27 -29 0 
-5 -13 -21 -26 -33 0 
-1 -2 -4 -5 -11 -14 -16 -28 -29 0 
-12 -19 -22 -25 -29 -31 0 
-4 -10 -20 -24 -28 -29 0 
-1 -3 -6 -19 -26 -28 -30 -32 0 
-1 -5 -6 -7 -10 -11 -13 -15 -22 -27 -29 0 
-1 -11 -12 -19 -25 -27 -28 0 
-1 -2 -6 -7 -8 -9 -13 -20 -21 0 
-5 -8 -15 -20 -24 -26 -28 0 
-4 -10 -11 -16 -18 -20 -29 0 
-3 -14 -19 -23 0 
-2 -24 -29 -33 0 
-11 -14 -15 -18 -20 -24 0 
-2 -15 -19 -21 0 
-10 -15 -17 -18 -19 -33 0 
-13 -14 -17 0 
-18 -19 -32 0 
-3 -4 -5 -13 -15 -33 0 
-4 -6 -23 -30 0 
-2 -5 -12 -16 -24 0 
-7 -8 -9 -11 -15 -18 -29 0 
-10 -15 -21 -26 -31 -32 0 
-2 -5 -6 -20 -30 -32 -33 0 
-5 -23 -27 -29 0 
-11 -13 -15 -19 -20 -30 0 
-2 -3 -17 -26 -30 -32 0 
-11 -12 -14 -16 -17 -31 -33 0 
-2 -19 -20 -24 -28 -32 0 
-3 -6 -7 -15 -17 -25 -29 -32 0 
-9 -13 -17 0 
-3 -5 -6 -7 -11 -20 -25 -26 0 
-3 -5 -7 -11 -17 -23 -29 -30 -32 0 
-8 -12 -19 -21 -23 -27 -30 0 
-13 -15 -22 -24 0 
-2 -20 -27 -30 -31 0 
-1 -5 -9 -11 -12 -22 -31 0 
-6 -7 -10 -24 -26 -28 -32 0 
-9 -10 -11 -18 -19 -21 -26 -30 -31 -32 0 
-2 -3 -20 -21 -23 -33 0 
-3 -8 -17 -20 -25 -27 -28 0 
-1 -10 -12 -14 -24 0 
-4 -27 -28 0 
-12 -13 -19 -21 -30 0 
-3 -19 -23 0 
-3 -4 -7 -17 -18 -19 -25 -26 -27 -29 0 
-3 -10 -17 -29 -32 0 
-12 -14 -24 0 
-2 -4 -13 -19 -24 -27 -32 0 
-3 -4 -8 -9 -13 -20 -25 -27 0 
-3 -13 -22 -23 -26 -32 -33 0 
-4 -5 -11 -12 -13 -20 -28 -33 0 
-7 -21 -30 0 
-23 -27 0 
-4 -7 -8 -12 -16 -20 -24 -30 -33 0 
-8 -11 -26 -27 -28 -29 -30 -32 0 
-4 -5 -12 -16 -19 -25 -29 -30 -31 -33 0 
-3 -16 -20 -30 0 
-7 -9 -11 -13 -14 -18 -19 -21 -23 -29 -33 0 
-5 -6 -12 -14 -27 -30 0 
-2 -3 -13 -16 -18 -20 -25 -27 -28 -29 -32 0 
-4 -11 -18 -24 -28 0 
-3 -4 -6 -17 -20 -22 0 
-2 -4 -18 -21 -27 0 
-16 -24 -26 -28 -31 -32 0 
-2 -8 -11 -29 0 
-3 -9 -16 -17 -22 -24 -25 -26 -31 0 
-2 -7 -14 -20 -27 0 
-10 -22 -24 -26 -27 0 
-16 -18 -26 -29 -31 -32 -33 0 
-1 -3 -8 -11 -12 -13 -16 0 
-10 -17 -21 -22 -32 0 
