p cnf 33 800
5 7 9 14 21 25 32 0 
2 6 8 16 23 25 30 31 0 
2 7 9 11 13 17 18 20 23 26 29 0 
1 12 14 15 16 22 32 0 
4 9 15 17 0 
1 2 7 10 19 25 27 29 0 
3 17 18 20 21 22 32 0 
1 6 17 18 20 0 
12 13 16 23 27 28 32 0 
15 18 20 25 0 
3 13 15 16 24 26 30 0 
6 10 12 16 26 0 
1 17 19 21 23 32 0 
1 6 11 12 14 19 24 0 
4 5 9 15 26 0 
1 5 10 16 26 0 
7 9 13 17 21 22 26 30 0 
6 8 9 16 28 30 0 
6 7 12 16 20 22 24 27 0 
1 3 5 9 11 19 32 0 
3 7 11 13 14 23 28 0 
3 4 18 19 22 24 28 0 
2 6 9 11 17 21 33 0 
6 17 18 28 31 0 
14 16 28 29 31 33 0 
2 5 18 33 0 
7 26 27 28 32 0 
10 11 12 14 25 26 0 
3 4 5 6 15 19 26 0 
2 5 6 13 19 21 22 27 29 33 0 
1 11 12 21 28 29 32 0 
9 10 12 13 15 19 32 0 
1 9 18 20 0 
1 7 12 15 20 33 0 
16 20 23 25 26 27 0 
2 11 16 26 28 29 0 
14 17 26 27 0 
1 5 13 15 17 19 26 28 0 
3 6 8 9 13 15 0 
5 11 15 18 20 23 29 32 0 
10 18 19 22 28 29 30 0 
12 13 22 26 27 0 
4 14 24 0 
4 8 14 15 16 21 24 31 0 
14 24 27 28 0 
6 9 15 24 27 28 0 
27 28 0 
2 3 8 13 18 29 0 
1 5 16 20 21 25 26 0 
4 6 13 18 23 25 32 0 
5 6 7 8 15 25 28 32 0 
2 6 8 9 10 18 30 0 
1 2 5 11 22 0 
1 16 20 25 28 29 0 
12 13 17 24 28 30 32 0 
11 12 16 18 20 26 0 
1 7 21 27 28 31 32 0 
3 16 27 32 0 
9 11 13 16 18 29 30 0 
13 18 20 23 30 31 0 
1 3 4 10 14 18 28 29 32 0 
8 11 16 23 30 31 0 
4 7 11 15 18 20 24 0 
1 4 7 11 21 23 26 0 
1 3 12 13 0 
4 11 12 13 17 18 22 29 0 
5 6 7 10 22 23 25 0 
7 10 17 25 32 0 
1 11 13 19 20 23 24 33 0 
10 11 16 22 23 24 26 28 0 
6 9 11 19 24 32 0 
3 12 16 18 0 
1 2 3 9 12 13 18 29 33 0 
8 11 12 21 24 27 30 32 0 
14 16 19 24 29 0 
6 8 11 17 20 27 33 0 
2 4 24 25 33 0 
2 7 12 16 19 26 27 33 0 
12 14 15 21 25 32 0 
2 13 16 19 24 31 0 
1 8 15 16 19 24 27 32 0 
1 11 20 25 31 0 
10 16 17 20 28 30 31 33 0 
1 7 14 27 0 
1 8 11 17 0 
2 3 5 6 7 8 12 21 0 
5 8 9 12 20 0 
11 13 18 30 0 
1 2 4 11 15 16 23 24 29 32 0 
3 7 16 0 
12 14 15 24 31 0 
1 5 8 17 19 20 23 28 0 
6 14 15 18 21 29 32 0 
1 7 22 25 27 0 
5 7 14 17 19 27 28 0 
1 12 15 24 26 0 
1 4 7 10 16 17 21 28 32 0 
1 2 3 18 21 29 30 0 
4 7 11 13 25 28 0 
6 26 28 32 33 0 
7 9 15 21 24 26 28 0 
11 14 15 24 31 33 0 
7 15 33 0 
9 11 16 17 19 20 24 25 30 0 
2 5 10 17 27 28 30 33 0 
1 7 15 16 22 0 
2 5 13 18 19 20 0 
5 6 7 10 14 20 22 24 25 32 0 
11 14 17 19 30 33 0 
1 6 7 13 18 23 24 25 28 32 0 
4 15 20 28 29 0 
1 15 19 21 22 33 0 
1 6 8 11 14 15 17 19 33 0 
2 16 17 22 28 29 32 33 0 
4 5 10 11 19 27 28 0 
7 9 14 17 21 23 0 
10 14 17 18 21 32 0 
3 13 18 20 24 0 
5 14 23 26 28 32 0 
4 5 7 12 16 18 22 30 0 
3 21 23 25 0 
3 6 15 20 22 24 0 
11 19 24 26 30 32 0 
2 3 5 6 16 17 22 25 0 
13 14 15 20 23 28 30 33 0 
8 9 14 19 29 31 0 
6 10 11 24 27 28 29 0 
7 12 13 17 30 0 
15 18 22 27 28 30 31 32 0 
13 17 19 22 24 25 32 0 
4 13 15 27 31 33 0 
4 7 15 16 22 26 28 0 
5 15 22 31 0 
2 4 7 8 12 21 26 28 0 
4 8 14 19 23 26 0 
5 6 9 15 20 28 33 0 
1 7 8 12 31 0 
5 30 31 0 
4 6 19 30 0 
5 7 12 19 30 33 0 
3 8 9 22 24 25 0 
1 4 14 19 22 24 26 33 0 
2 3 6 16 19 20 27 28 29 0 
1 4 6 7 9 13 14 16 19 0 
5 18 30 32 33 0 
8 9 12 24 25 29 31 32 0 
3 5 10 15 0 
4 7 9 17 23 24 29 0 
12 13 28 29 30 31 0 
9 11 12 13 14 18 21 22 24 26 31 0 
6 14 16 20 27 0 
2 9 14 17 19 24 27 0 
2 7 14 19 20 22 29 31 0 
6 14 16 21 23 25 0 
6 7 8 14 17 24 25 29 32 0 
11 16 20 21 22 23 24 33 0 
3 10 19 29 33 0 
1 6 29 31 32 33 0 
4 12 13 14 16 17 32 0 
4 5 19 25 33 0 
2 3 4 8 10 14 21 24 25 27 29 32 33 0 
6 8 10 18 21 31 0 
1 3 14 21 25 28 29 0 
1 7 8 10 25 29 30 0 
7 10 18 23 33 0 
2 6 7 10 22 27 0 
1 3 5 8 14 0 
3 6 11 15 24 31 0 
2 11 13 20 21 25 29 0 
1 6 8 13 18 23 0 
2 16 20 25 29 0 
2 11 23 31 0 
10 17 30 32 0 
6 9 20 27 32 0 
6 11 28 31 32 0 
11 17 18 21 0 
7 8 18 23 24 29 0 
5 10 16 18 20 21 31 0 
1 6 9 11 14 15 16 22 27 0 
4 6 7 11 14 17 0 
5 15 20 0 
7 11 16 17 20 28 0 
4 6 13 19 32 0 
6 12 18 20 21 25 0 
3 5 10 11 13 15 17 20 28 32 0 
8 13 23 25 33 0 
6 16 19 24 30 32 0 
1 5 7 24 26 30 0 
4 5 7 9 10 12 15 16 0 
12 18 22 24 27 28 32 0 
2 6 9 11 12 19 23 26 28 32 33 0 
6 7 11 12 17 22 27 28 31 0 
1 2 10 14 23 27 29 0 
6 7 12 20 30 0 
7 10 14 32 33 0 
14 16 18 21 22 0 
2 8 13 24 27 0 
2 5 6 11 17 0 
5 25 26 31 0 
1 4 5 10 19 23 25 26 0 
6 13 15 17 18 31 0 
6 11 15 17 22 27 30 0 
2 7 13 25 0 
5 9 21 26 29 0 
9 11 15 20 21 25 28 32 0 
1 19 21 23 29 0 
8 10 11 16 17 21 22 23 24 0 
6 10 18 30 32 0 
5 15 18 21 23 29 0 
3 33 0 
4 21 24 30 0 
3 16 24 30 0 
3 4 6 20 25 27 29 30 32 0 
7 11 13 23 27 28 29 0 
2 8 9 13 32 0 
5 6 25 32 0 
2 9 21 0 
1 15 16 31 0 
1 6 11 19 24 0 
1 4 16 23 27 30 0 
4 16 18 19 31 0 
2 7 8 9 26 28 29 0 
3 8 11 13 26 28 0 
1 7 13 0 
3 7 20 23 0 
6 20 24 30 0 
23 26 27 0 
3 11 24 26 0 
12 17 19 21 31 0 
8 9 11 17 20 23 0 
1 15 16 23 27 29 0 
1 12 18 22 24 25 0 
6 8 12 16 0 
5 6 13 17 20 21 22 31 33 0 
6 13 18 24 30 33 0 
1 3 8 15 17 23 33 0 
1 3 12 17 21 24 28 0 
3 5 6 11 14 20 28 0 
5 6 13 14 15 16 22 23 25 28 31 32 0 
1 6 9 10 14 16 18 27 30 0 
3 7 10 15 21 23 30 0 
2 4 8 9 11 14 20 33 0 
1 2 3 6 10 15 16 22 26 28 0 
1 7 8 9 10 13 19 20 21 31 0 
1 7 16 21 25 0 
2 6 13 14 17 23 30 0 
1 9 12 13 15 17 20 21 24 27 29 32 0 
14 17 24 25 27 29 0 
10 14 15 16 20 22 27 33 0 
9 18 21 24 29 0 
1 9 15 19 27 0 
3 7 9 12 0 
1 6 11 13 26 0 
1 5 16 20 21 22 24 32 0 
2 3 4 16 28 0 
4 8 17 21 23 27 0 
1 8 10 21 25 29 0 
4 9 15 20 21 24 0 
3 4 5 15 16 31 0 
1 3 18 19 21 28 0 
5 8 11 12 15 17 19 20 0 
12 16 27 29 0 
10 13 16 17 19 23 25 0 
6 7 12 15 18 21 22 25 27 32 0 
14 17 26 29 0 
10 11 22 25 0 
4 7 14 16 21 23 26 0 
3 4 10 14 17 18 28 31 0 
2 5 7 13 18 24 29 33 0 
2 3 5 7 13 20 21 23 28 31 0 
1 7 11 12 21 0 
1 4 8 10 13 24 25 27 0 
2 8 13 14 30 31 0 
1 4 8 9 13 14 17 19 29 30 32 0 
11 16 18 19 20 24 29 33 0 
4 6 16 20 24 26 31 0 
2 9 16 20 25 30 32 0 
3 12 29 0 
10 20 26 27 28 32 0 
10 17 22 25 29 30 0 
1 3 7 21 23 24 27 0 
2 7 15 17 22 29 0 
3 6 13 15 20 22 28 29 0 
11 13 16 21 22 29 0 
2 12 16 29 31 0 
1 13 15 18 23 32 0 
4 7 8 25 27 0 
1 7 8 9 14 17 20 24 25 33 0 
8 10 13 16 19 21 0 
1 6 9 10 21 25 27 33 0 
21 24 26 27 30 31 33 0 
4 12 17 19 23 0 
1 8 10 16 19 26 29 31 0 
12 18 22 32 0 
2 9 12 21 0 
3 5 11 13 15 24 25 31 33 0 
19 23 24 0 
2 15 16 28 29 0 
2 4 9 12 14 22 23 30 0 
4 8 15 16 20 23 27 29 32 33 0 
1 2 10 19 21 23 28 32 0 
5 8 10 12 14 23 25 30 0 
3 4 8 10 18 20 29 30 31 0 
2 7 14 15 16 27 32 0 
4 10 20 29 0 
5 10 12 28 0 
16 21 23 27 30 0 
1 5 10 14 17 22 28 30 32 33 0 
5 6 8 11 30 33 0 
4 12 16 17 18 27 29 33 0 
1 7 11 13 14 25 0 
9 11 30 0 
1 2 23 25 27 29 0 
2 22 23 26 30 0 
2 9 10 11 14 0 
7 10 12 16 17 18 27 31 0 
4 19 21 0 
2 12 21 32 0 
13 20 27 33 0 
10 19 21 29 30 31 0 
1 6 7 8 12 14 19 22 0 
2 5 7 10 15 20 28 0 
5 8 10 20 31 33 0 
5 9 12 17 21 27 0 
2 10 12 16 23 25 0 
4 20 24 0 
1 2 14 18 23 25 32 0 
5 10 11 13 18 21 29 32 0 
1 3 5 14 15 18 19 23 28 29 0 
1 5 11 12 16 20 21 30 33 0 
1 4 12 15 22 26 31 33 0 
3 4 14 21 27 30 0 
2 4 6 11 13 32 0 
1 2 7 24 27 28 0 
8 23 25 27 33 0 
1 7 10 19 24 27 0 
2 5 11 16 22 24 25 26 0 
4 6 9 18 32 33 0 
1 2 8 18 22 23 30 31 0 
5 9 11 13 14 15 17 32 0 
1 6 7 16 18 22 0 
1 5 19 21 25 29 0 
2 6 19 21 25 0 
4 7 17 19 30 31 0 
6 8 12 20 27 28 0 
3 6 8 10 14 33 0 
2 3 4 8 9 18 24 25 30 0 
9 28 29 31 33 0 
1 4 8 12 14 16 25 32 33 0 
7 8 14 18 31 0 
5 7 16 29 31 0 
2 5 7 12 22 23 27 29 0 
3 9 18 19 22 31 0 
9 11 16 19 21 28 30 32 0 
2 12 16 20 24 29 30 32 0 
2 9 16 19 24 31 33 0 
3 17 23 27 31 32 0 
11 17 19 26 28 29 32 33 0 
2 7 8 14 15 33 0 
3 4 12 19 29 0 
1 2 8 9 10 11 20 22 29 30 32 0 
4 5 7 16 18 22 27 30 0 
3 4 21 25 26 0 
1 14 20 21 25 0 
5 19 21 22 25 32 0 
1 5 10 13 17 22 23 24 0 
9 11 13 17 0 
1 3 16 19 20 29 0 
2 3 7 10 15 17 21 26 32 0 
4 7 9 10 15 16 17 18 19 29 0 
1 2 3 5 9 25 30 0 
5 15 16 25 32 0 
2 5 10 16 25 32 33 0 
21 24 29 0 
9 20 22 23 24 26 32 0 
3 6 10 13 15 22 25 26 0 
1 16 18 22 26 31 0 
1 4 8 22 0 
5 9 12 14 17 22 23 29 31 32 0 
5 19 21 27 28 33 0 
6 8 11 14 0 
6 8 13 19 22 33 0 
3 8 10 12 18 19 21 0 
2 4 5 9 13 18 19 32 0 
15 16 27 32 33 0 
1 4 5 15 18 22 25 0 
1 2 4 13 17 18 23 24 29 33 0 
4 14 22 0 
10 15 26 28 0 
3 14 17 19 21 23 30 31 32 0 
8 18 25 30 0 
2 14 15 20 22 33 0 
3 6 8 9 15 17 18 25 0 
2 10 20 21 25 0 
8 13 17 29 0 
6 18 19 21 32 0 
1 6 15 18 25 0 
2 6 8 12 14 16 20 28 0 
8 22 23 24 27 29 0 
12 21 24 25 28 33 0 
-5 -7 -9 -14 -21 -25 -32 0 
-2 -6 -8 -16 -23 -25 -30 -31 0 
-2 -7 -9 -11 -13 -17 -18 -20 -23 -26 -29 0 
-1 -12 -14 -15 -16 -22 -32 0 
-4 -9 -15 -17 0 
-1 -2 -7 -10 -19 -25 -27 -29 0 
-3 -17 -18 -20 -21 -22 -32 0 
-1 -6 -17 -18 -20 0 
-12 -13 -16 -23 -27 -28 -32 0 
-15 -18 -20 -25 0 
-3 -13 -15 -16 -24 -26 -30 0 
-6 -10 -12 -16 -26 0 
-1 -17 -19 -21 -23 -32 0 
-1 -6 -11 -12 -14 -19 -24 0 
-4 -5 -9 -15 -26 0 
-1 -5 -10 -16 -26 0 
-7 -9 -13 -17 -21 -22 -26 -30 0 
-6 -8 -9 -16 -28 -30 0 
-6 -7 -12 -16 -20 -22 -24 -27 0 
-1 -3 -5 -9 -11 -19 -32 0 
-3 -7 -11 -13 -14 -23 -28 0 
-3 -4 -18 -19 -22 -24 -28 0 
-2 -6 -9 -11 -17 -21 -33 0 
-6 -17 -18 -28 -31 0 
-14 -16 -28 -29 -31 -33 0 
-2 -5 -18 -33 0 
-7 -26 -27 -28 -32 0 
-10 -11 -12 -14 -25 -26 0 
-3 -4 -5 -6 -15 -19 -26 0 
-2 -5 -6 -13 -19 -21 -22 -27 -29 -33 0 
-1 -11 -12 -21 -28 -29 -32 0 
-9 -10 -12 -13 -15 -19 -32 0 
-1 -9 -18 -20 0 
-1 -7 -12 -15 -20 -33 0 
-16 -20 -23 -25 -26 -27 0 
-2 -11 -16 -26 -28 -29 0 
-14 -17 -26 -27 0 
-1 -5 -13 -15 -17 -19 -26 -28 0 
-3 -6 -8 -9 -13 -15 0 
-5 -11 -15 -18 -20 -23 -29 -32 0 
-10 -18 -19 -22 -28 -29 -30 0 
-12 -13 -22 -26 -27 0 
-4 -14 -24 0 
-4 -8 -14 -15 -16 -21 -24 -31 0 
-14 -24 -27 -28 0 
-6 -9 -15 -24 -27 -28 0 
-27 -28 0 
-2 -3 -8 -13 -18 -29 0 
-1 -5 -16 -20 -21 -25 -26 0 
-4 -6 -13 -18 -23 -25 -32 0 
-5 -6 -7 -8 -15 -25 -28 -32 0 
-2 -6 -8 -9 -10 -18 -30 0 
-1 -2 -5 -11 -22 0 
-1 -16 -20 -25 -28 -29 0 
-12 -13 -17 -24 -28 -30 -32 0 
-11 -12 -16 -18 -20 -26 0 
-1 -7 -21 -27 -28 -31 -32 0 
-3 -16 -27 -32 0 
-9 -11 -13 -16 -18 -29 -30 0 
-13 -18 -20 -23 -30 -31 0 
-1 -3 -4 -10 -14 -18 -28 -29 -32 0 
-8 -11 -16 -23 -30 -31 0 
-4 -7 -11 -15 -18 -20 -24 0 
-1 -4 -7 -11 -21 -23 -26 0 
-1 -3 -12 -13 0 
-4 -11 -12 -13 -17 -18 -22 -29 0 
-5 -6 -7 -10 -22 -23 -25 0 
-7 -10 -17 -25 -32 0 
-1 -11 -13 -19 -20 -23 -24 -33 0 
-10 -11 -16 -22 -23 -24 -26 -28 0 
-6 -9 -11 -19 -24 -32 0 
-3 -12 -16 -18 0 
-1 -2 -3 -9 -12 -13 -18 -29 -33 0 
-8 -11 -12 -21 -24 -27 -30 -32 0 
-14 -16 -19 -24 -29 0 
-6 -8 -11 -17 -20 -27 -33 0 
-2 -4 -24 -25 -33 0 
-2 -7 -12 -16 -19 -26 -27 -33 0 
-12 -14 -15 -21 -25 -32 0 
-2 -13 -16 -19 -24 -31 0 
-1 -8 -15 -16 -19 -24 -27 -32 0 
-1 -11 -20 -25 -31 0 
-10 -16 -17 -20 -28 -30 -31 -33 0 
-1 -7 -14 -27 0 
-1 -8 -11 -17 0 
-2 -3 -5 -6 -7 -8 -12 -21 0 
-5 -8 -9 -12 -20 0 
-11 -13 -18 -30 0 
-1 -2 -4 -11 -15 -16 -23 -24 -29 -32 0 
-3 -7 -16 0 
-12 -14 -15 -24 -31 0 
-1 -5 -8 -17 -19 -20 -23 -28 0 
-6 -14 -15 -18 -21 -29 -32 0 
-1 -7 -22 -25 -27 0 
-5 -7 -14 -17 -19 -27 -28 0 
-1 -12 -15 -24 -26 0 
-1 -4 -7 -10 -16 -17 -21 -28 -32 0 
-1 -2 -3 -18 -21 -29 -30 0 
-4 -7 -11 -13 -25 -28 0 
-6 -26 -28 -32 -33 0 
-7 -9 -15 -21 -24 -26 -28 0 
-11 -14 -15 -24 -31 -33 0 
-7 -15 -33 0 
-9 -11 -16 -17 -19 -20 -24 -25 -30 0 
-2 -5 -10 -17 -27 -28 -30 -33 0 
-1 -7 -15 -16 -22 0 
-2 -5 -13 -18 -19 -20 0 
-5 -6 -7 -10 -14 -20 -22 -24 -25 -32 0 
-11 -14 -17 -19 -30 -33 0 
-1 -6 -7 -13 -18 -23 -24 -25 -28 -32 0 
-4 -15 -20 -28 -29 0 
-1 -15 -19 -21 -22 -33 0 
-1 -6 -8 -11 -14 -15 -17 -19 -33 0 
-2 -16 -17 -22 -28 -29 -32 -33 0 
-4 -5 -10 -11 -19 -27 -28 0 
-7 -9 -14 -17 -21 -23 0 
-10 -14 -17 -18 -21 -32 0 
-3 -13 -18 -20 -24 0 
-5 -14 -23 -26 -28 -32 0 
-4 -5 -7 -12 -16 -18 -22 -30 0 
-3 -21 -23 -25 0 
-3 -6 -15 -20 -22 -24 0 
-11 -19 -24 -26 -30 -32 0 
-2 -3 -5 -6 -16 -17 -22 -25 0 
-13 -14 -15 -20 -23 -28 -30 -33 0 
-8 -9 -14 -19 -29 -31 0 
-6 -10 -11 -24 -27 -28 -29 0 
-7 -12 -13 -17 -30 0 
-15 -18 -22 -27 -28 -30 -31 -32 0 
-13 -17 -19 -22 -24 -25 -32 0 
-4 -13 -15 -27 -31 -33 0 
-4 -7 -15 -16 -22 -26 -28 0 
-5 -15 -22 -31 0 
-2 -4 -7 -8 -12 -21 -26 -28 0 
-4 -8 -14 -19 -23 -26 0 
-5 -6 -9 -15 -20 -28 -33 0 
-1 -7 -8 -12 -31 0 
-5 -30 -31 0 
-4 -6 -19 -30 0 
-5 -7 -12 -19 -30 -33 0 
-3 -8 -9 -22 -24 -25 0 
-1 -4 -14 -19 -22 -24 -26 -33 0 
-2 -3 -6 -16 -19 -20 -27 -28 -29 0 
-1 -4 -6 -7 -9 -13 -14 -16 -19 0 
-5 -18 -30 -32 -33 0 
-8 -9 -12 -24 -25 -29 -31 -32 0 
-3 -5 -10 -15 0 
-4 -7 -9 -17 -23 -24 -29 0 
-12 -13 -28 -29 -30 -31 0 
-9 -11 -12 -13 -14 -18 -21 -22 -24 -26 -31 0 
-6 -14 -16 -20 -27 0 
-2 -9 -14 -17 -19 -24 -27 0 
-2 -7 -14 -19 -20 -22 -29 -31 0 
-6 -14 -16 -21 -23 -25 0 
-6 -7 -8 -14 -17 -24 -25 -29 -32 0 
-11 -16 -20 -21 -22 -23 -24 -33 0 
-3 -10 -19 -29 -33 0 
-1 -6 -29 -31 -32 -33 0 
-4 -12 -13 -14 -16 -17 -32 0 
-4 -5 -19 -25 -33 0 
-2 -3 -4 -8 -10 -14 -21 -24 -25 -27 -29 -32 -33 0 
-6 -8 -10 -18 -21 -31 0 
-1 -3 -14 -21 -25 -28 -29 0 
-1 -7 -8 -10 -25 -29 -30 0 
-7 -10 -18 -23 -33 0 
-2 -6 -7 -10 -22 -27 0 
-1 -3 -5 -8 -14 0 
-3 -6 -11 -15 -24 -31 0 
-2 -11 -13 -20 -21 -25 -29 0 
-1 -6 -8 -13 -18 -23 0 
-2 -16 -20 -25 -29 0 
-2 -11 -23 -31 0 
-10 -17 -30 -32 0 
-6 -9 -20 -27 -32 0 
-6 -11 -28 -31 -32 0 
-11 -17 -18 -21 0 
-7 -8 -18 -23 -24 -29 0 
-5 -10 -16 -18 -20 -21 -31 0 
-1 -6 -9 -11 -14 -15 -16 -22 -27 0 
-4 -6 -7 -11 -14 -17 0 
-5 -15 -20 0 
-7 -11 -16 -17 -20 -28 0 
-4 -6 -13 -19 -32 0 
-6 -12 -18 -20 -21 -25 0 
-3 -5 -10 -11 -13 -15 -17 -20 -28 -32 0 
-8 -13 -23 -25 -33 0 
-6 -16 -19 -24 -30 -32 0 
-1 -5 -7 -24 -26 -30 0 
-4 -5 -7 -9 -10 -12 -15 -16 0 
-12 -18 -22 -24 -27 -28 -32 0 
-2 -6 -9 -11 -12 -19 -23 -26 -28 -32 -33 0 
-6 -7 -11 -12 -17 -22 -27 -28 -31 0 
-1 -2 -10 -14 -23 -27 -29 0 
-6 -7 -12 -20 -30 0 
-7 -10 -14 -32 -33 0 
-14 -16 -18 -21 -22 0 
-2 -8 -13 -24 -27 0 
-2 -5 -6 -11 -17 0 
-5 -25 -26 -31 0 
-1 -4 -5 -10 -19 -23 -25 -26 0 
-6 -13 -15 -17 -18 -31 0 
-6 -11 -15 -17 -22 -27 -30 0 
-2 -7 -13 -25 0 
-5 -9 -21 -26 -29 0 
-9 -11 -15 -20 -21 -25 -28 -32 0 
-1 -19 -21 -23 -29 0 
-8 -10 -11 -16 -17 -21 -22 -23 -24 0 
-6 -10 -18 -30 -32 0 
-5 -15 -18 -21 -23 -29 0 
-3 -33 0 
-4 -21 -24 -30 0 
-3 -16 -24 -30 0 
-3 -4 -6 -20 -25 -27 -29 -30 -32 0 
-7 -11 -13 -23 -27 -28 -29 0 
-2 -8 -9 -13 -32 0 
-5 -6 -25 -32 0 
-2 -9 -21 0 
-1 -15 -16 -31 0 
-1 -6 -11 -19 -24 0 
-1 -4 -16 -23 -27 -30 0 
-4 -16 -18 -19 -31 0 
-2 -7 -8 -9 -26 -28 -29 0 
-3 -8 -11 -13 -26 -28 0 
-1 -7 -13 0 
-3 -7 -20 -23 0 
-6 -20 -24 -30 0 
-23 -26 -27 0 
-3 -11 -24 -26 0 
-12 -17 -19 -21 -31 0 
-8 -9 -11 -17 -20 -23 0 
-1 -15 -16 -23 -27 -29 0 
-1 -12 -18 -22 -24 -25 0 
-6 -8 -12 -16 0 
-5 -6 -13 -17 -20 -21 -22 -31 -33 0 
-6 -13 -18 -24 -30 -33 0 
-1 -3 -8 -15 -17 -23 -33 0 
-1 -3 -12 -17 -21 -24 -28 0 
-3 -5 -6 -11 -14 -20 -28 0 
-5 -6 -13 -14 -15 -16 -22 -23 -25 -28 -31 -32 0 
-1 -6 -9 -10 -14 -16 -18 -27 -30 0 
-3 -7 -10 -15 -21 -23 -30 0 
-2 -4 -8 -9 -11 -14 -20 -33 0 
-1 -2 -3 -6 -10 -15 -16 -22 -26 -28 0 
-1 -7 -8 -9 -10 -13 -19 -20 -21 -31 0 
-1 -7 -16 -21 -25 0 
-2 -6 -13 -14 -17 -23 -30 0 
-1 -9 -12 -13 -15 -17 -20 -21 -24 -27 -29 -32 0 
-14 -17 -24 -25 -27 -29 0 
-10 -14 -15 -16 -20 -22 -27 -33 0 
-9 -18 -21 -24 -29 0 
-1 -9 -15 -19 -27 0 
-3 -7 -9 -12 0 
-1 -6 -11 -13 -26 0 
-1 -5 -16 -20 -21 -22 -24 -32 0 
-2 -3 -4 -16 -28 0 
-4 -8 -17 -21 -23 -27 0 
-1 -8 -10 -21 -25 -29 0 
-4 -9 -15 -20 -21 -24 0 
-3 -4 -5 -15 -16 -31 0 
-1 -3 -18 -19 -21 -28 0 
-5 -8 -11 -12 -15 -17 -19 -20 0 
-12 -16 -27 -29 0 
-10 -13 -16 -17 -19 -23 -25 0 
-6 -7 -12 -15 -18 -21 -22 -25 -27 -32 0 
-14 -17 -26 -29 0 
-10 -11 -22 -25 0 
-4 -7 -14 -16 -21 -23 -26 0 
-3 -4 -10 -14 -17 -18 -28 -31 0 
-2 -5 -7 -13 -18 -24 -29 -33 0 
-2 -3 -5 -7 -13 -20 -21 -23 -28 -31 0 
-1 -7 -11 -12 -21 0 
-1 -4 -8 -10 -13 -24 -25 -27 0 
-2 -8 -13 -14 -30 -31 0 
-1 -4 -8 -9 -13 -14 -17 -19 -29 -30 -32 0 
-11 -16 -18 -19 -20 -24 -29 -33 0 
-4 -6 -16 -20 -24 -26 -31 0 
-2 -9 -16 -20 -25 -30 -32 0 
-3 -12 -29 0 
-10 -20 -26 -27 -28 -32 0 
-10 -17 -22 -25 -29 -30 0 
-1 -3 -7 -21 -23 -24 -27 0 
-2 -7 -15 -17 -22 -29 0 
-3 -6 -13 -15 -20 -22 -28 -29 0 
-11 -13 -16 -21 -22 -29 0 
-2 -12 -16 -29 -31 0 
-1 -13 -15 -18 -23 -32 0 
-4 -7 -8 -25 -27 0 
-1 -7 -8 -9 -14 -17 -20 -24 -25 -33 0 
-8 -10 -13 -16 -19 -21 0 
-1 -6 -9 -10 -21 -25 -27 -33 0 
-21 -24 -26 -27 -30 -31 -33 0 
-4 -12 -17 -19 -23 0 
-1 -8 -10 -16 -19 -26 -29 -31 0 
-12 -18 -22 -32 0 
-2 -9 -12 -21 0 
-3 -5 -11 -13 -15 -24 -25 -31 -33 0 
-19 -23 -24 0 
-2 -15 -16 -28 -29 0 
-2 -4 -9 -12 -14 -22 -23 -30 0 
-4 -8 -15 -16 -20 -23 -27 -29 -32 -33 0 
-1 -2 -10 -19 -21 -23 -28 -32 0 
-5 -8 -10 -12 -14 -23 -25 -30 0 
-3 -4 -8 -10 -18 -20 -29 -30 -31 0 
-2 -7 -14 -15 -16 -27 -32 0 
-4 -10 -20 -29 0 
-5 -10 -12 -28 0 
-16 -21 -23 -27 -30 0 
-1 -5 -10 -14 -17 -22 -28 -30 -32 -33 0 
-5 -6 -8 -11 -30 -33 0 
-4 -12 -16 -17 -18 -27 -29 -33 0 
-1 -7 -11 -13 -14 -25 0 
-9 -11 -30 0 
-1 -2 -23 -25 -27 -29 0 
-2 -22 -23 -26 -30 0 
-2 -9 -10 -11 -14 0 
-7 -10 -12 -16 -17 -18 -27 -31 0 
-4 -19 -21 0 
-2 -12 -21 -32 0 
-13 -20 -27 -33 0 
-10 -19 -21 -29 -30 -31 0 
-1 -6 -7 -8 -12 -14 -19 -22 0 
-2 -5 -7 -10 -15 -20 -28 0 
-5 -8 -10 -20 -31 -33 0 
-5 -9 -12 -17 -21 -27 0 
-2 -10 -12 -16 -23 -25 0 
-4 -20 -24 0 
-1 -2 -14 -18 -23 -25 -32 0 
-5 -10 -11 -13 -18 -21 -29 -32 0 
-1 -3 -5 -14 -15 -18 -19 -23 -28 -29 0 
-1 -5 -11 -12 -16 -20 -21 -30 -33 0 
-1 -4 -12 -15 -22 -26 -31 -33 0 
-3 -4 -14 -21 -27 -30 0 
-2 -4 -6 -11 -13 -32 0 
-1 -2 -7 -24 -27 -28 0 
-8 -23 -25 -27 -33 0 
-1 -7 -10 -19 -24 -27 0 
-2 -5 -11 -16 -22 -24 -25 -26 0 
-4 -6 -9 -18 -32 -33 0 
-1 -2 -8 -18 -22 -23 -30 -31 0 
-5 -9 -11 -13 -14 -15 -17 -32 0 
-1 -6 -7 -16 -18 -22 0 
-1 -5 -19 -21 -25 -29 0 
-2 -6 -19 -21 -25 0 
-4 -7 -17 -19 -30 -31 0 
-6 -8 -12 -20 -27 -28 0 
-3 -6 -8 -10 -14 -33 0 
-2 -3 -4 -8 -9 -18 -24 -25 -30 0 
-9 -28 -29 -31 -33 0 
-1 -4 -8 -12 -14 -16 -25 -32 -33 0 
-7 -8 -14 -18 -31 0 
-5 -7 -16 -29 -31 0 
-2 -5 -7 -12 -22 -23 -27 -29 0 
-3 -9 -18 -19 -22 -31 0 
-9 -11 -16 -19 -21 -28 -30 -32 0 
-2 -12 -16 -20 -24 -29 -30 -32 0 
-2 -9 -16 -19 -24 -31 -33 0 
-3 -17 -23 -27 -31 -32 0 
-11 -17 -19 -26 -28 -29 -32 -33 0 
-2 -7 -8 -14 -15 -33 0 
-3 -4 -12 -19 -29 0 
-1 -2 -8 -9 -10 -11 -20 -22 -29 -30 -32 0 
-4 -5 -7 -16 -18 -22 -27 -30 0 
-3 -4 -21 -25 -26 0 
-1 -14 -20 -21 -25 0 
-5 -19 -21 -22 -25 -32 0 
-1 -5 -10 -13 -17 -22 -23 -24 0 
-9 -11 -13 -17 0 
-1 -3 -16 -19 -20 -29 0 
-2 -3 -7 -10 -15 -17 -21 -26 -32 0 
-4 -7 -9 -10 -15 -16 -17 -18 -19 -29 0 
-1 -2 -3 -5 -9 -25 -30 0 
-5 -15 -16 -25 -32 0 
-2 -5 -10 -16 -25 -32 -33 0 
-21 -24 -29 0 
-9 -20 -22 -23 -24 -26 -32 0 
-3 -6 -10 -13 -15 -22 -25 -26 0 
-1 -16 -18 -22 -26 -31 0 
-1 -4 -8 -22 0 
-5 -9 -12 -14 -17 -22 -23 -29 -31 -32 0 
-5 -19 -21 -27 -28 -33 0 
-6 -8 -11 -14 0 
-6 -8 -13 -19 -22 -33 0 
-3 -8 -10 -12 -18 -19 -21 0 
-2 -4 -5 -9 -13 -18 -19 -32 0 
-15 -16 -27 -32 -33 0 
-1 -4 -5 -15 -18 -22 -25 0 
-1 -2 -4 -13 -17 -18 -23 -24 -29 -33 0 
-4 -14 -22 0 
-10 -15 -26 -28 0 
-3 -14 -17 -19 -21 -23 -30 -31 -32 0 
-8 -18 -25 -30 0 
-2 -14 -15 -20 -22 -33 0 
-3 -6 -8 -9 -15 -17 -18 -25 0 
-2 -10 -20 -21 -25 0 
-8 -13 -17 -29 0 
-6 -18 -19 -21 -32 0 
-1 -6 -15 -18 -25 0 
-2 -6 -8 -12 -14 -16 -20 -28 0 
-8 -22 -23 -24 -27 -29 0 
-12 -21 -24 -25 -28 -33 0 
