p cnf 33 800
8 13 18 21 23 28 33 0 
8 9 11 12 13 17 30 0 
3 5 13 16 25 27 29 30 31 32 0 
2 8 10 14 24 25 28 0 
5 12 18 23 29 0 
3 7 8 15 0 
12 22 25 30 0 
13 17 24 26 27 0 
2 4 7 10 13 14 17 19 25 28 0 
6 8 13 14 16 0 
4 5 6 9 16 17 27 0 
11 12 14 21 25 27 28 32 0 
3 5 13 28 30 31 0 
3 16 25 26 29 31 33 0 
2 9 10 19 21 23 33 0 
3 4 11 15 16 19 20 24 28 31 0 
6 7 13 15 22 25 0 
2 7 16 23 0 
5 11 12 15 18 19 21 27 0 
14 15 21 23 25 27 33 0 
5 10 13 23 27 0 
8 11 15 18 24 29 30 31 33 0 
1 4 8 14 16 20 22 23 27 29 31 0 
2 4 6 9 12 24 26 30 33 0 
2 16 20 22 29 0 
5 11 25 27 30 32 0 
7 10 16 18 21 32 0 
3 14 18 28 33 0 
2 3 8 10 30 33 0 
1 4 6 17 24 26 29 30 0 
3 4 10 14 21 33 0 
1 2 7 10 11 16 0 
13 17 20 25 26 28 0 
2 3 7 11 13 20 28 32 0 
1 3 5 21 24 27 28 29 0 
2 5 19 33 0 
4 6 11 14 17 18 21 26 27 28 30 31 0 
2 16 17 19 22 25 27 29 30 32 0 
2 4 5 8 11 13 18 0 
7 8 17 20 29 0 
2 4 14 15 20 24 26 31 0 
11 14 22 26 27 28 30 33 0 
8 10 13 15 20 30 0 
5 8 9 17 18 22 31 0 
5 11 12 18 21 24 25 26 29 0 
3 4 5 13 20 23 26 29 33 0 
2 5 6 10 16 18 27 28 31 32 0 
3 4 7 8 9 16 23 24 26 30 0 
6 10 21 24 28 0 
3 4 6 10 14 17 30 33 0 
5 6 8 11 21 30 33 0 
1 7 8 11 15 16 23 24 0 
6 11 15 0 
3 5 8 13 19 20 23 30 0 
2 6 12 13 23 26 29 32 0 
11 13 14 20 24 28 32 0 
17 18 19 21 22 28 31 33 0 
17 18 19 22 30 0 
7 18 26 30 31 0 
1 8 9 12 17 21 33 0 
17 19 20 28 29 31 33 0 
2 4 11 12 14 16 25 31 0 
4 11 17 29 30 0 
7 9 18 19 24 28 31 33 0 
7 8 11 23 28 32 0 
1 2 3 14 17 25 27 28 29 31 33 0 
2 4 15 16 17 27 0 
7 8 14 15 25 26 27 0 
3 10 15 18 23 24 31 0 
2 5 11 12 14 18 0 
4 12 13 14 15 16 19 25 26 29 33 0 
7 28 33 0 
1 18 20 21 29 0 
10 17 22 0 
14 32 33 0 
1 2 3 11 14 16 32 0 
10 19 22 29 32 0 
3 8 9 20 21 26 27 0 
2 7 8 16 17 23 27 30 0 
11 13 17 21 22 23 25 0 
2 10 12 19 23 24 31 0 
5 12 13 22 0 
2 10 17 24 26 28 0 
1 9 13 18 26 28 30 32 33 0 
4 5 13 18 24 29 33 0 
5 10 15 22 0 
1 12 14 16 18 0 
1 2 4 6 7 18 30 0 
2 10 12 17 23 29 0 
4 9 25 0 
12 22 24 33 0 
7 13 19 24 0 
1 13 19 24 28 30 0 
9 10 12 27 30 33 0 
6 20 0 
5 7 14 24 25 26 27 0 
7 9 11 16 17 19 29 31 0 
1 5 6 15 17 30 0 
4 18 28 30 0 
1 2 5 20 31 0 
1 5 7 9 17 18 20 22 30 0 
4 5 6 10 11 13 20 31 33 0 
7 10 11 14 20 22 23 25 27 33 0 
11 14 32 0 
19 22 26 0 
7 9 16 27 31 0 
4 5 12 27 33 0 
2 5 6 10 12 13 14 19 23 25 28 0 
2 10 15 17 18 19 20 21 33 0 
3 7 21 22 27 30 0 
9 18 20 26 27 30 32 0 
5 8 9 11 22 0 
1 8 9 19 24 27 29 0 
3 4 10 13 17 33 0 
9 12 15 26 33 0 
2 8 11 18 30 31 0 
10 14 21 22 29 0 
2 5 7 11 13 15 33 0 
3 4 8 9 12 24 26 29 30 0 
8 9 23 26 28 29 0 
17 24 26 32 0 
5 7 21 27 28 33 0 
8 12 18 19 20 27 31 0 
4 8 9 11 22 23 25 0 
3 4 9 17 22 27 29 33 0 
1 3 5 11 23 25 0 
5 6 7 11 12 17 20 25 31 0 
5 11 14 17 19 30 0 
17 32 0 
4 5 21 24 26 28 31 0 
4 5 8 11 13 18 22 26 0 
1 2 4 6 7 21 0 
5 6 10 13 14 22 0 
6 7 8 18 31 0 
1 5 12 19 27 29 0 
3 6 10 18 20 25 26 0 
1 19 22 25 0 
1 3 10 13 15 29 0 
2 3 4 7 8 16 27 0 
1 4 6 10 15 18 22 0 
6 11 13 15 16 0 
1 24 25 27 0 
13 17 19 20 24 33 0 
1 8 25 27 30 31 33 0 
4 9 14 17 31 33 0 
17 22 23 24 0 
3 5 6 18 30 0 
8 14 16 22 0 
6 26 29 30 32 33 0 
1 3 12 18 20 21 0 
5 7 10 11 16 26 0 
4 5 12 14 15 19 21 27 0 
2 4 8 9 16 22 0 
6 10 12 13 22 24 26 0 
3 7 8 15 16 21 24 27 30 31 0 
1 3 12 13 18 0 
4 11 15 17 24 25 27 0 
2 26 30 32 0 
2 21 27 0 
4 18 29 33 0 
3 14 19 0 
1 8 9 10 22 23 31 0 
6 9 10 13 15 26 0 
5 12 13 18 23 27 32 0 
1 11 17 21 22 23 33 0 
21 24 27 0 
5 9 12 15 17 18 25 26 31 32 0 
3 4 6 15 25 30 0 
9 10 11 15 16 24 27 29 0 
5 7 11 16 26 29 31 0 
6 8 9 10 23 28 30 0 
9 11 14 18 22 29 0 
5 6 9 18 19 22 29 32 0 
3 8 16 24 25 0 
11 18 21 25 31 0 
3 8 12 15 18 28 33 0 
6 7 10 15 22 28 33 0 
11 12 14 16 20 27 31 0 
2 3 5 6 10 0 
4 12 14 19 23 27 30 0 
5 15 27 0 
8 10 11 18 19 0 
3 8 18 21 23 32 0 
1 10 12 14 20 30 0 
2 7 8 10 24 0 
3 7 14 15 16 24 26 27 29 32 0 
4 16 22 26 33 0 
4 7 14 20 22 27 33 0 
5 8 13 19 21 24 25 0 
7 14 20 31 33 0 
14 16 20 22 27 32 33 0 
1 2 13 14 26 29 32 0 
5 6 7 14 28 29 0 
1 11 12 13 14 22 31 32 0 
2 16 19 20 22 0 
2 9 10 13 24 0 
10 18 19 0 
4 9 17 21 23 29 32 0 
27 29 33 0 
2 3 13 15 19 20 32 0 
1 3 11 13 21 29 30 0 
7 10 17 20 23 0 
14 16 20 22 30 0 
9 10 18 22 0 
2 4 5 6 11 15 18 19 29 0 
3 7 12 15 16 18 23 30 32 0 
3 10 28 30 33 0 
1 7 14 16 22 23 25 28 33 0 
1 7 9 24 32 0 
4 6 13 17 21 24 0 
2 6 9 11 15 25 0 
2 11 13 16 22 26 28 31 0 
1 17 18 20 25 0 
5 6 17 20 27 28 0 
18 23 28 0 
5 13 19 22 0 
8 13 25 32 0 
1 4 8 10 11 12 18 19 32 0 
6 9 18 19 22 24 26 30 32 33 0 
1 5 13 17 24 28 0 
12 20 25 26 0 
8 16 19 25 30 0 
12 13 14 15 24 25 26 31 0 
8 16 17 18 19 22 24 25 0 
6 7 26 29 33 0 
7 9 11 12 14 22 26 30 33 0 
3 11 15 19 25 0 
2 5 9 10 11 13 15 22 24 29 33 0 
6 12 13 14 19 23 26 33 0 
1 5 6 15 20 25 29 30 0 
8 10 17 24 25 30 0 
2 5 9 13 15 21 32 0 
4 9 10 12 15 21 0 
10 12 18 20 0 
3 9 15 19 21 22 23 29 0 
2 7 16 20 25 28 31 0 
8 10 13 15 17 20 29 0 
2 9 11 18 19 0 
2 8 11 12 14 22 25 32 33 0 
1 3 4 5 17 23 25 27 33 0 
4 6 7 22 24 26 0 
1 4 11 16 22 23 29 33 0 
1 3 4 14 16 23 0 
2 17 19 21 23 24 26 29 31 33 0 
19 27 29 31 33 0 
3 9 22 23 0 
2 12 15 24 26 28 32 0 
1 9 10 12 25 0 
1 9 12 14 17 18 20 21 27 0 
3 11 14 15 28 32 0 
4 7 11 21 22 27 28 29 0 
1 5 6 9 11 16 19 30 33 0 
7 11 12 14 21 24 30 0 
1 3 5 21 23 31 0 
2 3 5 7 23 28 31 0 
8 15 21 22 0 
1 5 9 19 22 27 29 30 0 
6 15 18 21 32 33 0 
13 19 20 29 32 0 
2 8 12 13 15 16 26 0 
5 6 9 13 18 26 27 30 0 
4 5 27 33 0 
2 11 13 15 18 19 30 0 
5 9 16 22 0 
11 18 21 32 0 
4 5 6 7 25 26 29 30 31 33 0 
4 8 9 19 21 0 
2 13 15 19 25 28 30 0 
8 13 23 27 0 
1 3 5 6 11 15 17 18 20 29 30 0 
6 9 11 18 21 23 24 31 33 0 
1 7 8 17 18 25 26 28 0 
4 9 16 17 18 23 28 0 
3 7 9 17 26 27 32 33 0 
9 13 21 28 0 
5 6 8 9 10 0 
8 9 13 20 21 23 26 33 0 
11 14 19 20 30 32 33 0 
3 4 14 18 27 29 32 33 0 
1 3 4 6 8 11 14 18 22 24 27 30 0 
1 3 13 14 18 20 22 33 0 
3 9 20 23 25 26 29 32 0 
3 5 6 10 16 17 19 26 31 0 
13 16 20 27 0 
11 16 17 20 21 28 30 0 
2 5 12 14 15 16 21 28 0 
4 6 9 14 15 18 19 30 0 
3 12 19 24 27 32 33 0 
15 24 26 28 0 
6 19 30 33 0 
3 6 9 10 15 22 23 28 32 0 
1 3 4 5 6 8 11 27 0 
3 5 7 19 22 30 33 0 
4 7 14 16 22 32 0 
1 4 6 7 11 19 20 25 27 29 0 
20 22 27 30 0 
6 11 16 28 0 
14 17 18 20 21 0 
4 13 15 21 24 26 28 33 0 
2 6 14 23 25 30 32 0 
5 10 16 18 29 0 
9 12 13 18 32 0 
4 21 22 25 33 0 
14 20 29 31 32 0 
1 5 6 13 15 17 25 27 31 0 
3 7 9 12 17 19 27 0 
7 10 23 24 25 26 0 
1 13 16 18 27 0 
20 26 29 33 0 
3 6 7 8 9 14 25 32 0 
10 11 17 24 0 
3 4 11 13 22 26 30 33 0 
6 22 24 0 
1 12 21 27 29 30 0 
10 23 25 26 29 31 0 
12 13 16 25 30 0 
1 5 9 11 16 19 27 0 
8 19 22 23 28 32 0 
6 7 8 9 15 22 23 32 0 
7 17 19 21 28 33 0 
6 8 10 16 18 19 23 24 26 28 0 
15 17 23 0 
1 6 8 10 11 12 17 18 23 30 33 0 
7 10 12 17 18 21 26 0 
4 9 10 20 24 33 0 
9 12 17 19 21 24 30 0 
10 15 16 24 25 31 0 
1 8 17 24 28 30 0 
3 11 19 25 28 29 0 
2 7 12 15 28 32 0 
8 11 25 27 0 
1 10 12 24 33 0 
3 4 6 11 20 0 
1 4 5 15 22 23 26 27 0 
4 9 15 25 27 0 
3 13 14 18 31 32 0 
1 9 13 22 0 
9 10 23 25 26 0 
9 11 18 24 27 31 0 
6 7 8 9 16 24 0 
14 21 27 28 0 
7 8 14 17 23 0 
5 6 7 11 19 33 0 
1 16 20 21 23 29 0 
5 10 11 16 19 20 27 31 0 
15 26 28 29 33 0 
3 4 6 8 12 13 23 28 0 
1 14 17 18 23 26 27 29 30 0 
2 5 11 14 20 26 29 0 
1 3 5 13 20 26 29 31 0 
2 16 18 19 20 30 0 
6 8 12 0 
2 9 10 18 19 22 32 33 0 
4 14 16 20 21 22 25 28 0 
1 10 17 21 24 26 29 33 0 
3 6 12 14 16 27 0 
11 15 19 26 0 
1 3 15 17 19 22 24 30 0 
3 4 10 12 17 27 31 0 
19 21 24 28 30 32 0 
2 15 20 21 0 
11 12 16 18 32 0 
3 10 26 28 31 0 
4 6 9 11 17 21 27 33 0 
2 4 14 15 28 33 0 
11 20 21 0 
5 10 16 17 19 20 23 27 29 0 
2 14 27 32 0 
1 8 19 22 30 0 
13 16 24 29 30 31 0 
5 12 18 21 24 25 27 0 
6 9 14 19 22 29 30 32 0 
16 24 25 29 0 
1 2 8 9 22 30 33 0 
3 7 16 29 0 
12 14 22 25 27 29 31 32 0 
8 9 10 12 14 24 27 0 
1 4 6 14 15 21 30 0 
7 27 0 
8 11 22 25 0 
2 8 13 20 0 
1 7 9 13 23 25 28 29 0 
9 15 27 32 0 
3 12 27 0 
5 6 7 13 17 20 24 25 27 29 31 32 0 
1 3 5 17 20 26 27 29 0 
13 19 22 26 30 33 0 
2 10 18 21 0 
6 7 15 18 25 28 32 33 0 
8 11 12 26 29 0 
1 11 30 0 
4 10 12 13 14 16 20 32 0 
2 15 22 30 33 0 
3 5 8 19 21 22 29 30 0 
2 6 21 22 24 26 29 0 
1 7 9 14 17 20 24 0 
3 6 16 20 26 27 0 
2 13 14 18 24 26 0 
1 4 5 8 10 15 22 0 
4 6 7 10 11 28 0 
-8 -13 -18 -21 -23 -28 -33 0 
-8 -9 -11 -12 -13 -17 -30 0 
-3 -5 -13 -16 -25 -27 -29 -30 -31 -32 0 
-2 -8 -10 -14 -24 -25 -28 0 
-5 -12 -18 -23 -29 0 
-3 -7 -8 -15 0 
-12 -22 -25 -30 0 
-13 -17 -24 -26 -27 0 
-2 -4 -7 -10 -13 -14 -17 -19 -25 -28 0 
-6 -8 -13 -14 -16 0 
-4 -5 -6 -9 -16 -17 -27 0 
-11 -12 -14 -21 -25 -27 -28 -32 0 
-3 -5 -13 -28 -30 -31 0 
-3 -16 -25 -26 -29 -31 -33 0 
-2 -9 -10 -19 -21 -23 -33 0 
-3 -4 -11 -15 -16 -19 -20 -24 -28 -31 0 
-6 -7 -13 -15 -22 -25 0 
-2 -7 -16 -23 0 
-5 -11 -12 -15 -18 -19 -21 -27 0 
-14 -15 -21 -23 -25 -27 -33 0 
-5 -10 -13 -23 -27 0 
-8 -11 -15 -18 -24 -29 -30 -31 -33 0 
-1 -4 -8 -14 -16 -20 -22 -23 -27 -29 -31 0 
-2 -4 -6 -9 -12 -24 -26 -30 -33 0 
-2 -16 -20 -22 -29 0 
-5 -11 -25 -27 -30 -32 0 
-7 -10 -16 -18 -21 -32 0 
-3 -14 -18 -28 -33 0 
-2 -3 -8 -10 -30 -33 0 
-1 -4 -6 -17 -24 -26 -29 -30 0 
-3 -4 -10 -14 -21 -33 0 
-1 -2 -7 -10 -11 -16 0 
-13 -17 -20 -25 -26 -28 0 
-2 -3 -7 -11 -13 -20 -28 -32 0 
-1 -3 -5 -21 -24 -27 -28 -29 0 
-2 -5 -19 -33 0 
-4 -6 -11 -14 -17 -18 -21 -26 -27 -28 -30 -31 0 
-2 -16 -17 -19 -22 -25 -27 -29 -30 -32 0 
-2 -4 -5 -8 -11 -13 -18 0 
-7 -8 -17 -20 -29 0 
-2 -4 -14 -15 -20 -24 -26 -31 0 
-11 -14 -22 -26 -27 -28 -30 -33 0 
-8 -10 -13 -15 -20 -30 0 
-5 -8 -9 -17 -18 -22 -31 0 
-5 -11 -12 -18 -21 -24 -25 -26 -29 0 
-3 -4 -5 -13 -20 -23 -26 -29 -33 0 
-2 -5 -6 -10 -16 -18 -27 -28 -31 -32 0 
-3 -4 -7 -8 -9 -16 -23 -24 -26 -30 0 
-6 -10 -21 -24 -28 0 
-3 -4 -6 -10 -14 -17 -30 -33 0 
-5 -6 -8 -11 -21 -30 -33 0 
-1 -7 -8 -11 -15 -16 -23 -24 0 
-6 -11 -15 0 
-3 -5 -8 -13 -19 -20 -23 -30 0 
-2 -6 -12 -13 -23 -26 -29 -32 0 
-11 -13 -14 -20 -24 -28 -32 0 
-17 -18 -19 -21 -22 -28 -31 -33 0 
-17 -18 -19 -22 -30 0 
-7 -18 -26 -30 -31 0 
-1 -8 -9 -12 -17 -21 -33 0 
-17 -19 -20 -28 -29 -31 -33 0 
-2 -4 -11 -12 -14 -16 -25 -31 0 
-4 -11 -17 -29 -30 0 
-7 -9 -18 -19 -24 -28 -31 -33 0 
-7 -8 -11 -23 -28 -32 0 
-1 -2 -3 -14 -17 -25 -27 -28 -29 -31 -33 0 
-2 -4 -15 -16 -17 -27 0 
-7 -8 -14 -15 -25 -26 -27 0 
-3 -10 -15 -18 -23 -24 -31 0 
-2 -5 -11 -12 -14 -18 0 
-4 -12 -13 -14 -15 -16 -19 -25 -26 -29 -33 0 
-7 -28 -33 0 
-1 -18 -20 -21 -29 0 
-10 -17 -22 0 
-14 -32 -33 0 
-1 -2 -3 -11 -14 -16 -32 0 
-10 -19 -22 -29 -32 0 
-3 -8 -9 -20 -21 -26 -27 0 
-2 -7 -8 -16 -17 -23 -27 -30 0 
-11 -13 -17 -21 -22 -23 -25 0 
-2 -10 -12 -19 -23 -24 -31 0 
-5 -12 -13 -22 0 
-2 -10 -17 -24 -26 -28 0 
-1 -9 -13 -18 -26 -28 -30 -32 -33 0 
-4 -5 -13 -18 -24 -29 -33 0 
-5 -10 -15 -22 0 
-1 -12 -14 -16 -18 0 
-1 -2 -4 -6 -7 -18 -30 0 
-2 -10 -12 -17 -23 -29 0 
-4 -9 -25 0 
-12 -22 -24 -33 0 
-7 -13 -19 -24 0 
-1 -13 -19 -24 -28 -30 0 
-9 -10 -12 -27 -30 -33 0 
-6 -20 0 
-5 -7 -14 -24 -25 -26 -27 0 
-7 -9 -11 -16 -17 -19 -29 -31 0 
-1 -5 -6 -15 -17 -30 0 
-4 -18 -28 -30 0 
-1 -2 -5 -20 -31 0 
-1 -5 -7 -9 -17 -18 -20 -22 -30 0 
-4 -5 -6 -10 -11 -13 -20 -31 -33 0 
-7 -10 -11 -14 -20 -22 -23 -25 -27 -33 0 
-11 -14 -32 0 
-19 -22 -26 0 
-7 -9 -16 -27 -31 0 
-4 -5 -12 -27 -33 0 
-2 -5 -6 -10 -12 -13 -14 -19 -23 -25 -28 0 
-2 -10 -15 -17 -18 -19 -20 -21 -33 0 
-3 -7 -21 -22 -27 -30 0 
-9 -18 -20 -26 -27 -30 -32 0 
-5 -8 -9 -11 -22 0 
-1 -8 -9 -19 -24 -27 -29 0 
-3 -4 -10 -13 -17 -33 0 
-9 -12 -15 -26 -33 0 
-2 -8 -11 -18 -30 -31 0 
-10 -14 -21 -22 -29 0 
-2 -5 -7 -11 -13 -15 -33 0 
-3 -4 -8 -9 -12 -24 -26 -29 -30 0 
-8 -9 -23 -26 -28 -29 0 
-17 -24 -26 -32 0 
-5 -7 -21 -27 -28 -33 0 
-8 -12 -18 -19 -20 -27 -31 0 
-4 -8 -9 -11 -22 -23 -25 0 
-3 -4 -9 -17 -22 -27 -29 -33 0 
-1 -3 -5 -11 -23 -25 0 
-5 -6 -7 -11 -12 -17 -20 -25 -31 0 
-5 -11 -14 -17 -19 -30 0 
-17 -32 0 
-4 -5 -21 -24 -26 -28 -31 0 
-4 -5 -8 -11 -13 -18 -22 -26 0 
-1 -2 -4 -6 -7 -21 0 
-5 -6 -10 -13 -14 -22 0 
-6 -7 -8 -18 -31 0 
-1 -5 -12 -19 -27 -29 0 
-3 -6 -10 -18 -20 -25 -26 0 
-1 -19 -22 -25 0 
-1 -3 -10 -13 -15 -29 0 
-2 -3 -4 -7 -8 -16 -27 0 
-1 -4 -6 -10 -15 -18 -22 0 
-6 -11 -13 -15 -16 0 
-1 -24 -25 -27 0 
-13 -17 -19 -20 -24 -33 0 
-1 -8 -25 -27 -30 -31 -33 0 
-4 -9 -14 -17 -31 -33 0 
-17 -22 -23 -24 0 
-3 -5 -6 -18 -30 0 
-8 -14 -16 -22 0 
-6 -26 -29 -30 -32 -33 0 
-1 -3 -12 -18 -20 -21 0 
-5 -7 -10 -11 -16 -26 0 
-4 -5 -12 -14 -15 -19 -21 -27 0 
-2 -4 -8 -9 -16 -22 0 
-6 -10 -12 -13 -22 -24 -26 0 
-3 -7 -8 -15 -16 -21 -24 -27 -30 -31 0 
-1 -3 -12 -13 -18 0 
-4 -11 -15 -17 -24 -25 -27 0 
-2 -26 -30 -32 0 
-2 -21 -27 0 
-4 -18 -29 -33 0 
-3 -14 -19 0 
-1 -8 -9 -10 -22 -23 -31 0 
-6 -9 -10 -13 -15 -26 0 
-5 -12 -13 -18 -23 -27 -32 0 
-1 -11 -17 -21 -22 -23 -33 0 
-21 -24 -27 0 
-5 -9 -12 -15 -17 -18 -25 -26 -31 -32 0 
-3 -4 -6 -15 -25 -30 0 
-9 -10 -11 -15 -16 -24 -27 -29 0 
-5 -7 -11 -16 -26 -29 -31 0 
-6 -8 -9 -10 -23 -28 -30 0 
-9 -11 -14 -18 -22 -29 0 
-5 -6 -9 -18 -19 -22 -29 -32 0 
-3 -8 -16 -24 -25 0 
-11 -18 -21 -25 -31 0 
-3 -8 -12 -15 -18 -28 -33 0 
-6 -7 -10 -15 -22 -28 -33 0 
-11 -12 -14 -16 -20 -27 -31 0 
-2 -3 -5 -6 -10 0 
-4 -12 -14 -19 -23 -27 -30 0 
-5 -15 -27 0 
-8 -10 -11 -18 -19 0 
-3 -8 -18 -21 -23 -32 0 
-1 -10 -12 -14 -20 -30 0 
-2 -7 -8 -10 -24 0 
-3 -7 -14 -15 -16 -24 -26 -27 -29 -32 0 
-4 -16 -22 -26 -33 0 
-4 -7 -14 -20 -22 -27 -33 0 
-5 -8 -13 -19 -21 -24 -25 0 
-7 -14 -20 -31 -33 0 
-14 -16 -20 -22 -27 -32 -33 0 
-1 -2 -13 -14 -26 -29 -32 0 
-5 -6 -7 -14 -28 -29 0 
-1 -11 -12 -13 -14 -22 -31 -32 0 
-2 -16 -19 -20 -22 0 
-2 -9 -10 -13 -24 0 
-10 -18 -19 0 
-4 -9 -17 -21 -23 -29 -32 0 
-27 -29 -33 0 
-2 -3 -13 -15 -19 -20 -32 0 
-1 -3 -11 -13 -21 -29 -30 0 
-7 -10 -17 -20 -23 0 
-14 -16 -20 -22 -30 0 
-9 -10 -18 -22 0 
-2 -4 -5 -6 -11 -15 -18 -19 -29 0 
-3 -7 -12 -15 -16 -18 -23 -30 -32 0 
-3 -10 -28 -30 -33 0 
-1 -7 -14 -16 -22 -23 -25 -28 -33 0 
-1 -7 -9 -24 -32 0 
-4 -6 -13 -17 -21 -24 0 
-2 -6 -9 -11 -15 -25 0 
-2 -11 -13 -16 -22 -26 -28 -31 0 
-1 -17 -18 -20 -25 0 
-5 -6 -17 -20 -27 -28 0 
-18 -23 -28 0 
-5 -13 -19 -22 0 
-8 -13 -25 -32 0 
-1 -4 -8 -10 -11 -12 -18 -19 -32 0 
-6 -9 -18 -19 -22 -24 -26 -30 -32 -33 0 
-1 -5 -13 -17 -24 -28 0 
-12 -20 -25 -26 0 
-8 -16 -19 -25 -30 0 
-12 -13 -14 -15 -24 -25 -26 -31 0 
-8 -16 -17 -18 -19 -22 -24 -25 0 
-6 -7 -26 -29 -33 0 
-7 -9 -11 -12 -14 -22 -26 -30 -33 0 
-3 -11 -15 -19 -25 0 
-2 -5 -9 -10 -11 -13 -15 -22 -24 -29 -33 0 
-6 -12 -13 -14 -19 -23 -26 -33 0 
-1 -5 -6 -15 -20 -25 -29 -30 0 
-8 -10 -17 -24 -25 -30 0 
-2 -5 -9 -13 -15 -21 -32 0 
-4 -9 -10 -12 -15 -21 0 
-10 -12 -18 -20 0 
-3 -9 -15 -19 -21 -22 -23 -29 0 
-2 -7 -16 -20 -25 -28 -31 0 
-8 -10 -13 -15 -17 -20 -29 0 
-2 -9 -11 -18 -19 0 
-2 -8 -11 -12 -14 -22 -25 -32 -33 0 
-1 -3 -4 -5 -17 -23 -25 -27 -33 0 
-4 -6 -7 -22 -24 -26 0 
-1 -4 -11 -16 -22 -23 -29 -33 0 
-1 -3 -4 -14 -16 -23 0 
-2 -17 -19 -21 -23 -24 -26 -29 -31 -33 0 
-19 -27 -29 -31 -33 0 
-3 -9 -22 -23 0 
-2 -12 -15 -24 -26 -28 -32 0 
-1 -9 -10 -12 -25 0 
-1 -9 -12 -14 -17 -18 -20 -21 -27 0 
-3 -11 -14 -15 -28 -32 0 
-4 -7 -11 -21 -22 -27 -28 -29 0 
-1 -5 -6 -9 -11 -16 -19 -30 -33 0 
-7 -11 -12 -14 -21 -24 -30 0 
-1 -3 -5 -21 -23 -31 0 
-2 -3 -5 -7 -23 -28 -31 0 
-8 -15 -21 -22 0 
-1 -5 -9 -19 -22 -27 -29 -30 0 
-6 -15 -18 -21 -32 -33 0 
-13 -19 -20 -29 -32 0 
-2 -8 -12 -13 -15 -16 -26 0 
-5 -6 -9 -13 -18 -26 -27 -30 0 
-4 -5 -27 -33 0 
-2 -11 -13 -15 -18 -19 -30 0 
-5 -9 -16 -22 0 
-11 -18 -21 -32 0 
-4 -5 -6 -7 -25 -26 -29 -30 -31 -33 0 
-4 -8 -9 -19 -21 0 
-2 -13 -15 -19 -25 -28 -30 0 
-8 -13 -23 -27 0 
-1 -3 -5 -6 -11 -15 -17 -18 -20 -29 -30 0 
-6 -9 -11 -18 -21 -23 -24 -31 -33 0 
-1 -7 -8 -17 -18 -25 -26 -28 0 
-4 -9 -16 -17 -18 -23 -28 0 
-3 -7 -9 -17 -26 -27 -32 -33 0 
-9 -13 -21 -28 0 
-5 -6 -8 -9 -10 0 
-8 -9 -13 -20 -21 -23 -26 -33 0 
-11 -14 -19 -20 -30 -32 -33 0 
-3 -4 -14 -18 -27 -29 -32 -33 0 
-1 -3 -4 -6 -8 -11 -14 -18 -22 -24 -27 -30 0 
-1 -3 -13 -14 -18 -20 -22 -33 0 
-3 -9 -20 -23 -25 -26 -29 -32 0 
-3 -5 -6 -10 -16 -17 -19 -26 -31 0 
-13 -16 -20 -27 0 
-11 -16 -17 -20 -21 -28 -30 0 
-2 -5 -12 -14 -15 -16 -21 -28 0 
-4 -6 -9 -14 -15 -18 -19 -30 0 
-3 -12 -19 -24 -27 -32 -33 0 
-15 -24 -26 -28 0 
-6 -19 -30 -33 0 
-3 -6 -9 -10 -15 -22 -23 -28 -32 0 
-1 -3 -4 -5 -6 -8 -11 -27 0 
-3 -5 -7 -19 -22 -30 -33 0 
-4 -7 -14 -16 -22 -32 0 
-1 -4 -6 -7 -11 -19 -20 -25 -27 -29 0 
-20 -22 -27 -30 0 
-6 -11 -16 -28 0 
-14 -17 -18 -20 -21 0 
-4 -13 -15 -21 -24 -26 -28 -33 0 
-2 -6 -14 -23 -25 -30 -32 0 
-5 -10 -16 -18 -29 0 
-9 -12 -13 -18 -32 0 
-4 -21 -22 -25 -33 0 
-14 -20 -29 -31 -32 0 
-1 -5 -6 -13 -15 -17 -25 -27 -31 0 
-3 -7 -9 -12 -17 -19 -27 0 
-7 -10 -23 -24 -25 -26 0 
-1 -13 -16 -18 -27 0 
-20 -26 -29 -33 0 
-3 -6 -7 -8 -9 -14 -25 -32 0 
-10 -11 -17 -24 0 
-3 -4 -11 -13 -22 -26 -30 -33 0 
-6 -22 -24 0 
-1 -12 -21 -27 -29 -30 0 
-10 -23 -25 -26 -29 -31 0 
-12 -13 -16 -25 -30 0 
-1 -5 -9 -11 -16 -19 -27 0 
-8 -19 -22 -23 -28 -32 0 
-6 -7 -8 -9 -15 -22 -23 -32 0 
-7 -17 -19 -21 -28 -33 0 
-6 -8 -10 -16 -18 -19 -23 -24 -26 -28 0 
-15 -17 -23 0 
-1 -6 -8 -10 -11 -12 -17 -18 -23 -30 -33 0 
-7 -10 -12 -17 -18 -21 -26 0 
-4 -9 -10 -20 -24 -33 0 
-9 -12 -17 -19 -21 -24 -30 0 
-10 -15 -16 -24 -25 -31 0 
-1 -8 -17 -24 -28 -30 0 
-3 -11 -19 -25 -28 -29 0 
-2 -7 -12 -15 -28 -32 0 
-8 -11 -25 -27 0 
-1 -10 -12 -24 -33 0 
-3 -4 -6 -11 -20 0 
-1 -4 -5 -15 -22 -23 -26 -27 0 
-4 -9 -15 -25 -27 0 
-3 -13 -14 -18 -31 -32 0 
-1 -9 -13 -22 0 
-9 -10 -23 -25 -26 0 
-9 -11 -18 -24 -27 -31 0 
-6 -7 -8 -9 -16 -24 0 
-14 -21 -27 -28 0 
-7 -8 -14 -17 -23 0 
-5 -6 -7 -11 -19 -33 0 
-1 -16 -20 -21 -23 -29 0 
-5 -10 -11 -16 -19 -20 -27 -31 0 
-15 -26 -28 -29 -33 0 
-3 -4 -6 -8 -12 -13 -23 -28 0 
-1 -14 -17 -18 -23 -26 -27 -29 -30 0 
-2 -5 -11 -14 -20 -26 -29 0 
-1 -3 -5 -13 -20 -26 -29 -31 0 
-2 -16 -18 -19 -20 -30 0 
-6 -8 -12 0 
-2 -9 -10 -18 -19 -22 -32 -33 0 
-4 -14 -16 -20 -21 -22 -25 -28 0 
-1 -10 -17 -21 -24 -26 -29 -33 0 
-3 -6 -12 -14 -16 -27 0 
-11 -15 -19 -26 0 
-1 -3 -15 -17 -19 -22 -24 -30 0 
-3 -4 -10 -12 -17 -27 -31 0 
-19 -21 -24 -28 -30 -32 0 
-2 -15 -20 -21 0 
-11 -12 -16 -18 -32 0 
-3 -10 -26 -28 -31 0 
-4 -6 -9 -11 -17 -21 -27 -33 0 
-2 -4 -14 -15 -28 -33 0 
-11 -20 -21 0 
-5 -10 -16 -17 -19 -20 -23 -27 -29 0 
-2 -14 -27 -32 0 
-1 -8 -19 -22 -30 0 
-13 -16 -24 -29 -30 -31 0 
-5 -12 -18 -21 -24 -25 -27 0 
-6 -9 -14 -19 -22 -29 -30 -32 0 
-16 -24 -25 -29 0 
-1 -2 -8 -9 -22 -30 -33 0 
-3 -7 -16 -29 0 
-12 -14 -22 -25 -27 -29 -31 -32 0 
-8 -9 -10 -12 -14 -24 -27 0 
-1 -4 -6 -14 -15 -21 -30 0 
-7 -27 0 
-8 -11 -22 -25 0 
-2 -8 -13 -20 0 
-1 -7 -9 -13 -23 -25 -28 -29 0 
-9 -15 -27 -32 0 
-3 -12 -27 0 
-5 -6 -7 -13 -17 -20 -24 -25 -27 -29 -31 -32 0 
-1 -3 -5 -17 -20 -26 -27 -29 0 
-13 -19 -22 -26 -30 -33 0 
-2 -10 -18 -21 0 
-6 -7 -15 -18 -25 -28 -32 -33 0 
-8 -11 -12 -26 -29 0 
-1 -11 -30 0 
-4 -10 -12 -13 -14 -16 -20 -32 0 
-2 -15 -22 -30 -33 0 
-3 -5 -8 -19 -21 -22 -29 -30 0 
-2 -6 -21 -22 -24 -26 -29 0 
-1 -7 -9 -14 -17 -20 -24 0 
-3 -6 -16 -20 -26 -27 0 
-2 -13 -14 -18 -24 -26 0 
-1 -4 -5 -8 -10 -15 -22 0 
-4 -6 -7 -10 -11 -28 0 
