p cnf 33 800
7 15 19 23 28 0 
4 10 18 22 26 31 32 0 
8 18 21 28 30 0 
1 2 5 6 9 21 25 26 27 30 0 
11 16 20 25 29 32 0 
2 9 17 18 21 26 32 0 
4 6 7 8 9 14 18 20 21 0 
7 9 13 16 20 24 28 32 0 
2 14 16 17 22 25 0 
5 9 12 20 27 30 31 32 33 0 
2 3 11 13 15 16 18 0 
7 14 18 20 22 25 29 30 0 
1 5 7 11 26 28 32 0 
5 7 22 33 0 
1 4 18 29 30 31 0 
3 8 9 18 23 27 31 0 
12 23 24 31 0 
15 20 23 25 28 29 33 0 
4 9 11 14 18 21 24 30 32 0 
3 5 6 17 21 22 27 30 33 0 
1 3 10 14 16 32 0 
3 9 14 18 29 30 31 0 
1 3 13 16 17 21 22 0 
10 12 23 28 32 0 
3 8 14 15 24 0 
3 6 8 15 16 17 33 0 
12 15 16 18 19 23 25 29 33 0 
2 8 10 16 17 19 24 32 0 
9 15 19 23 27 31 0 
3 7 18 31 33 0 
2 15 18 22 30 0 
1 6 14 26 0 
6 15 16 17 20 25 0 
3 11 22 24 25 28 29 33 0 
3 19 22 25 26 0 
11 19 20 22 28 33 0 
2 4 5 13 18 28 29 0 
11 12 22 27 30 33 0 
6 9 11 14 21 29 30 33 0 
5 6 9 11 15 0 
6 9 18 20 22 23 24 27 29 0 
7 8 15 16 17 24 31 0 
1 10 11 16 17 27 33 0 
3 10 14 18 0 
1 2 12 13 14 15 16 20 26 27 0 
1 2 3 8 10 19 24 26 29 0 
2 6 8 9 14 16 26 28 29 0 
4 6 17 21 25 0 
2 4 7 18 27 29 32 0 
2 4 8 9 11 21 27 0 
3 9 16 23 0 
16 25 30 0 
2 6 10 22 29 0 
6 9 16 23 26 28 29 0 
7 16 26 28 29 0 
1 8 11 20 22 24 25 26 28 0 
4 8 16 17 18 23 29 0 
1 2 12 15 16 0 
7 12 14 16 23 29 0 
10 12 14 27 29 30 31 32 33 0 
1 2 21 22 28 31 0 
3 5 9 10 12 17 29 33 0 
2 5 10 13 23 33 0 
5 14 18 22 26 28 0 
3 12 24 27 30 31 32 0 
6 9 13 15 19 21 25 33 0 
1 2 11 15 16 19 21 23 28 31 0 
8 10 26 32 0 
4 6 9 11 19 22 24 27 28 30 0 
7 8 9 25 28 31 32 0 
5 6 7 8 16 26 0 
6 8 12 16 17 21 23 0 
1 10 23 24 27 30 32 0 
1 6 10 16 23 28 29 0 
2 5 6 12 14 17 18 19 21 29 31 0 
5 23 27 28 29 0 
2 7 21 22 24 28 30 0 
7 8 21 29 0 
1 12 20 22 23 29 0 
2 8 15 20 26 29 0 
4 9 13 18 20 25 28 29 0 
2 10 21 22 25 33 0 
6 14 26 31 0 
1 12 13 15 17 20 23 29 32 0 
2 4 10 12 14 18 24 0 
1 4 14 15 20 25 29 0 
2 3 7 16 32 0 
3 5 6 13 15 22 30 32 0 
1 20 24 25 0 
1 3 7 18 20 25 30 31 0 
3 4 5 10 25 29 0 
6 10 11 15 21 23 0 
2 4 6 8 12 17 20 21 23 30 32 0 
2 3 4 29 0 
2 8 11 12 15 23 32 0 
2 3 9 12 16 17 20 24 0 
1 6 11 15 17 23 29 0 
7 14 16 18 27 28 32 0 
2 9 10 11 21 33 0 
4 6 11 13 17 22 24 28 0 
6 7 8 13 19 25 0 
1 2 3 14 15 22 32 0 
2 8 13 21 23 29 32 0 
2 3 25 28 29 32 0 
11 15 16 22 23 28 30 31 0 
2 3 13 14 15 17 18 25 0 
1 14 19 20 22 26 0 
2 5 14 21 25 28 29 31 0 
1 5 20 28 30 31 0 
6 7 10 17 25 28 33 0 
9 17 30 33 0 
2 5 12 19 28 29 32 0 
1 4 5 12 24 25 29 32 33 0 
1 12 14 0 
1 5 10 17 27 30 0 
2 4 11 17 20 24 31 32 0 
8 10 12 13 16 23 28 0 
1 6 10 14 0 
5 10 11 13 16 19 20 0 
1 29 0 
5 7 9 10 18 33 0 
7 18 19 23 27 28 0 
10 19 21 23 24 0 
2 3 6 11 13 15 27 0 
3 10 14 17 22 24 30 31 0 
1 2 12 13 23 32 0 
3 4 5 6 10 17 21 23 28 33 0 
8 16 18 20 27 28 33 0 
7 16 20 21 22 29 31 0 
4 8 14 23 29 31 32 0 
9 15 17 25 0 
4 6 8 14 19 20 29 0 
4 12 15 26 29 0 
2 11 23 25 29 0 
3 10 18 23 26 28 33 0 
3 6 8 12 20 24 30 33 0 
6 24 25 31 33 0 
1 2 8 13 15 32 0 
4 9 12 13 17 19 23 0 
1 18 20 24 0 
4 18 21 28 29 30 0 
2 4 5 14 17 21 22 24 0 
1 6 8 20 27 0 
1 2 13 14 16 17 0 
12 22 30 32 0 
5 6 13 25 0 
3 7 11 14 16 25 33 0 
3 8 18 22 28 0 
1 18 29 31 32 0 
2 17 28 0 
4 8 14 20 21 0 
12 18 20 24 25 31 0 
4 7 10 14 16 19 30 32 0 
6 10 15 22 27 30 0 
6 8 13 15 22 0 
5 24 28 30 33 0 
1 6 8 13 14 17 32 33 0 
2 3 6 7 10 17 25 0 
1 5 25 32 0 
4 5 14 16 18 21 31 33 0 
5 7 10 20 25 32 0 
2 9 12 18 20 24 29 0 
1 11 16 23 25 27 30 31 0 
7 9 12 17 0 
1 11 24 26 27 0 
9 10 21 25 29 0 
6 8 18 21 22 24 26 30 0 
1 5 13 18 22 30 31 33 0 
2 4 6 7 9 12 18 27 29 0 
7 14 27 0 
2 5 8 25 29 0 
6 7 11 20 24 0 
6 9 11 19 0 
1 5 7 9 23 31 0 
7 9 18 0 
3 5 24 0 
6 7 10 12 14 19 24 25 0 
2 11 12 15 0 
1 15 20 28 33 0 
12 13 19 20 24 26 30 0 
7 10 23 25 28 0 
1 11 12 14 22 33 0 
2 12 31 0 
4 5 11 16 18 31 32 0 
2 12 0 
1 12 17 18 24 29 30 0 
3 4 15 17 21 0 
6 10 16 22 25 27 30 0 
4 7 13 18 24 27 33 0 
14 15 25 28 31 33 0 
2 16 20 21 23 0 
1 2 10 11 12 23 25 32 0 
11 13 30 0 
6 7 9 10 13 16 17 18 30 33 0 
9 14 24 29 0 
5 10 21 23 24 33 0 
1 4 18 27 28 33 0 
2 6 13 18 19 24 33 0 
14 23 26 29 0 
9 15 17 25 27 29 32 0 
1 7 14 17 21 26 32 0 
3 20 22 23 27 0 
3 7 9 17 27 30 33 0 
8 10 16 19 28 0 
13 15 16 19 22 24 27 0 
2 5 6 7 8 14 17 22 0 
2 4 7 8 0 
3 4 5 12 14 29 0 
5 8 15 22 26 32 0 
6 8 10 11 12 22 25 0 
10 13 22 30 31 0 
2 9 16 24 31 33 0 
17 22 24 25 26 28 31 0 
6 7 11 12 28 31 0 
3 9 11 15 23 0 
16 18 29 31 0 
6 7 13 20 28 32 0 
11 16 17 23 0 
3 6 13 16 17 25 28 31 0 
4 6 11 21 29 31 33 0 
1 2 7 8 16 18 23 28 0 
4 9 10 12 17 19 21 25 26 31 32 0 
1 2 6 8 12 15 24 31 33 0 
2 3 5 9 13 20 21 28 0 
8 19 20 22 24 31 0 
2 5 11 14 16 28 32 33 0 
1 5 11 15 18 25 0 
3 4 26 31 32 0 
5 8 12 13 14 19 23 27 29 31 0 
6 7 9 14 17 26 29 0 
2 6 10 13 21 23 27 29 31 0 
1 10 14 18 28 30 0 
7 16 18 26 30 31 0 
10 14 18 20 23 31 0 
10 11 16 28 0 
5 6 7 9 11 18 22 0 
4 9 16 20 26 27 0 
1 6 18 24 33 0 
22 23 28 29 30 32 0 
10 12 15 18 28 33 0 
2 6 7 12 13 14 20 22 28 0 
8 14 16 17 22 25 27 0 
3 4 5 10 18 23 28 0 
4 18 20 33 0 
5 6 7 17 25 26 32 0 
7 10 18 26 27 31 0 
9 19 21 22 23 24 0 
5 6 8 23 31 0 
5 16 19 25 0 
1 8 10 13 14 17 19 20 26 30 0 
2 5 11 19 23 29 0 
5 6 7 15 23 0 
7 8 13 17 18 20 23 25 28 31 0 
7 14 15 30 0 
4 8 10 13 16 22 24 28 0 
6 14 16 17 20 23 25 0 
9 31 32 0 
6 17 21 27 28 29 30 0 
1 17 20 0 
1 19 24 26 30 0 
1 5 11 14 0 
3 4 13 19 21 22 27 28 0 
9 17 18 24 27 33 0 
21 23 25 28 31 0 
11 17 19 23 25 27 0 
2 12 22 29 0 
5 12 15 16 18 28 29 0 
1 6 19 23 24 0 
6 10 11 22 24 0 
13 16 18 22 28 31 0 
4 6 8 17 27 29 0 
8 15 21 23 26 31 0 
3 4 6 7 9 21 24 33 0 
11 14 21 22 24 0 
2 9 20 22 26 31 0 
4 6 13 14 19 22 25 26 32 33 0 
20 21 24 25 33 0 
1 5 16 19 30 33 0 
6 19 20 23 0 
7 12 14 22 23 26 32 0 
3 6 12 18 19 23 30 0 
11 20 25 27 0 
6 17 22 23 27 0 
2 18 19 22 29 31 0 
1 7 9 12 23 33 0 
14 18 24 30 0 
1 13 16 22 26 0 
2 15 18 23 30 31 0 
1 6 9 12 14 18 19 21 24 33 0 
4 7 23 0 
1 3 4 11 25 28 31 32 0 
2 7 13 18 25 0 
2 5 6 7 22 29 0 
6 8 11 22 23 27 30 31 33 0 
1 7 19 22 24 26 0 
7 10 11 14 16 18 20 25 28 31 0 
7 11 20 0 
2 7 12 18 22 25 26 30 32 0 
7 11 15 21 22 0 
21 23 25 30 0 
4 10 12 15 18 26 27 31 0 
1 11 12 20 23 24 26 27 0 
10 13 23 28 30 32 33 0 
7 16 24 29 32 33 0 
10 14 15 25 26 28 31 33 0 
3 4 11 15 22 27 28 29 33 0 
13 32 0 
1 11 15 24 27 29 0 
4 20 24 27 0 
3 8 21 26 27 0 
3 6 13 15 16 20 0 
4 9 11 13 16 21 22 0 
2 13 17 0 
1 3 6 18 21 22 29 32 0 
3 9 12 29 0 
1 2 8 12 15 21 28 29 30 0 
3 5 9 19 22 24 27 28 0 
1 9 12 18 21 22 25 26 30 0 
13 18 19 22 24 0 
3 12 13 18 19 24 0 
1 4 15 25 29 31 0 
3 5 12 14 16 19 24 28 29 31 0 
2 3 7 13 0 
1 3 4 12 13 14 15 16 20 23 28 32 0 
8 17 20 27 28 0 
1 7 13 30 32 0 
5 7 10 27 32 0 
10 11 19 21 28 0 
1 6 16 26 31 0 
1 3 7 9 16 30 32 0 
3 10 11 14 16 17 21 25 29 0 
1 3 7 8 13 19 20 22 30 31 32 0 
6 14 23 30 31 0 
15 16 0 
2 3 12 14 21 29 30 0 
6 16 21 22 25 30 0 
1 21 23 25 0 
1 7 16 25 0 
4 5 12 19 20 24 28 29 30 0 
2 15 18 31 0 
5 7 8 13 16 18 28 29 31 33 0 
2 18 23 24 25 26 30 32 0 
6 20 22 28 31 33 0 
2 3 4 9 10 13 19 28 32 0 
1 7 8 17 19 0 
4 11 21 24 33 0 
4 5 6 7 15 33 0 
4 5 16 17 23 24 26 31 0 
3 4 6 11 28 31 0 
9 13 23 27 32 0 
2 8 9 29 0 
7 9 11 16 18 19 22 26 32 0 
10 12 18 21 25 29 0 
2 7 11 24 26 0 
7 8 24 0 
4 6 17 22 24 27 0 
3 5 6 7 11 12 19 24 0 
4 9 10 18 21 0 
2 8 10 14 23 26 27 32 0 
8 13 15 22 0 
3 4 9 10 11 14 16 17 21 23 0 
6 10 11 13 14 18 24 25 33 0 
6 17 26 28 0 
5 6 11 13 15 17 20 23 30 32 0 
1 6 7 13 15 24 27 31 0 
12 13 16 26 33 0 
5 8 12 27 0 
2 4 5 8 9 16 17 19 22 30 31 0 
11 15 26 0 
3 5 10 18 30 32 0 
5 11 12 15 23 24 28 30 0 
5 8 11 22 30 31 0 
13 14 15 17 0 
2 14 20 25 30 0 
2 8 9 10 18 23 25 30 31 0 
3 7 10 14 15 28 30 32 0 
17 18 20 0 
2 5 13 16 20 23 25 31 32 0 
3 4 12 13 19 0 
3 6 9 16 20 21 27 29 31 0 
7 13 14 21 22 24 27 28 0 
16 24 25 26 28 29 32 33 0 
3 10 19 24 25 0 
2 4 9 11 14 33 0 
10 11 24 29 31 0 
3 7 21 23 28 0 
2 4 5 6 8 10 13 17 19 25 0 
1 9 14 16 20 22 30 0 
4 6 13 20 21 27 0 
2 7 12 13 0 
3 12 13 26 29 31 0 
4 9 21 27 29 0 
5 6 12 13 14 18 20 21 22 23 28 31 0 
1 2 4 6 14 17 22 23 29 0 
17 23 27 28 0 
8 9 22 23 25 0 
5 17 19 26 27 31 32 0 
7 15 28 0 
4 7 8 15 26 32 0 
1 4 30 0 
-7 -15 -19 -23 -28 0 
-4 -10 -18 -22 -26 -31 -32 0 
-8 -18 -21 -28 -30 0 
-1 -2 -5 -6 -9 -21 -25 -26 -27 -30 0 
-11 -16 -20 -25 -29 -32 0 
-2 -9 -17 -18 -21 -26 -32 0 
-4 -6 -7 -8 -9 -14 -18 -20 -21 0 
-7 -9 -13 -16 -20 -24 -28 -32 0 
-2 -14 -16 -17 -22 -25 0 
-5 -9 -12 -20 -27 -30 -31 -32 -33 0 
-2 -3 -11 -13 -15 -16 -18 0 
-7 -14 -18 -20 -22 -25 -29 -30 0 
-1 -5 -7 -11 -26 -28 -32 0 
-5 -7 -22 -33 0 
-1 -4 -18 -29 -30 -31 0 
-3 -8 -9 -18 -23 -27 -31 0 
-12 -23 -24 -31 0 
-15 -20 -23 -25 -28 -29 -33 0 
-4 -9 -11 -14 -18 -21 -24 -30 -32 0 
-3 -5 -6 -17 -21 -22 -27 -30 -33 0 
-1 -3 -10 -14 -16 -32 0 
-3 -9 -14 -18 -29 -30 -31 0 
-1 -3 -13 -16 -17 -21 -22 0 
-10 -12 -23 -28 -32 0 
-3 -8 -14 -15 -24 0 
-3 -6 -8 -15 -16 -17 -33 0 
-12 -15 -16 -18 -19 -23 -25 -29 -33 0 
-2 -8 -10 -16 -17 -19 -24 -32 0 
-9 -15 -19 -23 -27 -31 0 
-3 -7 -18 -31 -33 0 
-2 -15 -18 -22 -30 0 
-1 -6 -14 -26 0 
-6 -15 -16 -17 -20 -25 0 
-3 -11 -22 -24 -25 -28 -29 -33 0 
-3 -19 -22 -25 -26 0 
-11 -19 -20 -22 -28 -33 0 
-2 -4 -5 -13 -18 -28 -29 0 
-11 -12 -22 -27 -30 -33 0 
-6 -9 -11 -14 -21 -29 -30 -33 0 
-5 -6 -9 -11 -15 0 
-6 -9 -18 -20 -22 -23 -24 -27 -29 0 
-7 -8 -15 -16 -17 -24 -31 0 
-1 -10 -11 -16 -17 -27 -33 0 
-3 -10 -14 -18 0 
-1 -2 -12 -13 -14 -15 -16 -20 -26 -27 0 
-1 -2 -3 -8 -10 -19 -24 -26 -29 0 
-2 -6 -8 -9 -14 -16 -26 -28 -29 0 
-4 -6 -17 -21 -25 0 
-2 -4 -7 -18 -27 -29 -32 0 
-2 -4 -8 -9 -11 -21 -27 0 
-3 -9 -16 -23 0 
-16 -25 -30 0 
-2 -6 -10 -22 -29 0 
-6 -9 -16 -23 -26 -28 -29 0 
-7 -16 -26 -28 -29 0 
-1 -8 -11 -20 -22 -24 -25 -26 -28 0 
-4 -8 -16 -17 -18 -23 -29 0 
-1 -2 -12 -15 -16 0 
-7 -12 -14 -16 -23 -29 0 
-10 -12 -14 -27 -29 -30 -31 -32 -33 0 
-1 -2 -21 -22 -28 -31 0 
-3 -5 -9 -10 -12 -17 -29 -33 0 
-2 -5 -10 -13 -23 -33 0 
-5 -14 -18 -22 -26 -28 0 
-3 -12 -24 -27 -30 -31 -32 0 
-6 -9 -13 -15 -19 -21 -25 -33 0 
-1 -2 -11 -15 -16 -19 -21 -23 -28 -31 0 
-8 -10 -26 -32 0 
-4 -6 -9 -11 -19 -22 -24 -27 -28 -30 0 
-7 -8 -9 -25 -28 -31 -32 0 
-5 -6 -7 -8 -16 -26 0 
-6 -8 -12 -16 -17 -21 -23 0 
-1 -10 -23 -24 -27 -30 -32 0 
-1 -6 -10 -16 -23 -28 -29 0 
-2 -5 -6 -12 -14 -17 -18 -19 -21 -29 -31 0 
-5 -23 -27 -28 -29 0 
-2 -7 -21 -22 -24 -28 -30 0 
-7 -8 -21 -29 0 
-1 -12 -20 -22 -23 -29 0 
-2 -8 -15 -20 -26 -29 0 
-4 -9 -13 -18 -20 -25 -28 -29 0 
-2 -10 -21 -22 -25 -33 0 
-6 -14 -26 -31 0 
-1 -12 -13 -15 -17 -20 -23 -29 -32 0 
-2 -4 -10 -12 -14 -18 -24 0 
-1 -4 -14 -15 -20 -25 -29 0 
-2 -3 -7 -16 -32 0 
-3 -5 -6 -13 -15 -22 -30 -32 0 
-1 -20 -24 -25 0 
-1 -3 -7 -18 -20 -25 -30 -31 0 
-3 -4 -5 -10 -25 -29 0 
-6 -10 -11 -15 -21 -23 0 
-2 -4 -6 -8 -12 -17 -20 -21 -23 -30 -32 0 
-2 -3 -4 -29 0 
-2 -8 -11 -12 -15 -23 -32 0 
-2 -3 -9 -12 -16 -17 -20 -24 0 
-1 -6 -11 -15 -17 -23 -29 0 
-7 -14 -16 -18 -27 -28 -32 0 
-2 -9 -10 -11 -21 -33 0 
-4 -6 -11 -13 -17 -22 -24 -28 0 
-6 -7 -8 -13 -19 -25 0 
-1 -2 -3 -14 -15 -22 -32 0 
-2 -8 -13 -21 -23 -29 -32 0 
-2 -3 -25 -28 -29 -32 0 
-11 -15 -16 -22 -23 -28 -30 -31 0 
-2 -3 -13 -14 -15 -17 -18 -25 0 
-1 -14 -19 -20 -22 -26 0 
-2 -5 -14 -21 -25 -28 -29 -31 0 
-1 -5 -20 -28 -30 -31 0 
-6 -7 -10 -17 -25 -28 -33 0 
-9 -17 -30 -33 0 
-2 -5 -12 -19 -28 -29 -32 0 
-1 -4 -5 -12 -24 -25 -29 -32 -33 0 
-1 -12 -14 0 
-1 -5 -10 -17 -27 -30 0 
-2 -4 -11 -17 -20 -24 -31 -32 0 
-8 -10 -12 -13 -16 -23 -28 0 
-1 -6 -10 -14 0 
-5 -10 -11 -13 -16 -19 -20 0 
-1 -29 0 
-5 -7 -9 -10 -18 -33 0 
-7 -18 -19 -23 -27 -28 0 
-10 -19 -21 -23 -24 0 
-2 -3 -6 -11 -13 -15 -27 0 
-3 -10 -14 -17 -22 -24 -30 -31 0 
-1 -2 -12 -13 -23 -32 0 
-3 -4 -5 -6 -10 -17 -21 -23 -28 -33 0 
-8 -16 -18 -20 -27 -28 -33 0 
-7 -16 -20 -21 -22 -29 -31 0 
-4 -8 -14 -23 -29 -31 -32 0 
-9 -15 -17 -25 0 
-4 -6 -8 -14 -19 -20 -29 0 
-4 -12 -15 -26 -29 0 
-2 -11 -23 -25 -29 0 
-3 -10 -18 -23 -26 -28 -33 0 
-3 -6 -8 -12 -20 -24 -30 -33 0 
-6 -24 -25 -31 -33 0 
-1 -2 -8 -13 -15 -32 0 
-4 -9 -12 -13 -17 -19 -23 0 
-1 -18 -20 -24 0 
-4 -18 -21 -28 -29 -30 0 
-2 -4 -5 -14 -17 -21 -22 -24 0 
-1 -6 -8 -20 -27 0 
-1 -2 -13 -14 -16 -17 0 
-12 -22 -30 -32 0 
-5 -6 -13 -25 0 
-3 -7 -11 -14 -16 -25 -33 0 
-3 -8 -18 -22 -28 0 
-1 -18 -29 -31 -32 0 
-2 -17 -28 0 
-4 -8 -14 -20 -21 0 
-12 -18 -20 -24 -25 -31 0 
-4 -7 -10 -14 -16 -19 -30 -32 0 
-6 -10 -15 -22 -27 -30 0 
-6 -8 -13 -15 -22 0 
-5 -24 -28 -30 -33 0 
-1 -6 -8 -13 -14 -17 -32 -33 0 
-2 -3 -6 -7 -10 -17 -25 0 
-1 -5 -25 -32 0 
-4 -5 -14 -16 -18 -21 -31 -33 0 
-5 -7 -10 -20 -25 -32 0 
-2 -9 -12 -18 -20 -24 -29 0 
-1 -11 -16 -23 -25 -27 -30 -31 0 
-7 -9 -12 -17 0 
-1 -11 -24 -26 -27 0 
-9 -10 -21 -25 -29 0 
-6 -8 -18 -21 -22 -24 -26 -30 0 
-1 -5 -13 -18 -22 -30 -31 -33 0 
-2 -4 -6 -7 -9 -12 -18 -27 -29 0 
-7 -14 -27 0 
-2 -5 -8 -25 -29 0 
-6 -7 -11 -20 -24 0 
-6 -9 -11 -19 0 
-1 -5 -7 -9 -23 -31 0 
-7 -9 -18 0 
-3 -5 -24 0 
-6 -7 -10 -12 -14 -19 -24 -25 0 
-2 -11 -12 -15 0 
-1 -15 -20 -28 -33 0 
-12 -13 -19 -20 -24 -26 -30 0 
-7 -10 -23 -25 -28 0 
-1 -11 -12 -14 -22 -33 0 
-2 -12 -31 0 
-4 -5 -11 -16 -18 -31 -32 0 
-2 -12 0 
-1 -12 -17 -18 -24 -29 -30 0 
-3 -4 -15 -17 -21 0 
-6 -10 -16 -22 -25 -27 -30 0 
-4 -7 -13 -18 -24 -27 -33 0 
-14 -15 -25 -28 -31 -33 0 
-2 -16 -20 -21 -23 0 
-1 -2 -10 -11 -12 -23 -25 -32 0 
-11 -13 -30 0 
-6 -7 -9 -10 -13 -16 -17 -18 -30 -33 0 
-9 -14 -24 -29 0 
-5 -10 -21 -23 -24 -33 0 
-1 -4 -18 -27 -28 -33 0 
-2 -6 -13 -18 -19 -24 -33 0 
-14 -23 -26 -29 0 
-9 -15 -17 -25 -27 -29 -32 0 
-1 -7 -14 -17 -21 -26 -32 0 
-3 -20 -22 -23 -27 0 
-3 -7 -9 -17 -27 -30 -33 0 
-8 -10 -16 -19 -28 0 
-13 -15 -16 -19 -22 -24 -27 0 
-2 -5 -6 -7 -8 -14 -17 -22 0 
-2 -4 -7 -8 0 
-3 -4 -5 -12 -14 -29 0 
-5 -8 -15 -22 -26 -32 0 
-6 -8 -10 -11 -12 -22 -25 0 
-10 -13 -22 -30 -31 0 
-2 -9 -16 -24 -31 -33 0 
-17 -22 -24 -25 -26 -28 -31 0 
-6 -7 -11 -12 -28 -31 0 
-3 -9 -11 -15 -23 0 
-16 -18 -29 -31 0 
-6 -7 -13 -20 -28 -32 0 
-11 -16 -17 -23 0 
-3 -6 -13 -16 -17 -25 -28 -31 0 
-4 -6 -11 -21 -29 -31 -33 0 
-1 -2 -7 -8 -16 -18 -23 -28 0 
-4 -9 -10 -12 -17 -19 -21 -25 -26 -31 -32 0 
-1 -2 -6 -8 -12 -15 -24 -31 -33 0 
-2 -3 -5 -9 -13 -20 -21 -28 0 
-8 -19 -20 -22 -24 -31 0 
-2 -5 -11 -14 -16 -28 -32 -33 0 
-1 -5 -11 -15 -18 -25 0 
-3 -4 -26 -31 -32 0 
-5 -8 -12 -13 -14 -19 -23 -27 -29 -31 0 
-6 -7 -9 -14 -17 -26 -29 0 
-2 -6 -10 -13 -21 -23 -27 -29 -31 0 
-1 -10 -14 -18 -28 -30 0 
-7 -16 -18 -26 -30 -31 0 
-10 -14 -18 -20 -23 -31 0 
-10 -11 -16 -28 0 
-5 -6 -7 -9 -11 -18 -22 0 
-4 -9 -16 -20 -26 -27 0 
-1 -6 -18 -24 -33 0 
-22 -23 -28 -29 -30 -32 0 
-10 -12 -15 -18 -28 -33 0 
-2 -6 -7 -12 -13 -14 -20 -22 -28 0 
-8 -14 -16 -17 -22 -25 -27 0 
-3 -4 -5 -10 -18 -23 -28 0 
-4 -18 -20 -33 0 
-5 -6 -7 -17 -25 -26 -32 0 
-7 -10 -18 -26 -27 -31 0 
-9 -19 -21 -22 -23 -24 0 
-5 -6 -8 -23 -31 0 
-5 -16 -19 -25 0 
-1 -8 -10 -13 -14 -17 -19 -20 -26 -30 0 
-2 -5 -11 -19 -23 -29 0 
-5 -6 -7 -15 -23 0 
-7 -8 -13 -17 -18 -20 -23 -25 -28 -31 0 
-7 -14 -15 -30 0 
-4 -8 -10 -13 -16 -22 -24 -28 0 
-6 -14 -16 -17 -20 -23 -25 0 
-9 -31 -32 0 
-6 -17 -21 -27 -28 -29 -30 0 
-1 -17 -20 0 
-1 -19 -24 -26 -30 0 
-1 -5 -11 -14 0 
-3 -4 -13 -19 -21 -22 -27 -28 0 
-9 -17 -18 -24 -27 -33 0 
-21 -23 -25 -28 -31 0 
-11 -17 -19 -23 -25 -27 0 
-2 -12 -22 -29 0 
-5 -12 -15 -16 -18 -28 -29 0 
-1 -6 -19 -23 -24 0 
-6 -10 -11 -22 -24 0 
-13 -16 -18 -22 -28 -31 0 
-4 -6 -8 -17 -27 -29 0 
-8 -15 -21 -23 -26 -31 0 
-3 -4 -6 -7 -9 -21 -24 -33 0 
-11 -14 -21 -22 -24 0 
-2 -9 -20 -22 -26 -31 0 
-4 -6 -13 -14 -19 -22 -25 -26 -32 -33 0 
-20 -21 -24 -25 -33 0 
-1 -5 -16 -19 -30 -33 0 
-6 -19 -20 -23 0 
-7 -12 -14 -22 -23 -26 -32 0 
-3 -6 -12 -18 -19 -23 -30 0 
-11 -20 -25 -27 0 
-6 -17 -22 -23 -27 0 
-2 -18 -19 -22 -29 -31 0 
-1 -7 -9 -12 -23 -33 0 
-14 -18 -24 -30 0 
-1 -13 -16 -22 -26 0 
-2 -15 -18 -23 -30 -31 0 
-1 -6 -9 -12 -14 -18 -19 -21 -24 -33 0 
-4 -7 -23 0 
-1 -3 -4 -11 -25 -28 -31 -32 0 
-2 -7 -13 -18 -25 0 
-2 -5 -6 -7 -22 -29 0 
-6 -8 -11 -22 -23 -27 -30 -31 -33 0 
-1 -7 -19 -22 -24 -26 0 
-7 -10 -11 -14 -16 -18 -20 -25 -28 -31 0 
-7 -11 -20 0 
-2 -7 -12 -18 -22 -25 -26 -30 -32 0 
-7 -11 -15 -21 -22 0 
-21 -23 -25 -30 0 
-4 -10 -12 -15 -18 -26 -27 -31 0 
-1 -11 -12 -20 -23 -24 -26 -27 0 
-10 -13 -23 -28 -30 -32 -33 0 
-7 -16 -24 -29 -32 -33 0 
-10 -14 -15 -25 -26 -28 -31 -33 0 
-3 -4 -11 -15 -22 -27 -28 -29 -33 0 
-13 -32 0 
-1 -11 -15 -24 -27 -29 0 
-4 -20 -24 -27 0 
-3 -8 -21 -26 -27 0 
-3 -6 -13 -15 -16 -20 0 
-4 -9 -11 -13 -16 -21 -22 0 
-2 -13 -17 0 
-1 -3 -6 -18 -21 -22 -29 -32 0 
-3 -9 -12 -29 0 
-1 -2 -8 -12 -15 -21 -28 -29 -30 0 
-3 -5 -9 -19 -22 -24 -27 -28 0 
-1 -9 -12 -18 -21 -22 -25 -26 -30 0 
-13 -18 -19 -22 -24 0 
-3 -12 -13 -18 -19 -24 0 
-1 -4 -15 -25 -29 -31 0 
-3 -5 -12 -14 -16 -19 -24 -28 -29 -31 0 
-2 -3 -7 -13 0 
-1 -3 -4 -12 -13 -14 -15 -16 -20 -23 -28 -32 0 
-8 -17 -20 -27 -28 0 
-1 -7 -13 -30 -32 0 
-5 -7 -10 -27 -32 0 
-10 -11 -19 -21 -28 0 
-1 -6 -16 -26 -31 0 
-1 -3 -7 -9 -16 -30 -32 0 
-3 -10 -11 -14 -16 -17 -21 -25 -29 0 
-1 -3 -7 -8 -13 -19 -20 -22 -30 -31 -32 0 
-6 -14 -23 -30 -31 0 
-15 -16 0 
-2 -3 -12 -14 -21 -29 -30 0 
-6 -16 -21 -22 -25 -30 0 
-1 -21 -23 -25 0 
-1 -7 -16 -25 0 
-4 -5 -12 -19 -20 -24 -28 -29 -30 0 
-2 -15 -18 -31 0 
-5 -7 -8 -13 -16 -18 -28 -29 -31 -33 0 
-2 -18 -23 -24 -25 -26 -30 -32 0 
-6 -20 -22 -28 -31 -33 0 
-2 -3 -4 -9 -10 -13 -19 -28 -32 0 
-1 -7 -8 -17 -19 0 
-4 -11 -21 -24 -33 0 
-4 -5 -6 -7 -15 -33 0 
-4 -5 -16 -17 -23 -24 -26 -31 0 
-3 -4 -6 -11 -28 -31 0 
-9 -13 -23 -27 -32 0 
-2 -8 -9 -29 0 
-7 -9 -11 -16 -18 -19 -22 -26 -32 0 
-10 -12 -18 -21 -25 -29 0 
-2 -7 -11 -24 -26 0 
-7 -8 -24 0 
-4 -6 -17 -22 -24 -27 0 
-3 -5 -6 -7 -11 -12 -19 -24 0 
-4 -9 -10 -18 -21 0 
-2 -8 -10 -14 -23 -26 -27 -32 0 
-8 -13 -15 -22 0 
-3 -4 -9 -10 -11 -14 -16 -17 -21 -23 0 
-6 -10 -11 -13 -14 -18 -24 -25 -33 0 
-6 -17 -26 -28 0 
-5 -6 -11 -13 -15 -17 -20 -23 -30 -32 0 
-1 -6 -7 -13 -15 -24 -27 -31 0 
-12 -13 -16 -26 -33 0 
-5 -8 -12 -27 0 
-2 -4 -5 -8 -9 -16 -17 -19 -22 -30 -31 0 
-11 -15 -26 0 
-3 -5 -10 -18 -30 -32 0 
-5 -11 -12 -15 -23 -24 -28 -30 0 
-5 -8 -11 -22 -30 -31 0 
-13 -14 -15 -17 0 
-2 -14 -20 -25 -30 0 
-2 -8 -9 -10 -18 -23 -25 -30 -31 0 
-3 -7 -10 -14 -15 -28 -30 -32 0 
-17 -18 -20 0 
-2 -5 -13 -16 -20 -23 -25 -31 -32 0 
-3 -4 -12 -13 -19 0 
-3 -6 -9 -16 -20 -21 -27 -29 -31 0 
-7 -13 -14 -21 -22 -24 -27 -28 0 
-16 -24 -25 -26 -28 -29 -32 -33 0 
-3 -10 -19 -24 -25 0 
-2 -4 -9 -11 -14 -33 0 
-10 -11 -24 -29 -31 0 
-3 -7 -21 -23 -28 0 
-2 -4 -5 -6 -8 -10 -13 -17 -19 -25 0 
-1 -9 -14 -16 -20 -22 -30 0 
-4 -6 -13 -20 -21 -27 0 
-2 -7 -12 -13 0 
-3 -12 -13 -26 -29 -31 0 
-4 -9 -21 -27 -29 0 
-5 -6 -12 -13 -14 -18 -20 -21 -22 -23 -28 -31 0 
-1 -2 -4 -6 -14 -17 -22 -23 -29 0 
-17 -23 -27 -28 0 
-8 -9 -22 -23 -25 0 
-5 -17 -19 -26 -27 -31 -32 0 
-7 -15 -28 0 
-4 -7 -8 -15 -26 -32 0 
-1 -4 -30 0 
