p cnf 33 800
5 7 9 14 23 27 31 0 
1 2 4 11 18 19 22 27 28 30 0 
3 7 9 30 0 
15 16 19 20 30 0 
7 20 0 
23 25 30 33 0 
2 4 6 7 22 31 0 
3 15 21 32 33 0 
5 25 27 0 
5 7 13 16 18 21 0 
5 7 20 22 28 31 0 
4 8 11 12 15 17 21 30 0 
11 12 13 14 21 26 30 0 
4 8 18 26 30 32 0 
5 6 9 16 20 25 26 29 32 0 
7 10 16 23 25 27 30 31 0 
16 19 23 29 30 33 0 
1 7 14 20 27 0 
8 9 14 16 21 24 32 33 0 
5 8 10 23 30 32 0 
16 17 22 25 28 29 32 0 
7 16 17 26 27 28 33 0 
1 3 12 17 18 32 0 
8 10 19 21 23 26 27 30 0 
3 7 18 21 27 30 0 
1 2 4 8 11 16 25 27 28 30 0 
9 11 12 21 24 28 29 0 
5 7 25 28 30 33 0 
3 19 27 32 33 0 
1 3 16 19 20 26 30 32 0 
4 10 12 29 0 
5 6 8 10 13 20 22 23 32 0 
11 14 22 25 32 0 
11 13 18 21 0 
3 4 6 7 8 15 24 32 0 
1 2 11 13 22 28 31 0 
2 4 8 10 16 19 23 30 0 
4 7 8 10 12 17 19 24 26 27 28 0 
2 9 11 17 18 21 27 0 
1 5 6 9 10 19 24 26 29 0 
21 22 27 31 0 
9 10 17 26 27 32 0 
3 7 14 19 30 0 
10 18 19 33 0 
9 17 19 28 29 0 
2 8 10 13 26 27 0 
8 31 0 
1 4 6 22 30 32 0 
2 3 9 25 27 28 30 0 
10 11 16 17 18 23 28 32 0 
8 15 17 32 0 
3 5 6 8 12 25 28 0 
9 18 20 25 27 29 30 0 
7 15 16 19 23 0 
23 28 29 30 0 
1 3 5 13 16 28 0 
1 9 15 17 18 24 26 31 33 0 
19 21 22 0 
11 13 14 16 26 27 28 33 0 
4 8 11 17 19 25 31 0 
11 12 13 23 26 0 
2 16 21 25 26 0 
2 8 12 17 20 21 23 27 0 
11 13 14 19 20 26 0 
1 8 12 13 20 28 31 32 33 0 
2 5 7 13 20 21 28 0 
3 7 9 13 16 19 25 33 0 
2 3 5 6 8 9 15 19 28 0 
4 19 32 0 
2 13 14 16 17 26 0 
8 14 17 18 30 31 32 0 
3 8 9 10 12 19 24 25 27 28 0 
1 12 24 29 32 0 
2 6 8 16 32 33 0 
6 13 21 28 30 0 
4 8 14 15 16 30 0 
5 7 17 21 28 0 
1 3 7 24 30 0 
7 9 10 11 25 29 32 0 
11 22 23 25 28 0 
11 14 16 26 31 32 0 
5 6 21 22 32 33 0 
5 12 13 14 18 0 
3 9 17 20 29 0 
15 19 24 30 0 
3 5 9 12 15 18 19 0 
5 8 14 16 18 21 24 29 30 33 0 
3 6 10 16 24 0 
1 2 21 0 
4 7 10 11 12 15 18 28 32 0 
6 7 8 14 16 18 21 0 
1 3 8 19 21 29 33 0 
2 15 19 27 29 0 
1 6 10 13 23 33 0 
10 17 19 22 24 33 0 
7 15 17 19 22 28 30 0 
3 23 26 29 0 
6 19 26 27 33 0 
3 7 25 0 
6 16 18 20 27 32 0 
8 10 13 15 18 25 33 0 
3 16 17 20 22 29 31 0 
3 5 9 12 18 19 22 27 0 
6 9 13 17 22 24 25 27 29 33 0 
7 9 17 21 25 28 0 
2 5 9 14 18 21 22 26 0 
3 6 0 
3 7 19 20 24 0 
3 8 11 15 19 27 0 
5 6 7 14 23 31 33 0 
9 11 12 21 28 29 0 
7 10 12 13 16 23 25 32 33 0 
2 9 14 21 27 28 31 0 
2 14 19 20 25 27 28 0 
5 7 19 21 31 0 
2 3 5 7 14 25 26 27 30 32 33 0 
3 4 9 11 14 21 23 0 
11 14 15 17 23 24 26 33 0 
3 4 6 19 27 28 30 32 0 
5 7 9 17 20 21 22 26 27 28 32 0 
5 11 12 21 27 28 30 0 
1 12 14 19 20 29 32 0 
6 13 14 19 22 0 
2 20 23 26 28 0 
4 6 7 17 18 25 0 
11 14 16 18 25 26 0 
1 2 11 20 23 0 
2 4 5 10 32 33 0 
1 5 6 8 13 16 28 0 
4 7 11 22 24 26 0 
4 16 17 0 
2 7 19 21 0 
8 10 21 23 29 31 0 
2 5 8 10 11 18 22 28 30 0 
8 13 16 18 19 22 27 33 0 
3 15 20 22 32 0 
8 11 12 17 22 33 0 
7 14 23 31 0 
2 6 7 11 23 26 30 33 0 
3 4 9 10 12 13 14 18 19 22 31 0 
6 9 10 16 23 28 29 31 0 
13 15 17 22 28 0 
6 8 20 22 26 28 0 
2 4 5 8 13 16 20 24 30 0 
6 8 9 11 18 19 30 31 0 
2 5 9 12 13 16 18 19 0 
2 5 21 23 27 0 
1 4 6 17 19 20 22 24 0 
5 13 20 23 33 0 
9 17 18 25 29 0 
3 13 18 20 23 24 0 
1 14 20 30 0 
3 10 21 30 32 0 
3 17 20 21 24 28 32 0 
3 10 12 16 24 30 0 
1 3 6 8 16 19 24 31 0 
7 10 12 15 20 21 25 28 0 
1 3 4 5 16 27 31 32 0 
4 7 12 21 22 24 30 0 
13 16 17 20 24 32 0 
1 17 18 24 26 0 
3 12 19 25 27 28 29 0 
2 4 11 17 0 
5 6 9 12 25 30 0 
8 13 14 16 22 29 31 0 
3 12 13 20 26 28 32 0 
1 17 24 28 32 0 
2 11 14 24 29 32 0 
3 8 10 13 21 30 0 
1 3 12 15 17 18 24 0 
3 5 11 14 20 26 30 31 0 
8 16 19 23 24 26 0 
4 5 6 16 18 21 22 25 33 0 
8 11 14 15 17 29 31 0 
9 12 17 26 28 30 0 
10 17 28 0 
3 8 10 13 26 0 
4 7 8 11 20 0 
3 10 14 15 16 19 21 22 0 
6 13 16 18 20 23 24 26 28 29 30 33 0 
10 11 14 16 19 25 0 
5 19 22 23 25 26 27 0 
1 2 14 16 22 24 28 32 33 0 
7 8 18 22 25 28 30 0 
1 15 21 22 23 0 
8 9 10 15 20 24 26 0 
1 2 3 7 9 12 15 21 24 27 0 
1 18 25 26 28 0 
12 25 30 0 
5 6 12 13 14 18 19 0 
4 7 9 32 0 
8 11 14 15 16 25 33 0 
2 11 17 22 29 0 
11 20 25 30 32 33 0 
1 3 5 7 10 13 15 18 20 0 
13 16 20 25 0 
2 17 22 24 28 0 
2 8 15 23 0 
6 14 15 18 22 29 0 
4 9 10 13 18 26 29 33 0 
7 8 14 20 27 31 0 
6 17 22 23 26 27 33 0 
3 7 15 20 24 25 0 
2 4 10 18 0 
11 12 16 22 28 29 32 33 0 
7 13 17 21 31 0 
12 15 20 26 28 33 0 
2 10 14 15 24 30 0 
15 26 30 0 
1 11 12 15 17 22 25 0 
1 2 4 9 12 28 30 0 
1 2 10 12 25 29 0 
3 6 17 18 19 26 30 0 
3 10 13 15 19 22 25 26 31 0 
2 5 10 19 25 27 0 
1 6 16 19 22 23 31 0 
18 25 29 0 
3 6 14 17 21 31 32 0 
7 9 13 17 24 25 26 29 31 0 
5 9 10 13 21 27 0 
1 3 4 15 17 25 0 
5 9 24 31 0 
1 7 8 10 11 24 28 32 33 0 
3 6 20 27 32 33 0 
2 13 14 17 26 28 33 0 
3 10 16 25 27 28 32 0 
7 13 18 22 23 32 0 
6 10 11 14 19 26 27 33 0 
7 19 20 24 26 0 
5 6 15 18 19 26 32 0 
12 18 22 24 26 31 0 
7 11 12 13 18 0 
9 10 13 20 26 28 33 0 
2 3 5 14 15 18 21 25 0 
6 13 15 21 23 24 25 28 30 32 33 0 
13 15 20 31 0 
12 13 15 18 20 28 0 
2 3 25 31 0 
6 13 14 33 0 
8 9 13 24 0 
7 17 22 31 0 
6 8 9 24 27 32 0 
9 14 18 26 29 32 0 
11 20 21 28 0 
2 4 13 15 21 27 33 0 
2 4 6 8 9 13 26 29 32 0 
6 10 13 14 18 24 27 33 0 
6 11 24 27 30 0 
2 17 19 20 25 29 33 0 
4 5 13 16 27 29 32 0 
8 10 15 22 27 28 30 32 0 
4 11 18 21 23 24 25 26 27 0 
5 8 9 13 16 20 22 0 
14 18 19 21 0 
2 16 26 0 
6 11 23 24 28 0 
1 12 14 21 25 33 0 
1 3 7 10 16 18 0 
2 3 5 7 8 13 19 27 0 
8 9 13 20 22 28 33 0 
3 9 10 17 19 20 29 31 32 0 
13 16 20 23 25 0 
4 8 15 17 19 29 32 0 
4 20 23 25 30 32 0 
1 3 5 13 16 0 
3 7 20 30 32 33 0 
8 12 19 22 27 29 32 0 
2 7 23 27 0 
11 19 28 31 33 0 
2 5 7 20 0 
7 10 11 17 20 30 32 0 
1 3 4 18 24 25 27 29 32 0 
4 7 11 12 13 14 17 20 0 
1 9 10 14 20 23 27 0 
5 6 16 20 0 
1 6 20 30 0 
5 12 19 21 27 30 31 0 
20 22 24 30 0 
2 6 0 
2 5 6 20 21 26 28 0 
10 16 22 24 0 
1 14 22 24 25 32 33 0 
8 16 20 25 27 28 29 0 
5 6 8 19 27 33 0 
2 8 20 21 22 23 24 25 27 31 33 0 
8 12 17 18 21 27 29 0 
2 3 7 8 10 18 25 27 0 
8 9 10 11 30 31 0 
2 5 8 16 18 26 33 0 
1 5 11 14 19 23 26 0 
18 26 27 0 
10 12 17 18 27 28 29 33 0 
4 8 25 31 0 
7 9 12 14 17 21 23 0 
11 14 20 29 33 0 
6 7 11 13 19 21 22 23 0 
8 9 12 15 21 23 27 0 
1 5 10 17 20 25 29 31 0 
3 5 14 0 
10 16 17 19 23 0 
11 13 20 23 30 0 
3 5 14 16 25 32 0 
3 8 13 21 25 28 31 0 
1 4 13 14 15 20 22 25 26 30 32 0 
4 8 10 12 23 0 
1 6 9 13 15 21 23 27 0 
3 22 23 26 27 29 0 
2 3 10 12 22 28 30 0 
6 9 10 13 17 19 30 31 0 
1 4 7 8 18 19 21 28 33 0 
12 15 17 18 21 27 0 
5 15 18 0 
3 8 21 24 33 0 
5 17 19 21 29 33 0 
1 2 10 11 13 24 32 0 
8 12 13 15 20 23 25 28 29 0 
11 15 22 26 28 31 0 
8 18 21 26 0 
3 6 8 11 16 22 29 30 33 0 
7 11 15 16 23 24 26 0 
4 10 23 30 0 
4 16 24 28 0 
12 13 14 22 24 0 
5 7 12 13 23 0 
1 2 11 18 20 22 29 30 0 
1 10 19 22 26 28 31 33 0 
1 4 5 6 24 30 32 0 
5 7 17 18 20 29 33 0 
4 8 16 23 24 26 0 
14 22 29 33 0 
13 16 17 21 23 26 0 
1 6 10 13 16 17 23 0 
9 23 24 0 
1 2 6 7 8 14 19 25 0 
1 7 9 12 31 32 0 
8 11 21 23 33 0 
3 7 13 16 21 27 0 
4 5 11 25 0 
8 13 14 19 26 27 0 
5 10 12 13 16 18 24 32 0 
8 20 27 29 0 
8 9 18 21 26 0 
8 10 15 24 0 
7 14 15 16 17 19 27 32 0 
12 14 18 25 27 0 
14 15 17 19 24 25 27 31 0 
1 2 7 8 14 18 22 23 27 0 
10 14 18 19 30 0 
12 15 20 24 25 26 31 0 
5 6 8 11 23 24 0 
2 5 26 32 0 
3 12 25 30 32 0 
6 7 17 18 26 32 0 
5 12 13 0 
2 4 11 12 13 16 19 20 32 0 
13 19 23 33 0 
1 4 5 7 14 16 22 25 31 0 
4 9 10 11 22 23 25 30 31 0 
4 9 13 16 17 29 31 0 
8 20 21 25 0 
5 11 15 29 33 0 
6 9 11 12 15 26 33 0 
1 12 18 19 20 24 0 
3 7 8 10 11 12 13 19 20 32 0 
17 21 23 31 0 
1 15 20 25 27 30 32 0 
6 16 20 21 23 30 32 0 
3 14 15 17 23 25 26 28 0 
1 2 5 8 11 16 25 30 33 0 
2 3 6 8 19 24 30 0 
6 9 11 19 25 27 29 30 0 
6 8 11 12 18 22 25 28 0 
3 12 14 31 0 
9 11 12 14 27 29 0 
5 10 11 15 17 18 19 20 26 29 31 32 0 
6 9 23 24 29 31 0 
7 12 13 15 20 28 0 
16 18 23 25 26 32 0 
11 13 15 17 20 23 30 33 0 
8 11 19 21 22 23 29 0 
10 14 21 24 25 26 0 
3 9 15 20 0 
17 18 20 22 0 
1 2 5 8 15 17 26 30 0 
1 3 23 32 0 
5 8 9 14 15 16 21 24 28 33 0 
3 6 9 22 24 29 0 
3 7 10 14 18 19 0 
3 6 8 10 12 19 22 25 27 28 0 
1 6 8 10 22 24 31 33 0 
9 14 16 18 24 28 31 32 0 
12 23 30 0 
2 11 15 17 21 31 0 
4 7 21 22 27 30 33 0 
6 14 22 23 30 0 
7 11 16 33 0 
13 15 23 24 27 30 0 
1 9 29 33 0 
1 5 6 14 20 0 
6 15 16 17 22 31 0 
-5 -7 -9 -14 -23 -27 -31 0 
-1 -2 -4 -11 -18 -19 -22 -27 -28 -30 0 
-3 -7 -9 -30 0 
-15 -16 -19 -20 -30 0 
-7 -20 0 
-23 -25 -30 -33 0 
-2 -4 -6 -7 -22 -31 0 
-3 -15 -21 -32 -33 0 
-5 -25 -27 0 
-5 -7 -13 -16 -18 -21 0 
-5 -7 -20 -22 -28 -31 0 
-4 -8 -11 -12 -15 -17 -21 -30 0 
-11 -12 -13 -14 -21 -26 -30 0 
-4 -8 -18 -26 -30 -32 0 
-5 -6 -9 -16 -20 -25 -26 -29 -32 0 
-7 -10 -16 -23 -25 -27 -30 -31 0 
-16 -19 -23 -29 -30 -33 0 
-1 -7 -14 -20 -27 0 
-8 -9 -14 -16 -21 -24 -32 -33 0 
-5 -8 -10 -23 -30 -32 0 
-16 -17 -22 -25 -28 -29 -32 0 
-7 -16 -17 -26 -27 -28 -33 0 
-1 -3 -12 -17 -18 -32 0 
-8 -10 -19 -21 -23 -26 -27 -30 0 
-3 -7 -18 -21 -27 -30 0 
-1 -2 -4 -8 -11 -16 -25 -27 -28 -30 0 
-9 -11 -12 -21 -24 -28 -29 0 
-5 -7 -25 -28 -30 -33 0 
-3 -19 -27 -32 -33 0 
-1 -3 -16 -19 -20 -26 -30 -32 0 
-4 -10 -12 -29 0 
-5 -6 -8 -10 -13 -20 -22 -23 -32 0 
-11 -14 -22 -25 -32 0 
-11 -13 -18 -21 0 
-3 -4 -6 -7 -8 -15 -24 -32 0 
-1 -2 -11 -13 -22 -28 -31 0 
-2 -4 -8 -10 -16 -19 -23 -30 0 
-4 -7 -8 -10 -12 -17 -19 -24 -26 -27 -28 0 
-2 -9 -11 -17 -18 -21 -27 0 
-1 -5 -6 -9 -10 -19 -24 -26 -29 0 
-21 -22 -27 -31 0 
-9 -10 -17 -26 -27 -32 0 
-3 -7 -14 -19 -30 0 
-10 -18 -19 -33 0 
-9 -17 -19 -28 -29 0 
-2 -8 -10 -13 -26 -27 0 
-8 -31 0 
-1 -4 -6 -22 -30 -32 0 
-2 -3 -9 -25 -27 -28 -30 0 
-10 -11 -16 -17 -18 -23 -28 -32 0 
-8 -15 -17 -32 0 
-3 -5 -6 -8 -12 -25 -28 0 
-9 -18 -20 -25 -27 -29 -30 0 
-7 -15 -16 -19 -23 0 
-23 -28 -29 -30 0 
-1 -3 -5 -13 -16 -28 0 
-1 -9 -15 -17 -18 -24 -26 -31 -33 0 
-19 -21 -22 0 
-11 -13 -14 -16 -26 -27 -28 -33 0 
-4 -8 -11 -17 -19 -25 -31 0 
-11 -12 -13 -23 -26 0 
-2 -16 -21 -25 -26 0 
-2 -8 -12 -17 -20 -21 -23 -27 0 
-11 -13 -14 -19 -20 -26 0 
-1 -8 -12 -13 -20 -28 -31 -32 -33 0 
-2 -5 -7 -13 -20 -21 -28 0 
-3 -7 -9 -13 -16 -19 -25 -33 0 
-2 -3 -5 -6 -8 -9 -15 -19 -28 0 
-4 -19 -32 0 
-2 -13 -14 -16 -17 -26 0 
-8 -14 -17 -18 -30 -31 -32 0 
-3 -8 -9 -10 -12 -19 -24 -25 -27 -28 0 
-1 -12 -24 -29 -32 0 
-2 -6 -8 -16 -32 -33 0 
-6 -13 -21 -28 -30 0 
-4 -8 -14 -15 -16 -30 0 
-5 -7 -17 -21 -28 0 
-1 -3 -7 -24 -30 0 
-7 -9 -10 -11 -25 -29 -32 0 
-11 -22 -23 -25 -28 0 
-11 -14 -16 -26 -31 -32 0 
-5 -6 -21 -22 -32 -33 0 
-5 -12 -13 -14 -18 0 
-3 -9 -17 -20 -29 0 
-15 -19 -24 -30 0 
-3 -5 -9 -12 -15 -18 -19 0 
-5 -8 -14 -16 -18 -21 -24 -29 -30 -33 0 
-3 -6 -10 -16 -24 0 
-1 -2 -21 0 
-4 -7 -10 -11 -12 -15 -18 -28 -32 0 
-6 -7 -8 -14 -16 -18 -21 0 
-1 -3 -8 -19 -21 -29 -33 0 
-2 -15 -19 -27 -29 0 
-1 -6 -10 -13 -23 -33 0 
-10 -17 -19 -22 -24 -33 0 
-7 -15 -17 -19 -22 -28 -30 0 
-3 -23 -26 -29 0 
-6 -19 -26 -27 -33 0 
-3 -7 -25 0 
-6 -16 -18 -20 -27 -32 0 
-8 -10 -13 -15 -18 -25 -33 0 
-3 -16 -17 -20 -22 -29 -31 0 
-3 -5 -9 -12 -18 -19 -22 -27 0 
-6 -9 -13 -17 -22 -24 -25 -27 -29 -33 0 
-7 -9 -17 -21 -25 -28 0 
-2 -5 -9 -14 -18 -21 -22 -26 0 
-3 -6 0 
-3 -7 -19 -20 -24 0 
-3 -8 -11 -15 -19 -27 0 
-5 -6 -7 -14 -23 -31 -33 0 
-9 -11 -12 -21 -28 -29 0 
-7 -10 -12 -13 -16 -23 -25 -32 -33 0 
-2 -9 -14 -21 -27 -28 -31 0 
-2 -14 -19 -20 -25 -27 -28 0 
-5 -7 -19 -21 -31 0 
-2 -3 -5 -7 -14 -25 -26 -27 -30 -32 -33 0 
-3 -4 -9 -11 -14 -21 -23 0 
-11 -14 -15 -17 -23 -24 -26 -33 0 
-3 -4 -6 -19 -27 -28 -30 -32 0 
-5 -7 -9 -17 -20 -21 -22 -26 -27 -28 -32 0 
-5 -11 -12 -21 -27 -28 -30 0 
-1 -12 -14 -19 -20 -29 -32 0 
-6 -13 -14 -19 -22 0 
-2 -20 -23 -26 -28 0 
-4 -6 -7 -17 -18 -25 0 
-11 -14 -16 -18 -25 -26 0 
-1 -2 -11 -20 -23 0 
-2 -4 -5 -10 -32 -33 0 
-1 -5 -6 -8 -13 -16 -28 0 
-4 -7 -11 -22 -24 -26 0 
-4 -16 -17 0 
-2 -7 -19 -21 0 
-8 -10 -21 -23 -29 -31 0 
-2 -5 -8 -10 -11 -18 -22 -28 -30 0 
-8 -13 -16 -18 -19 -22 -27 -33 0 
-3 -15 -20 -22 -32 0 
-8 -11 -12 -17 -22 -33 0 
-7 -14 -23 -31 0 
-2 -6 -7 -11 -23 -26 -30 -33 0 
-3 -4 -9 -10 -12 -13 -14 -18 -19 -22 -31 0 
-6 -9 -10 -16 -23 -28 -29 -31 0 
-13 -15 -17 -22 -28 0 
-6 -8 -20 -22 -26 -28 0 
-2 -4 -5 -8 -13 -16 -20 -24 -30 0 
-6 -8 -9 -11 -18 -19 -30 -31 0 
-2 -5 -9 -12 -13 -16 -18 -19 0 
-2 -5 -21 -23 -27 0 
-1 -4 -6 -17 -19 -20 -22 -24 0 
-5 -13 -20 -23 -33 0 
-9 -17 -18 -25 -29 0 
-3 -13 -18 -20 -23 -24 0 
-1 -14 -20 -30 0 
-3 -10 -21 -30 -32 0 
-3 -17 -20 -21 -24 -28 -32 0 
-3 -10 -12 -16 -24 -30 0 
-1 -3 -6 -8 -16 -19 -24 -31 0 
-7 -10 -12 -15 -20 -21 -25 -28 0 
-1 -3 -4 -5 -16 -27 -31 -32 0 
-4 -7 -12 -21 -22 -24 -30 0 
-13 -16 -17 -20 -24 -32 0 
-1 -17 -18 -24 -26 0 
-3 -12 -19 -25 -27 -28 -29 0 
-2 -4 -11 -17 0 
-5 -6 -9 -12 -25 -30 0 
-8 -13 -14 -16 -22 -29 -31 0 
-3 -12 -13 -20 -26 -28 -32 0 
-1 -17 -24 -28 -32 0 
-2 -11 -14 -24 -29 -32 0 
-3 -8 -10 -13 -21 -30 0 
-1 -3 -12 -15 -17 -18 -24 0 
-3 -5 -11 -14 -20 -26 -30 -31 0 
-8 -16 -19 -23 -24 -26 0 
-4 -5 -6 -16 -18 -21 -22 -25 -33 0 
-8 -11 -14 -15 -17 -29 -31 0 
-9 -12 -17 -26 -28 -30 0 
-10 -17 -28 0 
-3 -8 -10 -13 -26 0 
-4 -7 -8 -11 -20 0 
-3 -10 -14 -15 -16 -19 -21 -22 0 
-6 -13 -16 -18 -20 -23 -24 -26 -28 -29 -30 -33 0 
-10 -11 -14 -16 -19 -25 0 
-5 -19 -22 -23 -25 -26 -27 0 
-1 -2 -14 -16 -22 -24 -28 -32 -33 0 
-7 -8 -18 -22 -25 -28 -30 0 
-1 -15 -21 -22 -23 0 
-8 -9 -10 -15 -20 -24 -26 0 
-1 -2 -3 -7 -9 -12 -15 -21 -24 -27 0 
-1 -18 -25 -26 -28 0 
-12 -25 -30 0 
-5 -6 -12 -13 -14 -18 -19 0 
-4 -7 -9 -32 0 
-8 -11 -14 -15 -16 -25 -33 0 
-2 -11 -17 -22 -29 0 
-11 -20 -25 -30 -32 -33 0 
-1 -3 -5 -7 -10 -13 -15 -18 -20 0 
-13 -16 -20 -25 0 
-2 -17 -22 -24 -28 0 
-2 -8 -15 -23 0 
-6 -14 -15 -18 -22 -29 0 
-4 -9 -10 -13 -18 -26 -29 -33 0 
-7 -8 -14 -20 -27 -31 0 
-6 -17 -22 -23 -26 -27 -33 0 
-3 -7 -15 -20 -24 -25 0 
-2 -4 -10 -18 0 
-11 -12 -16 -22 -28 -29 -32 -33 0 
-7 -13 -17 -21 -31 0 
-12 -15 -20 -26 -28 -33 0 
-2 -10 -14 -15 -24 -30 0 
-15 -26 -30 0 
-1 -11 -12 -15 -17 -22 -25 0 
-1 -2 -4 -9 -12 -28 -30 0 
-1 -2 -10 -12 -25 -29 0 
-3 -6 -17 -18 -19 -26 -30 0 
-3 -10 -13 -15 -19 -22 -25 -26 -31 0 
-2 -5 -10 -19 -25 -27 0 
-1 -6 -16 -19 -22 -23 -31 0 
-18 -25 -29 0 
-3 -6 -14 -17 -21 -31 -32 0 
-7 -9 -13 -17 -24 -25 -26 -29 -31 0 
-5 -9 -10 -13 -21 -27 0 
-1 -3 -4 -15 -17 -25 0 
-5 -9 -24 -31 0 
-1 -7 -8 -10 -11 -24 -28 -32 -33 0 
-3 -6 -20 -27 -32 -33 0 
-2 -13 -14 -17 -26 -28 -33 0 
-3 -10 -16 -25 -27 -28 -32 0 
-7 -13 -18 -22 -23 -32 0 
-6 -10 -11 -14 -19 -26 -27 -33 0 
-7 -19 -20 -24 -26 0 
-5 -6 -15 -18 -19 -26 -32 0 
-12 -18 -22 -24 -26 -31 0 
-7 -11 -12 -13 -18 0 
-9 -10 -13 -20 -26 -28 -33 0 
-2 -3 -5 -14 -15 -18 -21 -25 0 
-6 -13 -15 -21 -23 -24 -25 -28 -30 -32 -33 0 
-13 -15 -20 -31 0 
-12 -13 -15 -18 -20 -28 0 
-2 -3 -25 -31 0 
-6 -13 -14 -33 0 
-8 -9 -13 -24 0 
-7 -17 -22 -31 0 
-6 -8 -9 -24 -27 -32 0 
-9 -14 -18 -26 -29 -32 0 
-11 -20 -21 -28 0 
-2 -4 -13 -15 -21 -27 -33 0 
-2 -4 -6 -8 -9 -13 -26 -29 -32 0 
-6 -10 -13 -14 -18 -24 -27 -33 0 
-6 -11 -24 -27 -30 0 
-2 -17 -19 -20 -25 -29 -33 0 
-4 -5 -13 -16 -27 -29 -32 0 
-8 -10 -15 -22 -27 -28 -30 -32 0 
-4 -11 -18 -21 -23 -24 -25 -26 -27 0 
-5 -8 -9 -13 -16 -20 -22 0 
-14 -18 -19 -21 0 
-2 -16 -26 0 
-6 -11 -23 -24 -28 0 
-1 -12 -14 -21 -25 -33 0 
-1 -3 -7 -10 -16 -18 0 
-2 -3 -5 -7 -8 -13 -19 -27 0 
-8 -9 -13 -20 -22 -28 -33 0 
-3 -9 -10 -17 -19 -20 -29 -31 -32 0 
-13 -16 -20 -23 -25 0 
-4 -8 -15 -17 -19 -29 -32 0 
-4 -20 -23 -25 -30 -32 0 
-1 -3 -5 -13 -16 0 
-3 -7 -20 -30 -32 -33 0 
-8 -12 -19 -22 -27 -29 -32 0 
-2 -7 -23 -27 0 
-11 -19 -28 -31 -33 0 
-2 -5 -7 -20 0 
-7 -10 -11 -17 -20 -30 -32 0 
-1 -3 -4 -18 -24 -25 -27 -29 -32 0 
-4 -7 -11 -12 -13 -14 -17 -20 0 
-1 -9 -10 -14 -20 -23 -27 0 
-5 -6 -16 -20 0 
-1 -6 -20 -30 0 
-5 -12 -19 -21 -27 -30 -31 0 
-20 -22 -24 -30 0 
-2 -6 0 
-2 -5 -6 -20 -21 -26 -28 0 
-10 -16 -22 -24 0 
-1 -14 -22 -24 -25 -32 -33 0 
-8 -16 -20 -25 -27 -28 -29 0 
-5 -6 -8 -19 -27 -33 0 
-2 -8 -20 -21 -22 -23 -24 -25 -27 -31 -33 0 
-8 -12 -17 -18 -21 -27 -29 0 
-2 -3 -7 -8 -10 -18 -25 -27 0 
-8 -9 -10 -11 -30 -31 0 
-2 -5 -8 -16 -18 -26 -33 0 
-1 -5 -11 -14 -19 -23 -26 0 
-18 -26 -27 0 
-10 -12 -17 -18 -27 -28 -29 -33 0 
-4 -8 -25 -31 0 
-7 -9 -12 -14 -17 -21 -23 0 
-11 -14 -20 -29 -33 0 
-6 -7 -11 -13 -19 -21 -22 -23 0 
-8 -9 -12 -15 -21 -23 -27 0 
-1 -5 -10 -17 -20 -25 -29 -31 0 
-3 -5 -14 0 
-10 -16 -17 -19 -23 0 
-11 -13 -20 -23 -30 0 
-3 -5 -14 -16 -25 -32 0 
-3 -8 -13 -21 -25 -28 -31 0 
-1 -4 -13 -14 -15 -20 -22 -25 -26 -30 -32 0 
-4 -8 -10 -12 -23 0 
-1 -6 -9 -13 -15 -21 -23 -27 0 
-3 -22 -23 -26 -27 -29 0 
-2 -3 -10 -12 -22 -28 -30 0 
-6 -9 -10 -13 -17 -19 -30 -31 0 
-1 -4 -7 -8 -18 -19 -21 -28 -33 0 
-12 -15 -17 -18 -21 -27 0 
-5 -15 -18 0 
-3 -8 -21 -24 -33 0 
-5 -17 -19 -21 -29 -33 0 
-1 -2 -10 -11 -13 -24 -32 0 
-8 -12 -13 -15 -20 -23 -25 -28 -29 0 
-11 -15 -22 -26 -28 -31 0 
-8 -18 -21 -26 0 
-3 -6 -8 -11 -16 -22 -29 -30 -33 0 
-7 -11 -15 -16 -23 -24 -26 0 
-4 -10 -23 -30 0 
-4 -16 -24 -28 0 
-12 -13 -14 -22 -24 0 
-5 -7 -12 -13 -23 0 
-1 -2 -11 -18 -20 -22 -29 -30 0 
-1 -10 -19 -22 -26 -28 -31 -33 0 
-1 -4 -5 -6 -24 -30 -32 0 
-5 -7 -17 -18 -20 -29 -33 0 
-4 -8 -16 -23 -24 -26 0 
-14 -22 -29 -33 0 
-13 -16 -17 -21 -23 -26 0 
-1 -6 -10 -13 -16 -17 -23 0 
-9 -23 -24 0 
-1 -2 -6 -7 -8 -14 -19 -25 0 
-1 -7 -9 -12 -31 -32 0 
-8 -11 -21 -23 -33 0 
-3 -7 -13 -16 -21 -27 0 
-4 -5 -11 -25 0 
-8 -13 -14 -19 -26 -27 0 
-5 -10 -12 -13 -16 -18 -24 -32 0 
-8 -20 -27 -29 0 
-8 -9 -18 -21 -26 0 
-8 -10 -15 -24 0 
-7 -14 -15 -16 -17 -19 -27 -32 0 
-12 -14 -18 -25 -27 0 
-14 -15 -17 -19 -24 -25 -27 -31 0 
-1 -2 -7 -8 -14 -18 -22 -23 -27 0 
-10 -14 -18 -19 -30 0 
-12 -15 -20 -24 -25 -26 -31 0 
-5 -6 -8 -11 -23 -24 0 
-2 -5 -26 -32 0 
-3 -12 -25 -30 -32 0 
-6 -7 -17 -18 -26 -32 0 
-5 -12 -13 0 
-2 -4 -11 -12 -13 -16 -19 -20 -32 0 
-13 -19 -23 -33 0 
-1 -4 -5 -7 -14 -16 -22 -25 -31 0 
-4 -9 -10 -11 -22 -23 -25 -30 -31 0 
-4 -9 -13 -16 -17 -29 -31 0 
-8 -20 -21 -25 0 
-5 -11 -15 -29 -33 0 
-6 -9 -11 -12 -15 -26 -33 0 
-1 -12 -18 -19 -20 -24 0 
-3 -7 -8 -10 -11 -12 -13 -19 -20 -32 0 
-17 -21 -23 -31 0 
-1 -15 -20 -25 -27 -30 -32 0 
-6 -16 -20 -21 -23 -30 -32 0 
-3 -14 -15 -17 -23 -25 -26 -28 0 
-1 -2 -5 -8 -11 -16 -25 -30 -33 0 
-2 -3 -6 -8 -19 -24 -30 0 
-6 -9 -11 -19 -25 -27 -29 -30 0 
-6 -8 -11 -12 -18 -22 -25 -28 0 
-3 -12 -14 -31 0 
-9 -11 -12 -14 -27 -29 0 
-5 -10 -11 -15 -17 -18 -19 -20 -26 -29 -31 -32 0 
-6 -9 -23 -24 -29 -31 0 
-7 -12 -13 -15 -20 -28 0 
-16 -18 -23 -25 -26 -32 0 
-11 -13 -15 -17 -20 -23 -30 -33 0 
-8 -11 -19 -21 -22 -23 -29 0 
-10 -14 -21 -24 -25 -26 0 
-3 -9 -15 -20 0 
-17 -18 -20 -22 0 
-1 -2 -5 -8 -15 -17 -26 -30 0 
-1 -3 -23 -32 0 
-5 -8 -9 -14 -15 -16 -21 -24 -28 -33 0 
-3 -6 -9 -22 -24 -29 0 
-3 -7 -10 -14 -18 -19 0 
-3 -6 -8 -10 -12 -19 -22 -25 -27 -28 0 
-1 -6 -8 -10 -22 -24 -31 -33 0 
-9 -14 -16 -18 -24 -28 -31 -32 0 
-12 -23 -30 0 
-2 -11 -15 -17 -21 -31 0 
-4 -7 -21 -22 -27 -30 -33 0 
-6 -14 -22 -23 -30 0 
-7 -11 -16 -33 0 
-13 -15 -23 -24 -27 -30 0 
-1 -9 -29 -33 0 
-1 -5 -6 -14 -20 0 
-6 -15 -16 -17 -22 -31 0 
