p cnf 33 800
1 2 4 12 13 31 0 
1 2 4 10 16 19 24 30 32 0 
8 11 16 27 0 
1 2 20 24 28 31 33 0 
1 3 6 7 14 21 29 0 
4 5 7 25 0 
3 6 9 12 15 18 21 22 23 32 0 
8 9 17 26 31 0 
10 16 17 19 20 0 
21 24 28 0 
2 13 14 20 24 26 0 
1 2 3 9 14 16 23 31 0 
7 8 14 15 25 0 
10 14 22 23 24 0 
8 12 13 15 22 25 0 
5 6 7 8 16 30 0 
2 13 27 32 0 
5 15 18 21 32 0 
2 7 8 21 31 33 0 
1 9 16 21 22 23 28 0 
13 15 17 21 22 33 0 
4 10 14 32 0 
1 5 8 10 13 21 22 26 31 33 0 
3 8 9 16 17 25 0 
8 17 23 31 0 
1 5 6 8 19 26 29 33 0 
2 5 12 16 19 30 31 0 
17 18 19 25 27 0 
9 11 14 18 22 27 32 0 
3 8 9 14 25 33 0 
6 9 10 20 21 23 28 0 
1 3 7 11 12 26 27 28 30 0 
7 14 17 22 26 0 
8 11 22 24 30 0 
1 3 8 12 20 21 23 24 30 31 32 0 
10 11 19 22 24 26 28 0 
1 3 12 14 15 19 28 0 
12 15 17 18 23 29 33 0 
12 16 21 23 29 30 31 0 
5 12 13 14 24 25 30 32 0 
1 2 17 21 0 
4 10 21 28 0 
1 2 4 9 15 20 26 31 33 0 
11 12 13 16 17 21 26 32 0 
3 6 18 21 23 25 26 32 0 
3 11 12 20 0 
5 6 15 23 25 29 31 0 
2 7 9 20 24 31 0 
13 14 16 20 21 27 0 
4 5 6 7 13 14 15 16 23 30 0 
17 19 21 22 28 29 0 
2 6 9 14 24 27 32 0 
3 6 10 11 13 16 21 30 31 0 
6 16 23 0 
6 8 11 14 19 20 27 0 
7 8 18 23 33 0 
8 9 12 16 20 25 0 
5 9 10 11 13 21 25 26 27 30 0 
1 6 10 17 18 22 28 30 32 33 0 
3 8 11 12 16 22 0 
6 7 12 17 24 32 0 
2 8 9 11 13 19 23 29 0 
4 19 25 32 0 
1 8 18 19 27 0 
3 11 17 24 28 29 0 
12 17 20 28 32 0 
10 12 15 16 17 20 26 33 0 
1 11 18 20 25 28 0 
5 9 11 15 20 21 26 33 0 
6 20 23 25 31 0 
8 9 13 26 32 0 
1 7 11 15 19 32 0 
2 4 13 23 26 0 
4 14 15 19 22 26 30 0 
7 27 30 0 
10 23 30 0 
3 7 9 22 28 29 31 33 0 
8 13 19 26 0 
6 7 13 18 20 29 0 
1 3 6 12 16 30 0 
16 17 19 25 30 0 
18 19 20 23 24 25 32 0 
17 21 22 29 30 32 0 
1 2 3 11 24 25 26 28 0 
2 21 0 
2 8 15 24 28 29 0 
11 12 14 23 27 28 31 32 0 
4 6 11 18 19 20 26 28 0 
7 10 11 15 16 0 
7 16 17 32 0 
2 10 11 12 14 16 25 0 
1 4 6 28 0 
1 6 8 12 17 20 22 0 
18 19 20 32 0 
6 15 22 29 30 33 0 
1 11 18 21 22 24 27 28 32 33 0 
8 10 14 28 30 0 
16 20 24 29 0 
7 15 16 26 27 30 32 0 
1 4 9 15 16 18 25 33 0 
11 13 14 19 22 30 31 0 
5 7 8 17 20 22 25 26 28 31 0 
9 18 19 25 26 28 29 31 0 
7 10 26 29 31 0 
14 16 18 28 0 
3 7 12 15 17 27 28 29 0 
5 15 18 25 26 29 0 
4 7 10 12 13 15 16 20 21 28 0 
5 21 24 27 33 0 
6 9 16 20 22 0 
1 7 12 24 25 26 28 31 0 
2 15 16 20 0 
3 5 15 18 19 21 22 24 28 30 0 
2 26 27 32 0 
8 15 16 21 0 
8 12 13 17 21 32 0 
16 17 21 24 32 0 
1 3 9 14 15 25 26 0 
7 9 10 11 0 
2 4 11 13 20 26 32 0 
13 17 24 28 0 
16 20 25 26 32 33 0 
4 14 20 22 26 0 
2 10 16 22 23 0 
5 11 12 19 25 30 31 0 
4 10 16 17 18 19 20 22 27 30 0 
2 7 16 20 22 29 30 31 0 
7 8 11 15 28 0 
1 6 8 13 27 33 0 
1 6 8 21 23 26 29 33 0 
6 15 16 21 31 0 
4 7 9 11 12 19 27 30 31 0 
8 13 17 19 28 30 31 0 
2 5 9 17 19 31 33 0 
7 13 20 21 23 33 0 
2 3 27 29 0 
3 8 15 23 31 32 0 
1 8 18 19 23 24 0 
2 4 10 33 0 
2 12 14 30 0 
16 17 22 0 
2 5 7 11 16 17 31 0 
5 6 21 23 28 33 0 
1 8 12 14 26 31 0 
3 4 5 6 29 32 33 0 
11 13 14 17 27 0 
22 23 28 29 30 33 0 
1 9 11 12 22 27 28 32 0 
4 7 11 12 13 16 17 19 21 30 31 0 
1 4 12 20 26 27 0 
7 13 20 22 24 28 29 30 0 
1 2 9 10 18 26 28 0 
4 6 10 12 16 21 31 0 
2 6 15 0 
4 5 6 12 13 16 17 27 31 0 
1 16 18 28 31 32 0 
3 6 7 8 21 24 27 0 
2 5 9 10 12 13 27 29 0 
7 18 21 22 29 30 31 0 
1 11 14 15 16 30 31 32 0 
4 8 13 21 30 31 0 
4 5 6 8 12 15 29 0 
11 18 21 23 24 28 0 
1 2 9 10 33 0 
5 21 24 25 28 31 0 
2 3 8 9 10 12 17 28 29 0 
1 15 16 18 0 
8 9 25 27 28 33 0 
3 4 10 22 24 25 30 0 
6 13 14 23 29 0 
2 4 7 15 20 25 0 
1 6 10 13 17 25 27 33 0 
10 11 12 16 28 0 
3 4 12 23 26 29 33 0 
11 12 14 16 27 30 33 0 
1 2 7 11 18 20 22 23 31 0 
1 6 9 12 13 30 31 0 
11 16 18 25 27 33 0 
7 8 12 15 0 
6 8 9 22 27 33 0 
4 6 8 9 18 0 
20 24 28 33 0 
3 4 8 9 20 25 0 
2 5 10 11 15 16 19 28 30 0 
11 15 23 26 0 
2 4 5 16 19 21 30 32 33 0 
8 15 21 22 23 24 31 0 
4 9 21 31 0 
1 2 3 6 9 12 24 25 26 27 0 
4 5 8 9 12 22 26 0 
22 25 27 31 0 
4 6 8 11 17 32 0 
2 3 5 9 13 16 0 
7 14 16 17 24 25 26 28 30 0 
5 14 23 27 0 
2 4 8 10 18 20 23 33 0 
4 7 11 22 33 0 
4 11 12 13 16 0 
9 18 21 23 27 0 
2 9 11 15 24 31 0 
5 9 11 16 18 19 21 29 33 0 
3 8 12 17 21 23 27 0 
7 10 12 13 14 21 24 30 0 
5 9 10 12 18 24 28 31 0 
2 3 8 13 23 25 26 29 0 
4 16 17 22 28 29 33 0 
6 19 30 33 0 
1 8 9 13 17 30 0 
4 10 13 25 0 
7 12 28 30 31 0 
12 15 29 30 31 0 
6 7 11 33 0 
3 5 7 10 16 23 24 30 0 
8 10 12 14 17 24 28 31 33 0 
1 10 11 12 14 16 32 33 0 
3 9 15 16 22 29 30 0 
2 3 8 9 15 22 29 0 
11 12 13 14 16 18 23 0 
2 5 17 23 30 31 33 0 
8 11 12 21 23 30 31 0 
1 7 23 28 29 0 
9 13 15 22 25 26 31 0 
4 5 9 31 32 0 
1 5 16 19 21 22 30 0 
8 10 11 18 23 24 26 28 0 
1 5 7 11 13 23 28 0 
3 5 9 10 11 21 22 23 0 
2 3 10 16 17 24 33 0 
3 5 12 13 19 25 33 0 
1 8 15 16 17 18 20 29 0 
11 14 16 31 0 
5 23 28 30 0 
5 13 16 25 33 0 
6 8 11 22 23 0 
4 11 17 19 21 23 24 28 0 
8 18 31 0 
2 4 12 13 14 15 20 23 24 26 0 
2 3 7 16 18 24 26 28 30 32 0 
4 5 6 7 10 14 19 20 24 26 0 
8 9 17 0 
18 19 0 
6 24 28 30 0 
4 5 9 11 14 16 20 27 29 31 32 33 0 
1 4 11 12 27 0 
1 5 10 12 26 32 33 0 
11 13 16 19 24 0 
1 3 4 8 15 21 27 0 
13 14 21 0 
4 11 12 15 20 22 23 0 
3 4 7 9 11 25 27 0 
11 14 27 0 
26 28 0 
2 11 17 18 22 30 0 
5 8 17 19 20 23 24 29 31 32 0 
1 7 8 11 20 23 24 0 
7 8 9 14 23 30 31 33 0 
3 5 17 26 0 
6 10 12 33 0 
3 4 8 9 15 27 0 
1 4 6 8 15 17 30 0 
12 16 21 27 0 
8 10 12 13 17 18 26 27 0 
16 27 28 29 33 0 
3 8 15 16 28 0 
4 5 8 11 24 0 
12 18 28 0 
5 6 10 12 17 20 26 29 0 
2 3 5 8 11 14 26 32 0 
1 3 5 8 13 14 15 24 25 30 0 
6 9 11 12 22 23 31 0 
2 6 24 27 0 
2 6 12 13 18 19 20 29 0 
5 11 13 30 31 0 
5 10 15 17 33 0 
17 18 20 30 31 0 
2 5 7 8 11 12 21 25 33 0 
4 12 15 19 21 31 33 0 
14 22 24 29 0 
3 5 7 18 20 26 27 0 
5 21 26 29 32 0 
8 9 13 14 17 19 23 31 32 0 
2 4 7 15 21 27 29 30 31 32 0 
1 8 9 20 22 24 29 0 
2 3 18 19 22 28 0 
2 4 5 11 12 13 16 22 27 0 
4 5 6 8 19 25 27 28 0 
2 4 6 7 8 17 18 23 24 33 0 
4 6 15 16 20 23 25 32 0 
10 11 16 19 27 0 
2 29 31 32 0 
8 19 25 29 31 0 
4 11 26 30 31 0 
7 10 11 16 20 24 25 27 0 
2 3 4 5 21 27 29 30 33 0 
3 5 9 16 18 21 25 29 31 0 
3 5 6 10 12 18 20 25 27 0 
8 9 10 14 21 0 
2 4 11 14 15 18 24 0 
4 8 17 18 26 31 0 
11 17 21 28 31 32 0 
19 23 24 29 32 0 
18 24 27 28 0 
14 22 23 28 0 
3 5 9 19 26 0 
1 5 13 14 23 25 0 
2 3 7 13 15 20 23 33 0 
10 16 19 26 30 31 0 
4 8 10 14 16 29 0 
2 3 5 12 13 14 26 27 0 
9 20 26 27 28 29 32 33 0 
9 12 13 22 26 30 31 32 0 
2 3 7 8 9 27 28 29 30 31 0 
4 10 11 12 16 18 29 32 0 
4 7 8 10 15 19 25 31 32 0 
2 4 12 17 23 26 28 0 
2 4 6 14 19 22 0 
4 16 26 32 33 0 
5 20 21 24 0 
1 5 6 7 11 33 0 
8 9 12 14 16 21 25 31 0 
9 14 21 23 28 30 31 0 
8 19 0 
5 7 8 9 10 17 22 27 30 33 0 
7 16 23 29 32 0 
11 14 15 27 33 0 
1 3 5 6 16 21 0 
6 7 13 24 29 0 
1 8 16 17 18 19 30 0 
2 6 10 12 19 21 23 0 
10 15 20 29 31 33 0 
5 7 15 22 26 30 32 0 
2 3 5 9 23 30 0 
3 8 10 11 16 21 22 29 30 33 0 
9 12 13 18 20 21 30 32 0 
4 7 8 11 13 15 16 25 0 
1 3 5 15 17 24 30 0 
1 6 8 10 18 22 26 28 0 
3 13 26 0 
3 5 6 9 14 17 23 29 30 33 0 
2 8 11 22 27 29 32 0 
5 10 14 18 20 26 0 
6 9 10 12 13 18 21 25 26 0 
2 7 13 14 19 0 
3 9 15 26 27 0 
1 3 9 14 17 23 24 28 29 0 
5 15 18 24 0 
7 9 12 23 27 31 0 
8 9 13 17 19 22 0 
2 5 6 12 13 19 21 24 30 0 
5 6 10 16 19 21 27 32 0 
8 11 15 17 28 0 
13 17 19 32 0 
4 9 15 20 23 25 31 0 
4 13 17 20 21 25 31 0 
1 8 10 18 26 31 0 
1 5 8 10 12 16 17 20 0 
3 8 16 26 30 0 
4 13 21 24 26 27 0 
7 8 30 33 0 
2 4 16 24 25 28 31 0 
6 13 14 19 28 30 0 
3 13 16 18 33 0 
6 16 18 20 24 25 33 0 
8 21 25 30 32 0 
2 10 11 17 21 22 29 0 
6 15 16 20 23 24 31 0 
3 5 15 19 21 29 0 
3 11 12 19 25 0 
11 13 14 15 21 22 27 33 0 
16 17 19 33 0 
1 2 9 21 33 0 
1 19 23 33 0 
6 13 22 23 26 31 0 
7 8 10 29 32 33 0 
4 8 23 25 26 29 30 32 0 
11 13 25 27 29 33 0 
9 14 18 21 30 0 
6 10 11 18 31 0 
7 9 12 17 20 22 28 30 0 
3 4 7 13 14 15 18 28 0 
5 9 11 12 15 20 21 26 0 
7 12 18 20 0 
4 23 25 26 28 29 33 0 
10 17 22 23 25 31 0 
3 7 11 12 20 30 0 
2 9 16 25 0 
5 14 17 21 22 25 26 30 31 0 
10 16 22 24 26 0 
12 14 30 31 0 
1 17 20 0 
1 4 11 12 21 0 
20 27 28 0 
3 17 18 32 0 
12 13 23 30 32 0 
12 16 27 32 33 0 
4 7 9 11 15 19 21 27 0 
14 17 19 21 22 25 26 33 0 
3 9 10 22 0 
3 4 11 12 17 20 21 24 25 0 
9 21 31 0 
-1 -2 -4 -12 -13 -31 0 
-1 -2 -4 -10 -16 -19 -24 -30 -32 0 
-8 -11 -16 -27 0 
-1 -2 -20 -24 -28 -31 -33 0 
-1 -3 -6 -7 -14 -21 -29 0 
-4 -5 -7 -25 0 
-3 -6 -9 -12 -15 -18 -21 -22 -23 -32 0 
-8 -9 -17 -26 -31 0 
-10 -16 -17 -19 -20 0 
-21 -24 -28 0 
-2 -13 -14 -20 -24 -26 0 
-1 -2 -3 -9 -14 -16 -23 -31 0 
-7 -8 -14 -15 -25 0 
-10 -14 -22 -23 -24 0 
-8 -12 -13 -15 -22 -25 0 
-5 -6 -7 -8 -16 -30 0 
-2 -13 -27 -32 0 
-5 -15 -18 -21 -32 0 
-2 -7 -8 -21 -31 -33 0 
-1 -9 -16 -21 -22 -23 -28 0 
-13 -15 -17 -21 -22 -33 0 
-4 -10 -14 -32 0 
-1 -5 -8 -10 -13 -21 -22 -26 -31 -33 0 
-3 -8 -9 -16 -17 -25 0 
-8 -17 -23 -31 0 
-1 -5 -6 -8 -19 -26 -29 -33 0 
-2 -5 -12 -16 -19 -30 -31 0 
-17 -18 -19 -25 -27 0 
-9 -11 -14 -18 -22 -27 -32 0 
-3 -8 -9 -14 -25 -33 0 
-6 -9 -10 -20 -21 -23 -28 0 
-1 -3 -7 -11 -12 -26 -27 -28 -30 0 
-7 -14 -17 -22 -26 0 
-8 -11 -22 -24 -30 0 
-1 -3 -8 -12 -20 -21 -23 -24 -30 -31 -32 0 
-10 -11 -19 -22 -24 -26 -28 0 
-1 -3 -12 -14 -15 -19 -28 0 
-12 -15 -17 -18 -23 -29 -33 0 
-12 -16 -21 -23 -29 -30 -31 0 
-5 -12 -13 -14 -24 -25 -30 -32 0 
-1 -2 -17 -21 0 
-4 -10 -21 -28 0 
-1 -2 -4 -9 -15 -20 -26 -31 -33 0 
-11 -12 -13 -16 -17 -21 -26 -32 0 
-3 -6 -18 -21 -23 -25 -26 -32 0 
-3 -11 -12 -20 0 
-5 -6 -15 -23 -25 -29 -31 0 
-2 -7 -9 -20 -24 -31 0 
-13 -14 -16 -20 -21 -27 0 
-4 -5 -6 -7 -13 -14 -15 -16 -23 -30 0 
-17 -19 -21 -22 -28 -29 0 
-2 -6 -9 -14 -24 -27 -32 0 
-3 -6 -10 -11 -13 -16 -21 -30 -31 0 
-6 -16 -23 0 
-6 -8 -11 -14 -19 -20 -27 0 
-7 -8 -18 -23 -33 0 
-8 -9 -12 -16 -20 -25 0 
-5 -9 -10 -11 -13 -21 -25 -26 -27 -30 0 
-1 -6 -10 -17 -18 -22 -28 -30 -32 -33 0 
-3 -8 -11 -12 -16 -22 0 
-6 -7 -12 -17 -24 -32 0 
-2 -8 -9 -11 -13 -19 -23 -29 0 
-4 -19 -25 -32 0 
-1 -8 -18 -19 -27 0 
-3 -11 -17 -24 -28 -29 0 
-12 -17 -20 -28 -32 0 
-10 -12 -15 -16 -17 -20 -26 -33 0 
-1 -11 -18 -20 -25 -28 0 
-5 -9 -11 -15 -20 -21 -26 -33 0 
-6 -20 -23 -25 -31 0 
-8 -9 -13 -26 -32 0 
-1 -7 -11 -15 -19 -32 0 
-2 -4 -13 -23 -26 0 
-4 -14 -15 -19 -22 -26 -30 0 
-7 -27 -30 0 
-10 -23 -30 0 
-3 -7 -9 -22 -28 -29 -31 -33 0 
-8 -13 -19 -26 0 
-6 -7 -13 -18 -20 -29 0 
-1 -3 -6 -12 -16 -30 0 
-16 -17 -19 -25 -30 0 
-18 -19 -20 -23 -24 -25 -32 0 
-17 -21 -22 -29 -30 -32 0 
-1 -2 -3 -11 -24 -25 -26 -28 0 
-2 -21 0 
-2 -8 -15 -24 -28 -29 0 
-11 -12 -14 -23 -27 -28 -31 -32 0 
-4 -6 -11 -18 -19 -20 -26 -28 0 
-7 -10 -11 -15 -16 0 
-7 -16 -17 -32 0 
-2 -10 -11 -12 -14 -16 -25 0 
-1 -4 -6 -28 0 
-1 -6 -8 -12 -17 -20 -22 0 
-18 -19 -20 -32 0 
-6 -15 -22 -29 -30 -33 0 
-1 -11 -18 -21 -22 -24 -27 -28 -32 -33 0 
-8 -10 -14 -28 -30 0 
-16 -20 -24 -29 0 
-7 -15 -16 -26 -27 -30 -32 0 
-1 -4 -9 -15 -16 -18 -25 -33 0 
-11 -13 -14 -19 -22 -30 -31 0 
-5 -7 -8 -17 -20 -22 -25 -26 -28 -31 0 
-9 -18 -19 -25 -26 -28 -29 -31 0 
-7 -10 -26 -29 -31 0 
-14 -16 -18 -28 0 
-3 -7 -12 -15 -17 -27 -28 -29 0 
-5 -15 -18 -25 -26 -29 0 
-4 -7 -10 -12 -13 -15 -16 -20 -21 -28 0 
-5 -21 -24 -27 -33 0 
-6 -9 -16 -20 -22 0 
-1 -7 -12 -24 -25 -26 -28 -31 0 
-2 -15 -16 -20 0 
-3 -5 -15 -18 -19 -21 -22 -24 -28 -30 0 
-2 -26 -27 -32 0 
-8 -15 -16 -21 0 
-8 -12 -13 -17 -21 -32 0 
-16 -17 -21 -24 -32 0 
-1 -3 -9 -14 -15 -25 -26 0 
-7 -9 -10 -11 0 
-2 -4 -11 -13 -20 -26 -32 0 
-13 -17 -24 -28 0 
-16 -20 -25 -26 -32 -33 0 
-4 -14 -20 -22 -26 0 
-2 -10 -16 -22 -23 0 
-5 -11 -12 -19 -25 -30 -31 0 
-4 -10 -16 -17 -18 -19 -20 -22 -27 -30 0 
-2 -7 -16 -20 -22 -29 -30 -31 0 
-7 -8 -11 -15 -28 0 
-1 -6 -8 -13 -27 -33 0 
-1 -6 -8 -21 -23 -26 -29 -33 0 
-6 -15 -16 -21 -31 0 
-4 -7 -9 -11 -12 -19 -27 -30 -31 0 
-8 -13 -17 -19 -28 -30 -31 0 
-2 -5 -9 -17 -19 -31 -33 0 
-7 -13 -20 -21 -23 -33 0 
-2 -3 -27 -29 0 
-3 -8 -15 -23 -31 -32 0 
-1 -8 -18 -19 -23 -24 0 
-2 -4 -10 -33 0 
-2 -12 -14 -30 0 
-16 -17 -22 0 
-2 -5 -7 -11 -16 -17 -31 0 
-5 -6 -21 -23 -28 -33 0 
-1 -8 -12 -14 -26 -31 0 
-3 -4 -5 -6 -29 -32 -33 0 
-11 -13 -14 -17 -27 0 
-22 -23 -28 -29 -30 -33 0 
-1 -9 -11 -12 -22 -27 -28 -32 0 
-4 -7 -11 -12 -13 -16 -17 -19 -21 -30 -31 0 
-1 -4 -12 -20 -26 -27 0 
-7 -13 -20 -22 -24 -28 -29 -30 0 
-1 -2 -9 -10 -18 -26 -28 0 
-4 -6 -10 -12 -16 -21 -31 0 
-2 -6 -15 0 
-4 -5 -6 -12 -13 -16 -17 -27 -31 0 
-1 -16 -18 -28 -31 -32 0 
-3 -6 -7 -8 -21 -24 -27 0 
-2 -5 -9 -10 -12 -13 -27 -29 0 
-7 -18 -21 -22 -29 -30 -31 0 
-1 -11 -14 -15 -16 -30 -31 -32 0 
-4 -8 -13 -21 -30 -31 0 
-4 -5 -6 -8 -12 -15 -29 0 
-11 -18 -21 -23 -24 -28 0 
-1 -2 -9 -10 -33 0 
-5 -21 -24 -25 -28 -31 0 
-2 -3 -8 -9 -10 -12 -17 -28 -29 0 
-1 -15 -16 -18 0 
-8 -9 -25 -27 -28 -33 0 
-3 -4 -10 -22 -24 -25 -30 0 
-6 -13 -14 -23 -29 0 
-2 -4 -7 -15 -20 -25 0 
-1 -6 -10 -13 -17 -25 -27 -33 0 
-10 -11 -12 -16 -28 0 
-3 -4 -12 -23 -26 -29 -33 0 
-11 -12 -14 -16 -27 -30 -33 0 
-1 -2 -7 -11 -18 -20 -22 -23 -31 0 
-1 -6 -9 -12 -13 -30 -31 0 
-11 -16 -18 -25 -27 -33 0 
-7 -8 -12 -15 0 
-6 -8 -9 -22 -27 -33 0 
-4 -6 -8 -9 -18 0 
-20 -24 -28 -33 0 
-3 -4 -8 -9 -20 -25 0 
-2 -5 -10 -11 -15 -16 -19 -28 -30 0 
-11 -15 -23 -26 0 
-2 -4 -5 -16 -19 -21 -30 -32 -33 0 
-8 -15 -21 -22 -23 -24 -31 0 
-4 -9 -21 -31 0 
-1 -2 -3 -6 -9 -12 -24 -25 -26 -27 0 
-4 -5 -8 -9 -12 -22 -26 0 
-22 -25 -27 -31 0 
-4 -6 -8 -11 -17 -32 0 
-2 -3 -5 -9 -13 -16 0 
-7 -14 -16 -17 -24 -25 -26 -28 -30 0 
-5 -14 -23 -27 0 
-2 -4 -8 -10 -18 -20 -23 -33 0 
-4 -7 -11 -22 -33 0 
-4 -11 -12 -13 -16 0 
-9 -18 -21 -23 -27 0 
-2 -9 -11 -15 -24 -31 0 
-5 -9 -11 -16 -18 -19 -21 -29 -33 0 
-3 -8 -12 -17 -21 -23 -27 0 
-7 -10 -12 -13 -14 -21 -24 -30 0 
-5 -9 -10 -12 -18 -24 -28 -31 0 
-2 -3 -8 -13 -23 -25 -26 -29 0 
-4 -16 -17 -22 -28 -29 -33 0 
-6 -19 -30 -33 0 
-1 -8 -9 -13 -17 -30 0 
-4 -10 -13 -25 0 
-7 -12 -28 -30 -31 0 
-12 -15 -29 -30 -31 0 
-6 -7 -11 -33 0 
-3 -5 -7 -10 -16 -23 -24 -30 0 
-8 -10 -12 -14 -17 -24 -28 -31 -33 0 
-1 -10 -11 -12 -14 -16 -32 -33 0 
-3 -9 -15 -16 -22 -29 -30 0 
-2 -3 -8 -9 -15 -22 -29 0 
-11 -12 -13 -14 -16 -18 -23 0 
-2 -5 -17 -23 -30 -31 -33 0 
-8 -11 -12 -21 -23 -30 -31 0 
-1 -7 -23 -28 -29 0 
-9 -13 -15 -22 -25 -26 -31 0 
-4 -5 -9 -31 -32 0 
-1 -5 -16 -19 -21 -22 -30 0 
-8 -10 -11 -18 -23 -24 -26 -28 0 
-1 -5 -7 -11 -13 -23 -28 0 
-3 -5 -9 -10 -11 -21 -22 -23 0 
-2 -3 -10 -16 -17 -24 -33 0 
-3 -5 -12 -13 -19 -25 -33 0 
-1 -8 -15 -16 -17 -18 -20 -29 0 
-11 -14 -16 -31 0 
-5 -23 -28 -30 0 
-5 -13 -16 -25 -33 0 
-6 -8 -11 -22 -23 0 
-4 -11 -17 -19 -21 -23 -24 -28 0 
-8 -18 -31 0 
-2 -4 -12 -13 -14 -15 -20 -23 -24 -26 0 
-2 -3 -7 -16 -18 -24 -26 -28 -30 -32 0 
-4 -5 -6 -7 -10 -14 -19 -20 -24 -26 0 
-8 -9 -17 0 
-18 -19 0 
-6 -24 -28 -30 0 
-4 -5 -9 -11 -14 -16 -20 -27 -29 -31 -32 -33 0 
-1 -4 -11 -12 -27 0 
-1 -5 -10 -12 -26 -32 -33 0 
-11 -13 -16 -19 -24 0 
-1 -3 -4 -8 -15 -21 -27 0 
-13 -14 -21 0 
-4 -11 -12 -15 -20 -22 -23 0 
-3 -4 -7 -9 -11 -25 -27 0 
-11 -14 -27 0 
-26 -28 0 
-2 -11 -17 -18 -22 -30 0 
-5 -8 -17 -19 -20 -23 -24 -29 -31 -32 0 
-1 -7 -8 -11 -20 -23 -24 0 
-7 -8 -9 -14 -23 -30 -31 -33 0 
-3 -5 -17 -26 0 
-6 -10 -12 -33 0 
-3 -4 -8 -9 -15 -27 0 
-1 -4 -6 -8 -15 -17 -30 0 
-12 -16 -21 -27 0 
-8 -10 -12 -13 -17 -18 -26 -27 0 
-16 -27 -28 -29 -33 0 
-3 -8 -15 -16 -28 0 
-4 -5 -8 -11 -24 0 
-12 -18 -28 0 
-5 -6 -10 -12 -17 -20 -26 -29 0 
-2 -3 -5 -8 -11 -14 -26 -32 0 
-1 -3 -5 -8 -13 -14 -15 -24 -25 -30 0 
-6 -9 -11 -12 -22 -23 -31 0 
-2 -6 -24 -27 0 
-2 -6 -12 -13 -18 -19 -20 -29 0 
-5 -11 -13 -30 -31 0 
-5 -10 -15 -17 -33 0 
-17 -18 -20 -30 -31 0 
-2 -5 -7 -8 -11 -12 -21 -25 -33 0 
-4 -12 -15 -19 -21 -31 -33 0 
-14 -22 -24 -29 0 
-3 -5 -7 -18 -20 -26 -27 0 
-5 -21 -26 -29 -32 0 
-8 -9 -13 -14 -17 -19 -23 -31 -32 0 
-2 -4 -7 -15 -21 -27 -29 -30 -31 -32 0 
-1 -8 -9 -20 -22 -24 -29 0 
-2 -3 -18 -19 -22 -28 0 
-2 -4 -5 -11 -12 -13 -16 -22 -27 0 
-4 -5 -6 -8 -19 -25 -27 -28 0 
-2 -4 -6 -7 -8 -17 -18 -23 -24 -33 0 
-4 -6 -15 -16 -20 -23 -25 -32 0 
-10 -11 -16 -19 -27 0 
-2 -29 -31 -32 0 
-8 -19 -25 -29 -31 0 
-4 -11 -26 -30 -31 0 
-7 -10 -11 -16 -20 -24 -25 -27 0 
-2 -3 -4 -5 -21 -27 -29 -30 -33 0 
-3 -5 -9 -16 -18 -21 -25 -29 -31 0 
-3 -5 -6 -10 -12 -18 -20 -25 -27 0 
-8 -9 -10 -14 -21 0 
-2 -4 -11 -14 -15 -18 -24 0 
-4 -8 -17 -18 -26 -31 0 
-11 -17 -21 -28 -31 -32 0 
-19 -23 -24 -29 -32 0 
-18 -24 -27 -28 0 
-14 -22 -23 -28 0 
-3 -5 -9 -19 -26 0 
-1 -5 -13 -14 -23 -25 0 
-2 -3 -7 -13 -15 -20 -23 -33 0 
-10 -16 -19 -26 -30 -31 0 
-4 -8 -10 -14 -16 -29 0 
-2 -3 -5 -12 -13 -14 -26 -27 0 
-9 -20 -26 -27 -28 -29 -32 -33 0 
-9 -12 -13 -22 -26 -30 -31 -32 0 
-2 -3 -7 -8 -9 -27 -28 -29 -30 -31 0 
-4 -10 -11 -12 -16 -18 -29 -32 0 
-4 -7 -8 -10 -15 -19 -25 -31 -32 0 
-2 -4 -12 -17 -23 -26 -28 0 
-2 -4 -6 -14 -19 -22 0 
-4 -16 -26 -32 -33 0 
-5 -20 -21 -24 0 
-1 -5 -6 -7 -11 -33 0 
-8 -9 -12 -14 -16 -21 -25 -31 0 
-9 -14 -21 -23 -28 -30 -31 0 
-8 -19 0 
-5 -7 -8 -9 -10 -17 -22 -27 -30 -33 0 
-7 -16 -23 -29 -32 0 
-11 -14 -15 -27 -33 0 
-1 -3 -5 -6 -16 -21 0 
-6 -7 -13 -24 -29 0 
-1 -8 -16 -17 -18 -19 -30 0 
-2 -6 -10 -12 -19 -21 -23 0 
-10 -15 -20 -29 -31 -33 0 
-5 -7 -15 -22 -26 -30 -32 0 
-2 -3 -5 -9 -23 -30 0 
-3 -8 -10 -11 -16 -21 -22 -29 -30 -33 0 
-9 -12 -13 -18 -20 -21 -30 -32 0 
-4 -7 -8 -11 -13 -15 -16 -25 0 
-1 -3 -5 -15 -17 -24 -30 0 
-1 -6 -8 -10 -18 -22 -26 -28 0 
-3 -13 -26 0 
-3 -5 -6 -9 -14 -17 -23 -29 -30 -33 0 
-2 -8 -11 -22 -27 -29 -32 0 
-5 -10 -14 -18 -20 -26 0 
-6 -9 -10 -12 -13 -18 -21 -25 -26 0 
-2 -7 -13 -14 -19 0 
-3 -9 -15 -26 -27 0 
-1 -3 -9 -14 -17 -23 -24 -28 -29 0 
-5 -15 -18 -24 0 
-7 -9 -12 -23 -27 -31 0 
-8 -9 -13 -17 -19 -22 0 
-2 -5 -6 -12 -13 -19 -21 -24 -30 0 
-5 -6 -10 -16 -19 -21 -27 -32 0 
-8 -11 -15 -17 -28 0 
-13 -17 -19 -32 0 
-4 -9 -15 -20 -23 -25 -31 0 
-4 -13 -17 -20 -21 -25 -31 0 
-1 -8 -10 -18 -26 -31 0 
-1 -5 -8 -10 -12 -16 -17 -20 0 
-3 -8 -16 -26 -30 0 
-4 -13 -21 -24 -26 -27 0 
-7 -8 -30 -33 0 
-2 -4 -16 -24 -25 -28 -31 0 
-6 -13 -14 -19 -28 -30 0 
-3 -13 -16 -18 -33 0 
-6 -16 -18 -20 -24 -25 -33 0 
-8 -21 -25 -30 -32 0 
-2 -10 -11 -17 -21 -22 -29 0 
-6 -15 -16 -20 -23 -24 -31 0 
-3 -5 -15 -19 -21 -29 0 
-3 -11 -12 -19 -25 0 
-11 -13 -14 -15 -21 -22 -27 -33 0 
-16 -17 -19 -33 0 
-1 -2 -9 -21 -33 0 
-1 -19 -23 -33 0 
-6 -13 -22 -23 -26 -31 0 
-7 -8 -10 -29 -32 -33 0 
-4 -8 -23 -25 -26 -29 -30 -32 0 
-11 -13 -25 -27 -29 -33 0 
-9 -14 -18 -21 -30 0 
-6 -10 -11 -18 -31 0 
-7 -9 -12 -17 -20 -22 -28 -30 0 
-3 -4 -7 -13 -14 -15 -18 -28 0 
-5 -9 -11 -12 -15 -20 -21 -26 0 
-7 -12 -18 -20 0 
-4 -23 -25 -26 -28 -29 -33 0 
-10 -17 -22 -23 -25 -31 0 
-3 -7 -11 -12 -20 -30 0 
-2 -9 -16 -25 0 
-5 -14 -17 -21 -22 -25 -26 -30 -31 0 
-10 -16 -22 -24 -26 0 
-12 -14 -30 -31 0 
-1 -17 -20 0 
-1 -4 -11 -12 -21 0 
-20 -27 -28 0 
-3 -17 -18 -32 0 
-12 -13 -23 -30 -32 0 
-12 -16 -27 -32 -33 0 
-4 -7 -9 -11 -15 -19 -21 -27 0 
-14 -17 -19 -21 -22 -25 -26 -33 0 
-3 -9 -10 -22 0 
-3 -4 -11 -12 -17 -20 -21 -24 -25 0 
-9 -21 -31 0 
