p cnf 33 800
13 22 32 0 
3 8 9 16 29 30 31 0 
3 20 21 0 
2 12 22 25 0 
5 13 27 0 
15 23 28 29 33 0 
3 20 23 27 33 0 
1 4 12 19 24 29 30 32 0 
5 19 20 0 
8 12 24 0 
8 15 22 25 28 0 
12 21 24 25 28 0 
5 11 23 27 31 33 0 
2 6 10 17 20 21 24 29 0 
4 6 8 10 22 23 25 29 0 
1 9 14 15 27 31 0 
4 8 10 14 23 32 33 0 
3 4 5 10 11 19 24 0 
16 26 0 
1 22 25 26 0 
3 6 10 21 25 27 28 0 
9 15 24 26 31 32 0 
6 11 18 20 22 23 26 0 
9 11 27 29 32 0 
4 7 19 22 24 26 29 0 
1 2 8 10 11 15 19 21 24 30 0 
7 8 11 16 20 26 0 
6 8 13 20 22 0 
1 3 16 17 27 29 0 
5 8 15 24 30 0 
1 5 6 13 17 19 23 27 28 0 
8 15 18 27 0 
4 19 26 27 28 0 
12 14 16 22 0 
7 8 12 18 21 24 25 26 33 0 
5 8 11 12 17 19 21 22 26 0 
2 3 14 16 25 0 
3 11 16 20 22 0 
3 10 17 23 33 0 
5 11 16 26 29 33 0 
4 8 11 23 27 28 0 
7 10 12 16 0 
6 12 13 16 19 23 26 0 
4 8 10 15 22 0 
4 7 15 19 24 30 0 
2 4 10 12 13 22 25 30 0 
14 17 21 25 26 0 
1 7 9 12 20 23 27 0 
1 2 7 15 17 20 26 28 0 
7 13 16 23 26 28 33 0 
5 8 10 16 20 33 0 
1 4 9 19 21 23 32 0 
4 11 13 16 22 23 25 27 30 33 0 
20 23 31 0 
3 14 19 21 28 0 
2 15 23 32 0 
14 16 24 31 32 0 
2 8 12 27 30 0 
7 9 18 23 30 31 0 
7 11 16 17 20 21 27 30 33 0 
3 4 6 11 12 14 22 24 32 0 
2 3 12 16 19 0 
7 11 17 0 
6 9 10 20 21 24 32 0 
7 19 24 26 28 33 0 
13 14 16 23 25 0 
1 4 6 12 14 24 30 32 0 
1 5 6 12 22 23 26 30 0 
4 9 13 19 21 22 28 31 0 
1 16 28 0 
8 10 17 20 21 22 29 0 
2 8 17 18 25 26 28 0 
11 14 18 19 21 22 26 31 0 
4 8 9 15 27 32 0 
8 15 16 19 33 0 
5 14 19 21 22 24 0 
2 9 22 33 0 
9 13 16 23 0 
6 9 22 30 0 
4 6 17 23 24 0 
6 9 10 11 16 24 28 30 31 32 33 0 
3 11 14 20 28 31 0 
6 10 11 17 22 27 0 
3 4 12 13 21 22 24 26 30 32 0 
12 26 28 29 30 0 
4 5 13 17 19 21 28 0 
1 13 18 21 22 27 29 0 
10 14 17 31 0 
4 5 10 12 16 0 
2 12 23 26 28 31 32 0 
4 6 10 11 15 28 31 0 
1 15 18 26 33 0 
1 3 16 17 28 29 0 
4 5 12 16 17 20 23 0 
6 7 10 20 21 25 26 30 31 32 0 
1 2 4 10 11 27 28 32 0 
3 9 21 29 0 
12 16 26 27 0 
2 6 7 11 20 22 26 32 0 
15 16 21 24 33 0 
6 8 12 18 21 0 
3 10 12 13 21 0 
4 5 7 10 12 17 21 22 23 25 33 0 
4 10 14 16 20 22 30 31 0 
1 12 13 14 19 28 30 0 
7 21 29 0 
1 2 19 22 25 26 27 28 31 0 
7 8 11 14 24 25 28 29 30 31 33 0 
11 14 21 0 
2 12 15 16 18 24 0 
15 16 18 19 24 28 30 31 0 
12 15 16 30 31 0 
2 5 8 10 16 0 
22 23 25 0 
2 3 22 24 26 29 0 
2 10 11 20 32 0 
3 13 17 19 22 26 31 0 
1 2 4 11 23 30 31 33 0 
10 18 24 0 
2 9 10 15 18 19 29 0 
7 8 12 18 22 25 0 
4 11 12 14 19 27 30 33 0 
2 6 9 19 21 22 24 27 30 31 0 
10 16 0 
6 11 27 30 33 0 
4 11 15 18 22 25 27 29 33 0 
3 8 14 21 26 27 28 29 0 
1 3 4 7 13 16 19 20 26 30 31 0 
1 4 6 16 20 22 31 33 0 
5 10 17 20 28 0 
3 5 8 17 25 28 32 0 
2 6 18 20 30 0 
5 13 15 22 28 32 0 
3 6 9 16 22 24 27 29 32 0 
9 12 19 23 26 27 29 30 32 0 
1 3 9 12 13 18 22 23 28 30 0 
5 6 7 8 14 15 16 20 0 
5 10 19 22 23 0 
5 13 22 28 29 0 
4 13 15 17 21 24 25 32 0 
6 9 13 14 15 18 19 23 26 0 
7 13 14 21 28 0 
7 9 12 18 22 26 0 
21 22 0 
1 13 17 0 
5 7 10 12 18 19 26 27 29 31 0 
4 10 13 18 29 0 
7 8 9 14 15 18 23 26 33 0 
1 4 10 13 22 23 28 0 
1 3 12 13 22 26 32 0 
3 5 16 18 0 
5 9 14 15 19 22 26 29 0 
5 10 11 15 16 18 21 22 0 
6 8 10 12 13 14 20 27 0 
4 8 12 15 26 28 0 
1 2 9 16 31 33 0 
6 7 18 19 22 27 0 
8 17 28 0 
4 5 14 17 19 21 30 0 
4 7 16 19 28 0 
1 3 16 17 18 24 25 0 
2 4 5 8 13 15 16 22 25 32 0 
5 15 18 21 22 28 0 
9 12 24 29 0 
4 10 20 22 23 26 29 31 32 33 0 
3 7 11 14 17 19 28 0 
8 13 14 23 0 
2 5 10 12 21 26 27 28 30 31 0 
11 12 15 16 24 0 
7 9 13 20 23 28 0 
2 7 10 18 26 31 0 
8 18 21 32 33 0 
1 2 4 7 17 22 26 30 0 
3 12 24 28 0 
3 5 21 26 33 0 
2 3 10 14 19 20 21 27 0 
9 10 13 16 18 27 0 
12 13 15 19 29 0 
8 12 25 28 0 
3 4 8 18 23 29 0 
12 16 22 0 
1 3 7 9 29 32 0 
1 5 7 13 14 17 18 22 23 0 
1 8 12 14 16 17 19 32 0 
8 9 13 19 0 
2 7 8 13 20 29 0 
1 7 10 13 15 27 28 0 
6 7 9 18 28 29 0 
17 20 23 28 31 0 
1 13 24 30 0 
8 12 14 33 0 
1 20 22 24 26 27 33 0 
12 15 16 17 27 28 29 0 
4 10 14 19 22 24 0 
1 15 18 19 22 0 
3 4 8 18 27 28 32 0 
6 11 18 23 24 30 31 0 
1 7 8 9 13 24 32 0 
4 13 15 16 26 27 29 0 
6 7 9 10 12 22 23 26 0 
2 3 4 5 6 10 31 0 
8 20 21 28 0 
12 13 25 28 0 
3 5 7 19 21 22 27 33 0 
6 9 10 16 17 19 20 29 31 0 
6 8 12 13 17 26 0 
3 7 20 25 30 32 0 
1 9 15 23 24 27 31 0 
1 3 11 12 13 0 
8 21 29 32 0 
5 15 18 19 23 24 25 27 28 0 
5 12 21 30 0 
4 7 8 9 12 14 23 31 0 
3 17 19 27 33 0 
5 8 12 17 28 29 32 0 
3 4 6 9 11 17 21 27 31 0 
12 14 28 32 0 
1 2 8 9 19 20 28 0 
15 17 20 22 26 27 33 0 
9 15 19 26 33 0 
1 18 25 33 0 
5 7 9 10 14 21 22 24 30 31 0 
5 14 19 22 27 32 0 
2 9 14 19 22 25 29 33 0 
9 10 14 16 21 26 0 
5 6 20 0 
5 16 18 29 30 31 0 
7 8 12 13 17 20 25 26 31 0 
3 9 12 16 23 26 30 0 
14 21 25 33 0 
2 5 10 12 22 30 0 
4 10 12 17 21 0 
2 5 18 19 28 0 
1 8 11 12 13 19 27 32 0 
3 4 11 21 24 27 0 
4 5 9 13 14 29 0 
5 8 15 16 22 24 29 0 
5 18 20 23 25 0 
6 7 14 21 22 24 27 0 
9 14 32 0 
1 3 20 31 0 
11 16 24 33 0 
1 8 13 14 25 30 31 0 
7 20 21 23 26 31 0 
10 22 23 24 29 31 32 0 
7 9 14 19 27 31 0 
5 8 13 17 21 22 25 28 32 0 
3 9 11 15 21 23 27 32 0 
2 7 13 16 18 24 27 30 0 
3 4 10 21 0 
2 31 32 0 
5 9 11 16 17 23 30 0 
1 2 4 11 13 26 31 0 
20 27 31 33 0 
9 14 29 31 0 
2 6 7 16 20 0 
3 8 10 20 29 31 0 
3 14 17 22 25 29 0 
2 4 7 12 19 28 29 33 0 
4 9 11 12 20 23 26 33 0 
2 9 12 19 25 26 29 33 0 
7 8 14 24 29 0 
4 5 15 23 0 
3 7 14 19 30 33 0 
4 7 10 11 14 16 24 28 33 0 
6 23 25 29 32 0 
13 14 17 26 27 32 0 
9 21 22 0 
2 4 7 12 17 24 31 0 
7 8 9 12 24 25 29 0 
6 9 15 17 30 32 0 
6 8 10 15 25 26 28 33 0 
5 7 10 12 20 25 28 29 33 0 
6 7 13 14 17 18 23 24 28 30 0 
7 16 18 0 
2 3 13 14 21 25 26 0 
1 5 22 25 30 33 0 
4 7 11 17 21 23 24 25 27 32 33 0 
2 6 15 16 23 24 0 
7 11 12 21 25 31 33 0 
2 3 12 14 16 26 29 30 0 
7 10 11 12 15 19 22 30 31 0 
8 11 12 15 24 25 27 30 31 0 
3 11 18 20 23 0 
17 25 26 27 28 31 0 
14 15 16 21 22 0 
4 5 9 26 27 28 0 
10 12 18 19 20 27 33 0 
4 7 8 12 13 22 23 0 
1 2 6 15 25 26 28 0 
5 8 17 18 19 23 27 0 
6 8 14 25 27 0 
5 6 13 16 17 19 21 22 26 33 0 
1 9 11 24 29 0 
2 5 15 19 22 26 29 33 0 
9 17 19 21 0 
1 2 5 14 19 28 0 
4 5 6 17 20 21 28 33 0 
2 6 12 14 22 26 27 29 0 
1 2 4 10 13 15 24 0 
8 19 22 27 28 0 
19 22 24 25 30 0 
2 24 27 28 29 0 
2 8 12 17 21 23 25 30 0 
4 9 11 12 17 18 20 22 30 0 
1 6 7 16 19 23 24 26 27 28 32 33 0 
1 5 7 12 17 24 26 28 29 0 
1 2 4 9 15 17 19 24 28 30 0 
3 7 14 19 22 23 25 0 
1 2 7 10 11 16 19 20 0 
1 6 9 14 15 16 29 30 31 0 
3 4 23 24 26 29 31 0 
10 17 20 23 31 0 
5 7 8 11 16 0 
6 10 15 17 18 0 
5 7 8 12 13 15 29 32 0 
1 2 3 8 31 32 0 
1 2 3 7 12 28 29 0 
1 5 22 32 0 
13 17 19 33 0 
1 6 9 11 20 21 23 0 
2 3 4 5 6 7 9 11 15 16 19 0 
3 7 10 11 18 21 27 28 31 0 
4 23 29 30 0 
6 19 20 24 29 30 32 0 
11 21 27 0 
10 12 16 19 22 30 33 0 
3 5 19 29 30 0 
9 11 23 27 32 0 
3 13 21 23 33 0 
13 14 15 20 22 24 26 32 0 
1 3 7 14 18 21 26 27 28 0 
6 10 21 24 25 27 0 
3 5 7 12 13 18 23 28 0 
1 5 12 15 21 22 24 0 
10 15 18 28 0 
4 21 22 29 0 
3 11 14 17 23 24 30 32 0 
7 8 11 18 22 25 29 0 
5 8 16 0 
3 15 17 29 0 
2 3 4 21 25 27 0 
1 3 8 12 16 17 29 0 
6 20 24 27 29 30 31 0 
5 9 11 14 18 27 0 
2 4 5 7 16 18 26 31 0 
3 9 12 14 15 16 17 21 25 31 32 0 
12 17 19 21 27 0 
4 5 9 10 23 30 31 33 0 
1 2 3 12 13 18 25 30 31 0 
2 7 8 16 18 24 26 27 33 0 
7 11 20 23 24 26 31 0 
7 8 18 25 26 30 31 33 0 
6 10 12 14 15 31 0 
7 14 17 21 23 27 30 0 
9 14 27 28 31 0 
7 19 22 23 24 27 0 
9 17 18 19 32 0 
1 5 10 13 15 17 18 23 24 27 33 0 
4 10 21 22 0 
7 8 13 25 27 29 31 0 
5 12 17 31 0 
2 4 6 13 16 20 21 32 33 0 
2 10 11 19 23 24 28 29 0 
8 9 13 20 24 32 0 
3 4 16 18 21 30 0 
8 11 12 21 24 26 0 
2 4 5 12 14 16 18 20 24 29 33 0 
8 12 14 15 21 0 
2 7 15 21 23 25 30 0 
7 10 11 15 16 29 30 33 0 
11 12 14 15 17 20 26 0 
2 13 24 30 32 0 
1 3 8 16 20 28 0 
12 18 21 28 30 0 
2 8 24 0 
2 3 10 14 19 22 0 
1 4 6 19 21 22 0 
2 16 18 20 22 28 0 
2 12 20 0 
3 6 23 24 28 0 
3 5 9 11 13 18 20 23 31 0 
3 5 7 24 25 29 31 0 
3 26 28 31 0 
1 4 5 6 14 15 16 23 32 0 
7 10 14 23 33 0 
1 5 6 7 8 11 17 19 30 31 33 0 
7 8 21 31 32 33 0 
2 3 6 19 20 24 0 
8 23 31 0 
5 13 20 23 0 
4 20 21 30 0 
6 7 8 15 20 32 0 
7 9 12 17 18 24 0 
6 9 16 20 24 25 27 29 32 0 
3 4 14 23 25 28 32 0 
2 11 20 22 26 28 0 
3 17 21 27 0 
1 15 17 21 23 25 29 33 0 
3 4 5 7 8 15 23 29 0 
-13 -22 -32 0 
-3 -8 -9 -16 -29 -30 -31 0 
-3 -20 -21 0 
-2 -12 -22 -25 0 
-5 -13 -27 0 
-15 -23 -28 -29 -33 0 
-3 -20 -23 -27 -33 0 
-1 -4 -12 -19 -24 -29 -30 -32 0 
-5 -19 -20 0 
-8 -12 -24 0 
-8 -15 -22 -25 -28 0 
-12 -21 -24 -25 -28 0 
-5 -11 -23 -27 -31 -33 0 
-2 -6 -10 -17 -20 -21 -24 -29 0 
-4 -6 -8 -10 -22 -23 -25 -29 0 
-1 -9 -14 -15 -27 -31 0 
-4 -8 -10 -14 -23 -32 -33 0 
-3 -4 -5 -10 -11 -19 -24 0 
-16 -26 0 
-1 -22 -25 -26 0 
-3 -6 -10 -21 -25 -27 -28 0 
-9 -15 -24 -26 -31 -32 0 
-6 -11 -18 -20 -22 -23 -26 0 
-9 -11 -27 -29 -32 0 
-4 -7 -19 -22 -24 -26 -29 0 
-1 -2 -8 -10 -11 -15 -19 -21 -24 -30 0 
-7 -8 -11 -16 -20 -26 0 
-6 -8 -13 -20 -22 0 
-1 -3 -16 -17 -27 -29 0 
-5 -8 -15 -24 -30 0 
-1 -5 -6 -13 -17 -19 -23 -27 -28 0 
-8 -15 -18 -27 0 
-4 -19 -26 -27 -28 0 
-12 -14 -16 -22 0 
-7 -8 -12 -18 -21 -24 -25 -26 -33 0 
-5 -8 -11 -12 -17 -19 -21 -22 -26 0 
-2 -3 -14 -16 -25 0 
-3 -11 -16 -20 -22 0 
-3 -10 -17 -23 -33 0 
-5 -11 -16 -26 -29 -33 0 
-4 -8 -11 -23 -27 -28 0 
-7 -10 -12 -16 0 
-6 -12 -13 -16 -19 -23 -26 0 
-4 -8 -10 -15 -22 0 
-4 -7 -15 -19 -24 -30 0 
-2 -4 -10 -12 -13 -22 -25 -30 0 
-14 -17 -21 -25 -26 0 
-1 -7 -9 -12 -20 -23 -27 0 
-1 -2 -7 -15 -17 -20 -26 -28 0 
-7 -13 -16 -23 -26 -28 -33 0 
-5 -8 -10 -16 -20 -33 0 
-1 -4 -9 -19 -21 -23 -32 0 
-4 -11 -13 -16 -22 -23 -25 -27 -30 -33 0 
-20 -23 -31 0 
-3 -14 -19 -21 -28 0 
-2 -15 -23 -32 0 
-14 -16 -24 -31 -32 0 
-2 -8 -12 -27 -30 0 
-7 -9 -18 -23 -30 -31 0 
-7 -11 -16 -17 -20 -21 -27 -30 -33 0 
-3 -4 -6 -11 -12 -14 -22 -24 -32 0 
-2 -3 -12 -16 -19 0 
-7 -11 -17 0 
-6 -9 -10 -20 -21 -24 -32 0 
-7 -19 -24 -26 -28 -33 0 
-13 -14 -16 -23 -25 0 
-1 -4 -6 -12 -14 -24 -30 -32 0 
-1 -5 -6 -12 -22 -23 -26 -30 0 
-4 -9 -13 -19 -21 -22 -28 -31 0 
-1 -16 -28 0 
-8 -10 -17 -20 -21 -22 -29 0 
-2 -8 -17 -18 -25 -26 -28 0 
-11 -14 -18 -19 -21 -22 -26 -31 0 
-4 -8 -9 -15 -27 -32 0 
-8 -15 -16 -19 -33 0 
-5 -14 -19 -21 -22 -24 0 
-2 -9 -22 -33 0 
-9 -13 -16 -23 0 
-6 -9 -22 -30 0 
-4 -6 -17 -23 -24 0 
-6 -9 -10 -11 -16 -24 -28 -30 -31 -32 -33 0 
-3 -11 -14 -20 -28 -31 0 
-6 -10 -11 -17 -22 -27 0 
-3 -4 -12 -13 -21 -22 -24 -26 -30 -32 0 
-12 -26 -28 -29 -30 0 
-4 -5 -13 -17 -19 -21 -28 0 
-1 -13 -18 -21 -22 -27 -29 0 
-10 -14 -17 -31 0 
-4 -5 -10 -12 -16 0 
-2 -12 -23 -26 -28 -31 -32 0 
-4 -6 -10 -11 -15 -28 -31 0 
-1 -15 -18 -26 -33 0 
-1 -3 -16 -17 -28 -29 0 
-4 -5 -12 -16 -17 -20 -23 0 
-6 -7 -10 -20 -21 -25 -26 -30 -31 -32 0 
-1 -2 -4 -10 -11 -27 -28 -32 0 
-3 -9 -21 -29 0 
-12 -16 -26 -27 0 
-2 -6 -7 -11 -20 -22 -26 -32 0 
-15 -16 -21 -24 -33 0 
-6 -8 -12 -18 -21 0 
-3 -10 -12 -13 -21 0 
-4 -5 -7 -10 -12 -17 -21 -22 -23 -25 -33 0 
-4 -10 -14 -16 -20 -22 -30 -31 0 
-1 -12 -13 -14 -19 -28 -30 0 
-7 -21 -29 0 
-1 -2 -19 -22 -25 -26 -27 -28 -31 0 
-7 -8 -11 -14 -24 -25 -28 -29 -30 -31 -33 0 
-11 -14 -21 0 
-2 -12 -15 -16 -18 -24 0 
-15 -16 -18 -19 -24 -28 -30 -31 0 
-12 -15 -16 -30 -31 0 
-2 -5 -8 -10 -16 0 
-22 -23 -25 0 
-2 -3 -22 -24 -26 -29 0 
-2 -10 -11 -20 -32 0 
-3 -13 -17 -19 -22 -26 -31 0 
-1 -2 -4 -11 -23 -30 -31 -33 0 
-10 -18 -24 0 
-2 -9 -10 -15 -18 -19 -29 0 
-7 -8 -12 -18 -22 -25 0 
-4 -11 -12 -14 -19 -27 -30 -33 0 
-2 -6 -9 -19 -21 -22 -24 -27 -30 -31 0 
-10 -16 0 
-6 -11 -27 -30 -33 0 
-4 -11 -15 -18 -22 -25 -27 -29 -33 0 
-3 -8 -14 -21 -26 -27 -28 -29 0 
-1 -3 -4 -7 -13 -16 -19 -20 -26 -30 -31 0 
-1 -4 -6 -16 -20 -22 -31 -33 0 
-5 -10 -17 -20 -28 0 
-3 -5 -8 -17 -25 -28 -32 0 
-2 -6 -18 -20 -30 0 
-5 -13 -15 -22 -28 -32 0 
-3 -6 -9 -16 -22 -24 -27 -29 -32 0 
-9 -12 -19 -23 -26 -27 -29 -30 -32 0 
-1 -3 -9 -12 -13 -18 -22 -23 -28 -30 0 
-5 -6 -7 -8 -14 -15 -16 -20 0 
-5 -10 -19 -22 -23 0 
-5 -13 -22 -28 -29 0 
-4 -13 -15 -17 -21 -24 -25 -32 0 
-6 -9 -13 -14 -15 -18 -19 -23 -26 0 
-7 -13 -14 -21 -28 0 
-7 -9 -12 -18 -22 -26 0 
-21 -22 0 
-1 -13 -17 0 
-5 -7 -10 -12 -18 -19 -26 -27 -29 -31 0 
-4 -10 -13 -18 -29 0 
-7 -8 -9 -14 -15 -18 -23 -26 -33 0 
-1 -4 -10 -13 -22 -23 -28 0 
-1 -3 -12 -13 -22 -26 -32 0 
-3 -5 -16 -18 0 
-5 -9 -14 -15 -19 -22 -26 -29 0 
-5 -10 -11 -15 -16 -18 -21 -22 0 
-6 -8 -10 -12 -13 -14 -20 -27 0 
-4 -8 -12 -15 -26 -28 0 
-1 -2 -9 -16 -31 -33 0 
-6 -7 -18 -19 -22 -27 0 
-8 -17 -28 0 
-4 -5 -14 -17 -19 -21 -30 0 
-4 -7 -16 -19 -28 0 
-1 -3 -16 -17 -18 -24 -25 0 
-2 -4 -5 -8 -13 -15 -16 -22 -25 -32 0 
-5 -15 -18 -21 -22 -28 0 
-9 -12 -24 -29 0 
-4 -10 -20 -22 -23 -26 -29 -31 -32 -33 0 
-3 -7 -11 -14 -17 -19 -28 0 
-8 -13 -14 -23 0 
-2 -5 -10 -12 -21 -26 -27 -28 -30 -31 0 
-11 -12 -15 -16 -24 0 
-7 -9 -13 -20 -23 -28 0 
-2 -7 -10 -18 -26 -31 0 
-8 -18 -21 -32 -33 0 
-1 -2 -4 -7 -17 -22 -26 -30 0 
-3 -12 -24 -28 0 
-3 -5 -21 -26 -33 0 
-2 -3 -10 -14 -19 -20 -21 -27 0 
-9 -10 -13 -16 -18 -27 0 
-12 -13 -15 -19 -29 0 
-8 -12 -25 -28 0 
-3 -4 -8 -18 -23 -29 0 
-12 -16 -22 0 
-1 -3 -7 -9 -29 -32 0 
-1 -5 -7 -13 -14 -17 -18 -22 -23 0 
-1 -8 -12 -14 -16 -17 -19 -32 0 
-8 -9 -13 -19 0 
-2 -7 -8 -13 -20 -29 0 
-1 -7 -10 -13 -15 -27 -28 0 
-6 -7 -9 -18 -28 -29 0 
-17 -20 -23 -28 -31 0 
-1 -13 -24 -30 0 
-8 -12 -14 -33 0 
-1 -20 -22 -24 -26 -27 -33 0 
-12 -15 -16 -17 -27 -28 -29 0 
-4 -10 -14 -19 -22 -24 0 
-1 -15 -18 -19 -22 0 
-3 -4 -8 -18 -27 -28 -32 0 
-6 -11 -18 -23 -24 -30 -31 0 
-1 -7 -8 -9 -13 -24 -32 0 
-4 -13 -15 -16 -26 -27 -29 0 
-6 -7 -9 -10 -12 -22 -23 -26 0 
-2 -3 -4 -5 -6 -10 -31 0 
-8 -20 -21 -28 0 
-12 -13 -25 -28 0 
-3 -5 -7 -19 -21 -22 -27 -33 0 
-6 -9 -10 -16 -17 -19 -20 -29 -31 0 
-6 -8 -12 -13 -17 -26 0 
-3 -7 -20 -25 -30 -32 0 
-1 -9 -15 -23 -24 -27 -31 0 
-1 -3 -11 -12 -13 0 
-8 -21 -29 -32 0 
-5 -15 -18 -19 -23 -24 -25 -27 -28 0 
-5 -12 -21 -30 0 
-4 -7 -8 -9 -12 -14 -23 -31 0 
-3 -17 -19 -27 -33 0 
-5 -8 -12 -17 -28 -29 -32 0 
-3 -4 -6 -9 -11 -17 -21 -27 -31 0 
-12 -14 -28 -32 0 
-1 -2 -8 -9 -19 -20 -28 0 
-15 -17 -20 -22 -26 -27 -33 0 
-9 -15 -19 -26 -33 0 
-1 -18 -25 -33 0 
-5 -7 -9 -10 -14 -21 -22 -24 -30 -31 0 
-5 -14 -19 -22 -27 -32 0 
-2 -9 -14 -19 -22 -25 -29 -33 0 
-9 -10 -14 -16 -21 -26 0 
-5 -6 -20 0 
-5 -16 -18 -29 -30 -31 0 
-7 -8 -12 -13 -17 -20 -25 -26 -31 0 
-3 -9 -12 -16 -23 -26 -30 0 
-14 -21 -25 -33 0 
-2 -5 -10 -12 -22 -30 0 
-4 -10 -12 -17 -21 0 
-2 -5 -18 -19 -28 0 
-1 -8 -11 -12 -13 -19 -27 -32 0 
-3 -4 -11 -21 -24 -27 0 
-4 -5 -9 -13 -14 -29 0 
-5 -8 -15 -16 -22 -24 -29 0 
-5 -18 -20 -23 -25 0 
-6 -7 -14 -21 -22 -24 -27 0 
-9 -14 -32 0 
-1 -3 -20 -31 0 
-11 -16 -24 -33 0 
-1 -8 -13 -14 -25 -30 -31 0 
-7 -20 -21 -23 -26 -31 0 
-10 -22 -23 -24 -29 -31 -32 0 
-7 -9 -14 -19 -27 -31 0 
-5 -8 -13 -17 -21 -22 -25 -28 -32 0 
-3 -9 -11 -15 -21 -23 -27 -32 0 
-2 -7 -13 -16 -18 -24 -27 -30 0 
-3 -4 -10 -21 0 
-2 -31 -32 0 
-5 -9 -11 -16 -17 -23 -30 0 
-1 -2 -4 -11 -13 -26 -31 0 
-20 -27 -31 -33 0 
-9 -14 -29 -31 0 
-2 -6 -7 -16 -20 0 
-3 -8 -10 -20 -29 -31 0 
-3 -14 -17 -22 -25 -29 0 
-2 -4 -7 -12 -19 -28 -29 -33 0 
-4 -9 -11 -12 -20 -23 -26 -33 0 
-2 -9 -12 -19 -25 -26 -29 -33 0 
-7 -8 -14 -24 -29 0 
-4 -5 -15 -23 0 
-3 -7 -14 -19 -30 -33 0 
-4 -7 -10 -11 -14 -16 -24 -28 -33 0 
-6 -23 -25 -29 -32 0 
-13 -14 -17 -26 -27 -32 0 
-9 -21 -22 0 
-2 -4 -7 -12 -17 -24 -31 0 
-7 -8 -9 -12 -24 -25 -29 0 
-6 -9 -15 -17 -30 -32 0 
-6 -8 -10 -15 -25 -26 -28 -33 0 
-5 -7 -10 -12 -20 -25 -28 -29 -33 0 
-6 -7 -13 -14 -17 -18 -23 -24 -28 -30 0 
-7 -16 -18 0 
-2 -3 -13 -14 -21 -25 -26 0 
-1 -5 -22 -25 -30 -33 0 
-4 -7 -11 -17 -21 -23 -24 -25 -27 -32 -33 0 
-2 -6 -15 -16 -23 -24 0 
-7 -11 -12 -21 -25 -31 -33 0 
-2 -3 -12 -14 -16 -26 -29 -30 0 
-7 -10 -11 -12 -15 -19 -22 -30 -31 0 
-8 -11 -12 -15 -24 -25 -27 -30 -31 0 
-3 -11 -18 -20 -23 0 
-17 -25 -26 -27 -28 -31 0 
-14 -15 -16 -21 -22 0 
-4 -5 -9 -26 -27 -28 0 
-10 -12 -18 -19 -20 -27 -33 0 
-4 -7 -8 -12 -13 -22 -23 0 
-1 -2 -6 -15 -25 -26 -28 0 
-5 -8 -17 -18 -19 -23 -27 0 
-6 -8 -14 -25 -27 0 
-5 -6 -13 -16 -17 -19 -21 -22 -26 -33 0 
-1 -9 -11 -24 -29 0 
-2 -5 -15 -19 -22 -26 -29 -33 0 
-9 -17 -19 -21 0 
-1 -2 -5 -14 -19 -28 0 
-4 -5 -6 -17 -20 -21 -28 -33 0 
-2 -6 -12 -14 -22 -26 -27 -29 0 
-1 -2 -4 -10 -13 -15 -24 0 
-8 -19 -22 -27 -28 0 
-19 -22 -24 -25 -30 0 
-2 -24 -27 -28 -29 0 
-2 -8 -12 -17 -21 -23 -25 -30 0 
-4 -9 -11 -12 -17 -18 -20 -22 -30 0 
-1 -6 -7 -16 -19 -23 -24 -26 -27 -28 -32 -33 0 
-1 -5 -7 -12 -17 -24 -26 -28 -29 0 
-1 -2 -4 -9 -15 -17 -19 -24 -28 -30 0 
-3 -7 -14 -19 -22 -23 -25 0 
-1 -2 -7 -10 -11 -16 -19 -20 0 
-1 -6 -9 -14 -15 -16 -29 -30 -31 0 
-3 -4 -23 -24 -26 -29 -31 0 
-10 -17 -20 -23 -31 0 
-5 -7 -8 -11 -16 0 
-6 -10 -15 -17 -18 0 
-5 -7 -8 -12 -13 -15 -29 -32 0 
-1 -2 -3 -8 -31 -32 0 
-1 -2 -3 -7 -12 -28 -29 0 
-1 -5 -22 -32 0 
-13 -17 -19 -33 0 
-1 -6 -9 -11 -20 -21 -23 0 
-2 -3 -4 -5 -6 -7 -9 -11 -15 -16 -19 0 
-3 -7 -10 -11 -18 -21 -27 -28 -31 0 
-4 -23 -29 -30 0 
-6 -19 -20 -24 -29 -30 -32 0 
-11 -21 -27 0 
-10 -12 -16 -19 -22 -30 -33 0 
-3 -5 -19 -29 -30 0 
-9 -11 -23 -27 -32 0 
-3 -13 -21 -23 -33 0 
-13 -14 -15 -20 -22 -24 -26 -32 0 
-1 -3 -7 -14 -18 -21 -26 -27 -28 0 
-6 -10 -21 -24 -25 -27 0 
-3 -5 -7 -12 -13 -18 -23 -28 0 
-1 -5 -12 -15 -21 -22 -24 0 
-10 -15 -18 -28 0 
-4 -21 -22 -29 0 
-3 -11 -14 -17 -23 -24 -30 -32 0 
-7 -8 -11 -18 -22 -25 -29 0 
-5 -8 -16 0 
-3 -15 -17 -29 0 
-2 -3 -4 -21 -25 -27 0 
-1 -3 -8 -12 -16 -17 -29 0 
-6 -20 -24 -27 -29 -30 -31 0 
-5 -9 -11 -14 -18 -27 0 
-2 -4 -5 -7 -16 -18 -26 -31 0 
-3 -9 -12 -14 -15 -16 -17 -21 -25 -31 -32 0 
-12 -17 -19 -21 -27 0 
-4 -5 -9 -10 -23 -30 -31 -33 0 
-1 -2 -3 -12 -13 -18 -25 -30 -31 0 
-2 -7 -8 -16 -18 -24 -26 -27 -33 0 
-7 -11 -20 -23 -24 -26 -31 0 
-7 -8 -18 -25 -26 -30 -31 -33 0 
-6 -10 -12 -14 -15 -31 0 
-7 -14 -17 -21 -23 -27 -30 0 
-9 -14 -27 -28 -31 0 
-7 -19 -22 -23 -24 -27 0 
-9 -17 -18 -19 -32 0 
-1 -5 -10 -13 -15 -17 -18 -23 -24 -27 -33 0 
-4 -10 -21 -22 0 
-7 -8 -13 -25 -27 -29 -31 0 
-5 -12 -17 -31 0 
-2 -4 -6 -13 -16 -20 -21 -32 -33 0 
-2 -10 -11 -19 -23 -24 -28 -29 0 
-8 -9 -13 -20 -24 -32 0 
-3 -4 -16 -18 -21 -30 0 
-8 -11 -12 -21 -24 -26 0 
-2 -4 -5 -12 -14 -16 -18 -20 -24 -29 -33 0 
-8 -12 -14 -15 -21 0 
-2 -7 -15 -21 -23 -25 -30 0 
-7 -10 -11 -15 -16 -29 -30 -33 0 
-11 -12 -14 -15 -17 -20 -26 0 
-2 -13 -24 -30 -32 0 
-1 -3 -8 -16 -20 -28 0 
-12 -18 -21 -28 -30 0 
-2 -8 -24 0 
-2 -3 -10 -14 -19 -22 0 
-1 -4 -6 -19 -21 -22 0 
-2 -16 -18 -20 -22 -28 0 
-2 -12 -20 0 
-3 -6 -23 -24 -28 0 
-3 -5 -9 -11 -13 -18 -20 -23 -31 0 
-3 -5 -7 -24 -25 -29 -31 0 
-3 -26 -28 -31 0 
-1 -4 -5 -6 -14 -15 -16 -23 -32 0 
-7 -10 -14 -23 -33 0 
-1 -5 -6 -7 -8 -11 -17 -19 -30 -31 -33 0 
-7 -8 -21 -31 -32 -33 0 
-2 -3 -6 -19 -20 -24 0 
-8 -23 -31 0 
-5 -13 -20 -23 0 
-4 -20 -21 -30 0 
-6 -7 -8 -15 -20 -32 0 
-7 -9 -12 -17 -18 -24 0 
-6 -9 -16 -20 -24 -25 -27 -29 -32 0 
-3 -4 -14 -23 -25 -28 -32 0 
-2 -11 -20 -22 -26 -28 0 
-3 -17 -21 -27 0 
-1 -15 -17 -21 -23 -25 -29 -33 0 
-3 -4 -5 -7 -8 -15 -23 -29 0 
