p cnf 34 800
10 11 12 15 20 26 27 0 
2 4 6 10 11 14 25 27 0 
3 5 19 22 23 24 0 
1 5 11 12 16 21 25 0 
5 13 27 32 33 0 
15 24 25 28 32 0 
2 6 7 15 32 0 
10 12 17 22 28 0 
16 21 30 0 
10 25 30 0 
2 5 18 24 31 0 
5 10 14 24 27 28 29 31 0 
2 8 12 19 21 23 31 0 
2 9 11 16 23 25 30 32 33 0 
2 3 6 12 14 17 18 19 20 23 24 34 0 
1 4 11 13 16 21 22 34 0 
4 6 7 18 28 31 32 0 
7 9 18 24 25 30 0 
8 15 22 28 31 34 0 
1 4 18 21 28 29 0 
10 14 17 28 33 0 
3 12 14 19 25 28 0 
1 12 13 15 18 25 29 30 31 33 0 
13 16 22 29 0 
2 3 4 20 26 31 34 0 
1 4 5 15 30 0 
4 9 15 20 34 0 
3 14 16 19 20 25 26 0 
14 16 26 28 30 31 0 
4 5 12 18 20 30 34 0 
2 10 12 15 20 24 29 32 0 
8 12 18 20 27 32 33 0 
2 3 4 9 10 14 15 16 34 0 
4 12 17 22 29 30 0 
7 10 12 16 17 20 21 24 25 26 29 30 31 0 
9 11 12 18 24 30 34 0 
3 6 16 18 19 0 
5 6 9 12 14 17 26 28 30 0 
13 19 25 26 0 
1 5 15 21 25 26 0 
2 11 19 21 27 33 0 
2 7 15 16 28 0 
4 8 15 23 28 32 33 0 
2 15 24 0 
3 16 17 18 31 34 0 
3 4 17 18 0 
8 12 19 22 27 0 
2 8 18 19 22 24 29 0 
2 3 6 8 15 16 25 31 33 0 
12 18 22 0 
3 11 13 22 24 28 0 
2 5 12 14 15 32 0 
6 9 13 19 27 0 
3 24 28 0 
7 15 19 23 26 0 
5 6 11 13 16 24 26 0 
6 12 18 26 33 0 
4 6 9 11 14 22 27 33 0 
9 10 13 19 22 23 25 26 30 31 0 
8 23 25 26 0 
4 6 8 14 27 32 34 0 
1 2 3 18 21 28 0 
1 13 20 23 33 0 
20 24 25 32 0 
5 7 8 10 19 22 24 27 29 33 0 
2 8 12 16 18 19 27 34 0 
24 25 0 
1 4 5 7 17 26 29 0 
2 5 10 13 18 19 0 
2 7 8 9 15 24 27 0 
4 7 13 17 19 24 27 32 34 0 
6 7 11 15 17 21 0 
1 4 18 20 21 0 
2 6 12 13 18 24 27 29 34 0 
7 20 22 24 31 0 
2 13 14 15 27 30 0 
2 5 9 13 18 21 32 33 0 
10 15 20 31 33 0 
2 4 7 16 28 0 
4 8 13 16 22 28 0 
1 9 13 16 21 28 29 0 
2 4 5 19 23 31 0 
2 14 28 34 0 
9 13 27 32 0 
8 12 17 18 24 28 29 0 
2 3 16 0 
9 19 20 25 27 0 
9 11 19 20 21 31 0 
11 18 21 22 25 31 0 
2 8 9 14 24 34 0 
3 7 20 23 26 32 34 0 
3 5 6 11 14 17 23 24 32 0 
7 12 13 25 33 0 
7 9 13 14 15 17 20 21 0 
4 6 9 13 14 23 30 33 0 
1 9 10 11 14 15 26 33 0 
13 14 21 25 28 29 32 0 
9 10 16 0 
5 6 9 10 11 16 21 22 30 0 
4 11 13 17 28 32 0 
1 2 6 7 10 32 0 
2 3 10 11 13 14 20 26 30 32 33 34 0 
4 8 12 13 21 30 0 
8 12 17 19 24 25 29 31 32 0 
5 9 14 20 24 27 28 29 0 
5 9 12 13 22 23 33 34 0 
1 7 11 27 28 0 
5 9 11 13 14 19 22 24 27 29 30 31 33 0 
4 8 17 18 27 0 
1 5 6 7 15 25 0 
1 3 7 13 22 24 25 0 
5 10 0 
7 12 13 18 20 26 32 0 
7 9 16 21 25 28 31 0 
2 17 22 29 30 31 33 0 
11 14 24 0 
3 4 9 11 16 20 24 29 30 34 0 
3 5 10 16 23 32 0 
1 14 18 20 22 0 
3 5 7 12 20 22 24 26 28 33 0 
5 14 24 0 
6 8 16 34 0 
3 6 14 22 24 26 34 0 
1 4 18 23 0 
9 11 18 22 27 33 0 
2 9 11 12 20 21 28 29 0 
12 16 19 26 28 0 
1 8 9 0 
8 12 23 24 27 32 0 
11 13 20 23 31 0 
5 24 31 0 
4 5 7 15 18 22 28 33 0 
4 14 18 21 25 28 0 
9 15 20 29 31 0 
2 5 14 16 25 30 0 
16 19 20 22 23 25 29 0 
2 5 11 16 21 29 34 0 
8 9 13 16 21 23 27 29 30 0 
4 5 7 11 13 15 25 30 32 0 
5 20 24 31 0 
2 8 10 18 23 24 0 
4 5 7 12 20 26 33 0 
6 7 8 17 22 0 
15 16 17 28 32 33 0 
7 15 22 25 26 28 32 0 
2 6 13 22 23 32 0 
3 7 15 16 18 20 23 24 31 33 0 
1 2 3 4 5 10 20 25 0 
6 8 14 15 28 32 0 
1 17 20 21 31 34 0 
2 5 20 29 30 0 
6 11 17 20 23 24 34 0 
1 9 10 28 29 31 34 0 
4 6 7 14 19 27 0 
8 9 14 15 16 22 31 34 0 
3 6 13 22 33 0 
7 9 14 21 26 27 28 31 32 0 
10 12 19 27 29 30 0 
3 4 12 16 17 20 26 28 0 
1 5 7 8 14 19 23 0 
12 19 20 21 24 25 0 
11 23 26 29 0 
2 4 10 22 31 0 
1 6 7 9 15 16 20 24 27 30 0 
1 2 18 20 24 0 
1 3 9 14 16 21 0 
12 24 29 0 
8 12 14 19 20 26 28 33 0 
16 20 22 25 28 32 0 
11 13 18 25 26 28 32 0 
1 14 31 0 
11 15 16 26 29 0 
2 3 7 11 17 32 0 
4 23 30 0 
1 2 4 14 22 31 0 
2 7 9 13 15 19 21 27 28 0 
6 7 26 28 31 0 
4 9 16 18 0 
4 8 18 22 24 25 27 31 0 
1 4 17 32 33 0 
3 8 13 16 19 21 22 23 27 31 33 34 0 
12 14 17 24 31 34 0 
9 14 23 25 33 0 
3 11 15 17 18 23 30 0 
10 14 23 27 0 
1 5 8 9 16 27 0 
7 16 24 26 29 33 0 
3 8 9 12 22 34 0 
2 3 4 13 14 16 33 34 0 
1 2 7 15 17 20 23 30 32 0 
1 15 16 24 30 31 0 
10 17 20 21 29 34 0 
1 9 14 18 20 22 25 28 30 31 0 
3 4 5 9 13 27 0 
8 12 13 16 19 21 24 25 0 
1 2 4 11 21 26 33 0 
3 6 9 10 14 25 0 
19 21 30 34 0 
1 2 4 18 19 20 25 33 34 0 
4 8 16 20 28 0 
17 19 25 30 0 
1 7 18 21 30 0 
1 2 8 11 14 18 22 23 0 
1 6 23 27 32 0 
1 9 13 0 
7 9 10 23 24 28 0 
6 7 18 19 20 22 31 32 0 
7 9 11 17 31 32 0 
11 17 18 27 31 33 0 
4 8 9 10 13 0 
9 13 22 0 
5 19 23 26 0 
4 11 14 15 19 30 0 
5 11 16 20 25 0 
2 10 18 21 34 0 
2 3 4 10 21 22 32 0 
1 4 8 11 12 15 20 24 27 28 0 
3 4 6 10 13 14 15 20 22 24 0 
3 5 26 33 0 
2 4 7 19 26 33 0 
2 3 10 19 21 34 0 
2 10 14 18 25 28 0 
2 6 10 24 29 32 0 
1 12 18 19 26 0 
3 4 5 9 10 17 21 22 28 31 33 0 
1 7 10 14 17 27 30 32 0 
1 6 8 9 12 17 20 28 0 
7 15 22 25 29 30 31 0 
2 4 15 17 20 21 33 0 
1 13 15 17 23 27 33 0 
2 3 14 20 24 25 31 32 33 0 
10 14 17 19 20 21 22 28 0 
7 22 25 0 
19 25 31 33 0 
2 6 7 8 10 14 21 32 0 
14 23 26 32 0 
3 4 6 8 9 17 21 25 32 0 
3 11 12 13 26 0 
1 2 7 22 23 32 0 
5 20 21 23 24 26 0 
4 16 31 0 
12 28 32 34 0 
4 7 14 25 34 0 
4 7 11 18 25 28 29 0 
16 20 21 27 29 30 0 
1 18 26 34 0 
2 3 10 22 27 28 30 31 34 0 
3 5 9 20 22 0 
6 8 11 23 29 30 33 0 
3 6 17 21 28 34 0 
5 12 18 23 26 31 0 
1 3 6 7 13 18 26 27 33 34 0 
2 3 4 13 18 0 
19 32 33 0 
2 4 6 12 13 18 23 25 26 28 32 0 
4 5 15 17 19 24 29 33 0 
2 3 8 10 13 17 26 30 31 0 
1 9 14 15 20 0 
1 2 3 16 30 0 
2 4 6 11 16 0 
4 8 14 18 0 
4 13 20 21 24 31 34 0 
1 4 6 17 27 32 0 
14 21 24 33 0 
2 5 15 17 21 26 27 28 32 0 
14 16 23 0 
7 13 27 28 33 0 
5 9 10 17 29 32 0 
1 11 13 15 22 25 34 0 
5 9 15 31 0 
1 2 5 6 9 10 17 20 0 
1 4 15 17 23 31 0 
1 3 4 7 8 15 25 31 32 0 
3 4 5 8 10 14 21 30 31 0 
4 8 11 12 17 22 26 32 33 0 
3 4 6 11 13 29 0 
7 9 22 25 26 29 0 
4 17 19 21 23 30 0 
5 25 27 31 33 0 
5 23 27 0 
2 6 7 8 14 17 18 19 26 28 29 30 0 
2 3 18 19 20 29 0 
2 21 23 31 33 0 
5 8 11 17 28 34 0 
7 17 21 25 33 0 
8 16 19 29 30 0 
6 9 10 20 25 28 0 
2 7 10 21 33 0 
6 24 0 
3 5 10 11 26 31 0 
1 9 11 12 17 19 28 34 0 
2 3 4 5 10 13 19 21 26 0 
6 13 16 27 0 
1 5 8 11 0 
2 9 10 12 13 14 15 27 31 34 0 
1 20 27 30 32 0 
5 16 17 29 30 32 0 
1 6 7 8 17 22 0 
11 13 22 0 
1 2 7 8 15 16 17 20 28 0 
2 10 12 21 25 29 31 0 
4 15 17 33 0 
2 12 31 0 
6 13 17 24 25 27 33 0 
4 5 10 14 15 16 19 20 24 26 0 
10 16 25 31 33 34 0 
1 5 6 7 10 15 21 28 30 31 33 0 
5 7 11 13 18 25 28 29 0 
3 7 11 14 16 30 0 
9 29 0 
9 12 22 26 27 29 31 33 0 
2 22 28 29 0 
8 12 15 16 20 25 30 0 
8 13 17 24 26 0 
4 7 11 13 23 27 32 33 34 0 
16 18 23 28 29 34 0 
1 6 7 15 26 29 32 0 
5 14 15 18 23 24 0 
2 3 4 5 14 19 20 21 23 30 0 
1 4 12 16 17 21 25 26 0 
1 8 14 17 22 31 0 
6 15 21 28 0 
1 5 13 15 0 
4 13 15 24 27 29 0 
8 15 20 24 25 26 30 0 
2 3 8 11 20 21 22 26 31 33 0 
2 5 8 25 29 32 33 34 0 
7 11 17 26 0 
6 12 17 20 21 24 27 29 30 33 34 0 
6 23 25 28 0 
6 21 26 0 
2 3 11 18 23 29 30 0 
6 9 11 19 24 25 33 0 
2 3 4 13 28 0 
2 4 6 13 14 15 16 18 25 28 0 
3 5 10 13 17 21 31 0 
2 3 9 11 16 20 25 26 0 
11 13 20 26 28 30 31 0 
3 11 13 19 25 34 0 
7 23 25 26 0 
4 9 17 18 19 25 27 28 29 34 0 
14 16 23 24 25 28 29 32 33 0 
1 24 30 0 
2 3 17 23 25 26 27 0 
2 12 14 15 20 31 0 
1 3 9 11 15 30 32 0 
3 11 13 21 23 24 28 0 
3 8 12 13 14 15 20 25 30 0 
4 7 11 13 21 30 0 
2 13 17 30 34 0 
4 7 14 29 33 0 
1 4 26 33 34 0 
2 3 4 9 0 
2 8 14 15 21 27 28 31 32 0 
5 12 17 19 27 33 0 
7 8 16 20 21 28 34 0 
9 10 30 31 32 0 
1 3 5 17 18 20 28 29 33 0 
6 9 11 16 23 28 34 0 
3 7 9 15 18 19 25 0 
3 6 9 12 21 28 33 0 
5 23 26 33 0 
6 13 14 17 21 31 0 
4 9 13 17 0 
13 14 16 24 25 28 29 0 
4 25 29 33 34 0 
1 2 5 7 10 12 16 17 27 0 
7 12 17 20 21 23 25 30 0 
7 11 18 28 31 0 
2 3 8 11 17 23 30 33 0 
5 11 16 25 27 0 
1 7 13 14 15 25 34 0 
4 5 6 12 20 24 27 33 0 
4 13 15 28 33 0 
4 9 14 19 22 28 34 0 
1 2 11 24 27 31 0 
2 4 12 22 24 25 31 0 
1 3 8 16 17 19 24 0 
2 3 4 10 22 28 0 
2 6 8 17 25 27 33 0 
1 15 21 22 23 26 27 31 32 0 
1 5 15 22 23 0 
1 10 13 19 23 25 31 0 
4 10 13 14 15 21 28 34 0 
3 10 12 18 19 27 0 
7 8 12 16 17 21 22 27 30 32 34 0 
11 16 17 22 23 27 0 
6 18 20 23 24 34 0 
1 3 20 24 26 29 0 
8 9 13 16 22 27 29 30 33 0 
7 8 10 15 24 27 28 30 0 
5 12 20 21 24 30 31 0 
5 8 13 27 28 0 
9 13 14 16 18 28 0 
3 10 11 17 22 23 25 31 0 
3 4 7 13 17 20 24 26 0 
16 21 27 34 0 
7 24 29 30 34 0 
1 5 14 15 0 
5 6 7 9 23 24 27 32 0 
-10 -11 -12 -15 -20 -26 -27 0 
-2 -4 -6 -10 -11 -14 -25 -27 0 
-3 -5 -19 -22 -23 -24 0 
-1 -5 -11 -12 -16 -21 -25 0 
-5 -13 -27 -32 -33 0 
-15 -24 -25 -28 -32 0 
-2 -6 -7 -15 -32 0 
-10 -12 -17 -22 -28 0 
-16 -21 -30 0 
-10 -25 -30 0 
-2 -5 -18 -24 -31 0 
-5 -10 -14 -24 -27 -28 -29 -31 0 
-2 -8 -12 -19 -21 -23 -31 0 
-2 -9 -11 -16 -23 -25 -30 -32 -33 0 
-2 -3 -6 -12 -14 -17 -18 -19 -20 -23 -24 -34 0 
-1 -4 -11 -13 -16 -21 -22 -34 0 
-4 -6 -7 -18 -28 -31 -32 0 
-7 -9 -18 -24 -25 -30 0 
-8 -15 -22 -28 -31 -34 0 
-1 -4 -18 -21 -28 -29 0 
-10 -14 -17 -28 -33 0 
-3 -12 -14 -19 -25 -28 0 
-1 -12 -13 -15 -18 -25 -29 -30 -31 -33 0 
-13 -16 -22 -29 0 
-2 -3 -4 -20 -26 -31 -34 0 
-1 -4 -5 -15 -30 0 
-4 -9 -15 -20 -34 0 
-3 -14 -16 -19 -20 -25 -26 0 
-14 -16 -26 -28 -30 -31 0 
-4 -5 -12 -18 -20 -30 -34 0 
-2 -10 -12 -15 -20 -24 -29 -32 0 
-8 -12 -18 -20 -27 -32 -33 0 
-2 -3 -4 -9 -10 -14 -15 -16 -34 0 
-4 -12 -17 -22 -29 -30 0 
-7 -10 -12 -16 -17 -20 -21 -24 -25 -26 -29 -30 -31 0 
-9 -11 -12 -18 -24 -30 -34 0 
-3 -6 -16 -18 -19 0 
-5 -6 -9 -12 -14 -17 -26 -28 -30 0 
-13 -19 -25 -26 0 
-1 -5 -15 -21 -25 -26 0 
-2 -11 -19 -21 -27 -33 0 
-2 -7 -15 -16 -28 0 
-4 -8 -15 -23 -28 -32 -33 0 
-2 -15 -24 0 
-3 -16 -17 -18 -31 -34 0 
-3 -4 -17 -18 0 
-8 -12 -19 -22 -27 0 
-2 -8 -18 -19 -22 -24 -29 0 
-2 -3 -6 -8 -15 -16 -25 -31 -33 0 
-12 -18 -22 0 
-3 -11 -13 -22 -24 -28 0 
-2 -5 -12 -14 -15 -32 0 
-6 -9 -13 -19 -27 0 
-3 -24 -28 0 
-7 -15 -19 -23 -26 0 
-5 -6 -11 -13 -16 -24 -26 0 
-6 -12 -18 -26 -33 0 
-4 -6 -9 -11 -14 -22 -27 -33 0 
-9 -10 -13 -19 -22 -23 -25 -26 -30 -31 0 
-8 -23 -25 -26 0 
-4 -6 -8 -14 -27 -32 -34 0 
-1 -2 -3 -18 -21 -28 0 
-1 -13 -20 -23 -33 0 
-20 -24 -25 -32 0 
-5 -7 -8 -10 -19 -22 -24 -27 -29 -33 0 
-2 -8 -12 -16 -18 -19 -27 -34 0 
-24 -25 0 
-1 -4 -5 -7 -17 -26 -29 0 
-2 -5 -10 -13 -18 -19 0 
-2 -7 -8 -9 -15 -24 -27 0 
-4 -7 -13 -17 -19 -24 -27 -32 -34 0 
-6 -7 -11 -15 -17 -21 0 
-1 -4 -18 -20 -21 0 
-2 -6 -12 -13 -18 -24 -27 -29 -34 0 
-7 -20 -22 -24 -31 0 
-2 -13 -14 -15 -27 -30 0 
-2 -5 -9 -13 -18 -21 -32 -33 0 
-10 -15 -20 -31 -33 0 
-2 -4 -7 -16 -28 0 
-4 -8 -13 -16 -22 -28 0 
-1 -9 -13 -16 -21 -28 -29 0 
-2 -4 -5 -19 -23 -31 0 
-2 -14 -28 -34 0 
-9 -13 -27 -32 0 
-8 -12 -17 -18 -24 -28 -29 0 
-2 -3 -16 0 
-9 -19 -20 -25 -27 0 
-9 -11 -19 -20 -21 -31 0 
-11 -18 -21 -22 -25 -31 0 
-2 -8 -9 -14 -24 -34 0 
-3 -7 -20 -23 -26 -32 -34 0 
-3 -5 -6 -11 -14 -17 -23 -24 -32 0 
-7 -12 -13 -25 -33 0 
-7 -9 -13 -14 -15 -17 -20 -21 0 
-4 -6 -9 -13 -14 -23 -30 -33 0 
-1 -9 -10 -11 -14 -15 -26 -33 0 
-13 -14 -21 -25 -28 -29 -32 0 
-9 -10 -16 0 
-5 -6 -9 -10 -11 -16 -21 -22 -30 0 
-4 -11 -13 -17 -28 -32 0 
-1 -2 -6 -7 -10 -32 0 
-2 -3 -10 -11 -13 -14 -20 -26 -30 -32 -33 -34 0 
-4 -8 -12 -13 -21 -30 0 
-8 -12 -17 -19 -24 -25 -29 -31 -32 0 
-5 -9 -14 -20 -24 -27 -28 -29 0 
-5 -9 -12 -13 -22 -23 -33 -34 0 
-1 -7 -11 -27 -28 0 
-5 -9 -11 -13 -14 -19 -22 -24 -27 -29 -30 -31 -33 0 
-4 -8 -17 -18 -27 0 
-1 -5 -6 -7 -15 -25 0 
-1 -3 -7 -13 -22 -24 -25 0 
-5 -10 0 
-7 -12 -13 -18 -20 -26 -32 0 
-7 -9 -16 -21 -25 -28 -31 0 
-2 -17 -22 -29 -30 -31 -33 0 
-11 -14 -24 0 
-3 -4 -9 -11 -16 -20 -24 -29 -30 -34 0 
-3 -5 -10 -16 -23 -32 0 
-1 -14 -18 -20 -22 0 
-3 -5 -7 -12 -20 -22 -24 -26 -28 -33 0 
-5 -14 -24 0 
-6 -8 -16 -34 0 
-3 -6 -14 -22 -24 -26 -34 0 
-1 -4 -18 -23 0 
-9 -11 -18 -22 -27 -33 0 
-2 -9 -11 -12 -20 -21 -28 -29 0 
-12 -16 -19 -26 -28 0 
-1 -8 -9 0 
-8 -12 -23 -24 -27 -32 0 
-11 -13 -20 -23 -31 0 
-5 -24 -31 0 
-4 -5 -7 -15 -18 -22 -28 -33 0 
-4 -14 -18 -21 -25 -28 0 
-9 -15 -20 -29 -31 0 
-2 -5 -14 -16 -25 -30 0 
-16 -19 -20 -22 -23 -25 -29 0 
-2 -5 -11 -16 -21 -29 -34 0 
-8 -9 -13 -16 -21 -23 -27 -29 -30 0 
-4 -5 -7 -11 -13 -15 -25 -30 -32 0 
-5 -20 -24 -31 0 
-2 -8 -10 -18 -23 -24 0 
-4 -5 -7 -12 -20 -26 -33 0 
-6 -7 -8 -17 -22 0 
-15 -16 -17 -28 -32 -33 0 
-7 -15 -22 -25 -26 -28 -32 0 
-2 -6 -13 -22 -23 -32 0 
-3 -7 -15 -16 -18 -20 -23 -24 -31 -33 0 
-1 -2 -3 -4 -5 -10 -20 -25 0 
-6 -8 -14 -15 -28 -32 0 
-1 -17 -20 -21 -31 -34 0 
-2 -5 -20 -29 -30 0 
-6 -11 -17 -20 -23 -24 -34 0 
-1 -9 -10 -28 -29 -31 -34 0 
-4 -6 -7 -14 -19 -27 0 
-8 -9 -14 -15 -16 -22 -31 -34 0 
-3 -6 -13 -22 -33 0 
-7 -9 -14 -21 -26 -27 -28 -31 -32 0 
-10 -12 -19 -27 -29 -30 0 
-3 -4 -12 -16 -17 -20 -26 -28 0 
-1 -5 -7 -8 -14 -19 -23 0 
-12 -19 -20 -21 -24 -25 0 
-11 -23 -26 -29 0 
-2 -4 -10 -22 -31 0 
-1 -6 -7 -9 -15 -16 -20 -24 -27 -30 0 
-1 -2 -18 -20 -24 0 
-1 -3 -9 -14 -16 -21 0 
-12 -24 -29 0 
-8 -12 -14 -19 -20 -26 -28 -33 0 
-16 -20 -22 -25 -28 -32 0 
-11 -13 -18 -25 -26 -28 -32 0 
-1 -14 -31 0 
-11 -15 -16 -26 -29 0 
-2 -3 -7 -11 -17 -32 0 
-4 -23 -30 0 
-1 -2 -4 -14 -22 -31 0 
-2 -7 -9 -13 -15 -19 -21 -27 -28 0 
-6 -7 -26 -28 -31 0 
-4 -9 -16 -18 0 
-4 -8 -18 -22 -24 -25 -27 -31 0 
-1 -4 -17 -32 -33 0 
-3 -8 -13 -16 -19 -21 -22 -23 -27 -31 -33 -34 0 
-12 -14 -17 -24 -31 -34 0 
-9 -14 -23 -25 -33 0 
-3 -11 -15 -17 -18 -23 -30 0 
-10 -14 -23 -27 0 
-1 -5 -8 -9 -16 -27 0 
-7 -16 -24 -26 -29 -33 0 
-3 -8 -9 -12 -22 -34 0 
-2 -3 -4 -13 -14 -16 -33 -34 0 
-1 -2 -7 -15 -17 -20 -23 -30 -32 0 
-1 -15 -16 -24 -30 -31 0 
-10 -17 -20 -21 -29 -34 0 
-1 -9 -14 -18 -20 -22 -25 -28 -30 -31 0 
-3 -4 -5 -9 -13 -27 0 
-8 -12 -13 -16 -19 -21 -24 -25 0 
-1 -2 -4 -11 -21 -26 -33 0 
-3 -6 -9 -10 -14 -25 0 
-19 -21 -30 -34 0 
-1 -2 -4 -18 -19 -20 -25 -33 -34 0 
-4 -8 -16 -20 -28 0 
-17 -19 -25 -30 0 
-1 -7 -18 -21 -30 0 
-1 -2 -8 -11 -14 -18 -22 -23 0 
-1 -6 -23 -27 -32 0 
-1 -9 -13 0 
-7 -9 -10 -23 -24 -28 0 
-6 -7 -18 -19 -20 -22 -31 -32 0 
-7 -9 -11 -17 -31 -32 0 
-11 -17 -18 -27 -31 -33 0 
-4 -8 -9 -10 -13 0 
-9 -13 -22 0 
-5 -19 -23 -26 0 
-4 -11 -14 -15 -19 -30 0 
-5 -11 -16 -20 -25 0 
-2 -10 -18 -21 -34 0 
-2 -3 -4 -10 -21 -22 -32 0 
-1 -4 -8 -11 -12 -15 -20 -24 -27 -28 0 
-3 -4 -6 -10 -13 -14 -15 -20 -22 -24 0 
-3 -5 -26 -33 0 
-2 -4 -7 -19 -26 -33 0 
-2 -3 -10 -19 -21 -34 0 
-2 -10 -14 -18 -25 -28 0 
-2 -6 -10 -24 -29 -32 0 
-1 -12 -18 -19 -26 0 
-3 -4 -5 -9 -10 -17 -21 -22 -28 -31 -33 0 
-1 -7 -10 -14 -17 -27 -30 -32 0 
-1 -6 -8 -9 -12 -17 -20 -28 0 
-7 -15 -22 -25 -29 -30 -31 0 
-2 -4 -15 -17 -20 -21 -33 0 
-1 -13 -15 -17 -23 -27 -33 0 
-2 -3 -14 -20 -24 -25 -31 -32 -33 0 
-10 -14 -17 -19 -20 -21 -22 -28 0 
-7 -22 -25 0 
-19 -25 -31 -33 0 
-2 -6 -7 -8 -10 -14 -21 -32 0 
-14 -23 -26 -32 0 
-3 -4 -6 -8 -9 -17 -21 -25 -32 0 
-3 -11 -12 -13 -26 0 
-1 -2 -7 -22 -23 -32 0 
-5 -20 -21 -23 -24 -26 0 
-4 -16 -31 0 
-12 -28 -32 -34 0 
-4 -7 -14 -25 -34 0 
-4 -7 -11 -18 -25 -28 -29 0 
-16 -20 -21 -27 -29 -30 0 
-1 -18 -26 -34 0 
-2 -3 -10 -22 -27 -28 -30 -31 -34 0 
-3 -5 -9 -20 -22 0 
-6 -8 -11 -23 -29 -30 -33 0 
-3 -6 -17 -21 -28 -34 0 
-5 -12 -18 -23 -26 -31 0 
-1 -3 -6 -7 -13 -18 -26 -27 -33 -34 0 
-2 -3 -4 -13 -18 0 
-19 -32 -33 0 
-2 -4 -6 -12 -13 -18 -23 -25 -26 -28 -32 0 
-4 -5 -15 -17 -19 -24 -29 -33 0 
-2 -3 -8 -10 -13 -17 -26 -30 -31 0 
-1 -9 -14 -15 -20 0 
-1 -2 -3 -16 -30 0 
-2 -4 -6 -11 -16 0 
-4 -8 -14 -18 0 
-4 -13 -20 -21 -24 -31 -34 0 
-1 -4 -6 -17 -27 -32 0 
-14 -21 -24 -33 0 
-2 -5 -15 -17 -21 -26 -27 -28 -32 0 
-14 -16 -23 0 
-7 -13 -27 -28 -33 0 
-5 -9 -10 -17 -29 -32 0 
-1 -11 -13 -15 -22 -25 -34 0 
-5 -9 -15 -31 0 
-1 -2 -5 -6 -9 -10 -17 -20 0 
-1 -4 -15 -17 -23 -31 0 
-1 -3 -4 -7 -8 -15 -25 -31 -32 0 
-3 -4 -5 -8 -10 -14 -21 -30 -31 0 
-4 -8 -11 -12 -17 -22 -26 -32 -33 0 
-3 -4 -6 -11 -13 -29 0 
-7 -9 -22 -25 -26 -29 0 
-4 -17 -19 -21 -23 -30 0 
-5 -25 -27 -31 -33 0 
-5 -23 -27 0 
-2 -6 -7 -8 -14 -17 -18 -19 -26 -28 -29 -30 0 
-2 -3 -18 -19 -20 -29 0 
-2 -21 -23 -31 -33 0 
-5 -8 -11 -17 -28 -34 0 
-7 -17 -21 -25 -33 0 
-8 -16 -19 -29 -30 0 
-6 -9 -10 -20 -25 -28 0 
-2 -7 -10 -21 -33 0 
-6 -24 0 
-3 -5 -10 -11 -26 -31 0 
-1 -9 -11 -12 -17 -19 -28 -34 0 
-2 -3 -4 -5 -10 -13 -19 -21 -26 0 
-6 -13 -16 -27 0 
-1 -5 -8 -11 0 
-2 -9 -10 -12 -13 -14 -15 -27 -31 -34 0 
-1 -20 -27 -30 -32 0 
-5 -16 -17 -29 -30 -32 0 
-1 -6 -7 -8 -17 -22 0 
-11 -13 -22 0 
-1 -2 -7 -8 -15 -16 -17 -20 -28 0 
-2 -10 -12 -21 -25 -29 -31 0 
-4 -15 -17 -33 0 
-2 -12 -31 0 
-6 -13 -17 -24 -25 -27 -33 0 
-4 -5 -10 -14 -15 -16 -19 -20 -24 -26 0 
-10 -16 -25 -31 -33 -34 0 
-1 -5 -6 -7 -10 -15 -21 -28 -30 -31 -33 0 
-5 -7 -11 -13 -18 -25 -28 -29 0 
-3 -7 -11 -14 -16 -30 0 
-9 -29 0 
-9 -12 -22 -26 -27 -29 -31 -33 0 
-2 -22 -28 -29 0 
-8 -12 -15 -16 -20 -25 -30 0 
-8 -13 -17 -24 -26 0 
-4 -7 -11 -13 -23 -27 -32 -33 -34 0 
-16 -18 -23 -28 -29 -34 0 
-1 -6 -7 -15 -26 -29 -32 0 
-5 -14 -15 -18 -23 -24 0 
-2 -3 -4 -5 -14 -19 -20 -21 -23 -30 0 
-1 -4 -12 -16 -17 -21 -25 -26 0 
-1 -8 -14 -17 -22 -31 0 
-6 -15 -21 -28 0 
-1 -5 -13 -15 0 
-4 -13 -15 -24 -27 -29 0 
-8 -15 -20 -24 -25 -26 -30 0 
-2 -3 -8 -11 -20 -21 -22 -26 -31 -33 0 
-2 -5 -8 -25 -29 -32 -33 -34 0 
-7 -11 -17 -26 0 
-6 -12 -17 -20 -21 -24 -27 -29 -30 -33 -34 0 
-6 -23 -25 -28 0 
-6 -21 -26 0 
-2 -3 -11 -18 -23 -29 -30 0 
-6 -9 -11 -19 -24 -25 -33 0 
-2 -3 -4 -13 -28 0 
-2 -4 -6 -13 -14 -15 -16 -18 -25 -28 0 
-3 -5 -10 -13 -17 -21 -31 0 
-2 -3 -9 -11 -16 -20 -25 -26 0 
-11 -13 -20 -26 -28 -30 -31 0 
-3 -11 -13 -19 -25 -34 0 
-7 -23 -25 -26 0 
-4 -9 -17 -18 -19 -25 -27 -28 -29 -34 0 
-14 -16 -23 -24 -25 -28 -29 -32 -33 0 
-1 -24 -30 0 
-2 -3 -17 -23 -25 -26 -27 0 
-2 -12 -14 -15 -20 -31 0 
-1 -3 -9 -11 -15 -30 -32 0 
-3 -11 -13 -21 -23 -24 -28 0 
-3 -8 -12 -13 -14 -15 -20 -25 -30 0 
-4 -7 -11 -13 -21 -30 0 
-2 -13 -17 -30 -34 0 
-4 -7 -14 -29 -33 0 
-1 -4 -26 -33 -34 0 
-2 -3 -4 -9 0 
-2 -8 -14 -15 -21 -27 -28 -31 -32 0 
-5 -12 -17 -19 -27 -33 0 
-7 -8 -16 -20 -21 -28 -34 0 
-9 -10 -30 -31 -32 0 
-1 -3 -5 -17 -18 -20 -28 -29 -33 0 
-6 -9 -11 -16 -23 -28 -34 0 
-3 -7 -9 -15 -18 -19 -25 0 
-3 -6 -9 -12 -21 -28 -33 0 
-5 -23 -26 -33 0 
-6 -13 -14 -17 -21 -31 0 
-4 -9 -13 -17 0 
-13 -14 -16 -24 -25 -28 -29 0 
-4 -25 -29 -33 -34 0 
-1 -2 -5 -7 -10 -12 -16 -17 -27 0 
-7 -12 -17 -20 -21 -23 -25 -30 0 
-7 -11 -18 -28 -31 0 
-2 -3 -8 -11 -17 -23 -30 -33 0 
-5 -11 -16 -25 -27 0 
-1 -7 -13 -14 -15 -25 -34 0 
-4 -5 -6 -12 -20 -24 -27 -33 0 
-4 -13 -15 -28 -33 0 
-4 -9 -14 -19 -22 -28 -34 0 
-1 -2 -11 -24 -27 -31 0 
-2 -4 -12 -22 -24 -25 -31 0 
-1 -3 -8 -16 -17 -19 -24 0 
-2 -3 -4 -10 -22 -28 0 
-2 -6 -8 -17 -25 -27 -33 0 
-1 -15 -21 -22 -23 -26 -27 -31 -32 0 
-1 -5 -15 -22 -23 0 
-1 -10 -13 -19 -23 -25 -31 0 
-4 -10 -13 -14 -15 -21 -28 -34 0 
-3 -10 -12 -18 -19 -27 0 
-7 -8 -12 -16 -17 -21 -22 -27 -30 -32 -34 0 
-11 -16 -17 -22 -23 -27 0 
-6 -18 -20 -23 -24 -34 0 
-1 -3 -20 -24 -26 -29 0 
-8 -9 -13 -16 -22 -27 -29 -30 -33 0 
-7 -8 -10 -15 -24 -27 -28 -30 0 
-5 -12 -20 -21 -24 -30 -31 0 
-5 -8 -13 -27 -28 0 
-9 -13 -14 -16 -18 -28 0 
-3 -10 -11 -17 -22 -23 -25 -31 0 
-3 -4 -7 -13 -17 -20 -24 -26 0 
-16 -21 -27 -34 0 
-7 -24 -29 -30 -34 0 
-1 -5 -14 -15 0 
-5 -6 -7 -9 -23 -24 -27 -32 0 
