p cnf 34 800
2 7 18 19 25 28 0 
2 16 17 18 19 28 30 31 33 34 0 
4 13 16 19 20 23 34 0 
3 4 12 13 23 30 0 
2 17 22 31 0 
2 3 5 6 13 0 
3 4 8 26 30 32 0 
15 18 27 31 34 0 
6 12 13 16 20 26 0 
12 13 20 22 24 25 28 29 0 
4 7 25 32 34 0 
1 8 14 18 19 26 27 0 
3 8 16 19 25 0 
1 21 0 
4 5 8 21 22 27 28 30 31 0 
5 18 23 27 32 34 0 
13 18 25 26 31 32 0 
9 11 18 24 29 33 0 
9 16 18 24 28 29 0 
6 7 11 13 23 24 26 31 34 0 
1 4 8 9 22 27 0 
3 6 7 10 19 21 24 26 31 0 
12 24 27 30 31 0 
2 8 10 14 29 33 0 
9 14 18 20 24 26 29 34 0 
4 7 23 27 32 0 
1 3 8 14 18 23 25 29 31 0 
13 15 21 23 0 
1 2 3 7 8 10 13 21 22 0 
4 5 13 21 22 24 29 0 
17 31 0 
2 16 19 31 32 33 0 
13 14 18 26 30 0 
9 12 26 27 33 0 
4 7 24 34 0 
6 8 10 16 18 0 
1 18 32 33 0 
23 24 30 33 0 
3 15 0 
2 3 4 14 32 0 
2 6 7 14 18 22 23 25 30 34 0 
5 14 21 23 24 26 32 0 
7 13 19 21 26 27 29 31 0 
7 13 17 19 23 33 0 
5 8 9 10 11 16 27 28 30 32 0 
3 20 25 27 31 0 
5 22 31 0 
20 22 24 25 0 
10 18 19 26 28 29 0 
2 16 24 30 32 0 
4 13 18 19 26 30 0 
4 7 9 16 18 24 0 
9 12 13 15 20 24 31 34 0 
3 10 12 14 22 23 27 31 32 0 
1 7 16 23 26 0 
20 25 27 0 
1 6 8 10 12 18 23 24 26 0 
2 18 23 25 26 0 
5 6 7 0 
2 6 7 8 17 21 22 31 0 
11 15 18 19 22 0 
6 7 10 20 21 24 29 30 32 0 
1 2 3 10 19 27 33 0 
7 10 13 24 27 30 0 
1 6 8 21 24 29 30 0 
7 9 10 20 24 0 
2 3 5 9 14 24 30 31 33 0 
1 5 17 24 0 
9 12 15 18 20 22 25 29 0 
12 15 26 27 32 0 
9 11 12 15 27 30 0 
16 22 25 26 31 0 
17 18 19 20 28 0 
1 2 7 16 20 23 25 32 0 
9 10 12 23 24 27 0 
9 14 17 19 0 
1 10 14 19 33 34 0 
7 15 22 26 29 34 0 
8 24 26 31 0 
1 5 10 26 31 0 
4 9 14 15 22 31 0 
4 13 15 27 0 
5 11 20 24 26 32 0 
18 23 27 31 0 
2 5 12 31 32 0 
1 4 7 8 10 14 17 24 28 0 
2 6 16 19 24 30 31 32 0 
3 9 13 15 16 21 23 31 0 
4 6 19 21 23 29 0 
2 11 13 15 17 25 26 32 33 34 0 
9 12 13 16 17 18 24 0 
2 3 16 19 20 24 30 32 0 
4 7 10 15 22 26 33 34 0 
7 8 12 16 18 26 29 0 
2 5 13 21 23 24 0 
9 12 17 18 31 33 0 
1 6 7 8 10 13 18 21 25 0 
6 8 14 15 30 33 34 0 
1 13 19 22 29 33 0 
3 15 18 33 0 
2 6 11 16 19 21 25 27 28 0 
3 5 8 14 28 29 30 0 
4 9 16 19 22 34 0 
8 11 13 22 23 31 0 
2 3 6 17 21 32 34 0 
4 10 11 12 15 18 22 23 28 0 
2 3 7 11 13 24 26 27 0 
8 9 13 15 24 28 0 
2 3 7 9 15 16 34 0 
11 21 33 34 0 
2 10 13 27 29 30 32 0 
3 4 16 19 21 22 23 0 
2 21 26 27 29 0 
1 5 17 18 22 26 0 
4 5 12 15 26 0 
5 6 7 15 17 22 30 32 0 
2 4 5 7 8 9 10 12 14 15 22 29 31 0 
8 11 14 18 26 31 0 
7 9 13 16 19 21 29 0 
3 9 10 13 15 25 27 31 0 
8 15 20 21 22 25 0 
2 14 15 22 24 0 
3 5 6 21 25 32 0 
11 19 28 34 0 
4 5 15 17 22 0 
4 9 10 12 18 26 30 34 0 
2 7 8 33 34 0 
2 3 6 13 15 17 0 
1 12 19 20 21 23 28 33 0 
4 5 15 21 23 32 34 0 
6 7 15 17 22 27 28 32 0 
2 5 11 15 27 28 0 
10 12 15 17 19 24 26 0 
12 27 30 31 0 
7 16 19 23 30 0 
7 17 26 27 0 
3 15 18 19 25 29 0 
7 16 18 22 30 31 32 0 
6 7 18 25 28 0 
6 8 14 15 27 30 0 
12 13 19 22 33 0 
3 8 11 27 28 0 
1 6 16 18 31 0 
2 4 7 10 13 26 27 31 0 
4 18 21 26 33 34 0 
4 6 9 13 22 23 29 31 0 
14 16 19 20 22 23 28 0 
1 8 11 13 22 26 31 0 
2 6 17 23 26 34 0 
6 9 18 22 23 27 29 34 0 
11 12 20 21 0 
8 12 22 23 0 
1 10 16 19 21 23 26 0 
8 9 11 14 23 26 27 29 34 0 
8 10 16 17 21 23 33 0 
4 7 8 10 12 15 20 22 31 0 
1 7 8 9 14 16 17 25 0 
9 12 18 26 0 
1 6 9 10 12 15 24 31 0 
8 14 20 22 25 0 
11 13 16 29 30 0 
1 8 10 12 16 26 34 0 
12 15 20 22 29 0 
13 22 24 29 31 0 
5 6 9 10 17 23 29 0 
1 6 25 27 28 0 
3 4 14 15 16 18 33 0 
4 13 21 26 27 28 29 34 0 
5 7 15 16 25 32 0 
11 19 28 30 33 34 0 
4 10 16 17 20 26 32 33 0 
9 15 18 22 32 33 0 
5 6 7 10 11 15 17 19 24 25 0 
1 3 12 20 24 25 33 0 
3 6 10 11 13 15 20 24 29 32 0 
2 5 6 7 8 20 29 31 33 0 
1 2 5 6 7 15 17 19 28 32 34 0 
2 7 13 15 16 18 26 27 29 0 
8 13 17 18 19 20 21 25 27 28 33 0 
4 10 22 32 34 0 
1 12 20 24 25 0 
5 12 13 23 25 30 0 
4 5 13 18 20 23 24 30 0 
10 13 17 18 19 22 23 28 0 
3 9 13 27 32 33 0 
1 8 11 20 23 30 31 32 0 
13 18 19 21 24 25 26 0 
3 7 9 31 0 
4 7 14 17 23 31 0 
1 2 4 11 18 20 21 0 
3 7 12 13 14 15 21 31 32 0 
1 7 8 17 34 0 
3 6 11 12 16 24 26 27 30 32 0 
9 10 14 24 33 0 
11 14 15 20 26 0 
3 10 12 23 25 27 28 0 
5 16 24 28 31 34 0 
3 8 9 14 15 34 0 
14 15 16 18 23 30 0 
7 19 21 28 33 0 
2 4 11 18 26 29 32 0 
2 8 10 14 17 24 25 0 
4 10 12 22 34 0 
4 7 10 13 17 20 28 0 
17 21 30 0 
6 15 16 18 24 29 0 
15 17 23 31 0 
2 13 31 33 0 
6 7 13 16 18 22 25 0 
6 8 10 13 14 27 34 0 
17 20 22 23 24 0 
3 4 6 7 22 26 27 29 0 
1 3 4 5 7 8 11 19 22 33 0 
10 13 19 20 30 0 
2 5 9 19 21 25 27 30 33 0 
3 12 27 30 32 33 0 
2 4 7 15 17 18 21 30 32 0 
5 6 11 16 26 0 
2 4 12 18 28 29 31 0 
10 15 29 32 34 0 
12 13 23 27 29 33 34 0 
2 7 13 20 22 0 
13 15 16 20 28 29 0 
2 13 16 17 19 26 31 0 
13 19 27 30 32 34 0 
4 16 19 23 24 29 0 
1 4 8 11 28 0 
1 2 12 15 16 26 28 33 0 
3 4 18 21 24 31 33 34 0 
9 17 18 26 32 34 0 
1 6 7 8 9 16 21 34 0 
6 7 12 16 18 0 
2 8 20 23 25 26 0 
11 19 26 31 0 
14 18 25 30 0 
13 17 23 25 26 29 34 0 
3 11 15 24 26 0 
4 5 18 21 31 0 
3 10 14 16 31 0 
2 3 6 8 23 34 0 
10 15 20 21 25 26 33 0 
2 3 10 13 30 33 0 
2 3 19 21 23 26 31 32 0 
13 24 25 27 30 0 
3 16 17 23 33 0 
5 6 7 8 11 13 14 28 30 0 
2 3 9 10 34 0 
1 4 5 11 13 15 0 
12 15 27 0 
1 8 12 13 23 25 29 30 0 
12 18 20 22 25 30 0 
1 2 4 6 19 20 27 30 33 0 
6 8 10 20 21 28 31 0 
12 22 27 29 31 32 33 0 
9 13 29 30 34 0 
6 12 14 17 19 25 28 31 34 0 
15 28 33 0 
5 19 25 0 
7 13 28 30 31 32 0 
5 9 20 24 25 29 30 31 0 
2 6 11 12 14 15 19 27 0 
7 11 13 14 20 22 23 0 
25 27 32 0 
3 7 10 17 20 29 0 
6 7 11 21 28 29 0 
7 14 15 27 29 30 33 0 
2 6 8 9 10 14 28 0 
7 12 21 0 
6 9 23 30 0 
4 5 14 18 20 32 0 
1 5 9 13 18 22 28 31 0 
5 6 11 12 14 18 19 20 0 
3 9 15 22 0 
2 7 8 15 16 25 27 0 
3 10 24 27 33 0 
7 12 15 16 22 25 27 32 34 0 
7 8 9 14 17 21 24 26 31 0 
1 5 6 14 15 18 23 32 0 
1 3 13 24 0 
4 15 22 23 26 28 29 31 32 0 
10 12 13 18 0 
2 11 12 24 26 0 
5 9 10 17 0 
20 26 0 
10 14 17 21 25 33 0 
1 3 5 17 20 29 0 
1 2 7 9 11 18 22 30 34 0 
2 7 10 25 32 34 0 
10 12 25 27 33 34 0 
1 9 13 15 16 20 0 
5 10 14 18 22 26 28 31 33 0 
1 2 3 4 14 19 20 28 0 
1 9 16 20 26 31 0 
7 10 12 18 32 0 
9 13 20 21 23 27 34 0 
10 18 19 20 21 23 25 26 0 
7 11 15 20 22 23 28 30 0 
13 16 19 20 21 29 30 34 0 
4 5 10 11 13 18 27 29 32 0 
4 7 15 20 23 24 0 
2 4 8 11 17 18 32 0 
1 17 20 28 33 0 
2 10 33 0 
4 16 19 0 
3 6 7 10 16 18 20 22 26 29 31 0 
1 3 6 8 9 12 14 15 16 0 
2 13 15 18 19 23 28 30 0 
8 16 25 28 34 0 
7 9 17 24 25 27 34 0 
9 10 13 16 23 33 34 0 
5 7 12 13 14 17 18 26 31 0 
8 10 11 15 29 31 0 
1 3 6 12 14 16 23 27 0 
1 6 10 15 16 19 23 25 34 0 
5 9 12 15 21 24 28 0 
11 15 18 19 26 31 0 
10 13 19 29 0 
2 5 24 34 0 
2 28 33 0 
1 3 19 31 33 0 
9 17 26 31 0 
5 8 11 20 24 27 30 33 0 
3 4 13 18 21 27 34 0 
4 15 24 25 0 
3 6 7 14 16 20 0 
7 16 17 27 32 0 
2 6 17 22 25 26 29 0 
1 3 4 5 10 13 15 29 0 
6 10 12 13 15 20 24 28 0 
2 3 13 14 21 25 0 
7 8 24 34 0 
1 3 10 12 18 19 21 32 34 0 
10 13 26 0 
4 5 7 8 12 13 14 20 21 29 31 0 
3 15 21 24 32 0 
6 10 26 33 0 
13 15 18 20 22 32 33 34 0 
3 7 16 20 22 25 28 30 0 
12 14 15 17 19 24 29 0 
1 2 19 23 27 0 
3 5 6 8 10 14 16 22 23 25 31 32 33 0 
1 7 10 13 15 23 27 28 32 0 
1 2 7 24 25 27 31 34 0 
3 4 5 6 7 11 12 24 0 
9 12 27 32 0 
2 6 10 13 15 16 27 0 
4 7 10 11 12 16 17 33 0 
11 15 16 21 0 
11 13 14 15 17 19 20 0 
2 7 8 20 24 29 31 0 
6 8 9 12 24 25 26 29 33 0 
3 8 9 17 19 20 23 0 
9 13 20 21 28 0 
4 20 27 29 32 0 
9 17 19 20 22 27 30 0 
5 8 9 11 13 21 27 31 0 
3 5 15 17 18 19 23 29 31 32 0 
2 3 8 13 28 0 
4 5 8 19 27 29 0 
8 10 13 22 24 26 29 32 0 
2 4 11 18 24 33 0 
6 9 12 21 0 
7 22 30 0 
7 11 27 30 31 0 
6 7 11 15 16 19 20 22 28 34 0 
2 9 15 19 23 29 32 33 0 
2 13 20 31 0 
11 12 15 19 30 34 0 
5 6 11 13 15 25 26 0 
2 14 18 22 0 
4 5 8 17 27 29 30 32 33 0 
12 14 19 22 29 33 0 
7 11 19 20 22 32 34 0 
7 18 22 34 0 
4 5 7 12 17 18 26 0 
4 6 12 19 20 22 28 0 
7 15 21 22 25 28 30 0 
2 7 13 19 25 30 0 
2 8 12 14 20 26 31 0 
3 4 7 8 16 20 24 27 29 0 
1 5 7 34 0 
2 4 15 17 33 0 
1 4 14 20 24 0 
3 5 9 15 16 18 20 23 27 30 0 
7 9 13 18 26 32 34 0 
4 15 16 22 27 0 
5 12 16 17 20 22 25 32 0 
7 13 20 21 24 31 34 0 
4 6 8 11 18 20 23 26 32 0 
5 10 22 24 31 34 0 
2 5 6 11 21 24 0 
1 7 8 17 24 25 31 0 
7 14 31 0 
7 11 18 20 22 34 0 
5 6 7 12 20 21 34 0 
2 3 6 13 15 26 28 29 30 0 
5 8 19 28 0 
2 8 15 17 20 24 33 0 
1 8 11 12 14 31 33 0 
3 6 8 11 18 22 28 33 0 
-2 -7 -18 -19 -25 -28 0 
-2 -16 -17 -18 -19 -28 -30 -31 -33 -34 0 
-4 -13 -16 -19 -20 -23 -34 0 
-3 -4 -12 -13 -23 -30 0 
-2 -17 -22 -31 0 
-2 -3 -5 -6 -13 0 
-3 -4 -8 -26 -30 -32 0 
-15 -18 -27 -31 -34 0 
-6 -12 -13 -16 -20 -26 0 
-12 -13 -20 -22 -24 -25 -28 -29 0 
-4 -7 -25 -32 -34 0 
-1 -8 -14 -18 -19 -26 -27 0 
-3 -8 -16 -19 -25 0 
-1 -21 0 
-4 -5 -8 -21 -22 -27 -28 -30 -31 0 
-5 -18 -23 -27 -32 -34 0 
-13 -18 -25 -26 -31 -32 0 
-9 -11 -18 -24 -29 -33 0 
-9 -16 -18 -24 -28 -29 0 
-6 -7 -11 -13 -23 -24 -26 -31 -34 0 
-1 -4 -8 -9 -22 -27 0 
-3 -6 -7 -10 -19 -21 -24 -26 -31 0 
-12 -24 -27 -30 -31 0 
-2 -8 -10 -14 -29 -33 0 
-9 -14 -18 -20 -24 -26 -29 -34 0 
-4 -7 -23 -27 -32 0 
-1 -3 -8 -14 -18 -23 -25 -29 -31 0 
-13 -15 -21 -23 0 
-1 -2 -3 -7 -8 -10 -13 -21 -22 0 
-4 -5 -13 -21 -22 -24 -29 0 
-17 -31 0 
-2 -16 -19 -31 -32 -33 0 
-13 -14 -18 -26 -30 0 
-9 -12 -26 -27 -33 0 
-4 -7 -24 -34 0 
-6 -8 -10 -16 -18 0 
-1 -18 -32 -33 0 
-23 -24 -30 -33 0 
-3 -15 0 
-2 -3 -4 -14 -32 0 
-2 -6 -7 -14 -18 -22 -23 -25 -30 -34 0 
-5 -14 -21 -23 -24 -26 -32 0 
-7 -13 -19 -21 -26 -27 -29 -31 0 
-7 -13 -17 -19 -23 -33 0 
-5 -8 -9 -10 -11 -16 -27 -28 -30 -32 0 
-3 -20 -25 -27 -31 0 
-5 -22 -31 0 
-20 -22 -24 -25 0 
-10 -18 -19 -26 -28 -29 0 
-2 -16 -24 -30 -32 0 
-4 -13 -18 -19 -26 -30 0 
-4 -7 -9 -16 -18 -24 0 
-9 -12 -13 -15 -20 -24 -31 -34 0 
-3 -10 -12 -14 -22 -23 -27 -31 -32 0 
-1 -7 -16 -23 -26 0 
-20 -25 -27 0 
-1 -6 -8 -10 -12 -18 -23 -24 -26 0 
-2 -18 -23 -25 -26 0 
-5 -6 -7 0 
-2 -6 -7 -8 -17 -21 -22 -31 0 
-11 -15 -18 -19 -22 0 
-6 -7 -10 -20 -21 -24 -29 -30 -32 0 
-1 -2 -3 -10 -19 -27 -33 0 
-7 -10 -13 -24 -27 -30 0 
-1 -6 -8 -21 -24 -29 -30 0 
-7 -9 -10 -20 -24 0 
-2 -3 -5 -9 -14 -24 -30 -31 -33 0 
-1 -5 -17 -24 0 
-9 -12 -15 -18 -20 -22 -25 -29 0 
-12 -15 -26 -27 -32 0 
-9 -11 -12 -15 -27 -30 0 
-16 -22 -25 -26 -31 0 
-17 -18 -19 -20 -28 0 
-1 -2 -7 -16 -20 -23 -25 -32 0 
-9 -10 -12 -23 -24 -27 0 
-9 -14 -17 -19 0 
-1 -10 -14 -19 -33 -34 0 
-7 -15 -22 -26 -29 -34 0 
-8 -24 -26 -31 0 
-1 -5 -10 -26 -31 0 
-4 -9 -14 -15 -22 -31 0 
-4 -13 -15 -27 0 
-5 -11 -20 -24 -26 -32 0 
-18 -23 -27 -31 0 
-2 -5 -12 -31 -32 0 
-1 -4 -7 -8 -10 -14 -17 -24 -28 0 
-2 -6 -16 -19 -24 -30 -31 -32 0 
-3 -9 -13 -15 -16 -21 -23 -31 0 
-4 -6 -19 -21 -23 -29 0 
-2 -11 -13 -15 -17 -25 -26 -32 -33 -34 0 
-9 -12 -13 -16 -17 -18 -24 0 
-2 -3 -16 -19 -20 -24 -30 -32 0 
-4 -7 -10 -15 -22 -26 -33 -34 0 
-7 -8 -12 -16 -18 -26 -29 0 
-2 -5 -13 -21 -23 -24 0 
-9 -12 -17 -18 -31 -33 0 
-1 -6 -7 -8 -10 -13 -18 -21 -25 0 
-6 -8 -14 -15 -30 -33 -34 0 
-1 -13 -19 -22 -29 -33 0 
-3 -15 -18 -33 0 
-2 -6 -11 -16 -19 -21 -25 -27 -28 0 
-3 -5 -8 -14 -28 -29 -30 0 
-4 -9 -16 -19 -22 -34 0 
-8 -11 -13 -22 -23 -31 0 
-2 -3 -6 -17 -21 -32 -34 0 
-4 -10 -11 -12 -15 -18 -22 -23 -28 0 
-2 -3 -7 -11 -13 -24 -26 -27 0 
-8 -9 -13 -15 -24 -28 0 
-2 -3 -7 -9 -15 -16 -34 0 
-11 -21 -33 -34 0 
-2 -10 -13 -27 -29 -30 -32 0 
-3 -4 -16 -19 -21 -22 -23 0 
-2 -21 -26 -27 -29 0 
-1 -5 -17 -18 -22 -26 0 
-4 -5 -12 -15 -26 0 
-5 -6 -7 -15 -17 -22 -30 -32 0 
-2 -4 -5 -7 -8 -9 -10 -12 -14 -15 -22 -29 -31 0 
-8 -11 -14 -18 -26 -31 0 
-7 -9 -13 -16 -19 -21 -29 0 
-3 -9 -10 -13 -15 -25 -27 -31 0 
-8 -15 -20 -21 -22 -25 0 
-2 -14 -15 -22 -24 0 
-3 -5 -6 -21 -25 -32 0 
-11 -19 -28 -34 0 
-4 -5 -15 -17 -22 0 
-4 -9 -10 -12 -18 -26 -30 -34 0 
-2 -7 -8 -33 -34 0 
-2 -3 -6 -13 -15 -17 0 
-1 -12 -19 -20 -21 -23 -28 -33 0 
-4 -5 -15 -21 -23 -32 -34 0 
-6 -7 -15 -17 -22 -27 -28 -32 0 
-2 -5 -11 -15 -27 -28 0 
-10 -12 -15 -17 -19 -24 -26 0 
-12 -27 -30 -31 0 
-7 -16 -19 -23 -30 0 
-7 -17 -26 -27 0 
-3 -15 -18 -19 -25 -29 0 
-7 -16 -18 -22 -30 -31 -32 0 
-6 -7 -18 -25 -28 0 
-6 -8 -14 -15 -27 -30 0 
-12 -13 -19 -22 -33 0 
-3 -8 -11 -27 -28 0 
-1 -6 -16 -18 -31 0 
-2 -4 -7 -10 -13 -26 -27 -31 0 
-4 -18 -21 -26 -33 -34 0 
-4 -6 -9 -13 -22 -23 -29 -31 0 
-14 -16 -19 -20 -22 -23 -28 0 
-1 -8 -11 -13 -22 -26 -31 0 
-2 -6 -17 -23 -26 -34 0 
-6 -9 -18 -22 -23 -27 -29 -34 0 
-11 -12 -20 -21 0 
-8 -12 -22 -23 0 
-1 -10 -16 -19 -21 -23 -26 0 
-8 -9 -11 -14 -23 -26 -27 -29 -34 0 
-8 -10 -16 -17 -21 -23 -33 0 
-4 -7 -8 -10 -12 -15 -20 -22 -31 0 
-1 -7 -8 -9 -14 -16 -17 -25 0 
-9 -12 -18 -26 0 
-1 -6 -9 -10 -12 -15 -24 -31 0 
-8 -14 -20 -22 -25 0 
-11 -13 -16 -29 -30 0 
-1 -8 -10 -12 -16 -26 -34 0 
-12 -15 -20 -22 -29 0 
-13 -22 -24 -29 -31 0 
-5 -6 -9 -10 -17 -23 -29 0 
-1 -6 -25 -27 -28 0 
-3 -4 -14 -15 -16 -18 -33 0 
-4 -13 -21 -26 -27 -28 -29 -34 0 
-5 -7 -15 -16 -25 -32 0 
-11 -19 -28 -30 -33 -34 0 
-4 -10 -16 -17 -20 -26 -32 -33 0 
-9 -15 -18 -22 -32 -33 0 
-5 -6 -7 -10 -11 -15 -17 -19 -24 -25 0 
-1 -3 -12 -20 -24 -25 -33 0 
-3 -6 -10 -11 -13 -15 -20 -24 -29 -32 0 
-2 -5 -6 -7 -8 -20 -29 -31 -33 0 
-1 -2 -5 -6 -7 -15 -17 -19 -28 -32 -34 0 
-2 -7 -13 -15 -16 -18 -26 -27 -29 0 
-8 -13 -17 -18 -19 -20 -21 -25 -27 -28 -33 0 
-4 -10 -22 -32 -34 0 
-1 -12 -20 -24 -25 0 
-5 -12 -13 -23 -25 -30 0 
-4 -5 -13 -18 -20 -23 -24 -30 0 
-10 -13 -17 -18 -19 -22 -23 -28 0 
-3 -9 -13 -27 -32 -33 0 
-1 -8 -11 -20 -23 -30 -31 -32 0 
-13 -18 -19 -21 -24 -25 -26 0 
-3 -7 -9 -31 0 
-4 -7 -14 -17 -23 -31 0 
-1 -2 -4 -11 -18 -20 -21 0 
-3 -7 -12 -13 -14 -15 -21 -31 -32 0 
-1 -7 -8 -17 -34 0 
-3 -6 -11 -12 -16 -24 -26 -27 -30 -32 0 
-9 -10 -14 -24 -33 0 
-11 -14 -15 -20 -26 0 
-3 -10 -12 -23 -25 -27 -28 0 
-5 -16 -24 -28 -31 -34 0 
-3 -8 -9 -14 -15 -34 0 
-14 -15 -16 -18 -23 -30 0 
-7 -19 -21 -28 -33 0 
-2 -4 -11 -18 -26 -29 -32 0 
-2 -8 -10 -14 -17 -24 -25 0 
-4 -10 -12 -22 -34 0 
-4 -7 -10 -13 -17 -20 -28 0 
-17 -21 -30 0 
-6 -15 -16 -18 -24 -29 0 
-15 -17 -23 -31 0 
-2 -13 -31 -33 0 
-6 -7 -13 -16 -18 -22 -25 0 
-6 -8 -10 -13 -14 -27 -34 0 
-17 -20 -22 -23 -24 0 
-3 -4 -6 -7 -22 -26 -27 -29 0 
-1 -3 -4 -5 -7 -8 -11 -19 -22 -33 0 
-10 -13 -19 -20 -30 0 
-2 -5 -9 -19 -21 -25 -27 -30 -33 0 
-3 -12 -27 -30 -32 -33 0 
-2 -4 -7 -15 -17 -18 -21 -30 -32 0 
-5 -6 -11 -16 -26 0 
-2 -4 -12 -18 -28 -29 -31 0 
-10 -15 -29 -32 -34 0 
-12 -13 -23 -27 -29 -33 -34 0 
-2 -7 -13 -20 -22 0 
-13 -15 -16 -20 -28 -29 0 
-2 -13 -16 -17 -19 -26 -31 0 
-13 -19 -27 -30 -32 -34 0 
-4 -16 -19 -23 -24 -29 0 
-1 -4 -8 -11 -28 0 
-1 -2 -12 -15 -16 -26 -28 -33 0 
-3 -4 -18 -21 -24 -31 -33 -34 0 
-9 -17 -18 -26 -32 -34 0 
-1 -6 -7 -8 -9 -16 -21 -34 0 
-6 -7 -12 -16 -18 0 
-2 -8 -20 -23 -25 -26 0 
-11 -19 -26 -31 0 
-14 -18 -25 -30 0 
-13 -17 -23 -25 -26 -29 -34 0 
-3 -11 -15 -24 -26 0 
-4 -5 -18 -21 -31 0 
-3 -10 -14 -16 -31 0 
-2 -3 -6 -8 -23 -34 0 
-10 -15 -20 -21 -25 -26 -33 0 
-2 -3 -10 -13 -30 -33 0 
-2 -3 -19 -21 -23 -26 -31 -32 0 
-13 -24 -25 -27 -30 0 
-3 -16 -17 -23 -33 0 
-5 -6 -7 -8 -11 -13 -14 -28 -30 0 
-2 -3 -9 -10 -34 0 
-1 -4 -5 -11 -13 -15 0 
-12 -15 -27 0 
-1 -8 -12 -13 -23 -25 -29 -30 0 
-12 -18 -20 -22 -25 -30 0 
-1 -2 -4 -6 -19 -20 -27 -30 -33 0 
-6 -8 -10 -20 -21 -28 -31 0 
-12 -22 -27 -29 -31 -32 -33 0 
-9 -13 -29 -30 -34 0 
-6 -12 -14 -17 -19 -25 -28 -31 -34 0 
-15 -28 -33 0 
-5 -19 -25 0 
-7 -13 -28 -30 -31 -32 0 
-5 -9 -20 -24 -25 -29 -30 -31 0 
-2 -6 -11 -12 -14 -15 -19 -27 0 
-7 -11 -13 -14 -20 -22 -23 0 
-25 -27 -32 0 
-3 -7 -10 -17 -20 -29 0 
-6 -7 -11 -21 -28 -29 0 
-7 -14 -15 -27 -29 -30 -33 0 
-2 -6 -8 -9 -10 -14 -28 0 
-7 -12 -21 0 
-6 -9 -23 -30 0 
-4 -5 -14 -18 -20 -32 0 
-1 -5 -9 -13 -18 -22 -28 -31 0 
-5 -6 -11 -12 -14 -18 -19 -20 0 
-3 -9 -15 -22 0 
-2 -7 -8 -15 -16 -25 -27 0 
-3 -10 -24 -27 -33 0 
-7 -12 -15 -16 -22 -25 -27 -32 -34 0 
-7 -8 -9 -14 -17 -21 -24 -26 -31 0 
-1 -5 -6 -14 -15 -18 -23 -32 0 
-1 -3 -13 -24 0 
-4 -15 -22 -23 -26 -28 -29 -31 -32 0 
-10 -12 -13 -18 0 
-2 -11 -12 -24 -26 0 
-5 -9 -10 -17 0 
-20 -26 0 
-10 -14 -17 -21 -25 -33 0 
-1 -3 -5 -17 -20 -29 0 
-1 -2 -7 -9 -11 -18 -22 -30 -34 0 
-2 -7 -10 -25 -32 -34 0 
-10 -12 -25 -27 -33 -34 0 
-1 -9 -13 -15 -16 -20 0 
-5 -10 -14 -18 -22 -26 -28 -31 -33 0 
-1 -2 -3 -4 -14 -19 -20 -28 0 
-1 -9 -16 -20 -26 -31 0 
-7 -10 -12 -18 -32 0 
-9 -13 -20 -21 -23 -27 -34 0 
-10 -18 -19 -20 -21 -23 -25 -26 0 
-7 -11 -15 -20 -22 -23 -28 -30 0 
-13 -16 -19 -20 -21 -29 -30 -34 0 
-4 -5 -10 -11 -13 -18 -27 -29 -32 0 
-4 -7 -15 -20 -23 -24 0 
-2 -4 -8 -11 -17 -18 -32 0 
-1 -17 -20 -28 -33 0 
-2 -10 -33 0 
-4 -16 -19 0 
-3 -6 -7 -10 -16 -18 -20 -22 -26 -29 -31 0 
-1 -3 -6 -8 -9 -12 -14 -15 -16 0 
-2 -13 -15 -18 -19 -23 -28 -30 0 
-8 -16 -25 -28 -34 0 
-7 -9 -17 -24 -25 -27 -34 0 
-9 -10 -13 -16 -23 -33 -34 0 
-5 -7 -12 -13 -14 -17 -18 -26 -31 0 
-8 -10 -11 -15 -29 -31 0 
-1 -3 -6 -12 -14 -16 -23 -27 0 
-1 -6 -10 -15 -16 -19 -23 -25 -34 0 
-5 -9 -12 -15 -21 -24 -28 0 
-11 -15 -18 -19 -26 -31 0 
-10 -13 -19 -29 0 
-2 -5 -24 -34 0 
-2 -28 -33 0 
-1 -3 -19 -31 -33 0 
-9 -17 -26 -31 0 
-5 -8 -11 -20 -24 -27 -30 -33 0 
-3 -4 -13 -18 -21 -27 -34 0 
-4 -15 -24 -25 0 
-3 -6 -7 -14 -16 -20 0 
-7 -16 -17 -27 -32 0 
-2 -6 -17 -22 -25 -26 -29 0 
-1 -3 -4 -5 -10 -13 -15 -29 0 
-6 -10 -12 -13 -15 -20 -24 -28 0 
-2 -3 -13 -14 -21 -25 0 
-7 -8 -24 -34 0 
-1 -3 -10 -12 -18 -19 -21 -32 -34 0 
-10 -13 -26 0 
-4 -5 -7 -8 -12 -13 -14 -20 -21 -29 -31 0 
-3 -15 -21 -24 -32 0 
-6 -10 -26 -33 0 
-13 -15 -18 -20 -22 -32 -33 -34 0 
-3 -7 -16 -20 -22 -25 -28 -30 0 
-12 -14 -15 -17 -19 -24 -29 0 
-1 -2 -19 -23 -27 0 
-3 -5 -6 -8 -10 -14 -16 -22 -23 -25 -31 -32 -33 0 
-1 -7 -10 -13 -15 -23 -27 -28 -32 0 
-1 -2 -7 -24 -25 -27 -31 -34 0 
-3 -4 -5 -6 -7 -11 -12 -24 0 
-9 -12 -27 -32 0 
-2 -6 -10 -13 -15 -16 -27 0 
-4 -7 -10 -11 -12 -16 -17 -33 0 
-11 -15 -16 -21 0 
-11 -13 -14 -15 -17 -19 -20 0 
-2 -7 -8 -20 -24 -29 -31 0 
-6 -8 -9 -12 -24 -25 -26 -29 -33 0 
-3 -8 -9 -17 -19 -20 -23 0 
-9 -13 -20 -21 -28 0 
-4 -20 -27 -29 -32 0 
-9 -17 -19 -20 -22 -27 -30 0 
-5 -8 -9 -11 -13 -21 -27 -31 0 
-3 -5 -15 -17 -18 -19 -23 -29 -31 -32 0 
-2 -3 -8 -13 -28 0 
-4 -5 -8 -19 -27 -29 0 
-8 -10 -13 -22 -24 -26 -29 -32 0 
-2 -4 -11 -18 -24 -33 0 
-6 -9 -12 -21 0 
-7 -22 -30 0 
-7 -11 -27 -30 -31 0 
-6 -7 -11 -15 -16 -19 -20 -22 -28 -34 0 
-2 -9 -15 -19 -23 -29 -32 -33 0 
-2 -13 -20 -31 0 
-11 -12 -15 -19 -30 -34 0 
-5 -6 -11 -13 -15 -25 -26 0 
-2 -14 -18 -22 0 
-4 -5 -8 -17 -27 -29 -30 -32 -33 0 
-12 -14 -19 -22 -29 -33 0 
-7 -11 -19 -20 -22 -32 -34 0 
-7 -18 -22 -34 0 
-4 -5 -7 -12 -17 -18 -26 0 
-4 -6 -12 -19 -20 -22 -28 0 
-7 -15 -21 -22 -25 -28 -30 0 
-2 -7 -13 -19 -25 -30 0 
-2 -8 -12 -14 -20 -26 -31 0 
-3 -4 -7 -8 -16 -20 -24 -27 -29 0 
-1 -5 -7 -34 0 
-2 -4 -15 -17 -33 0 
-1 -4 -14 -20 -24 0 
-3 -5 -9 -15 -16 -18 -20 -23 -27 -30 0 
-7 -9 -13 -18 -26 -32 -34 0 
-4 -15 -16 -22 -27 0 
-5 -12 -16 -17 -20 -22 -25 -32 0 
-7 -13 -20 -21 -24 -31 -34 0 
-4 -6 -8 -11 -18 -20 -23 -26 -32 0 
-5 -10 -22 -24 -31 -34 0 
-2 -5 -6 -11 -21 -24 0 
-1 -7 -8 -17 -24 -25 -31 0 
-7 -14 -31 0 
-7 -11 -18 -20 -22 -34 0 
-5 -6 -7 -12 -20 -21 -34 0 
-2 -3 -6 -13 -15 -26 -28 -29 -30 0 
-5 -8 -19 -28 0 
-2 -8 -15 -17 -20 -24 -33 0 
-1 -8 -11 -12 -14 -31 -33 0 
-3 -6 -8 -11 -18 -22 -28 -33 0 
