p cnf 34 800
3 20 26 28 29 0 
2 7 9 15 19 28 31 33 0 
7 11 24 26 29 30 0 
5 7 9 21 30 32 0 
5 10 13 16 27 33 0 
1 5 6 7 15 32 0 
1 3 5 14 15 29 33 34 0 
2 6 8 9 10 11 16 17 24 27 28 33 0 
4 13 15 20 22 24 34 0 
3 13 22 31 0 
10 24 28 0 
9 11 15 32 34 0 
7 12 17 18 24 28 34 0 
5 8 9 10 12 22 28 29 32 34 0 
11 13 16 19 20 24 26 30 0 
2 7 13 15 25 26 31 0 
2 13 14 16 17 20 29 0 
5 11 22 23 25 0 
4 5 13 17 0 
14 16 18 21 25 26 28 34 0 
3 4 18 28 32 34 0 
2 3 15 24 29 30 0 
4 10 12 13 17 25 31 0 
4 6 9 16 18 24 0 
5 9 15 17 28 29 31 0 
3 7 8 9 16 26 30 0 
6 11 18 24 25 29 0 
9 23 26 34 0 
9 12 20 22 0 
3 23 29 30 0 
1 14 21 22 24 27 28 31 0 
5 9 10 16 22 23 26 27 29 0 
4 5 13 32 0 
2 6 8 9 12 25 26 27 30 31 33 0 
6 7 9 13 23 29 34 0 
1 3 4 11 12 14 15 0 
5 6 7 8 15 17 18 0 
1 8 17 21 30 31 32 0 
13 15 19 21 27 31 0 
7 16 20 26 0 
6 7 11 16 20 24 28 29 34 0 
8 10 13 28 31 0 
2 8 18 19 23 27 30 0 
6 18 21 27 29 31 0 
1 11 27 29 0 
9 12 14 20 23 24 25 34 0 
8 11 13 21 25 26 28 29 0 
2 8 16 30 0 
6 11 16 18 19 26 32 0 
4 16 25 31 34 0 
2 7 16 20 21 23 24 27 33 0 
1 14 21 28 30 33 0 
1 2 6 17 25 27 32 0 
11 14 19 21 24 30 34 0 
8 9 10 17 18 0 
3 4 16 17 20 0 
11 14 22 0 
1 5 9 13 14 25 29 0 
8 14 18 22 29 34 0 
16 21 25 26 31 0 
5 21 0 
4 6 9 12 14 16 19 21 23 26 28 30 33 0 
8 17 20 24 30 0 
5 19 20 25 30 34 0 
1 3 7 11 28 31 0 
6 7 20 23 29 0 
5 13 18 20 22 23 32 33 0 
10 15 18 19 27 29 0 
4 8 12 23 24 27 32 0 
6 26 29 33 0 
8 10 11 13 16 17 19 22 28 29 31 0 
6 8 10 18 26 28 33 0 
4 6 7 13 14 24 33 0 
9 12 17 26 27 0 
17 32 33 0 
2 8 10 17 19 31 0 
10 21 23 29 0 
8 11 17 31 32 34 0 
6 23 26 33 34 0 
9 10 17 27 0 
10 13 14 24 29 0 
3 7 14 17 22 25 29 0 
4 18 23 29 30 31 0 
1 4 5 9 10 12 13 16 30 0 
9 11 23 26 33 0 
12 17 18 32 0 
12 23 27 30 0 
7 9 13 17 18 22 26 0 
6 9 15 21 22 27 31 32 0 
2 3 4 9 10 13 27 0 
7 10 11 16 26 0 
5 23 27 29 0 
3 6 9 11 20 22 25 27 28 0 
3 7 8 11 26 33 0 
1 4 5 9 26 27 0 
2 9 10 11 18 21 22 24 30 31 32 33 0 
5 10 14 20 23 26 27 29 0 
5 8 11 18 0 
2 4 7 10 11 20 22 23 0 
3 11 12 14 17 19 26 31 0 
11 17 21 28 29 30 0 
2 8 10 12 15 18 19 24 33 0 
4 13 26 28 0 
1 8 17 19 21 31 0 
2 5 11 23 25 27 32 34 0 
9 10 14 15 18 19 24 25 0 
9 14 24 27 28 29 32 0 
4 13 26 30 32 33 0 
3 7 8 23 24 0 
7 11 13 27 30 32 33 0 
3 4 11 14 18 21 24 27 0 
3 6 9 15 16 18 26 0 
2 6 7 11 12 20 0 
14 23 29 32 33 0 
6 11 18 29 31 33 0 
5 33 0 
8 16 18 20 24 25 29 31 0 
1 12 21 23 27 31 0 
5 12 19 27 31 0 
2 5 8 24 29 31 0 
2 19 21 28 0 
3 11 20 25 0 
1 8 12 21 22 23 31 33 0 
10 27 30 31 0 
1 13 17 20 22 28 0 
2 9 11 17 30 31 32 0 
1 12 23 27 33 0 
6 10 11 18 19 0 
2 7 21 23 27 34 0 
5 7 8 18 22 24 33 0 
2 8 10 18 24 26 0 
3 7 10 13 16 20 23 24 33 0 
8 14 23 29 31 33 0 
1 3 12 21 25 26 27 0 
3 11 14 19 21 28 0 
11 15 18 19 20 23 28 0 
4 7 10 12 14 16 18 22 23 0 
4 14 19 27 34 0 
11 14 21 22 26 0 
11 19 34 0 
2 3 9 12 23 0 
12 13 22 23 27 28 29 0 
1 5 9 12 18 25 33 0 
3 10 13 22 32 0 
5 6 14 16 17 19 21 0 
9 14 18 23 27 31 33 0 
1 9 16 18 20 28 0 
2 13 15 27 28 31 0 
6 7 13 20 23 28 34 0 
2 4 7 14 23 27 0 
4 6 15 16 23 0 
11 12 26 34 0 
14 18 19 0 
6 7 14 17 19 20 23 0 
1 3 5 7 16 19 20 21 28 29 0 
2 14 17 29 33 0 
3 16 22 26 28 0 
3 12 13 26 27 29 0 
6 9 21 23 24 27 30 0 
1 2 9 19 23 24 26 30 34 0 
4 9 11 15 19 24 29 34 0 
2 5 10 22 24 31 33 0 
1 2 6 8 13 16 17 20 26 28 30 0 
11 12 13 14 18 22 0 
3 10 12 18 27 28 33 0 
1 2 11 15 17 34 0 
13 17 21 27 0 
4 5 9 11 13 24 34 0 
8 11 13 17 18 19 0 
1 3 9 12 14 25 0 
4 18 22 26 0 
3 11 15 28 30 31 0 
3 6 8 13 25 26 30 33 0 
2 9 12 21 30 32 0 
1 2 9 10 11 12 16 28 0 
1 8 12 17 19 0 
13 23 28 30 34 0 
4 6 24 31 0 
3 8 9 10 26 27 32 0 
1 5 12 14 15 18 31 33 0 
1 11 17 27 34 0 
7 9 25 30 0 
3 4 13 15 20 21 29 33 0 
7 8 15 19 29 31 33 0 
2 5 12 19 28 0 
2 5 8 9 14 25 31 34 0 
5 9 15 19 26 32 34 0 
19 21 25 27 29 0 
1 8 16 20 21 23 25 26 32 34 0 
9 10 11 14 17 28 32 33 0 
7 9 18 22 24 27 0 
4 10 12 18 29 30 0 
11 15 18 29 34 0 
8 10 14 31 0 
5 21 24 32 0 
10 11 19 23 24 32 0 
3 5 6 22 30 0 
4 10 12 13 20 23 26 0 
6 11 15 25 29 33 0 
5 8 11 26 28 34 0 
3 5 6 27 30 31 32 0 
1 3 4 5 19 24 31 0 
11 15 19 21 29 0 
1 3 10 13 21 30 0 
9 10 19 20 31 0 
4 8 9 15 19 21 29 33 34 0 
3 9 10 12 14 17 21 22 26 27 30 31 33 0 
4 7 11 18 20 21 32 0 
23 26 31 34 0 
11 15 16 25 29 31 32 0 
6 8 9 10 14 19 21 25 34 0 
4 11 12 14 15 0 
4 6 11 20 24 32 0 
10 13 14 21 22 33 0 
8 9 18 20 22 23 25 33 0 
1 4 0 
2 5 13 19 23 29 33 0 
9 21 27 29 30 0 
1 8 10 14 16 20 24 30 0 
4 9 12 24 28 31 0 
4 12 17 21 23 25 34 0 
2 11 13 20 23 24 0 
1 3 4 6 17 18 23 31 33 0 
3 4 11 15 17 19 26 27 0 
8 16 19 27 34 0 
7 12 13 14 20 0 
1 8 27 31 32 0 
1 3 4 5 7 8 9 15 18 23 24 0 
1 7 16 21 30 0 
2 12 15 22 23 24 31 32 0 
2 8 10 14 24 28 0 
11 22 23 25 30 0 
1 3 5 6 13 18 19 23 0 
5 14 19 21 22 25 31 33 0 
11 17 18 19 24 25 0 
4 10 15 17 19 20 24 31 34 0 
4 6 9 17 18 19 23 34 0 
5 7 8 11 12 13 18 32 0 
11 15 16 20 24 26 28 0 
2 7 9 12 19 23 26 0 
2 7 8 12 13 16 22 23 26 28 32 0 
5 6 7 9 21 26 27 0 
2 4 10 18 21 23 26 31 0 
6 8 9 14 15 18 30 34 0 
1 4 6 7 8 21 24 27 34 0 
13 15 19 23 31 0 
4 7 8 10 15 18 22 23 0 
7 11 14 16 27 31 32 33 0 
1 4 19 22 30 31 0 
2 6 8 9 22 26 30 33 0 
21 29 31 0 
4 5 8 11 13 19 22 25 28 0 
1 3 11 12 14 30 0 
2 7 14 33 0 
3 6 14 15 18 0 
5 6 8 14 31 0 
7 11 15 16 19 21 28 32 33 0 
2 4 5 12 15 30 34 0 
8 19 24 25 31 34 0 
8 12 13 27 30 32 33 34 0 
5 11 17 28 0 
1 11 16 19 29 0 
5 8 18 19 20 31 33 0 
8 19 26 31 34 0 
4 9 11 12 17 21 22 33 0 
22 34 0 
12 14 19 20 24 27 0 
1 5 7 10 11 13 19 20 28 32 34 0 
3 29 30 31 0 
2 4 8 20 22 25 27 28 30 32 0 
5 9 24 27 30 32 0 
1 11 16 21 0 
4 18 22 23 28 32 0 
2 25 28 33 0 
1 2 8 9 18 22 23 24 27 29 0 
14 19 23 27 31 33 34 0 
3 21 24 25 29 31 0 
2 6 8 12 25 0 
4 6 11 20 24 26 29 0 
6 7 8 10 11 12 13 16 20 32 34 0 
2 6 7 12 16 17 27 29 32 0 
15 17 19 28 31 0 
4 14 21 22 25 0 
7 14 30 34 0 
4 8 9 10 16 21 22 23 31 32 33 0 
9 17 20 23 24 0 
1 13 14 25 27 0 
11 12 28 32 0 
4 6 9 10 16 24 30 0 
1 3 14 16 18 19 34 0 
17 21 23 0 
4 11 16 32 0 
3 6 9 10 13 19 25 26 28 33 34 0 
7 10 20 27 29 31 0 
2 9 18 24 25 26 29 0 
3 9 19 22 0 
2 5 11 15 18 20 21 23 0 
9 10 18 22 23 25 30 31 0 
7 18 23 28 0 
2 5 6 7 11 12 17 22 25 0 
5 18 24 31 0 
7 9 11 14 17 26 28 31 0 
1 4 12 19 20 0 
7 8 13 17 30 34 0 
8 13 17 20 27 0 
4 7 8 10 12 15 27 29 0 
8 15 20 30 33 0 
8 9 13 16 17 21 23 28 29 32 0 
3 9 21 22 29 32 34 0 
1 2 4 10 27 30 33 0 
3 5 9 11 20 30 31 32 0 
9 12 24 25 30 0 
7 8 10 0 
3 5 16 17 30 33 0 
10 12 18 22 25 0 
1 4 10 13 18 31 34 0 
1 2 10 14 21 27 29 0 
3 4 7 15 17 22 28 0 
4 6 12 21 31 0 
7 14 30 0 
6 11 13 14 21 24 26 28 32 33 0 
5 14 26 32 0 
20 25 0 
4 15 16 19 20 21 23 27 28 29 33 0 
4 8 12 29 34 0 
1 5 14 15 19 23 0 
1 8 15 19 28 34 0 
8 15 16 17 27 28 30 0 
4 5 10 12 18 22 23 24 27 0 
5 8 10 22 23 0 
5 13 17 0 
1 18 20 21 25 34 0 
1 24 26 27 34 0 
1 4 12 14 21 27 29 0 
2 12 17 22 25 33 0 
1 2 3 7 8 12 19 23 24 25 0 
14 16 18 22 0 
4 7 20 21 0 
1 16 21 34 0 
6 7 11 12 13 18 30 0 
10 11 23 33 0 
2 7 19 23 29 0 
3 8 11 17 25 33 0 
1 6 10 16 19 27 32 33 0 
9 12 13 17 22 23 27 34 0 
8 10 12 16 20 21 24 25 33 0 
3 6 8 11 26 34 0 
12 16 34 0 
1 2 10 23 27 0 
6 17 28 32 0 
12 18 26 28 29 0 
4 9 13 17 22 31 34 0 
9 12 16 21 24 26 31 0 
10 16 33 0 
7 12 16 17 20 21 28 0 
2 7 9 14 15 18 21 25 26 29 32 33 0 
7 16 18 20 21 31 0 
3 11 12 16 26 0 
2 5 16 17 20 0 
2 6 16 21 32 0 
9 11 13 28 31 0 
1 2 8 10 11 12 15 27 30 0 
3 5 10 12 18 26 28 31 34 0 
5 6 13 15 26 27 0 
2 10 24 26 28 33 0 
4 6 8 12 22 26 28 0 
13 15 16 23 28 0 
4 11 18 0 
5 9 10 19 22 23 25 30 31 0 
4 5 12 18 30 34 0 
1 7 9 10 12 16 18 24 28 30 31 0 
1 4 6 29 34 0 
2 5 15 20 21 25 27 0 
1 8 16 17 25 30 32 33 0 
1 4 11 20 22 24 26 29 34 0 
1 2 6 14 18 19 26 28 32 0 
9 10 18 20 21 28 32 33 0 
1 4 9 12 18 19 0 
7 9 10 13 16 18 20 21 0 
1 2 18 19 21 25 26 31 0 
6 9 14 23 27 28 0 
4 8 12 16 17 18 28 0 
2 3 6 18 26 30 34 0 
2 4 10 11 19 25 30 0 
2 3 4 10 12 0 
1 2 3 12 15 25 0 
6 10 11 19 21 23 28 33 0 
9 15 17 18 29 0 
3 4 5 12 19 31 32 34 0 
2 9 11 13 16 17 30 32 0 
5 12 13 14 19 21 22 23 26 0 
6 13 16 20 21 22 0 
8 10 24 26 30 33 0 
2 21 30 0 
1 4 6 13 17 19 22 23 25 31 0 
4 5 6 14 21 27 28 0 
5 6 8 12 15 23 26 28 31 0 
15 17 19 21 0 
1 15 17 19 28 30 32 0 
6 7 12 16 28 32 33 0 
-3 -20 -26 -28 -29 0 
-2 -7 -9 -15 -19 -28 -31 -33 0 
-7 -11 -24 -26 -29 -30 0 
-5 -7 -9 -21 -30 -32 0 
-5 -10 -13 -16 -27 -33 0 
-1 -5 -6 -7 -15 -32 0 
-1 -3 -5 -14 -15 -29 -33 -34 0 
-2 -6 -8 -9 -10 -11 -16 -17 -24 -27 -28 -33 0 
-4 -13 -15 -20 -22 -24 -34 0 
-3 -13 -22 -31 0 
-10 -24 -28 0 
-9 -11 -15 -32 -34 0 
-7 -12 -17 -18 -24 -28 -34 0 
-5 -8 -9 -10 -12 -22 -28 -29 -32 -34 0 
-11 -13 -16 -19 -20 -24 -26 -30 0 
-2 -7 -13 -15 -25 -26 -31 0 
-2 -13 -14 -16 -17 -20 -29 0 
-5 -11 -22 -23 -25 0 
-4 -5 -13 -17 0 
-14 -16 -18 -21 -25 -26 -28 -34 0 
-3 -4 -18 -28 -32 -34 0 
-2 -3 -15 -24 -29 -30 0 
-4 -10 -12 -13 -17 -25 -31 0 
-4 -6 -9 -16 -18 -24 0 
-5 -9 -15 -17 -28 -29 -31 0 
-3 -7 -8 -9 -16 -26 -30 0 
-6 -11 -18 -24 -25 -29 0 
-9 -23 -26 -34 0 
-9 -12 -20 -22 0 
-3 -23 -29 -30 0 
-1 -14 -21 -22 -24 -27 -28 -31 0 
-5 -9 -10 -16 -22 -23 -26 -27 -29 0 
-4 -5 -13 -32 0 
-2 -6 -8 -9 -12 -25 -26 -27 -30 -31 -33 0 
-6 -7 -9 -13 -23 -29 -34 0 
-1 -3 -4 -11 -12 -14 -15 0 
-5 -6 -7 -8 -15 -17 -18 0 
-1 -8 -17 -21 -30 -31 -32 0 
-13 -15 -19 -21 -27 -31 0 
-7 -16 -20 -26 0 
-6 -7 -11 -16 -20 -24 -28 -29 -34 0 
-8 -10 -13 -28 -31 0 
-2 -8 -18 -19 -23 -27 -30 0 
-6 -18 -21 -27 -29 -31 0 
-1 -11 -27 -29 0 
-9 -12 -14 -20 -23 -24 -25 -34 0 
-8 -11 -13 -21 -25 -26 -28 -29 0 
-2 -8 -16 -30 0 
-6 -11 -16 -18 -19 -26 -32 0 
-4 -16 -25 -31 -34 0 
-2 -7 -16 -20 -21 -23 -24 -27 -33 0 
-1 -14 -21 -28 -30 -33 0 
-1 -2 -6 -17 -25 -27 -32 0 
-11 -14 -19 -21 -24 -30 -34 0 
-8 -9 -10 -17 -18 0 
-3 -4 -16 -17 -20 0 
-11 -14 -22 0 
-1 -5 -9 -13 -14 -25 -29 0 
-8 -14 -18 -22 -29 -34 0 
-16 -21 -25 -26 -31 0 
-5 -21 0 
-4 -6 -9 -12 -14 -16 -19 -21 -23 -26 -28 -30 -33 0 
-8 -17 -20 -24 -30 0 
-5 -19 -20 -25 -30 -34 0 
-1 -3 -7 -11 -28 -31 0 
-6 -7 -20 -23 -29 0 
-5 -13 -18 -20 -22 -23 -32 -33 0 
-10 -15 -18 -19 -27 -29 0 
-4 -8 -12 -23 -24 -27 -32 0 
-6 -26 -29 -33 0 
-8 -10 -11 -13 -16 -17 -19 -22 -28 -29 -31 0 
-6 -8 -10 -18 -26 -28 -33 0 
-4 -6 -7 -13 -14 -24 -33 0 
-9 -12 -17 -26 -27 0 
-17 -32 -33 0 
-2 -8 -10 -17 -19 -31 0 
-10 -21 -23 -29 0 
-8 -11 -17 -31 -32 -34 0 
-6 -23 -26 -33 -34 0 
-9 -10 -17 -27 0 
-10 -13 -14 -24 -29 0 
-3 -7 -14 -17 -22 -25 -29 0 
-4 -18 -23 -29 -30 -31 0 
-1 -4 -5 -9 -10 -12 -13 -16 -30 0 
-9 -11 -23 -26 -33 0 
-12 -17 -18 -32 0 
-12 -23 -27 -30 0 
-7 -9 -13 -17 -18 -22 -26 0 
-6 -9 -15 -21 -22 -27 -31 -32 0 
-2 -3 -4 -9 -10 -13 -27 0 
-7 -10 -11 -16 -26 0 
-5 -23 -27 -29 0 
-3 -6 -9 -11 -20 -22 -25 -27 -28 0 
-3 -7 -8 -11 -26 -33 0 
-1 -4 -5 -9 -26 -27 0 
-2 -9 -10 -11 -18 -21 -22 -24 -30 -31 -32 -33 0 
-5 -10 -14 -20 -23 -26 -27 -29 0 
-5 -8 -11 -18 0 
-2 -4 -7 -10 -11 -20 -22 -23 0 
-3 -11 -12 -14 -17 -19 -26 -31 0 
-11 -17 -21 -28 -29 -30 0 
-2 -8 -10 -12 -15 -18 -19 -24 -33 0 
-4 -13 -26 -28 0 
-1 -8 -17 -19 -21 -31 0 
-2 -5 -11 -23 -25 -27 -32 -34 0 
-9 -10 -14 -15 -18 -19 -24 -25 0 
-9 -14 -24 -27 -28 -29 -32 0 
-4 -13 -26 -30 -32 -33 0 
-3 -7 -8 -23 -24 0 
-7 -11 -13 -27 -30 -32 -33 0 
-3 -4 -11 -14 -18 -21 -24 -27 0 
-3 -6 -9 -15 -16 -18 -26 0 
-2 -6 -7 -11 -12 -20 0 
-14 -23 -29 -32 -33 0 
-6 -11 -18 -29 -31 -33 0 
-5 -33 0 
-8 -16 -18 -20 -24 -25 -29 -31 0 
-1 -12 -21 -23 -27 -31 0 
-5 -12 -19 -27 -31 0 
-2 -5 -8 -24 -29 -31 0 
-2 -19 -21 -28 0 
-3 -11 -20 -25 0 
-1 -8 -12 -21 -22 -23 -31 -33 0 
-10 -27 -30 -31 0 
-1 -13 -17 -20 -22 -28 0 
-2 -9 -11 -17 -30 -31 -32 0 
-1 -12 -23 -27 -33 0 
-6 -10 -11 -18 -19 0 
-2 -7 -21 -23 -27 -34 0 
-5 -7 -8 -18 -22 -24 -33 0 
-2 -8 -10 -18 -24 -26 0 
-3 -7 -10 -13 -16 -20 -23 -24 -33 0 
-8 -14 -23 -29 -31 -33 0 
-1 -3 -12 -21 -25 -26 -27 0 
-3 -11 -14 -19 -21 -28 0 
-11 -15 -18 -19 -20 -23 -28 0 
-4 -7 -10 -12 -14 -16 -18 -22 -23 0 
-4 -14 -19 -27 -34 0 
-11 -14 -21 -22 -26 0 
-11 -19 -34 0 
-2 -3 -9 -12 -23 0 
-12 -13 -22 -23 -27 -28 -29 0 
-1 -5 -9 -12 -18 -25 -33 0 
-3 -10 -13 -22 -32 0 
-5 -6 -14 -16 -17 -19 -21 0 
-9 -14 -18 -23 -27 -31 -33 0 
-1 -9 -16 -18 -20 -28 0 
-2 -13 -15 -27 -28 -31 0 
-6 -7 -13 -20 -23 -28 -34 0 
-2 -4 -7 -14 -23 -27 0 
-4 -6 -15 -16 -23 0 
-11 -12 -26 -34 0 
-14 -18 -19 0 
-6 -7 -14 -17 -19 -20 -23 0 
-1 -3 -5 -7 -16 -19 -20 -21 -28 -29 0 
-2 -14 -17 -29 -33 0 
-3 -16 -22 -26 -28 0 
-3 -12 -13 -26 -27 -29 0 
-6 -9 -21 -23 -24 -27 -30 0 
-1 -2 -9 -19 -23 -24 -26 -30 -34 0 
-4 -9 -11 -15 -19 -24 -29 -34 0 
-2 -5 -10 -22 -24 -31 -33 0 
-1 -2 -6 -8 -13 -16 -17 -20 -26 -28 -30 0 
-11 -12 -13 -14 -18 -22 0 
-3 -10 -12 -18 -27 -28 -33 0 
-1 -2 -11 -15 -17 -34 0 
-13 -17 -21 -27 0 
-4 -5 -9 -11 -13 -24 -34 0 
-8 -11 -13 -17 -18 -19 0 
-1 -3 -9 -12 -14 -25 0 
-4 -18 -22 -26 0 
-3 -11 -15 -28 -30 -31 0 
-3 -6 -8 -13 -25 -26 -30 -33 0 
-2 -9 -12 -21 -30 -32 0 
-1 -2 -9 -10 -11 -12 -16 -28 0 
-1 -8 -12 -17 -19 0 
-13 -23 -28 -30 -34 0 
-4 -6 -24 -31 0 
-3 -8 -9 -10 -26 -27 -32 0 
-1 -5 -12 -14 -15 -18 -31 -33 0 
-1 -11 -17 -27 -34 0 
-7 -9 -25 -30 0 
-3 -4 -13 -15 -20 -21 -29 -33 0 
-7 -8 -15 -19 -29 -31 -33 0 
-2 -5 -12 -19 -28 0 
-2 -5 -8 -9 -14 -25 -31 -34 0 
-5 -9 -15 -19 -26 -32 -34 0 
-19 -21 -25 -27 -29 0 
-1 -8 -16 -20 -21 -23 -25 -26 -32 -34 0 
-9 -10 -11 -14 -17 -28 -32 -33 0 
-7 -9 -18 -22 -24 -27 0 
-4 -10 -12 -18 -29 -30 0 
-11 -15 -18 -29 -34 0 
-8 -10 -14 -31 0 
-5 -21 -24 -32 0 
-10 -11 -19 -23 -24 -32 0 
-3 -5 -6 -22 -30 0 
-4 -10 -12 -13 -20 -23 -26 0 
-6 -11 -15 -25 -29 -33 0 
-5 -8 -11 -26 -28 -34 0 
-3 -5 -6 -27 -30 -31 -32 0 
-1 -3 -4 -5 -19 -24 -31 0 
-11 -15 -19 -21 -29 0 
-1 -3 -10 -13 -21 -30 0 
-9 -10 -19 -20 -31 0 
-4 -8 -9 -15 -19 -21 -29 -33 -34 0 
-3 -9 -10 -12 -14 -17 -21 -22 -26 -27 -30 -31 -33 0 
-4 -7 -11 -18 -20 -21 -32 0 
-23 -26 -31 -34 0 
-11 -15 -16 -25 -29 -31 -32 0 
-6 -8 -9 -10 -14 -19 -21 -25 -34 0 
-4 -11 -12 -14 -15 0 
-4 -6 -11 -20 -24 -32 0 
-10 -13 -14 -21 -22 -33 0 
-8 -9 -18 -20 -22 -23 -25 -33 0 
-1 -4 0 
-2 -5 -13 -19 -23 -29 -33 0 
-9 -21 -27 -29 -30 0 
-1 -8 -10 -14 -16 -20 -24 -30 0 
-4 -9 -12 -24 -28 -31 0 
-4 -12 -17 -21 -23 -25 -34 0 
-2 -11 -13 -20 -23 -24 0 
-1 -3 -4 -6 -17 -18 -23 -31 -33 0 
-3 -4 -11 -15 -17 -19 -26 -27 0 
-8 -16 -19 -27 -34 0 
-7 -12 -13 -14 -20 0 
-1 -8 -27 -31 -32 0 
-1 -3 -4 -5 -7 -8 -9 -15 -18 -23 -24 0 
-1 -7 -16 -21 -30 0 
-2 -12 -15 -22 -23 -24 -31 -32 0 
-2 -8 -10 -14 -24 -28 0 
-11 -22 -23 -25 -30 0 
-1 -3 -5 -6 -13 -18 -19 -23 0 
-5 -14 -19 -21 -22 -25 -31 -33 0 
-11 -17 -18 -19 -24 -25 0 
-4 -10 -15 -17 -19 -20 -24 -31 -34 0 
-4 -6 -9 -17 -18 -19 -23 -34 0 
-5 -7 -8 -11 -12 -13 -18 -32 0 
-11 -15 -16 -20 -24 -26 -28 0 
-2 -7 -9 -12 -19 -23 -26 0 
-2 -7 -8 -12 -13 -16 -22 -23 -26 -28 -32 0 
-5 -6 -7 -9 -21 -26 -27 0 
-2 -4 -10 -18 -21 -23 -26 -31 0 
-6 -8 -9 -14 -15 -18 -30 -34 0 
-1 -4 -6 -7 -8 -21 -24 -27 -34 0 
-13 -15 -19 -23 -31 0 
-4 -7 -8 -10 -15 -18 -22 -23 0 
-7 -11 -14 -16 -27 -31 -32 -33 0 
-1 -4 -19 -22 -30 -31 0 
-2 -6 -8 -9 -22 -26 -30 -33 0 
-21 -29 -31 0 
-4 -5 -8 -11 -13 -19 -22 -25 -28 0 
-1 -3 -11 -12 -14 -30 0 
-2 -7 -14 -33 0 
-3 -6 -14 -15 -18 0 
-5 -6 -8 -14 -31 0 
-7 -11 -15 -16 -19 -21 -28 -32 -33 0 
-2 -4 -5 -12 -15 -30 -34 0 
-8 -19 -24 -25 -31 -34 0 
-8 -12 -13 -27 -30 -32 -33 -34 0 
-5 -11 -17 -28 0 
-1 -11 -16 -19 -29 0 
-5 -8 -18 -19 -20 -31 -33 0 
-8 -19 -26 -31 -34 0 
-4 -9 -11 -12 -17 -21 -22 -33 0 
-22 -34 0 
-12 -14 -19 -20 -24 -27 0 
-1 -5 -7 -10 -11 -13 -19 -20 -28 -32 -34 0 
-3 -29 -30 -31 0 
-2 -4 -8 -20 -22 -25 -27 -28 -30 -32 0 
-5 -9 -24 -27 -30 -32 0 
-1 -11 -16 -21 0 
-4 -18 -22 -23 -28 -32 0 
-2 -25 -28 -33 0 
-1 -2 -8 -9 -18 -22 -23 -24 -27 -29 0 
-14 -19 -23 -27 -31 -33 -34 0 
-3 -21 -24 -25 -29 -31 0 
-2 -6 -8 -12 -25 0 
-4 -6 -11 -20 -24 -26 -29 0 
-6 -7 -8 -10 -11 -12 -13 -16 -20 -32 -34 0 
-2 -6 -7 -12 -16 -17 -27 -29 -32 0 
-15 -17 -19 -28 -31 0 
-4 -14 -21 -22 -25 0 
-7 -14 -30 -34 0 
-4 -8 -9 -10 -16 -21 -22 -23 -31 -32 -33 0 
-9 -17 -20 -23 -24 0 
-1 -13 -14 -25 -27 0 
-11 -12 -28 -32 0 
-4 -6 -9 -10 -16 -24 -30 0 
-1 -3 -14 -16 -18 -19 -34 0 
-17 -21 -23 0 
-4 -11 -16 -32 0 
-3 -6 -9 -10 -13 -19 -25 -26 -28 -33 -34 0 
-7 -10 -20 -27 -29 -31 0 
-2 -9 -18 -24 -25 -26 -29 0 
-3 -9 -19 -22 0 
-2 -5 -11 -15 -18 -20 -21 -23 0 
-9 -10 -18 -22 -23 -25 -30 -31 0 
-7 -18 -23 -28 0 
-2 -5 -6 -7 -11 -12 -17 -22 -25 0 
-5 -18 -24 -31 0 
-7 -9 -11 -14 -17 -26 -28 -31 0 
-1 -4 -12 -19 -20 0 
-7 -8 -13 -17 -30 -34 0 
-8 -13 -17 -20 -27 0 
-4 -7 -8 -10 -12 -15 -27 -29 0 
-8 -15 -20 -30 -33 0 
-8 -9 -13 -16 -17 -21 -23 -28 -29 -32 0 
-3 -9 -21 -22 -29 -32 -34 0 
-1 -2 -4 -10 -27 -30 -33 0 
-3 -5 -9 -11 -20 -30 -31 -32 0 
-9 -12 -24 -25 -30 0 
-7 -8 -10 0 
-3 -5 -16 -17 -30 -33 0 
-10 -12 -18 -22 -25 0 
-1 -4 -10 -13 -18 -31 -34 0 
-1 -2 -10 -14 -21 -27 -29 0 
-3 -4 -7 -15 -17 -22 -28 0 
-4 -6 -12 -21 -31 0 
-7 -14 -30 0 
-6 -11 -13 -14 -21 -24 -26 -28 -32 -33 0 
-5 -14 -26 -32 0 
-20 -25 0 
-4 -15 -16 -19 -20 -21 -23 -27 -28 -29 -33 0 
-4 -8 -12 -29 -34 0 
-1 -5 -14 -15 -19 -23 0 
-1 -8 -15 -19 -28 -34 0 
-8 -15 -16 -17 -27 -28 -30 0 
-4 -5 -10 -12 -18 -22 -23 -24 -27 0 
-5 -8 -10 -22 -23 0 
-5 -13 -17 0 
-1 -18 -20 -21 -25 -34 0 
-1 -24 -26 -27 -34 0 
-1 -4 -12 -14 -21 -27 -29 0 
-2 -12 -17 -22 -25 -33 0 
-1 -2 -3 -7 -8 -12 -19 -23 -24 -25 0 
-14 -16 -18 -22 0 
-4 -7 -20 -21 0 
-1 -16 -21 -34 0 
-6 -7 -11 -12 -13 -18 -30 0 
-10 -11 -23 -33 0 
-2 -7 -19 -23 -29 0 
-3 -8 -11 -17 -25 -33 0 
-1 -6 -10 -16 -19 -27 -32 -33 0 
-9 -12 -13 -17 -22 -23 -27 -34 0 
-8 -10 -12 -16 -20 -21 -24 -25 -33 0 
-3 -6 -8 -11 -26 -34 0 
-12 -16 -34 0 
-1 -2 -10 -23 -27 0 
-6 -17 -28 -32 0 
-12 -18 -26 -28 -29 0 
-4 -9 -13 -17 -22 -31 -34 0 
-9 -12 -16 -21 -24 -26 -31 0 
-10 -16 -33 0 
-7 -12 -16 -17 -20 -21 -28 0 
-2 -7 -9 -14 -15 -18 -21 -25 -26 -29 -32 -33 0 
-7 -16 -18 -20 -21 -31 0 
-3 -11 -12 -16 -26 0 
-2 -5 -16 -17 -20 0 
-2 -6 -16 -21 -32 0 
-9 -11 -13 -28 -31 0 
-1 -2 -8 -10 -11 -12 -15 -27 -30 0 
-3 -5 -10 -12 -18 -26 -28 -31 -34 0 
-5 -6 -13 -15 -26 -27 0 
-2 -10 -24 -26 -28 -33 0 
-4 -6 -8 -12 -22 -26 -28 0 
-13 -15 -16 -23 -28 0 
-4 -11 -18 0 
-5 -9 -10 -19 -22 -23 -25 -30 -31 0 
-4 -5 -12 -18 -30 -34 0 
-1 -7 -9 -10 -12 -16 -18 -24 -28 -30 -31 0 
-1 -4 -6 -29 -34 0 
-2 -5 -15 -20 -21 -25 -27 0 
-1 -8 -16 -17 -25 -30 -32 -33 0 
-1 -4 -11 -20 -22 -24 -26 -29 -34 0 
-1 -2 -6 -14 -18 -19 -26 -28 -32 0 
-9 -10 -18 -20 -21 -28 -32 -33 0 
-1 -4 -9 -12 -18 -19 0 
-7 -9 -10 -13 -16 -18 -20 -21 0 
-1 -2 -18 -19 -21 -25 -26 -31 0 
-6 -9 -14 -23 -27 -28 0 
-4 -8 -12 -16 -17 -18 -28 0 
-2 -3 -6 -18 -26 -30 -34 0 
-2 -4 -10 -11 -19 -25 -30 0 
-2 -3 -4 -10 -12 0 
-1 -2 -3 -12 -15 -25 0 
-6 -10 -11 -19 -21 -23 -28 -33 0 
-9 -15 -17 -18 -29 0 
-3 -4 -5 -12 -19 -31 -32 -34 0 
-2 -9 -11 -13 -16 -17 -30 -32 0 
-5 -12 -13 -14 -19 -21 -22 -23 -26 0 
-6 -13 -16 -20 -21 -22 0 
-8 -10 -24 -26 -30 -33 0 
-2 -21 -30 0 
-1 -4 -6 -13 -17 -19 -22 -23 -25 -31 0 
-4 -5 -6 -14 -21 -27 -28 0 
-5 -6 -8 -12 -15 -23 -26 -28 -31 0 
-15 -17 -19 -21 0 
-1 -15 -17 -19 -28 -30 -32 0 
-6 -7 -12 -16 -28 -32 -33 0 
