p cnf 34 800
1 10 11 18 33 0 
3 4 5 10 28 31 32 34 0 
1 4 20 22 24 26 27 31 32 33 34 0 
5 7 13 17 18 33 0 
2 3 6 10 12 22 27 28 0 
16 18 22 28 34 0 
1 2 4 5 28 29 0 
8 9 12 21 29 32 0 
8 9 16 17 26 27 33 0 
1 8 9 15 18 22 0 
1 2 11 23 24 25 29 30 31 0 
7 9 18 32 0 
3 4 6 13 17 24 30 34 0 
6 17 21 24 27 31 32 0 
4 7 18 23 25 30 31 32 0 
1 6 7 15 19 22 25 28 33 0 
2 8 12 24 25 28 0 
5 16 17 24 26 0 
2 3 5 15 30 0 
1 4 6 7 15 25 30 0 
14 18 27 28 31 0 
2 4 7 12 13 18 19 33 0 
12 19 33 0 
2 8 11 13 22 23 27 28 0 
2 4 10 19 23 0 
2 7 8 10 11 16 22 24 26 0 
5 6 7 11 14 16 24 28 34 0 
3 8 14 24 27 32 0 
7 17 21 25 0 
4 7 8 14 16 19 25 34 0 
9 12 13 15 21 22 0 
3 6 8 15 21 23 27 31 0 
1 2 6 8 16 28 33 0 
1 5 6 8 9 27 0 
3 5 16 19 29 31 33 0 
4 7 16 17 20 34 0 
2 10 14 15 16 17 23 26 27 30 0 
7 10 15 22 34 0 
11 17 19 32 33 0 
3 12 16 19 20 22 27 0 
1 2 6 7 8 17 18 22 24 0 
1 7 8 24 27 32 33 0 
2 9 11 15 18 19 20 23 28 0 
4 6 13 19 29 0 
15 24 31 0 
4 7 12 18 22 23 27 0 
6 7 9 10 12 16 22 31 33 0 
3 14 18 30 0 
1 9 10 26 30 33 0 
5 13 15 29 32 33 0 
1 3 4 15 0 
1 3 4 5 8 25 27 0 
9 14 15 18 22 27 33 0 
6 15 23 24 33 0 
3 4 5 13 15 20 21 0 
10 21 28 31 34 0 
8 12 14 16 21 23 26 29 31 32 0 
1 3 7 12 25 26 29 0 
22 28 34 0 
1 5 9 16 19 22 0 
6 10 16 17 18 21 31 32 33 0 
4 13 18 21 23 25 26 30 0 
3 17 22 29 31 0 
3 4 9 10 14 16 19 30 0 
7 12 13 21 29 30 34 0 
11 12 13 15 16 22 25 26 32 33 0 
1 3 6 10 11 14 19 22 0 
5 8 10 12 22 32 0 
11 17 18 19 24 28 0 
2 9 20 22 32 0 
2 13 15 29 33 0 
14 22 23 0 
8 9 12 34 0 
3 4 13 17 21 24 25 0 
5 14 20 0 
20 21 22 23 25 30 0 
3 6 11 13 22 25 29 32 0 
5 11 24 25 26 0 
2 9 18 20 21 25 0 
6 7 8 12 16 20 22 23 24 28 29 32 0 
7 21 24 27 32 0 
3 19 23 28 33 0 
11 16 22 25 0 
2 5 8 9 10 14 21 22 33 0 
5 9 25 26 29 0 
1 11 17 18 27 28 31 0 
5 10 13 25 27 28 34 0 
9 17 18 26 33 0 
15 20 24 27 28 34 0 
4 5 12 16 17 24 28 0 
1 8 12 15 18 19 23 30 0 
3 7 9 15 19 21 24 25 26 0 
6 10 27 0 
6 19 21 23 24 0 
4 11 18 26 31 34 0 
11 13 18 24 27 28 32 33 0 
8 14 20 26 0 
7 9 12 18 31 32 0 
3 7 24 33 0 
1 7 16 20 32 0 
10 15 16 23 24 34 0 
10 11 21 26 0 
7 15 17 18 21 29 33 0 
8 9 12 13 14 16 32 0 
10 19 24 27 28 30 31 0 
7 10 16 29 31 0 
7 11 18 24 27 29 0 
1 6 7 9 12 26 27 0 
7 11 16 20 27 31 32 34 0 
7 9 12 21 23 30 31 0 
9 17 22 0 
4 5 16 19 23 24 25 27 31 33 0 
6 7 8 15 17 23 29 30 0 
6 8 15 20 21 0 
2 5 8 10 13 18 31 34 0 
2 4 8 9 10 11 13 19 26 0 
2 4 5 14 19 22 25 31 0 
8 12 16 18 20 28 29 0 
9 10 14 19 25 30 33 0 
1 3 5 14 30 0 
1 10 14 18 29 31 34 0 
2 7 16 18 19 20 34 0 
7 15 18 27 30 0 
2 19 26 27 30 0 
1 9 11 14 15 23 24 25 27 0 
1 6 15 16 17 23 27 32 0 
5 7 14 15 17 18 30 0 
9 15 18 22 28 0 
1 3 9 10 23 31 32 0 
2 5 14 17 29 0 
4 8 9 11 13 14 22 32 0 
4 8 14 20 23 26 0 
3 7 9 10 12 15 18 19 22 24 0 
1 2 7 10 13 15 17 34 0 
4 12 18 22 26 27 0 
4 5 18 26 0 
1 4 11 19 22 32 34 0 
3 15 16 26 31 33 0 
11 14 19 23 0 
7 11 15 20 27 0 
11 13 15 20 21 25 28 33 34 0 
1 2 15 21 24 27 31 32 0 
2 11 15 20 24 33 0 
3 11 16 23 27 30 32 0 
9 20 27 29 33 0 
6 8 13 15 16 20 22 26 32 0 
4 14 16 19 21 25 0 
13 19 21 24 34 0 
6 16 24 25 27 29 32 0 
10 12 17 22 23 31 0 
16 18 29 31 0 
10 13 18 20 23 24 0 
6 10 18 28 32 33 0 
3 12 16 24 28 32 0 
9 11 17 31 32 0 
22 25 26 27 34 0 
1 5 7 12 25 34 0 
3 11 23 24 27 0 
1 3 5 8 16 22 26 27 33 34 0 
11 12 21 26 33 0 
7 8 12 14 19 21 25 26 0 
3 5 8 9 19 31 0 
2 5 28 29 31 34 0 
4 5 9 10 15 20 22 29 30 0 
7 8 12 13 21 34 0 
3 15 21 22 23 24 30 31 32 0 
9 10 12 14 20 28 0 
1 3 5 14 17 31 0 
11 15 22 24 29 30 33 0 
3 11 16 18 19 26 29 31 34 0 
11 15 20 22 24 28 0 
1 4 9 11 18 21 23 29 0 
5 7 20 23 28 0 
2 16 22 26 0 
1 12 14 20 28 29 30 0 
4 6 7 9 33 0 
3 8 14 22 29 30 0 
10 11 13 15 19 24 0 
5 6 21 23 24 29 0 
4 11 13 14 15 17 25 33 34 0 
2 7 11 13 22 26 31 0 
23 26 28 32 34 0 
2 10 17 19 21 24 28 32 0 
1 3 11 20 26 31 33 34 0 
5 10 17 20 23 33 34 0 
1 3 7 14 21 27 0 
3 5 6 11 16 19 22 27 30 0 
2 5 6 11 13 27 30 33 0 
6 12 22 30 32 0 
5 10 12 21 33 0 
1 5 11 18 20 23 24 25 27 30 34 0 
2 11 14 15 19 25 28 32 0 
7 12 33 0 
3 12 17 21 0 
5 6 9 15 24 29 0 
2 9 13 17 18 19 27 0 
11 12 16 29 0 
8 10 11 12 20 30 0 
12 30 0 
5 6 21 33 0 
8 10 11 16 18 27 0 
1 2 4 6 17 26 29 34 0 
1 6 10 18 19 21 24 25 28 33 0 
18 22 27 28 30 34 0 
1 3 4 5 26 29 0 
3 5 7 8 11 18 19 22 0 
2 3 5 22 24 28 30 0 
2 3 9 10 17 20 31 33 0 
4 16 19 22 24 26 32 33 0 
1 8 16 20 29 34 0 
4 14 16 18 19 20 21 22 23 0 
2 3 6 8 15 19 20 31 0 
6 7 15 21 25 29 33 34 0 
2 9 10 11 15 16 17 25 26 28 0 
1 14 26 29 32 0 
5 11 16 30 0 
1 4 6 10 15 20 31 0 
2 3 4 11 12 14 33 0 
12 18 21 31 33 0 
9 16 19 22 24 32 0 
2 3 11 15 16 22 0 
14 16 20 22 23 31 32 33 0 
8 10 12 13 29 32 33 0 
5 6 12 16 19 20 22 23 28 30 33 0 
4 8 11 12 20 25 28 31 0 
2 5 13 16 19 20 28 0 
2 10 18 32 33 0 
3 4 5 8 9 17 21 26 0 
1 6 7 29 31 0 
7 10 18 25 0 
4 12 21 27 34 0 
9 13 17 27 30 32 33 0 
11 12 14 15 16 20 22 24 28 0 
3 11 18 24 26 33 0 
5 6 7 8 21 26 0 
9 15 24 25 32 0 
4 6 11 12 14 19 22 24 30 0 
1 5 8 11 18 29 0 
2 3 10 21 23 31 0 
8 18 33 0 
2 10 17 24 29 0 
9 15 18 22 25 26 33 34 0 
15 25 0 
9 12 16 18 19 20 21 23 28 0 
4 6 14 15 19 21 29 0 
1 3 6 7 9 20 24 25 29 34 0 
1 5 7 18 34 0 
11 12 28 29 0 
8 11 18 27 34 0 
9 17 26 28 32 34 0 
1 15 18 19 29 0 
7 14 15 19 20 28 0 
9 10 12 14 21 24 26 0 
8 9 15 22 32 0 
6 12 14 16 22 0 
3 12 14 19 26 33 34 0 
8 9 18 19 25 31 0 
3 11 12 21 25 26 34 0 
9 15 17 19 21 22 24 30 0 
5 10 11 12 13 15 25 29 0 
3 8 21 23 27 29 0 
3 23 34 0 
1 7 8 20 22 25 29 0 
7 12 17 22 25 0 
11 17 18 21 30 0 
5 11 19 27 28 32 0 
5 15 16 26 28 29 0 
6 18 25 31 0 
1 2 5 6 13 15 22 27 33 0 
3 9 10 11 12 13 19 22 24 25 0 
6 9 10 16 20 0 
5 8 15 21 22 30 0 
8 9 10 12 15 20 21 23 27 29 32 33 0 
1 9 23 32 33 34 0 
3 5 8 10 15 23 30 33 0 
3 11 15 21 24 0 
2 4 10 17 27 28 30 0 
5 16 23 25 0 
5 9 10 12 13 24 0 
8 33 34 0 
1 2 7 12 18 23 25 0 
1 3 20 26 32 0 
6 15 16 22 25 27 0 
2 5 7 8 14 20 28 31 0 
8 9 11 28 32 0 
7 20 23 27 0 
1 2 7 13 22 29 33 34 0 
11 14 15 25 32 34 0 
4 22 31 32 0 
4 10 11 12 17 26 29 0 
4 11 14 0 
4 7 9 11 14 16 25 32 0 
1 5 11 20 23 26 0 
5 6 9 15 30 0 
2 10 11 13 14 16 19 28 29 0 
1 4 7 16 23 24 30 0 
2 3 4 6 13 15 22 29 0 
2 4 12 16 23 31 0 
3 4 7 8 10 25 27 30 0 
15 17 23 0 
3 4 7 15 23 24 31 0 
12 16 17 24 27 0 
6 13 33 0 
3 8 9 20 25 30 32 0 
6 7 10 12 20 22 25 0 
1 5 11 15 18 20 23 28 0 
19 23 27 31 33 0 
6 8 0 
3 19 0 
3 8 13 25 27 31 0 
16 22 23 26 31 0 
2 19 22 25 0 
4 11 26 32 0 
4 5 9 11 12 14 16 24 29 31 32 33 0 
2 3 16 17 18 20 23 28 33 34 0 
1 3 5 6 10 21 28 32 0 
1 17 25 30 0 
1 3 10 12 14 15 16 17 21 29 0 
1 4 5 13 17 25 0 
8 10 21 23 26 0 
1 33 0 
5 17 21 33 0 
3 5 8 13 14 15 22 26 0 
3 6 9 10 12 21 32 0 
1 6 7 14 15 16 30 0 
10 11 19 26 0 
6 10 22 0 
11 15 16 21 26 32 0 
4 8 9 14 20 31 32 33 0 
7 9 20 21 0 
4 5 7 21 29 30 32 34 0 
10 11 13 23 24 32 0 
13 15 19 20 23 0 
5 7 12 18 21 28 31 32 0 
26 27 0 
8 17 24 28 30 0 
2 7 19 27 28 33 0 
1 10 13 16 22 32 0 
5 19 20 27 29 31 0 
2 12 16 18 19 25 0 
2 13 16 20 21 28 30 0 
7 16 24 26 27 31 33 34 0 
6 10 15 17 34 0 
3 4 8 10 15 16 19 21 24 0 
2 6 24 26 32 0 
1 5 10 11 13 16 18 19 21 25 26 27 31 0 
2 4 9 10 14 16 20 33 0 
2 5 13 25 28 0 
2 3 13 20 22 34 0 
3 12 13 22 23 25 27 31 32 0 
3 4 5 14 15 18 20 28 29 31 34 0 
1 2 4 6 12 17 18 24 32 0 
3 6 10 12 18 20 24 34 0 
1 5 6 13 14 18 26 34 0 
4 11 15 16 17 27 28 32 0 
3 10 16 27 30 33 34 0 
4 13 14 31 32 0 
11 17 21 25 27 30 34 0 
18 21 28 31 0 
3 6 11 13 14 19 22 29 30 33 0 
4 9 22 23 26 31 0 
15 18 23 29 0 
1 4 13 28 29 33 0 
13 14 19 29 30 31 34 0 
5 6 7 10 23 25 26 27 28 0 
19 22 25 29 34 0 
12 16 24 25 34 0 
8 14 19 22 30 33 0 
5 17 24 25 29 0 
4 8 17 18 27 28 30 32 0 
4 6 14 15 27 30 31 34 0 
2 4 5 13 15 21 34 0 
5 8 11 13 14 18 0 
3 4 11 27 0 
2 11 13 17 26 30 33 0 
9 22 25 28 31 33 0 
1 2 10 21 27 0 
1 2 29 34 0 
2 3 4 11 27 0 
8 17 33 0 
9 10 17 18 20 34 0 
2 13 14 15 20 25 31 34 0 
12 18 22 23 26 0 
14 21 23 25 26 29 30 0 
10 21 25 30 0 
10 15 19 24 26 0 
1 5 11 14 18 19 29 0 
11 17 21 23 31 32 33 0 
15 20 25 30 34 0 
2 6 7 8 9 14 25 32 0 
7 14 18 34 0 
9 14 20 24 28 29 32 33 0 
1 3 12 19 30 0 
4 9 21 23 26 29 0 
14 27 0 
4 10 11 14 17 18 19 21 30 0 
1 2 3 7 8 10 27 0 
1 6 9 34 0 
12 21 28 0 
5 15 21 22 23 26 28 30 0 
-1 -10 -11 -18 -33 0 
-3 -4 -5 -10 -28 -31 -32 -34 0 
-1 -4 -20 -22 -24 -26 -27 -31 -32 -33 -34 0 
-5 -7 -13 -17 -18 -33 0 
-2 -3 -6 -10 -12 -22 -27 -28 0 
-16 -18 -22 -28 -34 0 
-1 -2 -4 -5 -28 -29 0 
-8 -9 -12 -21 -29 -32 0 
-8 -9 -16 -17 -26 -27 -33 0 
-1 -8 -9 -15 -18 -22 0 
-1 -2 -11 -23 -24 -25 -29 -30 -31 0 
-7 -9 -18 -32 0 
-3 -4 -6 -13 -17 -24 -30 -34 0 
-6 -17 -21 -24 -27 -31 -32 0 
-4 -7 -18 -23 -25 -30 -31 -32 0 
-1 -6 -7 -15 -19 -22 -25 -28 -33 0 
-2 -8 -12 -24 -25 -28 0 
-5 -16 -17 -24 -26 0 
-2 -3 -5 -15 -30 0 
-1 -4 -6 -7 -15 -25 -30 0 
-14 -18 -27 -28 -31 0 
-2 -4 -7 -12 -13 -18 -19 -33 0 
-12 -19 -33 0 
-2 -8 -11 -13 -22 -23 -27 -28 0 
-2 -4 -10 -19 -23 0 
-2 -7 -8 -10 -11 -16 -22 -24 -26 0 
-5 -6 -7 -11 -14 -16 -24 -28 -34 0 
-3 -8 -14 -24 -27 -32 0 
-7 -17 -21 -25 0 
-4 -7 -8 -14 -16 -19 -25 -34 0 
-9 -12 -13 -15 -21 -22 0 
-3 -6 -8 -15 -21 -23 -27 -31 0 
-1 -2 -6 -8 -16 -28 -33 0 
-1 -5 -6 -8 -9 -27 0 
-3 -5 -16 -19 -29 -31 -33 0 
-4 -7 -16 -17 -20 -34 0 
-2 -10 -14 -15 -16 -17 -23 -26 -27 -30 0 
-7 -10 -15 -22 -34 0 
-11 -17 -19 -32 -33 0 
-3 -12 -16 -19 -20 -22 -27 0 
-1 -2 -6 -7 -8 -17 -18 -22 -24 0 
-1 -7 -8 -24 -27 -32 -33 0 
-2 -9 -11 -15 -18 -19 -20 -23 -28 0 
-4 -6 -13 -19 -29 0 
-15 -24 -31 0 
-4 -7 -12 -18 -22 -23 -27 0 
-6 -7 -9 -10 -12 -16 -22 -31 -33 0 
-3 -14 -18 -30 0 
-1 -9 -10 -26 -30 -33 0 
-5 -13 -15 -29 -32 -33 0 
-1 -3 -4 -15 0 
-1 -3 -4 -5 -8 -25 -27 0 
-9 -14 -15 -18 -22 -27 -33 0 
-6 -15 -23 -24 -33 0 
-3 -4 -5 -13 -15 -20 -21 0 
-10 -21 -28 -31 -34 0 
-8 -12 -14 -16 -21 -23 -26 -29 -31 -32 0 
-1 -3 -7 -12 -25 -26 -29 0 
-22 -28 -34 0 
-1 -5 -9 -16 -19 -22 0 
-6 -10 -16 -17 -18 -21 -31 -32 -33 0 
-4 -13 -18 -21 -23 -25 -26 -30 0 
-3 -17 -22 -29 -31 0 
-3 -4 -9 -10 -14 -16 -19 -30 0 
-7 -12 -13 -21 -29 -30 -34 0 
-11 -12 -13 -15 -16 -22 -25 -26 -32 -33 0 
-1 -3 -6 -10 -11 -14 -19 -22 0 
-5 -8 -10 -12 -22 -32 0 
-11 -17 -18 -19 -24 -28 0 
-2 -9 -20 -22 -32 0 
-2 -13 -15 -29 -33 0 
-14 -22 -23 0 
-8 -9 -12 -34 0 
-3 -4 -13 -17 -21 -24 -25 0 
-5 -14 -20 0 
-20 -21 -22 -23 -25 -30 0 
-3 -6 -11 -13 -22 -25 -29 -32 0 
-5 -11 -24 -25 -26 0 
-2 -9 -18 -20 -21 -25 0 
-6 -7 -8 -12 -16 -20 -22 -23 -24 -28 -29 -32 0 
-7 -21 -24 -27 -32 0 
-3 -19 -23 -28 -33 0 
-11 -16 -22 -25 0 
-2 -5 -8 -9 -10 -14 -21 -22 -33 0 
-5 -9 -25 -26 -29 0 
-1 -11 -17 -18 -27 -28 -31 0 
-5 -10 -13 -25 -27 -28 -34 0 
-9 -17 -18 -26 -33 0 
-15 -20 -24 -27 -28 -34 0 
-4 -5 -12 -16 -17 -24 -28 0 
-1 -8 -12 -15 -18 -19 -23 -30 0 
-3 -7 -9 -15 -19 -21 -24 -25 -26 0 
-6 -10 -27 0 
-6 -19 -21 -23 -24 0 
-4 -11 -18 -26 -31 -34 0 
-11 -13 -18 -24 -27 -28 -32 -33 0 
-8 -14 -20 -26 0 
-7 -9 -12 -18 -31 -32 0 
-3 -7 -24 -33 0 
-1 -7 -16 -20 -32 0 
-10 -15 -16 -23 -24 -34 0 
-10 -11 -21 -26 0 
-7 -15 -17 -18 -21 -29 -33 0 
-8 -9 -12 -13 -14 -16 -32 0 
-10 -19 -24 -27 -28 -30 -31 0 
-7 -10 -16 -29 -31 0 
-7 -11 -18 -24 -27 -29 0 
-1 -6 -7 -9 -12 -26 -27 0 
-7 -11 -16 -20 -27 -31 -32 -34 0 
-7 -9 -12 -21 -23 -30 -31 0 
-9 -17 -22 0 
-4 -5 -16 -19 -23 -24 -25 -27 -31 -33 0 
-6 -7 -8 -15 -17 -23 -29 -30 0 
-6 -8 -15 -20 -21 0 
-2 -5 -8 -10 -13 -18 -31 -34 0 
-2 -4 -8 -9 -10 -11 -13 -19 -26 0 
-2 -4 -5 -14 -19 -22 -25 -31 0 
-8 -12 -16 -18 -20 -28 -29 0 
-9 -10 -14 -19 -25 -30 -33 0 
-1 -3 -5 -14 -30 0 
-1 -10 -14 -18 -29 -31 -34 0 
-2 -7 -16 -18 -19 -20 -34 0 
-7 -15 -18 -27 -30 0 
-2 -19 -26 -27 -30 0 
-1 -9 -11 -14 -15 -23 -24 -25 -27 0 
-1 -6 -15 -16 -17 -23 -27 -32 0 
-5 -7 -14 -15 -17 -18 -30 0 
-9 -15 -18 -22 -28 0 
-1 -3 -9 -10 -23 -31 -32 0 
-2 -5 -14 -17 -29 0 
-4 -8 -9 -11 -13 -14 -22 -32 0 
-4 -8 -14 -20 -23 -26 0 
-3 -7 -9 -10 -12 -15 -18 -19 -22 -24 0 
-1 -2 -7 -10 -13 -15 -17 -34 0 
-4 -12 -18 -22 -26 -27 0 
-4 -5 -18 -26 0 
-1 -4 -11 -19 -22 -32 -34 0 
-3 -15 -16 -26 -31 -33 0 
-11 -14 -19 -23 0 
-7 -11 -15 -20 -27 0 
-11 -13 -15 -20 -21 -25 -28 -33 -34 0 
-1 -2 -15 -21 -24 -27 -31 -32 0 
-2 -11 -15 -20 -24 -33 0 
-3 -11 -16 -23 -27 -30 -32 0 
-9 -20 -27 -29 -33 0 
-6 -8 -13 -15 -16 -20 -22 -26 -32 0 
-4 -14 -16 -19 -21 -25 0 
-13 -19 -21 -24 -34 0 
-6 -16 -24 -25 -27 -29 -32 0 
-10 -12 -17 -22 -23 -31 0 
-16 -18 -29 -31 0 
-10 -13 -18 -20 -23 -24 0 
-6 -10 -18 -28 -32 -33 0 
-3 -12 -16 -24 -28 -32 0 
-9 -11 -17 -31 -32 0 
-22 -25 -26 -27 -34 0 
-1 -5 -7 -12 -25 -34 0 
-3 -11 -23 -24 -27 0 
-1 -3 -5 -8 -16 -22 -26 -27 -33 -34 0 
-11 -12 -21 -26 -33 0 
-7 -8 -12 -14 -19 -21 -25 -26 0 
-3 -5 -8 -9 -19 -31 0 
-2 -5 -28 -29 -31 -34 0 
-4 -5 -9 -10 -15 -20 -22 -29 -30 0 
-7 -8 -12 -13 -21 -34 0 
-3 -15 -21 -22 -23 -24 -30 -31 -32 0 
-9 -10 -12 -14 -20 -28 0 
-1 -3 -5 -14 -17 -31 0 
-11 -15 -22 -24 -29 -30 -33 0 
-3 -11 -16 -18 -19 -26 -29 -31 -34 0 
-11 -15 -20 -22 -24 -28 0 
-1 -4 -9 -11 -18 -21 -23 -29 0 
-5 -7 -20 -23 -28 0 
-2 -16 -22 -26 0 
-1 -12 -14 -20 -28 -29 -30 0 
-4 -6 -7 -9 -33 0 
-3 -8 -14 -22 -29 -30 0 
-10 -11 -13 -15 -19 -24 0 
-5 -6 -21 -23 -24 -29 0 
-4 -11 -13 -14 -15 -17 -25 -33 -34 0 
-2 -7 -11 -13 -22 -26 -31 0 
-23 -26 -28 -32 -34 0 
-2 -10 -17 -19 -21 -24 -28 -32 0 
-1 -3 -11 -20 -26 -31 -33 -34 0 
-5 -10 -17 -20 -23 -33 -34 0 
-1 -3 -7 -14 -21 -27 0 
-3 -5 -6 -11 -16 -19 -22 -27 -30 0 
-2 -5 -6 -11 -13 -27 -30 -33 0 
-6 -12 -22 -30 -32 0 
-5 -10 -12 -21 -33 0 
-1 -5 -11 -18 -20 -23 -24 -25 -27 -30 -34 0 
-2 -11 -14 -15 -19 -25 -28 -32 0 
-7 -12 -33 0 
-3 -12 -17 -21 0 
-5 -6 -9 -15 -24 -29 0 
-2 -9 -13 -17 -18 -19 -27 0 
-11 -12 -16 -29 0 
-8 -10 -11 -12 -20 -30 0 
-12 -30 0 
-5 -6 -21 -33 0 
-8 -10 -11 -16 -18 -27 0 
-1 -2 -4 -6 -17 -26 -29 -34 0 
-1 -6 -10 -18 -19 -21 -24 -25 -28 -33 0 
-18 -22 -27 -28 -30 -34 0 
-1 -3 -4 -5 -26 -29 0 
-3 -5 -7 -8 -11 -18 -19 -22 0 
-2 -3 -5 -22 -24 -28 -30 0 
-2 -3 -9 -10 -17 -20 -31 -33 0 
-4 -16 -19 -22 -24 -26 -32 -33 0 
-1 -8 -16 -20 -29 -34 0 
-4 -14 -16 -18 -19 -20 -21 -22 -23 0 
-2 -3 -6 -8 -15 -19 -20 -31 0 
-6 -7 -15 -21 -25 -29 -33 -34 0 
-2 -9 -10 -11 -15 -16 -17 -25 -26 -28 0 
-1 -14 -26 -29 -32 0 
-5 -11 -16 -30 0 
-1 -4 -6 -10 -15 -20 -31 0 
-2 -3 -4 -11 -12 -14 -33 0 
-12 -18 -21 -31 -33 0 
-9 -16 -19 -22 -24 -32 0 
-2 -3 -11 -15 -16 -22 0 
-14 -16 -20 -22 -23 -31 -32 -33 0 
-8 -10 -12 -13 -29 -32 -33 0 
-5 -6 -12 -16 -19 -20 -22 -23 -28 -30 -33 0 
-4 -8 -11 -12 -20 -25 -28 -31 0 
-2 -5 -13 -16 -19 -20 -28 0 
-2 -10 -18 -32 -33 0 
-3 -4 -5 -8 -9 -17 -21 -26 0 
-1 -6 -7 -29 -31 0 
-7 -10 -18 -25 0 
-4 -12 -21 -27 -34 0 
-9 -13 -17 -27 -30 -32 -33 0 
-11 -12 -14 -15 -16 -20 -22 -24 -28 0 
-3 -11 -18 -24 -26 -33 0 
-5 -6 -7 -8 -21 -26 0 
-9 -15 -24 -25 -32 0 
-4 -6 -11 -12 -14 -19 -22 -24 -30 0 
-1 -5 -8 -11 -18 -29 0 
-2 -3 -10 -21 -23 -31 0 
-8 -18 -33 0 
-2 -10 -17 -24 -29 0 
-9 -15 -18 -22 -25 -26 -33 -34 0 
-15 -25 0 
-9 -12 -16 -18 -19 -20 -21 -23 -28 0 
-4 -6 -14 -15 -19 -21 -29 0 
-1 -3 -6 -7 -9 -20 -24 -25 -29 -34 0 
-1 -5 -7 -18 -34 0 
-11 -12 -28 -29 0 
-8 -11 -18 -27 -34 0 
-9 -17 -26 -28 -32 -34 0 
-1 -15 -18 -19 -29 0 
-7 -14 -15 -19 -20 -28 0 
-9 -10 -12 -14 -21 -24 -26 0 
-8 -9 -15 -22 -32 0 
-6 -12 -14 -16 -22 0 
-3 -12 -14 -19 -26 -33 -34 0 
-8 -9 -18 -19 -25 -31 0 
-3 -11 -12 -21 -25 -26 -34 0 
-9 -15 -17 -19 -21 -22 -24 -30 0 
-5 -10 -11 -12 -13 -15 -25 -29 0 
-3 -8 -21 -23 -27 -29 0 
-3 -23 -34 0 
-1 -7 -8 -20 -22 -25 -29 0 
-7 -12 -17 -22 -25 0 
-11 -17 -18 -21 -30 0 
-5 -11 -19 -27 -28 -32 0 
-5 -15 -16 -26 -28 -29 0 
-6 -18 -25 -31 0 
-1 -2 -5 -6 -13 -15 -22 -27 -33 0 
-3 -9 -10 -11 -12 -13 -19 -22 -24 -25 0 
-6 -9 -10 -16 -20 0 
-5 -8 -15 -21 -22 -30 0 
-8 -9 -10 -12 -15 -20 -21 -23 -27 -29 -32 -33 0 
-1 -9 -23 -32 -33 -34 0 
-3 -5 -8 -10 -15 -23 -30 -33 0 
-3 -11 -15 -21 -24 0 
-2 -4 -10 -17 -27 -28 -30 0 
-5 -16 -23 -25 0 
-5 -9 -10 -12 -13 -24 0 
-8 -33 -34 0 
-1 -2 -7 -12 -18 -23 -25 0 
-1 -3 -20 -26 -32 0 
-6 -15 -16 -22 -25 -27 0 
-2 -5 -7 -8 -14 -20 -28 -31 0 
-8 -9 -11 -28 -32 0 
-7 -20 -23 -27 0 
-1 -2 -7 -13 -22 -29 -33 -34 0 
-11 -14 -15 -25 -32 -34 0 
-4 -22 -31 -32 0 
-4 -10 -11 -12 -17 -26 -29 0 
-4 -11 -14 0 
-4 -7 -9 -11 -14 -16 -25 -32 0 
-1 -5 -11 -20 -23 -26 0 
-5 -6 -9 -15 -30 0 
-2 -10 -11 -13 -14 -16 -19 -28 -29 0 
-1 -4 -7 -16 -23 -24 -30 0 
-2 -3 -4 -6 -13 -15 -22 -29 0 
-2 -4 -12 -16 -23 -31 0 
-3 -4 -7 -8 -10 -25 -27 -30 0 
-15 -17 -23 0 
-3 -4 -7 -15 -23 -24 -31 0 
-12 -16 -17 -24 -27 0 
-6 -13 -33 0 
-3 -8 -9 -20 -25 -30 -32 0 
-6 -7 -10 -12 -20 -22 -25 0 
-1 -5 -11 -15 -18 -20 -23 -28 0 
-19 -23 -27 -31 -33 0 
-6 -8 0 
-3 -19 0 
-3 -8 -13 -25 -27 -31 0 
-16 -22 -23 -26 -31 0 
-2 -19 -22 -25 0 
-4 -11 -26 -32 0 
-4 -5 -9 -11 -12 -14 -16 -24 -29 -31 -32 -33 0 
-2 -3 -16 -17 -18 -20 -23 -28 -33 -34 0 
-1 -3 -5 -6 -10 -21 -28 -32 0 
-1 -17 -25 -30 0 
-1 -3 -10 -12 -14 -15 -16 -17 -21 -29 0 
-1 -4 -5 -13 -17 -25 0 
-8 -10 -21 -23 -26 0 
-1 -33 0 
-5 -17 -21 -33 0 
-3 -5 -8 -13 -14 -15 -22 -26 0 
-3 -6 -9 -10 -12 -21 -32 0 
-1 -6 -7 -14 -15 -16 -30 0 
-10 -11 -19 -26 0 
-6 -10 -22 0 
-11 -15 -16 -21 -26 -32 0 
-4 -8 -9 -14 -20 -31 -32 -33 0 
-7 -9 -20 -21 0 
-4 -5 -7 -21 -29 -30 -32 -34 0 
-10 -11 -13 -23 -24 -32 0 
-13 -15 -19 -20 -23 0 
-5 -7 -12 -18 -21 -28 -31 -32 0 
-26 -27 0 
-8 -17 -24 -28 -30 0 
-2 -7 -19 -27 -28 -33 0 
-1 -10 -13 -16 -22 -32 0 
-5 -19 -20 -27 -29 -31 0 
-2 -12 -16 -18 -19 -25 0 
-2 -13 -16 -20 -21 -28 -30 0 
-7 -16 -24 -26 -27 -31 -33 -34 0 
-6 -10 -15 -17 -34 0 
-3 -4 -8 -10 -15 -16 -19 -21 -24 0 
-2 -6 -24 -26 -32 0 
-1 -5 -10 -11 -13 -16 -18 -19 -21 -25 -26 -27 -31 0 
-2 -4 -9 -10 -14 -16 -20 -33 0 
-2 -5 -13 -25 -28 0 
-2 -3 -13 -20 -22 -34 0 
-3 -12 -13 -22 -23 -25 -27 -31 -32 0 
-3 -4 -5 -14 -15 -18 -20 -28 -29 -31 -34 0 
-1 -2 -4 -6 -12 -17 -18 -24 -32 0 
-3 -6 -10 -12 -18 -20 -24 -34 0 
-1 -5 -6 -13 -14 -18 -26 -34 0 
-4 -11 -15 -16 -17 -27 -28 -32 0 
-3 -10 -16 -27 -30 -33 -34 0 
-4 -13 -14 -31 -32 0 
-11 -17 -21 -25 -27 -30 -34 0 
-18 -21 -28 -31 0 
-3 -6 -11 -13 -14 -19 -22 -29 -30 -33 0 
-4 -9 -22 -23 -26 -31 0 
-15 -18 -23 -29 0 
-1 -4 -13 -28 -29 -33 0 
-13 -14 -19 -29 -30 -31 -34 0 
-5 -6 -7 -10 -23 -25 -26 -27 -28 0 
-19 -22 -25 -29 -34 0 
-12 -16 -24 -25 -34 0 
-8 -14 -19 -22 -30 -33 0 
-5 -17 -24 -25 -29 0 
-4 -8 -17 -18 -27 -28 -30 -32 0 
-4 -6 -14 -15 -27 -30 -31 -34 0 
-2 -4 -5 -13 -15 -21 -34 0 
-5 -8 -11 -13 -14 -18 0 
-3 -4 -11 -27 0 
-2 -11 -13 -17 -26 -30 -33 0 
-9 -22 -25 -28 -31 -33 0 
-1 -2 -10 -21 -27 0 
-1 -2 -29 -34 0 
-2 -3 -4 -11 -27 0 
-8 -17 -33 0 
-9 -10 -17 -18 -20 -34 0 
-2 -13 -14 -15 -20 -25 -31 -34 0 
-12 -18 -22 -23 -26 0 
-14 -21 -23 -25 -26 -29 -30 0 
-10 -21 -25 -30 0 
-10 -15 -19 -24 -26 0 
-1 -5 -11 -14 -18 -19 -29 0 
-11 -17 -21 -23 -31 -32 -33 0 
-15 -20 -25 -30 -34 0 
-2 -6 -7 -8 -9 -14 -25 -32 0 
-7 -14 -18 -34 0 
-9 -14 -20 -24 -28 -29 -32 -33 0 
-1 -3 -12 -19 -30 0 
-4 -9 -21 -23 -26 -29 0 
-14 -27 0 
-4 -10 -11 -14 -17 -18 -19 -21 -30 0 
-1 -2 -3 -7 -8 -10 -27 0 
-1 -6 -9 -34 0 
-12 -21 -28 0 
-5 -15 -21 -22 -23 -26 -28 -30 0 
