p cnf 34 800
13 18 20 21 24 26 34 0 
4 6 9 13 14 16 18 25 26 31 0 
11 13 20 24 28 30 31 0 
10 15 18 26 29 30 0 
5 14 22 23 27 30 34 0 
3 8 13 15 17 23 24 25 0 
5 10 20 23 25 32 0 
8 16 18 20 23 26 0 
4 5 7 8 9 18 19 24 25 30 0 
6 10 12 14 15 22 26 29 33 0 
3 13 19 21 23 34 0 
2 5 8 12 17 21 23 26 27 28 32 33 34 0 
1 10 15 24 29 0 
3 4 9 10 11 17 24 29 30 0 
2 6 13 14 17 18 23 0 
9 14 16 22 30 0 
1 10 16 31 32 33 0 
7 9 16 21 26 0 
4 12 13 22 23 28 33 0 
2 3 6 15 18 0 
2 3 14 22 28 32 34 0 
8 9 11 12 15 19 25 30 0 
5 21 26 28 31 33 0 
2 5 21 29 0 
1 2 3 4 5 6 12 16 18 23 30 0 
1 4 8 16 23 34 0 
11 13 17 24 27 0 
2 6 14 17 0 
5 17 23 26 27 28 29 0 
7 9 12 17 24 26 33 0 
12 14 16 19 23 27 34 0 
22 28 32 0 
5 8 17 25 27 28 29 0 
1 13 23 24 26 31 34 0 
1 7 11 14 16 25 31 0 
3 8 10 11 23 33 0 
3 7 24 28 29 0 
3 8 12 27 28 31 34 0 
3 4 10 17 18 19 29 34 0 
3 7 11 16 30 31 0 
5 12 14 15 16 28 0 
1 6 13 19 29 32 0 
1 2 3 9 14 15 17 23 32 0 
5 17 22 28 31 32 0 
10 11 24 25 31 0 
13 16 19 21 25 0 
5 8 10 17 0 
1 5 15 17 21 25 28 0 
3 4 7 13 16 20 21 22 30 0 
5 7 9 19 23 27 32 0 
4 6 8 11 21 30 0 
3 4 21 22 31 33 0 
2 3 7 13 17 25 0 
8 10 15 18 34 0 
2 4 12 14 19 22 28 32 34 0 
7 11 24 25 26 31 34 0 
1 4 22 23 26 34 0 
14 19 27 31 0 
1 3 10 16 22 33 0 
10 11 13 28 0 
4 10 22 33 0 
4 14 18 24 32 0 
18 22 24 31 34 0 
1 8 10 11 18 21 26 0 
2 5 7 10 13 15 19 25 27 0 
3 5 13 16 24 28 30 0 
1 4 7 9 11 24 32 0 
5 13 16 17 19 21 22 28 30 0 
4 9 17 20 22 0 
6 10 11 15 29 30 32 0 
10 11 12 19 20 21 23 29 31 0 
18 20 27 28 30 0 
1 4 13 20 22 23 27 29 0 
3 15 21 22 24 31 0 
3 10 16 19 30 0 
11 21 22 24 33 0 
2 8 9 17 20 22 31 34 0 
9 11 12 15 16 30 32 33 34 0 
1 5 11 13 21 27 29 0 
1 3 10 19 23 0 
9 10 11 22 24 28 0 
2 4 6 7 17 19 32 0 
1 16 28 29 0 
1 14 18 19 24 26 34 0 
10 19 21 22 25 30 32 33 0 
8 14 15 19 28 0 
22 28 29 33 0 
2 11 16 24 28 0 
12 13 16 21 25 0 
4 7 10 15 32 0 
1 3 4 6 10 14 27 33 0 
2 7 8 22 30 0 
5 15 22 29 0 
1 3 9 10 24 26 31 33 0 
1 3 16 23 25 33 0 
7 15 24 26 0 
1 3 4 5 7 12 15 26 30 0 
9 19 30 0 
8 10 14 20 22 25 26 28 30 31 0 
10 12 14 19 22 23 26 0 
7 12 22 0 
1 8 10 14 19 21 0 
8 23 0 
4 6 7 18 23 0 
7 13 16 26 28 0 
6 7 8 10 15 21 23 25 30 31 0 
5 13 15 20 23 28 29 0 
9 16 22 32 33 0 
11 22 30 32 0 
3 5 7 8 9 10 18 23 29 30 0 
3 4 5 12 31 0 
8 9 10 15 18 22 24 25 26 0 
3 5 11 19 26 32 0 
8 22 29 30 33 0 
8 9 11 12 13 15 24 28 0 
2 5 7 12 14 20 0 
21 24 25 34 0 
3 5 7 16 17 22 0 
10 18 22 28 34 0 
1 11 15 17 19 32 34 0 
1 10 19 20 23 24 34 0 
5 7 9 14 17 22 0 
1 7 20 22 31 0 
4 8 14 17 19 20 30 31 32 34 0 
15 22 32 0 
3 8 12 14 15 17 23 26 28 0 
11 12 18 21 23 27 31 32 33 0 
1 9 28 31 0 
4 5 17 20 22 23 0 
3 4 18 21 28 31 0 
1 5 7 16 17 19 20 24 27 0 
2 8 13 14 23 29 30 31 0 
2 11 21 25 26 28 0 
2 7 12 15 20 24 28 0 
1 14 15 24 25 29 33 0 
4 11 12 14 18 22 23 28 0 
3 7 11 17 23 27 29 32 0 
19 31 0 
5 20 22 24 25 30 0 
3 9 22 24 25 28 30 31 0 
11 12 0 
2 6 10 17 24 25 0 
1 2 10 14 16 25 30 31 32 0 
4 7 8 17 20 23 24 34 0 
11 12 13 0 
8 19 25 28 29 0 
8 17 22 31 33 0 
2 27 30 32 0 
2 9 15 21 23 26 32 0 
7 16 19 23 26 27 0 
5 12 13 21 32 0 
3 17 26 30 31 0 
3 9 20 21 0 
6 11 21 26 27 29 33 0 
3 7 11 13 20 30 34 0 
6 9 27 33 0 
3 10 12 13 14 15 33 0 
3 12 13 16 18 31 0 
1 4 5 7 12 28 0 
4 13 17 19 30 31 0 
5 13 21 0 
1 2 4 17 20 21 0 
1 11 19 20 24 29 30 34 0 
12 21 25 30 34 0 
1 2 7 11 12 15 25 0 
3 9 10 17 26 27 29 30 0 
3 5 12 14 16 24 31 34 0 
3 7 11 16 22 25 29 0 
1 12 16 24 28 0 
5 10 11 12 20 27 0 
1 6 9 11 18 23 31 34 0 
14 19 26 28 32 33 34 0 
16 22 28 0 
12 14 15 16 28 31 33 0 
2 3 8 9 27 0 
3 15 20 31 0 
1 5 15 16 19 30 0 
2 6 7 17 23 24 26 30 0 
9 12 29 32 33 0 
5 9 13 20 21 27 30 0 
4 5 15 26 34 0 
12 13 18 34 0 
8 10 12 14 21 0 
5 6 9 16 23 25 33 0 
14 15 17 21 34 0 
1 4 17 19 0 
4 8 10 12 17 19 23 27 33 34 0 
3 5 11 14 17 21 23 0 
10 22 25 0 
8 11 12 14 16 21 26 31 0 
1 10 13 19 24 25 27 31 0 
2 6 13 18 29 34 0 
2 15 29 33 34 0 
20 21 26 27 30 32 0 
1 2 7 14 15 27 30 0 
3 6 7 20 27 0 
13 17 19 20 21 0 
5 6 24 26 27 31 0 
9 12 29 30 32 0 
3 18 20 24 25 0 
5 20 25 28 0 
5 6 12 20 27 0 
4 5 9 16 21 22 28 30 31 0 
1 8 16 19 26 28 34 0 
5 12 23 0 
2 5 6 9 10 11 14 21 25 31 32 0 
4 9 11 13 22 27 29 31 0 
4 6 12 0 
1 4 16 18 19 27 31 34 0 
1 3 4 6 19 22 27 33 0 
4 6 13 0 
2 9 16 28 32 0 
2 5 7 13 15 19 20 22 28 32 0 
2 4 11 13 32 0 
2 5 7 11 20 22 24 29 31 33 0 
2 21 22 23 24 28 30 34 0 
6 9 12 15 17 23 26 29 31 32 0 
9 15 16 17 25 26 0 
3 6 9 16 23 25 0 
3 4 16 17 22 26 30 31 0 
2 12 13 15 16 17 21 27 31 0 
9 17 25 32 0 
1 8 11 18 21 0 
2 3 5 7 8 10 18 21 22 23 28 33 34 0 
4 7 9 13 14 23 32 0 
6 7 13 15 18 22 29 0 
2 11 19 26 34 0 
4 10 14 17 19 23 29 34 0 
9 16 25 26 27 28 29 34 0 
1 13 24 28 33 0 
2 10 14 22 24 0 
5 6 12 13 30 0 
5 15 16 20 22 23 29 0 
5 15 23 26 28 0 
18 19 25 26 0 
2 4 14 30 0 
2 5 12 16 19 27 30 31 0 
3 12 27 29 32 33 0 
5 8 13 16 33 34 0 
5 11 27 28 0 
17 19 21 22 31 33 0 
9 12 13 17 19 20 24 26 28 30 31 0 
9 12 16 17 21 23 32 0 
2 8 21 22 25 27 0 
7 12 14 15 24 28 34 0 
2 3 4 15 16 28 34 0 
3 10 26 34 0 
3 4 5 15 22 30 33 34 0 
6 26 30 31 0 
7 8 18 21 22 28 31 32 34 0 
7 10 11 14 18 24 29 31 32 33 0 
2 6 10 27 0 
8 10 24 33 0 
2 6 17 18 23 30 0 
2 6 9 12 13 17 25 31 34 0 
10 23 32 0 
3 9 14 15 18 19 21 25 31 0 
8 21 23 29 32 33 0 
14 18 19 24 25 32 0 
5 7 11 14 19 31 33 0 
4 10 14 20 29 30 0 
6 12 15 19 21 22 23 27 28 0 
4 6 14 16 18 24 30 32 0 
2 7 14 19 29 0 
5 6 10 12 15 17 19 0 
3 6 8 12 14 15 16 26 27 0 
1 7 13 15 19 25 26 27 0 
2 4 12 30 32 33 0 
4 17 21 27 29 0 
1 2 4 16 21 25 30 33 0 
15 17 22 34 0 
14 15 22 29 0 
4 15 23 29 30 0 
1 19 20 29 31 32 0 
5 11 15 17 21 26 27 34 0 
8 9 19 22 32 0 
1 2 14 18 19 22 28 33 0 
8 12 17 24 34 0 
4 7 14 23 29 0 
2 10 11 14 30 0 
15 16 18 21 23 29 0 
14 15 28 29 30 0 
4 7 8 24 31 32 0 
1 3 8 10 18 24 30 0 
1 5 7 8 22 28 30 32 33 0 
2 4 11 17 29 0 
5 6 16 26 27 29 30 0 
8 17 32 0 
6 17 34 0 
1 7 8 10 11 18 19 22 29 0 
6 19 22 23 27 28 34 0 
9 20 26 30 31 32 0 
11 16 21 22 23 24 25 32 0 
7 12 25 27 32 0 
4 8 11 12 19 21 28 30 0 
9 26 27 0 
4 15 29 32 0 
7 8 11 12 21 22 26 0 
1 5 6 10 14 15 20 23 32 0 
1 2 5 19 21 0 
3 4 6 8 10 11 12 13 16 26 28 33 0 
4 5 10 11 18 23 34 0 
4 5 7 9 24 0 
5 8 10 11 12 14 19 20 24 28 30 33 0 
2 8 10 13 15 17 22 25 27 28 0 
9 13 16 17 34 0 
11 12 13 18 25 26 31 33 0 
4 9 11 13 32 0 
8 9 27 32 0 
1 25 26 29 32 33 0 
9 32 34 0 
4 7 9 15 23 24 25 0 
1 7 8 9 10 11 15 16 18 20 0 
4 12 15 17 19 20 21 27 28 0 
1 4 8 9 11 16 19 26 32 34 0 
5 11 15 22 23 30 0 
4 5 18 25 0 
10 23 0 
5 14 22 23 27 0 
8 14 19 21 23 29 0 
4 14 21 34 0 
18 19 21 22 31 33 0 
2 10 12 14 22 24 27 31 0 
3 5 7 12 17 22 32 34 0 
5 6 10 14 16 17 18 0 
2 5 10 12 17 25 29 33 34 0 
4 5 11 12 18 20 25 26 34 0 
13 14 29 34 0 
2 5 10 13 17 25 27 0 
9 13 16 28 33 0 
1 6 9 12 13 21 24 31 0 
3 4 5 6 33 0 
3 4 5 15 18 20 0 
4 5 8 10 11 18 30 31 33 0 
5 7 10 11 14 18 25 33 0 
1 3 6 8 15 20 25 28 29 34 0 
3 13 20 21 27 29 0 
8 19 23 27 29 32 34 0 
3 6 8 12 16 19 34 0 
3 12 13 22 29 33 0 
9 12 22 0 
1 11 12 16 18 20 33 0 
3 5 8 15 22 27 31 0 
4 21 26 28 0 
4 5 17 18 19 20 30 0 
2 3 4 13 17 18 0 
3 7 10 33 34 0 
1 5 18 27 31 0 
4 5 16 17 21 26 0 
1 12 17 19 28 29 31 34 0 
4 6 8 9 10 14 19 23 24 0 
11 20 23 26 27 28 32 33 0 
2 4 11 16 17 18 21 27 28 31 32 0 
7 11 13 22 0 
5 13 18 19 31 0 
2 4 6 7 8 10 20 23 26 33 0 
3 14 16 28 29 31 34 0 
15 23 24 34 0 
1 9 17 21 27 29 0 
17 18 23 31 33 0 
4 5 8 13 19 21 26 0 
7 21 22 24 28 0 
4 24 27 0 
15 17 19 29 30 0 
5 7 14 25 26 27 29 30 0 
1 4 8 10 15 20 24 34 0 
5 8 18 20 25 0 
2 7 9 17 33 0 
1 2 10 27 28 32 0 
1 6 12 15 20 29 30 33 0 
1 4 15 19 22 0 
2 14 22 28 30 32 34 0 
10 14 15 18 22 0 
3 9 11 12 13 19 24 0 
2 7 19 22 29 30 0 
15 21 28 0 
4 23 26 30 0 
6 13 16 22 30 32 33 0 
5 6 10 14 25 28 0 
5 12 18 19 27 30 0 
2 3 4 12 20 24 29 33 0 
3 9 11 12 21 22 28 0 
3 5 6 24 25 31 32 34 0 
1 3 5 8 11 14 16 23 25 26 0 
7 18 25 27 34 0 
4 8 11 14 19 0 
7 9 11 14 27 30 0 
9 10 15 17 25 26 27 32 0 
3 5 10 12 16 18 20 25 0 
14 16 24 27 28 29 32 0 
4 11 17 18 23 28 0 
8 9 19 20 22 33 0 
1 6 14 16 23 26 27 0 
1 2 17 23 31 34 0 
3 8 15 20 28 33 0 
2 4 20 21 22 29 30 31 32 0 
3 8 9 20 24 26 28 30 31 33 0 
3 6 15 16 17 26 0 
1 7 17 20 27 0 
7 11 16 28 0 
-13 -18 -20 -21 -24 -26 -34 0 
-4 -6 -9 -13 -14 -16 -18 -25 -26 -31 0 
-11 -13 -20 -24 -28 -30 -31 0 
-10 -15 -18 -26 -29 -30 0 
-5 -14 -22 -23 -27 -30 -34 0 
-3 -8 -13 -15 -17 -23 -24 -25 0 
-5 -10 -20 -23 -25 -32 0 
-8 -16 -18 -20 -23 -26 0 
-4 -5 -7 -8 -9 -18 -19 -24 -25 -30 0 
-6 -10 -12 -14 -15 -22 -26 -29 -33 0 
-3 -13 -19 -21 -23 -34 0 
-2 -5 -8 -12 -17 -21 -23 -26 -27 -28 -32 -33 -34 0 
-1 -10 -15 -24 -29 0 
-3 -4 -9 -10 -11 -17 -24 -29 -30 0 
-2 -6 -13 -14 -17 -18 -23 0 
-9 -14 -16 -22 -30 0 
-1 -10 -16 -31 -32 -33 0 
-7 -9 -16 -21 -26 0 
-4 -12 -13 -22 -23 -28 -33 0 
-2 -3 -6 -15 -18 0 
-2 -3 -14 -22 -28 -32 -34 0 
-8 -9 -11 -12 -15 -19 -25 -30 0 
-5 -21 -26 -28 -31 -33 0 
-2 -5 -21 -29 0 
-1 -2 -3 -4 -5 -6 -12 -16 -18 -23 -30 0 
-1 -4 -8 -16 -23 -34 0 
-11 -13 -17 -24 -27 0 
-2 -6 -14 -17 0 
-5 -17 -23 -26 -27 -28 -29 0 
-7 -9 -12 -17 -24 -26 -33 0 
-12 -14 -16 -19 -23 -27 -34 0 
-22 -28 -32 0 
-5 -8 -17 -25 -27 -28 -29 0 
-1 -13 -23 -24 -26 -31 -34 0 
-1 -7 -11 -14 -16 -25 -31 0 
-3 -8 -10 -11 -23 -33 0 
-3 -7 -24 -28 -29 0 
-3 -8 -12 -27 -28 -31 -34 0 
-3 -4 -10 -17 -18 -19 -29 -34 0 
-3 -7 -11 -16 -30 -31 0 
-5 -12 -14 -15 -16 -28 0 
-1 -6 -13 -19 -29 -32 0 
-1 -2 -3 -9 -14 -15 -17 -23 -32 0 
-5 -17 -22 -28 -31 -32 0 
-10 -11 -24 -25 -31 0 
-13 -16 -19 -21 -25 0 
-5 -8 -10 -17 0 
-1 -5 -15 -17 -21 -25 -28 0 
-3 -4 -7 -13 -16 -20 -21 -22 -30 0 
-5 -7 -9 -19 -23 -27 -32 0 
-4 -6 -8 -11 -21 -30 0 
-3 -4 -21 -22 -31 -33 0 
-2 -3 -7 -13 -17 -25 0 
-8 -10 -15 -18 -34 0 
-2 -4 -12 -14 -19 -22 -28 -32 -34 0 
-7 -11 -24 -25 -26 -31 -34 0 
-1 -4 -22 -23 -26 -34 0 
-14 -19 -27 -31 0 
-1 -3 -10 -16 -22 -33 0 
-10 -11 -13 -28 0 
-4 -10 -22 -33 0 
-4 -14 -18 -24 -32 0 
-18 -22 -24 -31 -34 0 
-1 -8 -10 -11 -18 -21 -26 0 
-2 -5 -7 -10 -13 -15 -19 -25 -27 0 
-3 -5 -13 -16 -24 -28 -30 0 
-1 -4 -7 -9 -11 -24 -32 0 
-5 -13 -16 -17 -19 -21 -22 -28 -30 0 
-4 -9 -17 -20 -22 0 
-6 -10 -11 -15 -29 -30 -32 0 
-10 -11 -12 -19 -20 -21 -23 -29 -31 0 
-18 -20 -27 -28 -30 0 
-1 -4 -13 -20 -22 -23 -27 -29 0 
-3 -15 -21 -22 -24 -31 0 
-3 -10 -16 -19 -30 0 
-11 -21 -22 -24 -33 0 
-2 -8 -9 -17 -20 -22 -31 -34 0 
-9 -11 -12 -15 -16 -30 -32 -33 -34 0 
-1 -5 -11 -13 -21 -27 -29 0 
-1 -3 -10 -19 -23 0 
-9 -10 -11 -22 -24 -28 0 
-2 -4 -6 -7 -17 -19 -32 0 
-1 -16 -28 -29 0 
-1 -14 -18 -19 -24 -26 -34 0 
-10 -19 -21 -22 -25 -30 -32 -33 0 
-8 -14 -15 -19 -28 0 
-22 -28 -29 -33 0 
-2 -11 -16 -24 -28 0 
-12 -13 -16 -21 -25 0 
-4 -7 -10 -15 -32 0 
-1 -3 -4 -6 -10 -14 -27 -33 0 
-2 -7 -8 -22 -30 0 
-5 -15 -22 -29 0 
-1 -3 -9 -10 -24 -26 -31 -33 0 
-1 -3 -16 -23 -25 -33 0 
-7 -15 -24 -26 0 
-1 -3 -4 -5 -7 -12 -15 -26 -30 0 
-9 -19 -30 0 
-8 -10 -14 -20 -22 -25 -26 -28 -30 -31 0 
-10 -12 -14 -19 -22 -23 -26 0 
-7 -12 -22 0 
-1 -8 -10 -14 -19 -21 0 
-8 -23 0 
-4 -6 -7 -18 -23 0 
-7 -13 -16 -26 -28 0 
-6 -7 -8 -10 -15 -21 -23 -25 -30 -31 0 
-5 -13 -15 -20 -23 -28 -29 0 
-9 -16 -22 -32 -33 0 
-11 -22 -30 -32 0 
-3 -5 -7 -8 -9 -10 -18 -23 -29 -30 0 
-3 -4 -5 -12 -31 0 
-8 -9 -10 -15 -18 -22 -24 -25 -26 0 
-3 -5 -11 -19 -26 -32 0 
-8 -22 -29 -30 -33 0 
-8 -9 -11 -12 -13 -15 -24 -28 0 
-2 -5 -7 -12 -14 -20 0 
-21 -24 -25 -34 0 
-3 -5 -7 -16 -17 -22 0 
-10 -18 -22 -28 -34 0 
-1 -11 -15 -17 -19 -32 -34 0 
-1 -10 -19 -20 -23 -24 -34 0 
-5 -7 -9 -14 -17 -22 0 
-1 -7 -20 -22 -31 0 
-4 -8 -14 -17 -19 -20 -30 -31 -32 -34 0 
-15 -22 -32 0 
-3 -8 -12 -14 -15 -17 -23 -26 -28 0 
-11 -12 -18 -21 -23 -27 -31 -32 -33 0 
-1 -9 -28 -31 0 
-4 -5 -17 -20 -22 -23 0 
-3 -4 -18 -21 -28 -31 0 
-1 -5 -7 -16 -17 -19 -20 -24 -27 0 
-2 -8 -13 -14 -23 -29 -30 -31 0 
-2 -11 -21 -25 -26 -28 0 
-2 -7 -12 -15 -20 -24 -28 0 
-1 -14 -15 -24 -25 -29 -33 0 
-4 -11 -12 -14 -18 -22 -23 -28 0 
-3 -7 -11 -17 -23 -27 -29 -32 0 
-19 -31 0 
-5 -20 -22 -24 -25 -30 0 
-3 -9 -22 -24 -25 -28 -30 -31 0 
-11 -12 0 
-2 -6 -10 -17 -24 -25 0 
-1 -2 -10 -14 -16 -25 -30 -31 -32 0 
-4 -7 -8 -17 -20 -23 -24 -34 0 
-11 -12 -13 0 
-8 -19 -25 -28 -29 0 
-8 -17 -22 -31 -33 0 
-2 -27 -30 -32 0 
-2 -9 -15 -21 -23 -26 -32 0 
-7 -16 -19 -23 -26 -27 0 
-5 -12 -13 -21 -32 0 
-3 -17 -26 -30 -31 0 
-3 -9 -20 -21 0 
-6 -11 -21 -26 -27 -29 -33 0 
-3 -7 -11 -13 -20 -30 -34 0 
-6 -9 -27 -33 0 
-3 -10 -12 -13 -14 -15 -33 0 
-3 -12 -13 -16 -18 -31 0 
-1 -4 -5 -7 -12 -28 0 
-4 -13 -17 -19 -30 -31 0 
-5 -13 -21 0 
-1 -2 -4 -17 -20 -21 0 
-1 -11 -19 -20 -24 -29 -30 -34 0 
-12 -21 -25 -30 -34 0 
-1 -2 -7 -11 -12 -15 -25 0 
-3 -9 -10 -17 -26 -27 -29 -30 0 
-3 -5 -12 -14 -16 -24 -31 -34 0 
-3 -7 -11 -16 -22 -25 -29 0 
-1 -12 -16 -24 -28 0 
-5 -10 -11 -12 -20 -27 0 
-1 -6 -9 -11 -18 -23 -31 -34 0 
-14 -19 -26 -28 -32 -33 -34 0 
-16 -22 -28 0 
-12 -14 -15 -16 -28 -31 -33 0 
-2 -3 -8 -9 -27 0 
-3 -15 -20 -31 0 
-1 -5 -15 -16 -19 -30 0 
-2 -6 -7 -17 -23 -24 -26 -30 0 
-9 -12 -29 -32 -33 0 
-5 -9 -13 -20 -21 -27 -30 0 
-4 -5 -15 -26 -34 0 
-12 -13 -18 -34 0 
-8 -10 -12 -14 -21 0 
-5 -6 -9 -16 -23 -25 -33 0 
-14 -15 -17 -21 -34 0 
-1 -4 -17 -19 0 
-4 -8 -10 -12 -17 -19 -23 -27 -33 -34 0 
-3 -5 -11 -14 -17 -21 -23 0 
-10 -22 -25 0 
-8 -11 -12 -14 -16 -21 -26 -31 0 
-1 -10 -13 -19 -24 -25 -27 -31 0 
-2 -6 -13 -18 -29 -34 0 
-2 -15 -29 -33 -34 0 
-20 -21 -26 -27 -30 -32 0 
-1 -2 -7 -14 -15 -27 -30 0 
-3 -6 -7 -20 -27 0 
-13 -17 -19 -20 -21 0 
-5 -6 -24 -26 -27 -31 0 
-9 -12 -29 -30 -32 0 
-3 -18 -20 -24 -25 0 
-5 -20 -25 -28 0 
-5 -6 -12 -20 -27 0 
-4 -5 -9 -16 -21 -22 -28 -30 -31 0 
-1 -8 -16 -19 -26 -28 -34 0 
-5 -12 -23 0 
-2 -5 -6 -9 -10 -11 -14 -21 -25 -31 -32 0 
-4 -9 -11 -13 -22 -27 -29 -31 0 
-4 -6 -12 0 
-1 -4 -16 -18 -19 -27 -31 -34 0 
-1 -3 -4 -6 -19 -22 -27 -33 0 
-4 -6 -13 0 
-2 -9 -16 -28 -32 0 
-2 -5 -7 -13 -15 -19 -20 -22 -28 -32 0 
-2 -4 -11 -13 -32 0 
-2 -5 -7 -11 -20 -22 -24 -29 -31 -33 0 
-2 -21 -22 -23 -24 -28 -30 -34 0 
-6 -9 -12 -15 -17 -23 -26 -29 -31 -32 0 
-9 -15 -16 -17 -25 -26 0 
-3 -6 -9 -16 -23 -25 0 
-3 -4 -16 -17 -22 -26 -30 -31 0 
-2 -12 -13 -15 -16 -17 -21 -27 -31 0 
-9 -17 -25 -32 0 
-1 -8 -11 -18 -21 0 
-2 -3 -5 -7 -8 -10 -18 -21 -22 -23 -28 -33 -34 0 
-4 -7 -9 -13 -14 -23 -32 0 
-6 -7 -13 -15 -18 -22 -29 0 
-2 -11 -19 -26 -34 0 
-4 -10 -14 -17 -19 -23 -29 -34 0 
-9 -16 -25 -26 -27 -28 -29 -34 0 
-1 -13 -24 -28 -33 0 
-2 -10 -14 -22 -24 0 
-5 -6 -12 -13 -30 0 
-5 -15 -16 -20 -22 -23 -29 0 
-5 -15 -23 -26 -28 0 
-18 -19 -25 -26 0 
-2 -4 -14 -30 0 
-2 -5 -12 -16 -19 -27 -30 -31 0 
-3 -12 -27 -29 -32 -33 0 
-5 -8 -13 -16 -33 -34 0 
-5 -11 -27 -28 0 
-17 -19 -21 -22 -31 -33 0 
-9 -12 -13 -17 -19 -20 -24 -26 -28 -30 -31 0 
-9 -12 -16 -17 -21 -23 -32 0 
-2 -8 -21 -22 -25 -27 0 
-7 -12 -14 -15 -24 -28 -34 0 
-2 -3 -4 -15 -16 -28 -34 0 
-3 -10 -26 -34 0 
-3 -4 -5 -15 -22 -30 -33 -34 0 
-6 -26 -30 -31 0 
-7 -8 -18 -21 -22 -28 -31 -32 -34 0 
-7 -10 -11 -14 -18 -24 -29 -31 -32 -33 0 
-2 -6 -10 -27 0 
-8 -10 -24 -33 0 
-2 -6 -17 -18 -23 -30 0 
-2 -6 -9 -12 -13 -17 -25 -31 -34 0 
-10 -23 -32 0 
-3 -9 -14 -15 -18 -19 -21 -25 -31 0 
-8 -21 -23 -29 -32 -33 0 
-14 -18 -19 -24 -25 -32 0 
-5 -7 -11 -14 -19 -31 -33 0 
-4 -10 -14 -20 -29 -30 0 
-6 -12 -15 -19 -21 -22 -23 -27 -28 0 
-4 -6 -14 -16 -18 -24 -30 -32 0 
-2 -7 -14 -19 -29 0 
-5 -6 -10 -12 -15 -17 -19 0 
-3 -6 -8 -12 -14 -15 -16 -26 -27 0 
-1 -7 -13 -15 -19 -25 -26 -27 0 
-2 -4 -12 -30 -32 -33 0 
-4 -17 -21 -27 -29 0 
-1 -2 -4 -16 -21 -25 -30 -33 0 
-15 -17 -22 -34 0 
-14 -15 -22 -29 0 
-4 -15 -23 -29 -30 0 
-1 -19 -20 -29 -31 -32 0 
-5 -11 -15 -17 -21 -26 -27 -34 0 
-8 -9 -19 -22 -32 0 
-1 -2 -14 -18 -19 -22 -28 -33 0 
-8 -12 -17 -24 -34 0 
-4 -7 -14 -23 -29 0 
-2 -10 -11 -14 -30 0 
-15 -16 -18 -21 -23 -29 0 
-14 -15 -28 -29 -30 0 
-4 -7 -8 -24 -31 -32 0 
-1 -3 -8 -10 -18 -24 -30 0 
-1 -5 -7 -8 -22 -28 -30 -32 -33 0 
-2 -4 -11 -17 -29 0 
-5 -6 -16 -26 -27 -29 -30 0 
-8 -17 -32 0 
-6 -17 -34 0 
-1 -7 -8 -10 -11 -18 -19 -22 -29 0 
-6 -19 -22 -23 -27 -28 -34 0 
-9 -20 -26 -30 -31 -32 0 
-11 -16 -21 -22 -23 -24 -25 -32 0 
-7 -12 -25 -27 -32 0 
-4 -8 -11 -12 -19 -21 -28 -30 0 
-9 -26 -27 0 
-4 -15 -29 -32 0 
-7 -8 -11 -12 -21 -22 -26 0 
-1 -5 -6 -10 -14 -15 -20 -23 -32 0 
-1 -2 -5 -19 -21 0 
-3 -4 -6 -8 -10 -11 -12 -13 -16 -26 -28 -33 0 
-4 -5 -10 -11 -18 -23 -34 0 
-4 -5 -7 -9 -24 0 
-5 -8 -10 -11 -12 -14 -19 -20 -24 -28 -30 -33 0 
-2 -8 -10 -13 -15 -17 -22 -25 -27 -28 0 
-9 -13 -16 -17 -34 0 
-11 -12 -13 -18 -25 -26 -31 -33 0 
-4 -9 -11 -13 -32 0 
-8 -9 -27 -32 0 
-1 -25 -26 -29 -32 -33 0 
-9 -32 -34 0 
-4 -7 -9 -15 -23 -24 -25 0 
-1 -7 -8 -9 -10 -11 -15 -16 -18 -20 0 
-4 -12 -15 -17 -19 -20 -21 -27 -28 0 
-1 -4 -8 -9 -11 -16 -19 -26 -32 -34 0 
-5 -11 -15 -22 -23 -30 0 
-4 -5 -18 -25 0 
-10 -23 0 
-5 -14 -22 -23 -27 0 
-8 -14 -19 -21 -23 -29 0 
-4 -14 -21 -34 0 
-18 -19 -21 -22 -31 -33 0 
-2 -10 -12 -14 -22 -24 -27 -31 0 
-3 -5 -7 -12 -17 -22 -32 -34 0 
-5 -6 -10 -14 -16 -17 -18 0 
-2 -5 -10 -12 -17 -25 -29 -33 -34 0 
-4 -5 -11 -12 -18 -20 -25 -26 -34 0 
-13 -14 -29 -34 0 
-2 -5 -10 -13 -17 -25 -27 0 
-9 -13 -16 -28 -33 0 
-1 -6 -9 -12 -13 -21 -24 -31 0 
-3 -4 -5 -6 -33 0 
-3 -4 -5 -15 -18 -20 0 
-4 -5 -8 -10 -11 -18 -30 -31 -33 0 
-5 -7 -10 -11 -14 -18 -25 -33 0 
-1 -3 -6 -8 -15 -20 -25 -28 -29 -34 0 
-3 -13 -20 -21 -27 -29 0 
-8 -19 -23 -27 -29 -32 -34 0 
-3 -6 -8 -12 -16 -19 -34 0 
-3 -12 -13 -22 -29 -33 0 
-9 -12 -22 0 
-1 -11 -12 -16 -18 -20 -33 0 
-3 -5 -8 -15 -22 -27 -31 0 
-4 -21 -26 -28 0 
-4 -5 -17 -18 -19 -20 -30 0 
-2 -3 -4 -13 -17 -18 0 
-3 -7 -10 -33 -34 0 
-1 -5 -18 -27 -31 0 
-4 -5 -16 -17 -21 -26 0 
-1 -12 -17 -19 -28 -29 -31 -34 0 
-4 -6 -8 -9 -10 -14 -19 -23 -24 0 
-11 -20 -23 -26 -27 -28 -32 -33 0 
-2 -4 -11 -16 -17 -18 -21 -27 -28 -31 -32 0 
-7 -11 -13 -22 0 
-5 -13 -18 -19 -31 0 
-2 -4 -6 -7 -8 -10 -20 -23 -26 -33 0 
-3 -14 -16 -28 -29 -31 -34 0 
-15 -23 -24 -34 0 
-1 -9 -17 -21 -27 -29 0 
-17 -18 -23 -31 -33 0 
-4 -5 -8 -13 -19 -21 -26 0 
-7 -21 -22 -24 -28 0 
-4 -24 -27 0 
-15 -17 -19 -29 -30 0 
-5 -7 -14 -25 -26 -27 -29 -30 0 
-1 -4 -8 -10 -15 -20 -24 -34 0 
-5 -8 -18 -20 -25 0 
-2 -7 -9 -17 -33 0 
-1 -2 -10 -27 -28 -32 0 
-1 -6 -12 -15 -20 -29 -30 -33 0 
-1 -4 -15 -19 -22 0 
-2 -14 -22 -28 -30 -32 -34 0 
-10 -14 -15 -18 -22 0 
-3 -9 -11 -12 -13 -19 -24 0 
-2 -7 -19 -22 -29 -30 0 
-15 -21 -28 0 
-4 -23 -26 -30 0 
-6 -13 -16 -22 -30 -32 -33 0 
-5 -6 -10 -14 -25 -28 0 
-5 -12 -18 -19 -27 -30 0 
-2 -3 -4 -12 -20 -24 -29 -33 0 
-3 -9 -11 -12 -21 -22 -28 0 
-3 -5 -6 -24 -25 -31 -32 -34 0 
-1 -3 -5 -8 -11 -14 -16 -23 -25 -26 0 
-7 -18 -25 -27 -34 0 
-4 -8 -11 -14 -19 0 
-7 -9 -11 -14 -27 -30 0 
-9 -10 -15 -17 -25 -26 -27 -32 0 
-3 -5 -10 -12 -16 -18 -20 -25 0 
-14 -16 -24 -27 -28 -29 -32 0 
-4 -11 -17 -18 -23 -28 0 
-8 -9 -19 -20 -22 -33 0 
-1 -6 -14 -16 -23 -26 -27 0 
-1 -2 -17 -23 -31 -34 0 
-3 -8 -15 -20 -28 -33 0 
-2 -4 -20 -21 -22 -29 -30 -31 -32 0 
-3 -8 -9 -20 -24 -26 -28 -30 -31 -33 0 
-3 -6 -15 -16 -17 -26 0 
-1 -7 -17 -20 -27 0 
-7 -11 -16 -28 0 
