p cnf 34 800
4 8 14 21 30 0 
10 21 26 29 31 32 34 0 
20 23 25 31 0 
1 8 27 30 31 0 
2 3 6 20 21 26 27 0 
4 9 14 17 18 23 30 0 
9 19 30 0 
1 11 20 24 32 0 
1 3 15 25 0 
7 8 12 13 24 26 29 31 0 
3 6 9 13 17 25 27 30 0 
13 16 22 25 0 
2 4 8 11 13 14 17 21 28 0 
12 18 20 32 33 0 
7 9 10 11 21 29 33 0 
2 6 18 23 30 31 0 
2 11 16 20 22 0 
2 12 16 22 23 32 0 
1 3 5 10 12 13 18 30 0 
1 5 6 8 14 27 0 
2 4 6 20 23 27 0 
5 9 18 19 20 27 0 
11 14 15 17 18 20 25 27 31 0 
13 14 15 33 0 
1 3 5 19 29 31 32 0 
2 18 19 21 26 28 29 33 0 
1 6 7 16 21 32 0 
8 23 24 25 26 27 0 
1 5 15 18 19 28 33 0 
1 2 4 5 11 18 20 0 
3 7 13 23 27 32 0 
2 8 19 24 30 32 0 
7 8 19 22 23 26 27 28 0 
1 8 13 17 22 25 0 
5 10 17 21 22 26 29 0 
3 4 5 15 18 27 0 
1 10 27 29 0 
3 6 9 10 28 32 0 
11 14 15 20 24 25 30 32 0 
9 19 25 0 
7 8 13 16 21 22 24 29 31 34 0 
3 8 13 15 19 30 34 0 
16 26 27 31 0 
7 12 16 22 25 28 32 0 
2 9 11 19 20 25 26 30 31 0 
7 10 19 20 22 23 34 0 
3 9 17 21 23 25 33 0 
5 18 22 27 29 34 0 
1 8 14 19 21 24 31 0 
1 6 10 13 24 28 0 
14 20 22 31 32 34 0 
5 11 23 27 28 31 0 
1 14 18 25 28 0 
5 16 20 23 0 
3 9 13 19 21 26 31 33 0 
12 21 22 24 27 29 32 34 0 
1 7 19 28 31 32 0 
14 15 16 24 0 
3 8 14 21 31 0 
1 4 12 17 19 31 32 0 
7 18 19 21 24 34 0 
3 4 5 7 13 16 22 28 0 
17 24 25 28 29 33 0 
7 15 19 21 23 0 
3 13 20 22 24 26 28 32 0 
2 4 6 14 16 27 0 
5 7 9 18 25 28 0 
7 8 17 21 27 28 32 0 
3 5 22 28 30 31 0 
2 3 12 18 27 32 0 
1 6 10 27 0 
2 4 6 7 9 15 17 20 27 31 0 
9 21 24 26 28 29 0 
4 13 15 17 20 0 
1 2 4 5 17 23 0 
5 17 22 24 27 28 32 0 
12 14 26 31 32 0 
4 9 24 28 0 
4 8 23 24 0 
6 12 15 21 0 
5 16 19 23 24 25 29 34 0 
3 12 14 22 26 0 
10 13 19 21 22 27 0 
4 10 16 30 0 
1 2 12 21 22 33 0 
15 25 31 0 
2 13 19 21 25 28 31 32 0 
5 10 14 15 18 20 0 
15 16 22 23 26 27 0 
4 19 28 32 0 
1 5 22 27 0 
1 6 10 14 17 18 24 28 0 
3 8 16 19 32 0 
16 26 29 32 33 34 0 
7 18 20 21 29 30 32 0 
2 6 13 25 27 33 0 
3 12 18 23 24 0 
7 10 13 14 15 17 23 24 0 
1 4 7 10 11 13 14 22 33 34 0 
2 11 23 33 34 0 
1 3 6 7 24 32 0 
9 10 12 14 17 24 31 0 
8 10 24 29 30 0 
13 18 22 24 26 0 
7 10 15 24 25 30 32 0 
2 3 12 13 21 27 29 30 31 33 0 
3 4 5 11 16 33 0 
5 10 16 25 33 34 0 
6 9 27 0 
10 12 14 23 26 33 0 
4 6 7 8 10 11 15 21 27 30 32 0 
4 6 17 19 26 28 0 
5 11 17 20 21 22 0 
3 8 17 21 25 26 27 0 
11 14 24 29 34 0 
5 16 18 19 28 29 0 
1 5 7 10 16 19 22 31 0 
7 8 13 0 
8 12 15 18 20 22 24 29 0 
1 14 22 23 32 0 
1 4 19 23 27 29 0 
2 20 27 32 33 0 
8 12 22 23 30 0 
6 9 20 22 32 0 
12 14 16 25 28 33 0 
5 8 16 20 22 34 0 
19 33 0 
7 17 23 24 27 30 0 
1 8 9 10 18 19 20 0 
1 7 8 11 12 13 14 23 30 0 
5 6 15 16 18 20 23 24 26 29 0 
3 5 6 7 11 15 16 22 0 
8 10 18 26 27 29 0 
2 23 32 0 
4 5 7 11 12 17 24 28 31 0 
2 4 6 11 13 30 32 0 
4 7 29 34 0 
2 7 15 17 23 26 30 0 
10 26 28 31 0 
4 12 13 27 34 0 
4 5 8 13 14 32 0 
3 12 19 25 32 33 0 
1 4 7 12 19 21 27 0 
14 19 20 24 27 28 29 32 34 0 
6 7 13 15 34 0 
3 4 17 18 22 24 31 0 
3 5 8 15 21 23 29 30 31 32 0 
5 6 8 11 14 26 28 0 
1 7 10 11 18 33 34 0 
10 11 17 21 0 
7 17 25 31 0 
2 7 17 18 22 33 0 
4 11 14 24 27 34 0 
2 5 8 9 12 19 21 25 0 
4 9 10 12 21 27 0 
4 7 16 17 18 21 34 0 
14 16 25 28 0 
3 4 6 21 26 33 0 
3 8 18 27 30 31 33 0 
16 21 25 28 34 0 
5 8 11 12 23 30 31 32 0 
10 16 26 27 0 
11 15 20 22 30 0 
1 2 5 7 14 23 25 34 0 
6 8 15 23 24 28 0 
1 4 10 20 21 26 31 33 0 
8 22 24 27 28 29 33 0 
4 7 22 28 29 32 0 
3 16 20 32 33 0 
3 15 18 20 22 30 32 34 0 
2 6 7 12 23 27 32 0 
15 27 28 29 0 
3 12 18 23 24 25 31 33 0 
1 8 10 14 15 19 24 31 33 0 
8 10 13 19 20 23 24 30 0 
4 16 19 21 28 29 0 
4 8 15 19 20 27 34 0 
11 19 21 22 23 24 0 
5 16 19 31 32 34 0 
5 14 24 28 30 31 33 0 
9 17 18 27 0 
11 12 14 23 24 29 33 0 
1 4 8 13 16 20 23 28 34 0 
2 6 8 12 13 28 30 33 0 
1 6 10 11 13 16 20 23 24 31 0 
3 8 14 19 20 28 30 34 0 
2 8 15 18 23 26 29 0 
5 9 10 17 19 23 29 30 0 
2 3 4 6 28 0 
5 9 10 11 14 16 18 28 31 0 
28 32 0 
8 9 12 16 17 18 25 31 33 0 
8 9 17 19 23 24 25 26 29 31 33 0 
21 24 25 26 30 31 0 
4 15 19 20 23 30 33 0 
2 5 7 15 21 26 27 0 
2 15 18 20 32 0 
12 17 18 19 22 24 32 34 0 
6 14 20 24 25 26 31 0 
3 14 18 19 24 30 33 0 
1 2 10 11 13 18 28 32 0 
4 7 10 16 17 25 0 
1 3 10 13 15 17 19 24 26 0 
4 6 10 19 25 26 28 31 0 
5 10 14 22 27 32 33 34 0 
1 7 8 14 15 24 28 30 0 
14 19 20 23 24 30 0 
13 14 21 25 27 31 0 
1 9 13 22 23 31 34 0 
1 6 11 20 28 30 32 0 
6 9 10 11 12 16 0 
3 12 13 14 16 28 29 33 0 
4 11 16 22 31 0 
6 22 28 0 
2 7 10 13 16 17 31 32 0 
1 9 13 17 22 23 25 33 0 
19 20 28 32 0 
5 12 20 24 0 
5 14 15 16 20 0 
3 4 8 19 22 25 32 0 
5 6 20 24 31 0 
8 12 13 15 16 18 22 28 29 31 0 
14 15 22 24 25 26 28 30 0 
2 6 11 13 18 29 31 0 
4 6 9 17 21 22 29 31 0 
6 10 17 19 20 23 28 31 0 
4 18 26 29 33 34 0 
5 7 9 11 22 31 34 0 
2 9 14 22 0 
6 15 16 24 26 33 0 
6 8 22 23 26 0 
3 5 6 8 10 19 25 28 0 
5 13 20 21 33 0 
3 9 20 27 33 0 
4 8 9 12 19 22 28 0 
4 12 15 16 21 22 31 0 
3 12 13 14 25 0 
10 12 16 20 22 25 26 32 0 
12 13 20 29 31 34 0 
9 10 18 19 23 28 29 0 
8 16 22 23 27 0 
1 7 16 22 32 0 
1 6 7 12 14 20 27 31 32 0 
2 5 16 21 30 33 34 0 
2 4 5 9 17 22 23 25 27 29 0 
1 4 10 19 29 31 0 
6 12 14 18 22 32 0 
3 10 13 16 17 23 26 32 0 
8 17 18 29 31 0 
3 7 10 16 20 30 31 0 
10 24 25 26 0 
7 11 13 0 
2 5 6 24 25 34 0 
3 8 11 12 34 0 
12 18 19 20 30 0 
6 7 11 18 20 22 27 29 0 
5 7 14 17 19 0 
6 14 23 27 31 0 
7 10 11 14 16 17 19 24 31 34 0 
15 20 22 0 
2 4 13 22 25 31 0 
1 21 23 24 27 29 33 34 0 
3 9 10 13 15 20 22 27 30 0 
5 20 22 25 30 31 33 0 
11 12 13 14 26 33 0 
4 8 31 0 
2 5 6 16 19 20 31 0 
2 5 9 15 18 20 0 
5 22 25 0 
2 9 25 0 
10 17 23 30 0 
2 6 10 12 13 23 24 25 0 
3 5 13 20 21 24 26 0 
9 10 11 17 26 29 0 
2 5 6 17 22 27 29 32 0 
8 9 15 19 20 23 27 28 0 
2 3 8 14 20 24 26 34 0 
5 23 29 30 0 
24 25 27 33 0 
3 5 10 14 20 23 27 28 29 32 0 
4 6 10 12 31 34 0 
6 9 14 27 0 
5 9 10 19 21 22 31 0 
3 16 22 24 28 0 
4 12 14 22 24 30 32 0 
3 5 7 12 17 22 23 31 0 
1 2 8 12 22 24 27 28 32 0 
6 10 13 27 29 0 
6 8 12 13 14 16 17 23 24 33 0 
1 3 5 8 11 15 0 
14 16 18 19 21 23 24 0 
6 8 10 19 33 34 0 
4 11 20 27 0 
8 12 14 25 33 0 
8 10 11 14 15 16 21 28 0 
7 11 19 21 25 26 30 32 0 
12 13 19 28 29 32 0 
6 9 11 13 15 24 29 30 32 33 0 
9 15 19 20 21 22 23 27 0 
1 10 11 15 16 24 27 0 
1 2 14 19 21 22 31 0 
12 20 30 31 0 
4 7 13 14 32 34 0 
3 12 21 23 33 0 
2 5 6 10 13 0 
1 7 8 11 16 0 
3 16 23 29 32 0 
6 10 12 15 20 29 32 0 
2 7 12 15 18 22 24 27 33 0 
8 14 20 27 31 32 0 
3 11 19 34 0 
19 26 0 
18 29 32 0 
2 18 22 23 24 27 32 33 0 
6 15 17 26 0 
3 5 6 13 18 27 0 
3 9 13 19 23 27 30 33 0 
2 3 13 24 31 0 
1 7 19 21 25 28 33 0 
1 11 17 22 29 32 0 
5 9 11 14 16 23 27 29 0 
1 8 9 12 17 18 25 28 30 0 
1 5 11 21 22 29 31 0 
14 18 19 20 28 34 0 
6 9 12 24 25 30 31 32 34 0 
1 4 7 11 12 15 19 26 0 
7 14 15 19 22 23 27 0 
2 9 23 25 26 31 0 
2 12 19 21 22 29 0 
3 8 29 0 
2 8 9 12 15 17 18 33 34 0 
9 15 29 30 0 
3 4 10 12 14 31 33 0 
5 16 18 29 33 0 
1 6 7 10 14 16 19 31 0 
11 18 21 23 25 26 27 31 0 
5 7 8 11 18 23 28 33 0 
5 9 29 32 0 
12 28 29 33 0 
2 8 11 0 
1 5 8 10 13 22 24 31 0 
1 8 17 20 31 0 
12 14 15 16 17 28 0 
5 14 15 17 25 32 0 
3 5 6 8 15 21 29 30 34 0 
2 4 5 6 14 23 25 26 31 0 
5 7 10 13 21 29 30 31 32 0 
2 5 9 10 15 16 17 24 0 
3 8 15 16 18 22 32 34 0 
1 2 6 7 9 10 11 13 0 
2 21 24 0 
2 3 6 12 18 23 0 
6 7 9 18 19 22 26 0 
3 10 11 17 25 29 31 0 
5 7 13 20 23 26 27 0 
1 4 6 8 14 18 30 33 0 
2 7 8 18 21 31 34 0 
10 16 17 18 21 30 0 
4 7 14 22 24 26 27 0 
5 6 10 11 19 22 25 0 
9 10 11 14 18 23 27 28 32 0 
1 2 5 13 19 20 21 22 26 32 0 
2 20 30 31 32 33 0 
2 5 7 23 33 0 
3 5 6 17 21 25 30 0 
5 11 17 33 0 
1 9 10 18 24 27 30 34 0 
3 5 6 14 21 0 
9 16 17 18 19 22 25 26 29 33 0 
1 6 12 26 27 30 0 
8 10 16 19 28 0 
5 10 14 15 25 0 
3 4 11 12 14 16 17 18 22 31 0 
4 9 11 25 26 0 
2 3 10 21 23 0 
7 10 11 15 16 21 23 30 31 34 0 
2 5 9 14 15 21 28 30 31 33 0 
1 2 3 10 22 31 0 
1 21 23 34 0 
4 5 8 12 13 17 28 33 0 
3 5 16 20 22 30 33 0 
2 7 10 20 28 29 31 34 0 
4 13 25 26 28 33 0 
1 10 11 16 19 24 34 0 
8 10 14 19 23 25 34 0 
5 15 25 28 29 30 0 
3 7 10 13 27 0 
7 11 18 19 21 25 32 34 0 
2 14 19 28 30 0 
3 7 14 15 17 20 31 33 0 
7 12 18 20 25 0 
2 6 7 12 24 31 0 
4 6 7 9 17 27 28 34 0 
8 24 25 26 32 0 
3 12 17 19 25 29 33 0 
6 18 20 23 24 0 
2 6 9 11 12 26 27 28 33 0 
5 6 18 20 29 0 
14 27 28 31 34 0 
3 6 16 20 22 23 0 
-4 -8 -14 -21 -30 0 
-10 -21 -26 -29 -31 -32 -34 0 
-20 -23 -25 -31 0 
-1 -8 -27 -30 -31 0 
-2 -3 -6 -20 -21 -26 -27 0 
-4 -9 -14 -17 -18 -23 -30 0 
-9 -19 -30 0 
-1 -11 -20 -24 -32 0 
-1 -3 -15 -25 0 
-7 -8 -12 -13 -24 -26 -29 -31 0 
-3 -6 -9 -13 -17 -25 -27 -30 0 
-13 -16 -22 -25 0 
-2 -4 -8 -11 -13 -14 -17 -21 -28 0 
-12 -18 -20 -32 -33 0 
-7 -9 -10 -11 -21 -29 -33 0 
-2 -6 -18 -23 -30 -31 0 
-2 -11 -16 -20 -22 0 
-2 -12 -16 -22 -23 -32 0 
-1 -3 -5 -10 -12 -13 -18 -30 0 
-1 -5 -6 -8 -14 -27 0 
-2 -4 -6 -20 -23 -27 0 
-5 -9 -18 -19 -20 -27 0 
-11 -14 -15 -17 -18 -20 -25 -27 -31 0 
-13 -14 -15 -33 0 
-1 -3 -5 -19 -29 -31 -32 0 
-2 -18 -19 -21 -26 -28 -29 -33 0 
-1 -6 -7 -16 -21 -32 0 
-8 -23 -24 -25 -26 -27 0 
-1 -5 -15 -18 -19 -28 -33 0 
-1 -2 -4 -5 -11 -18 -20 0 
-3 -7 -13 -23 -27 -32 0 
-2 -8 -19 -24 -30 -32 0 
-7 -8 -19 -22 -23 -26 -27 -28 0 
-1 -8 -13 -17 -22 -25 0 
-5 -10 -17 -21 -22 -26 -29 0 
-3 -4 -5 -15 -18 -27 0 
-1 -10 -27 -29 0 
-3 -6 -9 -10 -28 -32 0 
-11 -14 -15 -20 -24 -25 -30 -32 0 
-9 -19 -25 0 
-7 -8 -13 -16 -21 -22 -24 -29 -31 -34 0 
-3 -8 -13 -15 -19 -30 -34 0 
-16 -26 -27 -31 0 
-7 -12 -16 -22 -25 -28 -32 0 
-2 -9 -11 -19 -20 -25 -26 -30 -31 0 
-7 -10 -19 -20 -22 -23 -34 0 
-3 -9 -17 -21 -23 -25 -33 0 
-5 -18 -22 -27 -29 -34 0 
-1 -8 -14 -19 -21 -24 -31 0 
-1 -6 -10 -13 -24 -28 0 
-14 -20 -22 -31 -32 -34 0 
-5 -11 -23 -27 -28 -31 0 
-1 -14 -18 -25 -28 0 
-5 -16 -20 -23 0 
-3 -9 -13 -19 -21 -26 -31 -33 0 
-12 -21 -22 -24 -27 -29 -32 -34 0 
-1 -7 -19 -28 -31 -32 0 
-14 -15 -16 -24 0 
-3 -8 -14 -21 -31 0 
-1 -4 -12 -17 -19 -31 -32 0 
-7 -18 -19 -21 -24 -34 0 
-3 -4 -5 -7 -13 -16 -22 -28 0 
-17 -24 -25 -28 -29 -33 0 
-7 -15 -19 -21 -23 0 
-3 -13 -20 -22 -24 -26 -28 -32 0 
-2 -4 -6 -14 -16 -27 0 
-5 -7 -9 -18 -25 -28 0 
-7 -8 -17 -21 -27 -28 -32 0 
-3 -5 -22 -28 -30 -31 0 
-2 -3 -12 -18 -27 -32 0 
-1 -6 -10 -27 0 
-2 -4 -6 -7 -9 -15 -17 -20 -27 -31 0 
-9 -21 -24 -26 -28 -29 0 
-4 -13 -15 -17 -20 0 
-1 -2 -4 -5 -17 -23 0 
-5 -17 -22 -24 -27 -28 -32 0 
-12 -14 -26 -31 -32 0 
-4 -9 -24 -28 0 
-4 -8 -23 -24 0 
-6 -12 -15 -21 0 
-5 -16 -19 -23 -24 -25 -29 -34 0 
-3 -12 -14 -22 -26 0 
-10 -13 -19 -21 -22 -27 0 
-4 -10 -16 -30 0 
-1 -2 -12 -21 -22 -33 0 
-15 -25 -31 0 
-2 -13 -19 -21 -25 -28 -31 -32 0 
-5 -10 -14 -15 -18 -20 0 
-15 -16 -22 -23 -26 -27 0 
-4 -19 -28 -32 0 
-1 -5 -22 -27 0 
-1 -6 -10 -14 -17 -18 -24 -28 0 
-3 -8 -16 -19 -32 0 
-16 -26 -29 -32 -33 -34 0 
-7 -18 -20 -21 -29 -30 -32 0 
-2 -6 -13 -25 -27 -33 0 
-3 -12 -18 -23 -24 0 
-7 -10 -13 -14 -15 -17 -23 -24 0 
-1 -4 -7 -10 -11 -13 -14 -22 -33 -34 0 
-2 -11 -23 -33 -34 0 
-1 -3 -6 -7 -24 -32 0 
-9 -10 -12 -14 -17 -24 -31 0 
-8 -10 -24 -29 -30 0 
-13 -18 -22 -24 -26 0 
-7 -10 -15 -24 -25 -30 -32 0 
-2 -3 -12 -13 -21 -27 -29 -30 -31 -33 0 
-3 -4 -5 -11 -16 -33 0 
-5 -10 -16 -25 -33 -34 0 
-6 -9 -27 0 
-10 -12 -14 -23 -26 -33 0 
-4 -6 -7 -8 -10 -11 -15 -21 -27 -30 -32 0 
-4 -6 -17 -19 -26 -28 0 
-5 -11 -17 -20 -21 -22 0 
-3 -8 -17 -21 -25 -26 -27 0 
-11 -14 -24 -29 -34 0 
-5 -16 -18 -19 -28 -29 0 
-1 -5 -7 -10 -16 -19 -22 -31 0 
-7 -8 -13 0 
-8 -12 -15 -18 -20 -22 -24 -29 0 
-1 -14 -22 -23 -32 0 
-1 -4 -19 -23 -27 -29 0 
-2 -20 -27 -32 -33 0 
-8 -12 -22 -23 -30 0 
-6 -9 -20 -22 -32 0 
-12 -14 -16 -25 -28 -33 0 
-5 -8 -16 -20 -22 -34 0 
-19 -33 0 
-7 -17 -23 -24 -27 -30 0 
-1 -8 -9 -10 -18 -19 -20 0 
-1 -7 -8 -11 -12 -13 -14 -23 -30 0 
-5 -6 -15 -16 -18 -20 -23 -24 -26 -29 0 
-3 -5 -6 -7 -11 -15 -16 -22 0 
-8 -10 -18 -26 -27 -29 0 
-2 -23 -32 0 
-4 -5 -7 -11 -12 -17 -24 -28 -31 0 
-2 -4 -6 -11 -13 -30 -32 0 
-4 -7 -29 -34 0 
-2 -7 -15 -17 -23 -26 -30 0 
-10 -26 -28 -31 0 
-4 -12 -13 -27 -34 0 
-4 -5 -8 -13 -14 -32 0 
-3 -12 -19 -25 -32 -33 0 
-1 -4 -7 -12 -19 -21 -27 0 
-14 -19 -20 -24 -27 -28 -29 -32 -34 0 
-6 -7 -13 -15 -34 0 
-3 -4 -17 -18 -22 -24 -31 0 
-3 -5 -8 -15 -21 -23 -29 -30 -31 -32 0 
-5 -6 -8 -11 -14 -26 -28 0 
-1 -7 -10 -11 -18 -33 -34 0 
-10 -11 -17 -21 0 
-7 -17 -25 -31 0 
-2 -7 -17 -18 -22 -33 0 
-4 -11 -14 -24 -27 -34 0 
-2 -5 -8 -9 -12 -19 -21 -25 0 
-4 -9 -10 -12 -21 -27 0 
-4 -7 -16 -17 -18 -21 -34 0 
-14 -16 -25 -28 0 
-3 -4 -6 -21 -26 -33 0 
-3 -8 -18 -27 -30 -31 -33 0 
-16 -21 -25 -28 -34 0 
-5 -8 -11 -12 -23 -30 -31 -32 0 
-10 -16 -26 -27 0 
-11 -15 -20 -22 -30 0 
-1 -2 -5 -7 -14 -23 -25 -34 0 
-6 -8 -15 -23 -24 -28 0 
-1 -4 -10 -20 -21 -26 -31 -33 0 
-8 -22 -24 -27 -28 -29 -33 0 
-4 -7 -22 -28 -29 -32 0 
-3 -16 -20 -32 -33 0 
-3 -15 -18 -20 -22 -30 -32 -34 0 
-2 -6 -7 -12 -23 -27 -32 0 
-15 -27 -28 -29 0 
-3 -12 -18 -23 -24 -25 -31 -33 0 
-1 -8 -10 -14 -15 -19 -24 -31 -33 0 
-8 -10 -13 -19 -20 -23 -24 -30 0 
-4 -16 -19 -21 -28 -29 0 
-4 -8 -15 -19 -20 -27 -34 0 
-11 -19 -21 -22 -23 -24 0 
-5 -16 -19 -31 -32 -34 0 
-5 -14 -24 -28 -30 -31 -33 0 
-9 -17 -18 -27 0 
-11 -12 -14 -23 -24 -29 -33 0 
-1 -4 -8 -13 -16 -20 -23 -28 -34 0 
-2 -6 -8 -12 -13 -28 -30 -33 0 
-1 -6 -10 -11 -13 -16 -20 -23 -24 -31 0 
-3 -8 -14 -19 -20 -28 -30 -34 0 
-2 -8 -15 -18 -23 -26 -29 0 
-5 -9 -10 -17 -19 -23 -29 -30 0 
-2 -3 -4 -6 -28 0 
-5 -9 -10 -11 -14 -16 -18 -28 -31 0 
-28 -32 0 
-8 -9 -12 -16 -17 -18 -25 -31 -33 0 
-8 -9 -17 -19 -23 -24 -25 -26 -29 -31 -33 0 
-21 -24 -25 -26 -30 -31 0 
-4 -15 -19 -20 -23 -30 -33 0 
-2 -5 -7 -15 -21 -26 -27 0 
-2 -15 -18 -20 -32 0 
-12 -17 -18 -19 -22 -24 -32 -34 0 
-6 -14 -20 -24 -25 -26 -31 0 
-3 -14 -18 -19 -24 -30 -33 0 
-1 -2 -10 -11 -13 -18 -28 -32 0 
-4 -7 -10 -16 -17 -25 0 
-1 -3 -10 -13 -15 -17 -19 -24 -26 0 
-4 -6 -10 -19 -25 -26 -28 -31 0 
-5 -10 -14 -22 -27 -32 -33 -34 0 
-1 -7 -8 -14 -15 -24 -28 -30 0 
-14 -19 -20 -23 -24 -30 0 
-13 -14 -21 -25 -27 -31 0 
-1 -9 -13 -22 -23 -31 -34 0 
-1 -6 -11 -20 -28 -30 -32 0 
-6 -9 -10 -11 -12 -16 0 
-3 -12 -13 -14 -16 -28 -29 -33 0 
-4 -11 -16 -22 -31 0 
-6 -22 -28 0 
-2 -7 -10 -13 -16 -17 -31 -32 0 
-1 -9 -13 -17 -22 -23 -25 -33 0 
-19 -20 -28 -32 0 
-5 -12 -20 -24 0 
-5 -14 -15 -16 -20 0 
-3 -4 -8 -19 -22 -25 -32 0 
-5 -6 -20 -24 -31 0 
-8 -12 -13 -15 -16 -18 -22 -28 -29 -31 0 
-14 -15 -22 -24 -25 -26 -28 -30 0 
-2 -6 -11 -13 -18 -29 -31 0 
-4 -6 -9 -17 -21 -22 -29 -31 0 
-6 -10 -17 -19 -20 -23 -28 -31 0 
-4 -18 -26 -29 -33 -34 0 
-5 -7 -9 -11 -22 -31 -34 0 
-2 -9 -14 -22 0 
-6 -15 -16 -24 -26 -33 0 
-6 -8 -22 -23 -26 0 
-3 -5 -6 -8 -10 -19 -25 -28 0 
-5 -13 -20 -21 -33 0 
-3 -9 -20 -27 -33 0 
-4 -8 -9 -12 -19 -22 -28 0 
-4 -12 -15 -16 -21 -22 -31 0 
-3 -12 -13 -14 -25 0 
-10 -12 -16 -20 -22 -25 -26 -32 0 
-12 -13 -20 -29 -31 -34 0 
-9 -10 -18 -19 -23 -28 -29 0 
-8 -16 -22 -23 -27 0 
-1 -7 -16 -22 -32 0 
-1 -6 -7 -12 -14 -20 -27 -31 -32 0 
-2 -5 -16 -21 -30 -33 -34 0 
-2 -4 -5 -9 -17 -22 -23 -25 -27 -29 0 
-1 -4 -10 -19 -29 -31 0 
-6 -12 -14 -18 -22 -32 0 
-3 -10 -13 -16 -17 -23 -26 -32 0 
-8 -17 -18 -29 -31 0 
-3 -7 -10 -16 -20 -30 -31 0 
-10 -24 -25 -26 0 
-7 -11 -13 0 
-2 -5 -6 -24 -25 -34 0 
-3 -8 -11 -12 -34 0 
-12 -18 -19 -20 -30 0 
-6 -7 -11 -18 -20 -22 -27 -29 0 
-5 -7 -14 -17 -19 0 
-6 -14 -23 -27 -31 0 
-7 -10 -11 -14 -16 -17 -19 -24 -31 -34 0 
-15 -20 -22 0 
-2 -4 -13 -22 -25 -31 0 
-1 -21 -23 -24 -27 -29 -33 -34 0 
-3 -9 -10 -13 -15 -20 -22 -27 -30 0 
-5 -20 -22 -25 -30 -31 -33 0 
-11 -12 -13 -14 -26 -33 0 
-4 -8 -31 0 
-2 -5 -6 -16 -19 -20 -31 0 
-2 -5 -9 -15 -18 -20 0 
-5 -22 -25 0 
-2 -9 -25 0 
-10 -17 -23 -30 0 
-2 -6 -10 -12 -13 -23 -24 -25 0 
-3 -5 -13 -20 -21 -24 -26 0 
-9 -10 -11 -17 -26 -29 0 
-2 -5 -6 -17 -22 -27 -29 -32 0 
-8 -9 -15 -19 -20 -23 -27 -28 0 
-2 -3 -8 -14 -20 -24 -26 -34 0 
-5 -23 -29 -30 0 
-24 -25 -27 -33 0 
-3 -5 -10 -14 -20 -23 -27 -28 -29 -32 0 
-4 -6 -10 -12 -31 -34 0 
-6 -9 -14 -27 0 
-5 -9 -10 -19 -21 -22 -31 0 
-3 -16 -22 -24 -28 0 
-4 -12 -14 -22 -24 -30 -32 0 
-3 -5 -7 -12 -17 -22 -23 -31 0 
-1 -2 -8 -12 -22 -24 -27 -28 -32 0 
-6 -10 -13 -27 -29 0 
-6 -8 -12 -13 -14 -16 -17 -23 -24 -33 0 
-1 -3 -5 -8 -11 -15 0 
-14 -16 -18 -19 -21 -23 -24 0 
-6 -8 -10 -19 -33 -34 0 
-4 -11 -20 -27 0 
-8 -12 -14 -25 -33 0 
-8 -10 -11 -14 -15 -16 -21 -28 0 
-7 -11 -19 -21 -25 -26 -30 -32 0 
-12 -13 -19 -28 -29 -32 0 
-6 -9 -11 -13 -15 -24 -29 -30 -32 -33 0 
-9 -15 -19 -20 -21 -22 -23 -27 0 
-1 -10 -11 -15 -16 -24 -27 0 
-1 -2 -14 -19 -21 -22 -31 0 
-12 -20 -30 -31 0 
-4 -7 -13 -14 -32 -34 0 
-3 -12 -21 -23 -33 0 
-2 -5 -6 -10 -13 0 
-1 -7 -8 -11 -16 0 
-3 -16 -23 -29 -32 0 
-6 -10 -12 -15 -20 -29 -32 0 
-2 -7 -12 -15 -18 -22 -24 -27 -33 0 
-8 -14 -20 -27 -31 -32 0 
-3 -11 -19 -34 0 
-19 -26 0 
-18 -29 -32 0 
-2 -18 -22 -23 -24 -27 -32 -33 0 
-6 -15 -17 -26 0 
-3 -5 -6 -13 -18 -27 0 
-3 -9 -13 -19 -23 -27 -30 -33 0 
-2 -3 -13 -24 -31 0 
-1 -7 -19 -21 -25 -28 -33 0 
-1 -11 -17 -22 -29 -32 0 
-5 -9 -11 -14 -16 -23 -27 -29 0 
-1 -8 -9 -12 -17 -18 -25 -28 -30 0 
-1 -5 -11 -21 -22 -29 -31 0 
-14 -18 -19 -20 -28 -34 0 
-6 -9 -12 -24 -25 -30 -31 -32 -34 0 
-1 -4 -7 -11 -12 -15 -19 -26 0 
-7 -14 -15 -19 -22 -23 -27 0 
-2 -9 -23 -25 -26 -31 0 
-2 -12 -19 -21 -22 -29 0 
-3 -8 -29 0 
-2 -8 -9 -12 -15 -17 -18 -33 -34 0 
-9 -15 -29 -30 0 
-3 -4 -10 -12 -14 -31 -33 0 
-5 -16 -18 -29 -33 0 
-1 -6 -7 -10 -14 -16 -19 -31 0 
-11 -18 -21 -23 -25 -26 -27 -31 0 
-5 -7 -8 -11 -18 -23 -28 -33 0 
-5 -9 -29 -32 0 
-12 -28 -29 -33 0 
-2 -8 -11 0 
-1 -5 -8 -10 -13 -22 -24 -31 0 
-1 -8 -17 -20 -31 0 
-12 -14 -15 -16 -17 -28 0 
-5 -14 -15 -17 -25 -32 0 
-3 -5 -6 -8 -15 -21 -29 -30 -34 0 
-2 -4 -5 -6 -14 -23 -25 -26 -31 0 
-5 -7 -10 -13 -21 -29 -30 -31 -32 0 
-2 -5 -9 -10 -15 -16 -17 -24 0 
-3 -8 -15 -16 -18 -22 -32 -34 0 
-1 -2 -6 -7 -9 -10 -11 -13 0 
-2 -21 -24 0 
-2 -3 -6 -12 -18 -23 0 
-6 -7 -9 -18 -19 -22 -26 0 
-3 -10 -11 -17 -25 -29 -31 0 
-5 -7 -13 -20 -23 -26 -27 0 
-1 -4 -6 -8 -14 -18 -30 -33 0 
-2 -7 -8 -18 -21 -31 -34 0 
-10 -16 -17 -18 -21 -30 0 
-4 -7 -14 -22 -24 -26 -27 0 
-5 -6 -10 -11 -19 -22 -25 0 
-9 -10 -11 -14 -18 -23 -27 -28 -32 0 
-1 -2 -5 -13 -19 -20 -21 -22 -26 -32 0 
-2 -20 -30 -31 -32 -33 0 
-2 -5 -7 -23 -33 0 
-3 -5 -6 -17 -21 -25 -30 0 
-5 -11 -17 -33 0 
-1 -9 -10 -18 -24 -27 -30 -34 0 
-3 -5 -6 -14 -21 0 
-9 -16 -17 -18 -19 -22 -25 -26 -29 -33 0 
-1 -6 -12 -26 -27 -30 0 
-8 -10 -16 -19 -28 0 
-5 -10 -14 -15 -25 0 
-3 -4 -11 -12 -14 -16 -17 -18 -22 -31 0 
-4 -9 -11 -25 -26 0 
-2 -3 -10 -21 -23 0 
-7 -10 -11 -15 -16 -21 -23 -30 -31 -34 0 
-2 -5 -9 -14 -15 -21 -28 -30 -31 -33 0 
-1 -2 -3 -10 -22 -31 0 
-1 -21 -23 -34 0 
-4 -5 -8 -12 -13 -17 -28 -33 0 
-3 -5 -16 -20 -22 -30 -33 0 
-2 -7 -10 -20 -28 -29 -31 -34 0 
-4 -13 -25 -26 -28 -33 0 
-1 -10 -11 -16 -19 -24 -34 0 
-8 -10 -14 -19 -23 -25 -34 0 
-5 -15 -25 -28 -29 -30 0 
-3 -7 -10 -13 -27 0 
-7 -11 -18 -19 -21 -25 -32 -34 0 
-2 -14 -19 -28 -30 0 
-3 -7 -14 -15 -17 -20 -31 -33 0 
-7 -12 -18 -20 -25 0 
-2 -6 -7 -12 -24 -31 0 
-4 -6 -7 -9 -17 -27 -28 -34 0 
-8 -24 -25 -26 -32 0 
-3 -12 -17 -19 -25 -29 -33 0 
-6 -18 -20 -23 -24 0 
-2 -6 -9 -11 -12 -26 -27 -28 -33 0 
-5 -6 -18 -20 -29 0 
-14 -27 -28 -31 -34 0 
-3 -6 -16 -20 -22 -23 0 
