p cnf 34 800
10 14 19 21 22 28 33 0 
8 12 13 17 26 0 
3 6 7 11 12 19 0 
5 15 16 17 21 26 31 33 0 
3 7 14 18 19 29 34 0 
6 7 12 30 34 0 
2 7 17 18 30 0 
1 6 11 28 30 34 0 
6 7 13 16 26 30 34 0 
6 14 18 24 25 0 
4 10 11 14 15 33 34 0 
5 7 9 12 17 22 30 0 
13 14 20 29 30 31 0 
4 8 14 29 33 0 
17 21 26 32 0 
7 19 34 0 
5 6 13 17 19 34 0 
11 14 15 31 33 0 
5 14 15 33 0 
2 23 26 29 0 
12 15 17 18 22 23 30 31 0 
1 6 11 31 34 0 
2 11 18 24 25 26 32 0 
3 18 24 30 31 33 0 
4 8 9 16 18 26 28 29 0 
13 19 31 0 
4 15 16 26 27 33 34 0 
2 5 8 9 14 28 0 
10 15 26 29 0 
13 18 19 20 24 26 29 0 
4 10 12 16 21 22 23 27 0 
3 4 13 25 28 0 
7 16 17 22 23 26 30 0 
10 12 16 0 
7 11 13 18 24 0 
9 10 15 27 28 33 34 0 
5 13 16 17 20 21 23 25 30 34 0 
15 22 24 0 
2 13 16 18 27 0 
2 19 26 28 30 31 32 0 
4 8 11 16 21 0 
9 20 24 25 28 29 32 0 
5 7 16 18 20 21 24 28 0 
13 23 27 0 
6 13 14 16 32 0 
1 6 16 18 19 26 30 31 33 0 
7 14 17 27 28 0 
13 18 21 22 23 34 0 
8 15 24 27 32 34 0 
1 7 15 16 17 20 0 
2 7 24 30 0 
2 11 14 21 26 0 
1 2 6 13 14 26 0 
4 7 8 15 18 19 23 0 
11 13 15 16 20 25 26 27 30 0 
4 6 8 11 25 30 32 0 
1 4 5 7 9 14 27 29 0 
13 20 25 27 28 32 33 0 
19 24 29 0 
7 11 15 24 34 0 
3 9 13 19 34 0 
12 29 32 0 
6 10 12 13 14 21 25 26 32 34 0 
1 4 6 24 29 31 33 0 
3 9 10 16 17 26 0 
4 14 17 20 22 24 0 
1 8 15 18 21 25 0 
12 13 14 15 21 0 
4 5 12 14 15 16 21 31 32 0 
5 6 8 10 13 15 23 24 25 26 27 31 0 
4 8 13 28 0 
3 5 6 9 12 19 22 28 30 31 0 
6 10 11 19 33 0 
1 8 16 19 31 33 34 0 
2 9 14 19 21 26 33 0 
6 17 19 21 24 27 28 29 30 0 
23 30 31 32 33 0 
17 27 29 32 0 
1 5 11 12 13 19 24 25 27 31 0 
5 9 20 22 29 30 0 
2 4 8 12 28 0 
12 16 26 29 32 0 
6 10 23 27 32 0 
3 5 14 16 26 0 
5 12 17 22 31 0 
5 6 7 17 21 29 34 0 
4 7 10 12 14 28 29 0 
1 2 6 10 15 22 25 26 0 
3 5 9 21 23 0 
1 2 8 10 12 15 27 31 0 
5 8 14 20 22 24 26 33 0 
10 17 18 22 34 0 
9 10 15 18 22 24 25 32 0 
2 5 8 12 14 0 
7 8 13 15 21 27 32 0 
2 4 6 11 23 26 30 31 34 0 
4 5 12 13 18 22 0 
3 30 31 34 0 
4 7 8 12 13 22 27 29 30 32 0 
5 8 13 17 18 30 32 33 0 
12 18 26 33 0 
2 6 9 10 13 27 30 0 
1 3 8 14 20 22 23 26 0 
5 26 28 0 
2 6 25 31 33 0 
2 4 9 10 11 18 28 33 0 
3 4 12 15 30 33 34 0 
7 8 13 21 26 27 30 31 0 
4 7 19 20 31 32 34 0 
1 3 4 10 13 17 23 26 33 0 
2 8 10 11 16 0 
2 10 12 17 30 33 0 
5 9 13 22 24 29 0 
4 8 10 20 23 27 32 0 
10 14 33 0 
2 9 10 17 30 31 0 
3 6 12 25 33 0 
5 18 19 26 27 28 34 0 
4 5 6 9 14 18 27 33 0 
2 4 6 13 26 27 28 31 0 
1 4 19 20 22 24 0 
5 7 8 10 15 17 18 20 22 29 30 0 
2 4 12 15 23 29 32 34 0 
8 12 19 20 24 27 0 
10 18 23 25 32 0 
1 2 9 19 22 25 27 28 29 0 
2 14 19 25 33 0 
4 6 7 12 15 16 26 29 34 0 
6 7 8 15 22 23 25 26 30 31 0 
2 9 13 17 29 32 0 
7 11 15 23 24 28 30 0 
5 12 17 20 25 0 
5 9 15 17 21 23 34 0 
15 25 0 
1 9 15 16 19 23 33 34 0 
2 8 13 15 21 31 32 33 0 
1 7 9 11 16 19 32 0 
2 6 15 22 23 28 0 
13 19 24 32 33 0 
12 17 18 19 25 29 0 
1 9 15 28 0 
12 28 33 0 
9 12 15 30 32 34 0 
5 14 20 26 33 0 
1 6 7 30 0 
2 3 5 7 8 9 13 20 23 0 
5 6 11 18 20 25 29 30 0 
3 7 11 16 27 31 0 
18 19 22 25 26 0 
4 9 12 21 22 30 0 
11 13 29 34 0 
4 6 11 16 23 27 0 
1 18 0 
7 9 15 16 21 24 0 
5 10 30 0 
1 2 6 19 28 34 0 
2 14 16 22 28 0 
1 4 11 17 22 33 0 
8 11 15 17 29 31 33 0 
7 8 20 27 30 31 32 34 0 
5 11 25 0 
2 7 9 18 32 0 
6 15 18 20 24 27 0 
5 6 11 13 33 0 
4 13 18 25 29 32 34 0 
3 4 10 13 23 31 33 0 
4 9 16 17 21 23 28 0 
12 14 31 33 34 0 
6 11 22 26 0 
1 2 8 19 0 
11 12 13 17 18 20 23 28 34 0 
13 14 26 30 0 
11 14 15 18 24 26 33 0 
2 3 8 15 18 26 27 0 
9 14 15 16 18 21 22 0 
8 10 12 17 18 20 22 34 0 
7 19 24 0 
1 17 19 21 27 31 0 
7 13 15 17 20 23 27 32 0 
19 25 28 0 
6 8 11 12 13 25 29 34 0 
4 15 16 17 18 26 28 30 0 
4 19 20 21 22 30 32 0 
11 31 34 0 
4 8 9 11 12 22 26 0 
8 9 12 16 22 24 25 26 29 32 0 
3 8 10 26 28 29 31 0 
1 12 13 15 28 0 
1 3 16 19 23 25 26 31 0 
5 7 19 22 30 0 
4 6 9 13 16 17 22 34 0 
2 13 19 22 24 0 
7 8 14 15 26 28 0 
3 10 27 0 
7 10 15 20 28 30 34 0 
5 10 14 17 0 
6 15 17 18 19 22 24 0 
3 4 19 22 30 31 32 34 0 
5 8 9 16 17 29 33 0 
2 5 7 9 12 13 28 29 0 
2 9 10 14 15 21 23 24 0 
4 12 15 18 24 25 0 
1 2 4 8 15 22 28 29 31 0 
2 8 9 12 29 30 33 34 0 
1 5 9 10 13 20 22 27 29 33 0 
12 14 26 31 34 0 
1 2 12 23 25 26 0 
18 21 23 31 34 0 
6 7 12 15 16 20 32 0 
5 6 14 15 20 21 24 34 0 
12 22 34 0 
1 7 16 18 23 26 32 0 
2 5 7 9 14 17 18 19 28 0 
5 12 17 18 25 29 0 
9 12 14 17 22 24 28 29 0 
3 9 13 15 18 32 34 0 
4 6 11 16 30 34 0 
20 23 24 25 26 34 0 
1 4 8 12 23 25 30 33 0 
13 25 33 0 
8 12 14 24 25 27 30 31 33 0 
7 9 14 19 22 27 29 30 34 0 
5 11 27 0 
5 13 15 21 23 24 26 34 0 
4 6 9 11 22 24 33 0 
3 10 11 17 18 23 24 25 29 0 
2 4 6 10 14 22 26 0 
12 14 25 26 29 32 33 34 0 
9 11 15 17 18 22 30 0 
5 6 10 28 29 34 0 
4 5 6 9 11 15 23 24 29 33 0 
1 3 7 12 17 25 30 34 0 
1 3 4 5 12 29 0 
2 6 7 10 15 21 23 25 27 30 31 32 0 
2 3 4 5 7 21 30 0 
1 12 19 20 27 28 0 
9 15 16 20 28 29 0 
1 3 8 10 11 17 21 22 33 0 
14 20 28 31 0 
3 8 12 15 20 22 24 32 0 
6 19 25 27 31 0 
2 3 8 17 33 34 0 
24 31 0 
1 2 6 12 25 0 
4 10 13 18 22 26 29 0 
8 12 13 17 27 28 34 0 
3 5 15 0 
13 14 17 20 22 23 34 0 
4 11 14 19 24 32 33 34 0 
3 7 10 22 23 34 0 
10 17 21 29 0 
2 5 17 0 
3 9 12 14 20 0 
4 7 10 11 12 25 26 28 33 0 
6 18 22 32 0 
4 12 14 19 22 23 0 
4 14 16 28 32 0 
5 9 16 22 27 0 
6 11 17 24 30 31 0 
11 12 18 31 33 0 
3 7 11 15 19 22 23 32 0 
3 9 15 22 25 26 32 0 
12 18 23 27 34 0 
4 9 30 0 
11 14 18 25 28 0 
4 6 13 16 21 27 32 0 
1 9 14 17 24 25 0 
1 7 8 14 16 21 24 25 27 31 32 0 
6 19 25 26 32 0 
5 6 11 12 14 29 31 0 
5 7 14 17 18 0 
9 19 28 0 
1 7 9 16 19 22 23 0 
1 9 16 22 25 27 28 0 
9 12 14 18 19 24 25 27 33 0 
4 5 9 10 19 23 25 26 31 0 
2 4 5 9 16 21 25 26 27 34 0 
3 5 7 16 24 26 29 30 0 
5 13 17 28 0 
8 9 13 14 15 20 28 29 30 0 
3 8 12 19 20 23 28 31 0 
2 9 18 27 0 
2 14 19 24 27 33 0 
15 22 24 27 28 31 34 0 
3 4 5 6 10 25 30 32 0 
3 5 7 16 22 24 28 0 
3 14 18 21 22 32 34 0 
1 5 7 11 14 15 18 24 29 34 0 
6 16 19 26 27 0 
4 6 7 9 17 19 22 29 33 0 
8 13 20 26 30 0 
3 6 11 15 16 21 22 26 30 31 32 0 
6 12 17 18 24 26 30 0 
3 17 19 23 28 34 0 
2 3 4 12 20 22 25 0 
4 19 31 0 
2 4 5 6 8 13 14 22 27 29 0 
6 10 14 20 32 0 
7 19 27 28 31 0 
1 3 4 8 11 13 15 23 33 0 
1 9 13 14 27 28 0 
3 10 12 15 21 23 0 
19 20 21 22 29 0 
3 11 12 0 
3 8 16 26 0 
4 10 14 22 0 
5 6 7 14 18 0 
3 6 9 11 19 22 32 0 
1 3 4 13 17 23 0 
7 10 12 15 17 18 32 0 
1 6 13 14 22 23 26 0 
4 7 9 17 29 30 33 0 
2 6 8 10 13 25 28 34 0 
4 8 13 16 21 22 24 25 27 34 0 
2 6 10 14 24 0 
10 13 15 16 20 24 26 29 30 33 0 
5 16 27 30 34 0 
7 10 23 31 0 
4 9 15 18 21 26 28 0 
7 12 18 24 28 0 
1 2 25 27 28 29 33 0 
11 19 23 33 0 
3 7 14 23 30 32 33 0 
3 7 8 14 17 20 31 0 
14 16 22 28 31 32 0 
3 6 17 19 23 32 0 
1 7 33 0 
2 7 8 17 21 25 0 
9 12 14 20 27 0 
7 15 18 22 28 30 0 
8 20 21 32 34 0 
8 16 22 30 0 
2 9 20 22 30 0 
7 10 17 18 20 23 27 34 0 
4 12 14 15 22 23 27 29 30 0 
7 15 24 25 31 0 
2 7 14 24 25 30 0 
5 10 22 25 30 0 
3 11 16 17 29 32 33 0 
7 13 19 22 23 30 0 
3 9 10 13 19 23 28 0 
2 3 0 
16 24 33 0 
6 9 13 14 17 18 23 24 0 
9 17 18 19 21 23 34 0 
4 8 13 24 0 
3 4 11 17 19 20 26 27 29 32 0 
2 4 8 11 21 23 25 30 33 0 
6 15 21 24 33 0 
5 6 14 21 22 23 31 0 
3 4 8 31 0 
1 4 24 29 31 32 34 0 
6 9 10 14 21 26 0 
3 5 23 0 
5 9 13 17 26 31 0 
2 9 15 18 19 20 22 27 30 31 0 
3 5 12 27 29 30 31 33 0 
9 12 20 24 25 26 29 30 32 33 0 
1 7 9 12 25 27 29 30 32 34 0 
1 8 13 14 15 23 34 0 
6 9 18 22 24 27 28 0 
4 12 23 27 32 0 
2 12 19 31 0 
7 12 27 28 0 
2 11 15 23 27 29 31 0 
2 5 17 30 31 0 
8 10 15 17 20 26 29 31 33 0 
8 10 15 16 26 29 30 0 
3 4 5 23 25 32 34 0 
12 14 17 18 20 22 24 0 
2 11 12 16 20 22 0 
14 21 24 30 31 33 0 
4 14 16 19 22 25 34 0 
3 10 14 15 20 22 28 30 31 0 
8 11 14 22 23 24 25 26 31 0 
10 19 29 33 34 0 
3 12 17 26 29 30 0 
1 2 3 9 14 20 28 0 
6 13 19 22 26 30 0 
17 20 21 23 25 27 0 
1 16 18 27 28 34 0 
2 7 9 14 15 17 22 28 32 0 
9 18 21 22 24 28 31 0 
14 22 24 26 27 33 0 
1 6 22 32 33 0 
1 7 13 18 25 0 
9 12 20 33 34 0 
3 4 7 16 17 21 22 23 26 0 
2 17 26 29 31 0 
1 2 18 20 32 0 
3 4 13 17 19 20 22 32 0 
4 8 11 20 22 25 26 27 32 0 
13 14 23 28 29 0 
5 14 34 0 
1 2 4 13 24 25 32 0 
1 6 13 18 25 29 34 0 
6 9 14 23 29 0 
11 23 27 34 0 
11 14 16 19 23 25 31 33 34 0 
9 19 23 29 33 34 0 
-10 -14 -19 -21 -22 -28 -33 0 
-8 -12 -13 -17 -26 0 
-3 -6 -7 -11 -12 -19 0 
-5 -15 -16 -17 -21 -26 -31 -33 0 
-3 -7 -14 -18 -19 -29 -34 0 
-6 -7 -12 -30 -34 0 
-2 -7 -17 -18 -30 0 
-1 -6 -11 -28 -30 -34 0 
-6 -7 -13 -16 -26 -30 -34 0 
-6 -14 -18 -24 -25 0 
-4 -10 -11 -14 -15 -33 -34 0 
-5 -7 -9 -12 -17 -22 -30 0 
-13 -14 -20 -29 -30 -31 0 
-4 -8 -14 -29 -33 0 
-17 -21 -26 -32 0 
-7 -19 -34 0 
-5 -6 -13 -17 -19 -34 0 
-11 -14 -15 -31 -33 0 
-5 -14 -15 -33 0 
-2 -23 -26 -29 0 
-12 -15 -17 -18 -22 -23 -30 -31 0 
-1 -6 -11 -31 -34 0 
-2 -11 -18 -24 -25 -26 -32 0 
-3 -18 -24 -30 -31 -33 0 
-4 -8 -9 -16 -18 -26 -28 -29 0 
-13 -19 -31 0 
-4 -15 -16 -26 -27 -33 -34 0 
-2 -5 -8 -9 -14 -28 0 
-10 -15 -26 -29 0 
-13 -18 -19 -20 -24 -26 -29 0 
-4 -10 -12 -16 -21 -22 -23 -27 0 
-3 -4 -13 -25 -28 0 
-7 -16 -17 -22 -23 -26 -30 0 
-10 -12 -16 0 
-7 -11 -13 -18 -24 0 
-9 -10 -15 -27 -28 -33 -34 0 
-5 -13 -16 -17 -20 -21 -23 -25 -30 -34 0 
-15 -22 -24 0 
-2 -13 -16 -18 -27 0 
-2 -19 -26 -28 -30 -31 -32 0 
-4 -8 -11 -16 -21 0 
-9 -20 -24 -25 -28 -29 -32 0 
-5 -7 -16 -18 -20 -21 -24 -28 0 
-13 -23 -27 0 
-6 -13 -14 -16 -32 0 
-1 -6 -16 -18 -19 -26 -30 -31 -33 0 
-7 -14 -17 -27 -28 0 
-13 -18 -21 -22 -23 -34 0 
-8 -15 -24 -27 -32 -34 0 
-1 -7 -15 -16 -17 -20 0 
-2 -7 -24 -30 0 
-2 -11 -14 -21 -26 0 
-1 -2 -6 -13 -14 -26 0 
-4 -7 -8 -15 -18 -19 -23 0 
-11 -13 -15 -16 -20 -25 -26 -27 -30 0 
-4 -6 -8 -11 -25 -30 -32 0 
-1 -4 -5 -7 -9 -14 -27 -29 0 
-13 -20 -25 -27 -28 -32 -33 0 
-19 -24 -29 0 
-7 -11 -15 -24 -34 0 
-3 -9 -13 -19 -34 0 
-12 -29 -32 0 
-6 -10 -12 -13 -14 -21 -25 -26 -32 -34 0 
-1 -4 -6 -24 -29 -31 -33 0 
-3 -9 -10 -16 -17 -26 0 
-4 -14 -17 -20 -22 -24 0 
-1 -8 -15 -18 -21 -25 0 
-12 -13 -14 -15 -21 0 
-4 -5 -12 -14 -15 -16 -21 -31 -32 0 
-5 -6 -8 -10 -13 -15 -23 -24 -25 -26 -27 -31 0 
-4 -8 -13 -28 0 
-3 -5 -6 -9 -12 -19 -22 -28 -30 -31 0 
-6 -10 -11 -19 -33 0 
-1 -8 -16 -19 -31 -33 -34 0 
-2 -9 -14 -19 -21 -26 -33 0 
-6 -17 -19 -21 -24 -27 -28 -29 -30 0 
-23 -30 -31 -32 -33 0 
-17 -27 -29 -32 0 
-1 -5 -11 -12 -13 -19 -24 -25 -27 -31 0 
-5 -9 -20 -22 -29 -30 0 
-2 -4 -8 -12 -28 0 
-12 -16 -26 -29 -32 0 
-6 -10 -23 -27 -32 0 
-3 -5 -14 -16 -26 0 
-5 -12 -17 -22 -31 0 
-5 -6 -7 -17 -21 -29 -34 0 
-4 -7 -10 -12 -14 -28 -29 0 
-1 -2 -6 -10 -15 -22 -25 -26 0 
-3 -5 -9 -21 -23 0 
-1 -2 -8 -10 -12 -15 -27 -31 0 
-5 -8 -14 -20 -22 -24 -26 -33 0 
-10 -17 -18 -22 -34 0 
-9 -10 -15 -18 -22 -24 -25 -32 0 
-2 -5 -8 -12 -14 0 
-7 -8 -13 -15 -21 -27 -32 0 
-2 -4 -6 -11 -23 -26 -30 -31 -34 0 
-4 -5 -12 -13 -18 -22 0 
-3 -30 -31 -34 0 
-4 -7 -8 -12 -13 -22 -27 -29 -30 -32 0 
-5 -8 -13 -17 -18 -30 -32 -33 0 
-12 -18 -26 -33 0 
-2 -6 -9 -10 -13 -27 -30 0 
-1 -3 -8 -14 -20 -22 -23 -26 0 
-5 -26 -28 0 
-2 -6 -25 -31 -33 0 
-2 -4 -9 -10 -11 -18 -28 -33 0 
-3 -4 -12 -15 -30 -33 -34 0 
-7 -8 -13 -21 -26 -27 -30 -31 0 
-4 -7 -19 -20 -31 -32 -34 0 
-1 -3 -4 -10 -13 -17 -23 -26 -33 0 
-2 -8 -10 -11 -16 0 
-2 -10 -12 -17 -30 -33 0 
-5 -9 -13 -22 -24 -29 0 
-4 -8 -10 -20 -23 -27 -32 0 
-10 -14 -33 0 
-2 -9 -10 -17 -30 -31 0 
-3 -6 -12 -25 -33 0 
-5 -18 -19 -26 -27 -28 -34 0 
-4 -5 -6 -9 -14 -18 -27 -33 0 
-2 -4 -6 -13 -26 -27 -28 -31 0 
-1 -4 -19 -20 -22 -24 0 
-5 -7 -8 -10 -15 -17 -18 -20 -22 -29 -30 0 
-2 -4 -12 -15 -23 -29 -32 -34 0 
-8 -12 -19 -20 -24 -27 0 
-10 -18 -23 -25 -32 0 
-1 -2 -9 -19 -22 -25 -27 -28 -29 0 
-2 -14 -19 -25 -33 0 
-4 -6 -7 -12 -15 -16 -26 -29 -34 0 
-6 -7 -8 -15 -22 -23 -25 -26 -30 -31 0 
-2 -9 -13 -17 -29 -32 0 
-7 -11 -15 -23 -24 -28 -30 0 
-5 -12 -17 -20 -25 0 
-5 -9 -15 -17 -21 -23 -34 0 
-15 -25 0 
-1 -9 -15 -16 -19 -23 -33 -34 0 
-2 -8 -13 -15 -21 -31 -32 -33 0 
-1 -7 -9 -11 -16 -19 -32 0 
-2 -6 -15 -22 -23 -28 0 
-13 -19 -24 -32 -33 0 
-12 -17 -18 -19 -25 -29 0 
-1 -9 -15 -28 0 
-12 -28 -33 0 
-9 -12 -15 -30 -32 -34 0 
-5 -14 -20 -26 -33 0 
-1 -6 -7 -30 0 
-2 -3 -5 -7 -8 -9 -13 -20 -23 0 
-5 -6 -11 -18 -20 -25 -29 -30 0 
-3 -7 -11 -16 -27 -31 0 
-18 -19 -22 -25 -26 0 
-4 -9 -12 -21 -22 -30 0 
-11 -13 -29 -34 0 
-4 -6 -11 -16 -23 -27 0 
-1 -18 0 
-7 -9 -15 -16 -21 -24 0 
-5 -10 -30 0 
-1 -2 -6 -19 -28 -34 0 
-2 -14 -16 -22 -28 0 
-1 -4 -11 -17 -22 -33 0 
-8 -11 -15 -17 -29 -31 -33 0 
-7 -8 -20 -27 -30 -31 -32 -34 0 
-5 -11 -25 0 
-2 -7 -9 -18 -32 0 
-6 -15 -18 -20 -24 -27 0 
-5 -6 -11 -13 -33 0 
-4 -13 -18 -25 -29 -32 -34 0 
-3 -4 -10 -13 -23 -31 -33 0 
-4 -9 -16 -17 -21 -23 -28 0 
-12 -14 -31 -33 -34 0 
-6 -11 -22 -26 0 
-1 -2 -8 -19 0 
-11 -12 -13 -17 -18 -20 -23 -28 -34 0 
-13 -14 -26 -30 0 
-11 -14 -15 -18 -24 -26 -33 0 
-2 -3 -8 -15 -18 -26 -27 0 
-9 -14 -15 -16 -18 -21 -22 0 
-8 -10 -12 -17 -18 -20 -22 -34 0 
-7 -19 -24 0 
-1 -17 -19 -21 -27 -31 0 
-7 -13 -15 -17 -20 -23 -27 -32 0 
-19 -25 -28 0 
-6 -8 -11 -12 -13 -25 -29 -34 0 
-4 -15 -16 -17 -18 -26 -28 -30 0 
-4 -19 -20 -21 -22 -30 -32 0 
-11 -31 -34 0 
-4 -8 -9 -11 -12 -22 -26 0 
-8 -9 -12 -16 -22 -24 -25 -26 -29 -32 0 
-3 -8 -10 -26 -28 -29 -31 0 
-1 -12 -13 -15 -28 0 
-1 -3 -16 -19 -23 -25 -26 -31 0 
-5 -7 -19 -22 -30 0 
-4 -6 -9 -13 -16 -17 -22 -34 0 
-2 -13 -19 -22 -24 0 
-7 -8 -14 -15 -26 -28 0 
-3 -10 -27 0 
-7 -10 -15 -20 -28 -30 -34 0 
-5 -10 -14 -17 0 
-6 -15 -17 -18 -19 -22 -24 0 
-3 -4 -19 -22 -30 -31 -32 -34 0 
-5 -8 -9 -16 -17 -29 -33 0 
-2 -5 -7 -9 -12 -13 -28 -29 0 
-2 -9 -10 -14 -15 -21 -23 -24 0 
-4 -12 -15 -18 -24 -25 0 
-1 -2 -4 -8 -15 -22 -28 -29 -31 0 
-2 -8 -9 -12 -29 -30 -33 -34 0 
-1 -5 -9 -10 -13 -20 -22 -27 -29 -33 0 
-12 -14 -26 -31 -34 0 
-1 -2 -12 -23 -25 -26 0 
-18 -21 -23 -31 -34 0 
-6 -7 -12 -15 -16 -20 -32 0 
-5 -6 -14 -15 -20 -21 -24 -34 0 
-12 -22 -34 0 
-1 -7 -16 -18 -23 -26 -32 0 
-2 -5 -7 -9 -14 -17 -18 -19 -28 0 
-5 -12 -17 -18 -25 -29 0 
-9 -12 -14 -17 -22 -24 -28 -29 0 
-3 -9 -13 -15 -18 -32 -34 0 
-4 -6 -11 -16 -30 -34 0 
-20 -23 -24 -25 -26 -34 0 
-1 -4 -8 -12 -23 -25 -30 -33 0 
-13 -25 -33 0 
-8 -12 -14 -24 -25 -27 -30 -31 -33 0 
-7 -9 -14 -19 -22 -27 -29 -30 -34 0 
-5 -11 -27 0 
-5 -13 -15 -21 -23 -24 -26 -34 0 
-4 -6 -9 -11 -22 -24 -33 0 
-3 -10 -11 -17 -18 -23 -24 -25 -29 0 
-2 -4 -6 -10 -14 -22 -26 0 
-12 -14 -25 -26 -29 -32 -33 -34 0 
-9 -11 -15 -17 -18 -22 -30 0 
-5 -6 -10 -28 -29 -34 0 
-4 -5 -6 -9 -11 -15 -23 -24 -29 -33 0 
-1 -3 -7 -12 -17 -25 -30 -34 0 
-1 -3 -4 -5 -12 -29 0 
-2 -6 -7 -10 -15 -21 -23 -25 -27 -30 -31 -32 0 
-2 -3 -4 -5 -7 -21 -30 0 
-1 -12 -19 -20 -27 -28 0 
-9 -15 -16 -20 -28 -29 0 
-1 -3 -8 -10 -11 -17 -21 -22 -33 0 
-14 -20 -28 -31 0 
-3 -8 -12 -15 -20 -22 -24 -32 0 
-6 -19 -25 -27 -31 0 
-2 -3 -8 -17 -33 -34 0 
-24 -31 0 
-1 -2 -6 -12 -25 0 
-4 -10 -13 -18 -22 -26 -29 0 
-8 -12 -13 -17 -27 -28 -34 0 
-3 -5 -15 0 
-13 -14 -17 -20 -22 -23 -34 0 
-4 -11 -14 -19 -24 -32 -33 -34 0 
-3 -7 -10 -22 -23 -34 0 
-10 -17 -21 -29 0 
-2 -5 -17 0 
-3 -9 -12 -14 -20 0 
-4 -7 -10 -11 -12 -25 -26 -28 -33 0 
-6 -18 -22 -32 0 
-4 -12 -14 -19 -22 -23 0 
-4 -14 -16 -28 -32 0 
-5 -9 -16 -22 -27 0 
-6 -11 -17 -24 -30 -31 0 
-11 -12 -18 -31 -33 0 
-3 -7 -11 -15 -19 -22 -23 -32 0 
-3 -9 -15 -22 -25 -26 -32 0 
-12 -18 -23 -27 -34 0 
-4 -9 -30 0 
-11 -14 -18 -25 -28 0 
-4 -6 -13 -16 -21 -27 -32 0 
-1 -9 -14 -17 -24 -25 0 
-1 -7 -8 -14 -16 -21 -24 -25 -27 -31 -32 0 
-6 -19 -25 -26 -32 0 
-5 -6 -11 -12 -14 -29 -31 0 
-5 -7 -14 -17 -18 0 
-9 -19 -28 0 
-1 -7 -9 -16 -19 -22 -23 0 
-1 -9 -16 -22 -25 -27 -28 0 
-9 -12 -14 -18 -19 -24 -25 -27 -33 0 
-4 -5 -9 -10 -19 -23 -25 -26 -31 0 
-2 -4 -5 -9 -16 -21 -25 -26 -27 -34 0 
-3 -5 -7 -16 -24 -26 -29 -30 0 
-5 -13 -17 -28 0 
-8 -9 -13 -14 -15 -20 -28 -29 -30 0 
-3 -8 -12 -19 -20 -23 -28 -31 0 
-2 -9 -18 -27 0 
-2 -14 -19 -24 -27 -33 0 
-15 -22 -24 -27 -28 -31 -34 0 
-3 -4 -5 -6 -10 -25 -30 -32 0 
-3 -5 -7 -16 -22 -24 -28 0 
-3 -14 -18 -21 -22 -32 -34 0 
-1 -5 -7 -11 -14 -15 -18 -24 -29 -34 0 
-6 -16 -19 -26 -27 0 
-4 -6 -7 -9 -17 -19 -22 -29 -33 0 
-8 -13 -20 -26 -30 0 
-3 -6 -11 -15 -16 -21 -22 -26 -30 -31 -32 0 
-6 -12 -17 -18 -24 -26 -30 0 
-3 -17 -19 -23 -28 -34 0 
-2 -3 -4 -12 -20 -22 -25 0 
-4 -19 -31 0 
-2 -4 -5 -6 -8 -13 -14 -22 -27 -29 0 
-6 -10 -14 -20 -32 0 
-7 -19 -27 -28 -31 0 
-1 -3 -4 -8 -11 -13 -15 -23 -33 0 
-1 -9 -13 -14 -27 -28 0 
-3 -10 -12 -15 -21 -23 0 
-19 -20 -21 -22 -29 0 
-3 -11 -12 0 
-3 -8 -16 -26 0 
-4 -10 -14 -22 0 
-5 -6 -7 -14 -18 0 
-3 -6 -9 -11 -19 -22 -32 0 
-1 -3 -4 -13 -17 -23 0 
-7 -10 -12 -15 -17 -18 -32 0 
-1 -6 -13 -14 -22 -23 -26 0 
-4 -7 -9 -17 -29 -30 -33 0 
-2 -6 -8 -10 -13 -25 -28 -34 0 
-4 -8 -13 -16 -21 -22 -24 -25 -27 -34 0 
-2 -6 -10 -14 -24 0 
-10 -13 -15 -16 -20 -24 -26 -29 -30 -33 0 
-5 -16 -27 -30 -34 0 
-7 -10 -23 -31 0 
-4 -9 -15 -18 -21 -26 -28 0 
-7 -12 -18 -24 -28 0 
-1 -2 -25 -27 -28 -29 -33 0 
-11 -19 -23 -33 0 
-3 -7 -14 -23 -30 -32 -33 0 
-3 -7 -8 -14 -17 -20 -31 0 
-14 -16 -22 -28 -31 -32 0 
-3 -6 -17 -19 -23 -32 0 
-1 -7 -33 0 
-2 -7 -8 -17 -21 -25 0 
-9 -12 -14 -20 -27 0 
-7 -15 -18 -22 -28 -30 0 
-8 -20 -21 -32 -34 0 
-8 -16 -22 -30 0 
-2 -9 -20 -22 -30 0 
-7 -10 -17 -18 -20 -23 -27 -34 0 
-4 -12 -14 -15 -22 -23 -27 -29 -30 0 
-7 -15 -24 -25 -31 0 
-2 -7 -14 -24 -25 -30 0 
-5 -10 -22 -25 -30 0 
-3 -11 -16 -17 -29 -32 -33 0 
-7 -13 -19 -22 -23 -30 0 
-3 -9 -10 -13 -19 -23 -28 0 
-2 -3 0 
-16 -24 -33 0 
-6 -9 -13 -14 -17 -18 -23 -24 0 
-9 -17 -18 -19 -21 -23 -34 0 
-4 -8 -13 -24 0 
-3 -4 -11 -17 -19 -20 -26 -27 -29 -32 0 
-2 -4 -8 -11 -21 -23 -25 -30 -33 0 
-6 -15 -21 -24 -33 0 
-5 -6 -14 -21 -22 -23 -31 0 
-3 -4 -8 -31 0 
-1 -4 -24 -29 -31 -32 -34 0 
-6 -9 -10 -14 -21 -26 0 
-3 -5 -23 0 
-5 -9 -13 -17 -26 -31 0 
-2 -9 -15 -18 -19 -20 -22 -27 -30 -31 0 
-3 -5 -12 -27 -29 -30 -31 -33 0 
-9 -12 -20 -24 -25 -26 -29 -30 -32 -33 0 
-1 -7 -9 -12 -25 -27 -29 -30 -32 -34 0 
-1 -8 -13 -14 -15 -23 -34 0 
-6 -9 -18 -22 -24 -27 -28 0 
-4 -12 -23 -27 -32 0 
-2 -12 -19 -31 0 
-7 -12 -27 -28 0 
-2 -11 -15 -23 -27 -29 -31 0 
-2 -5 -17 -30 -31 0 
-8 -10 -15 -17 -20 -26 -29 -31 -33 0 
-8 -10 -15 -16 -26 -29 -30 0 
-3 -4 -5 -23 -25 -32 -34 0 
-12 -14 -17 -18 -20 -22 -24 0 
-2 -11 -12 -16 -20 -22 0 
-14 -21 -24 -30 -31 -33 0 
-4 -14 -16 -19 -22 -25 -34 0 
-3 -10 -14 -15 -20 -22 -28 -30 -31 0 
-8 -11 -14 -22 -23 -24 -25 -26 -31 0 
-10 -19 -29 -33 -34 0 
-3 -12 -17 -26 -29 -30 0 
-1 -2 -3 -9 -14 -20 -28 0 
-6 -13 -19 -22 -26 -30 0 
-17 -20 -21 -23 -25 -27 0 
-1 -16 -18 -27 -28 -34 0 
-2 -7 -9 -14 -15 -17 -22 -28 -32 0 
-9 -18 -21 -22 -24 -28 -31 0 
-14 -22 -24 -26 -27 -33 0 
-1 -6 -22 -32 -33 0 
-1 -7 -13 -18 -25 0 
-9 -12 -20 -33 -34 0 
-3 -4 -7 -16 -17 -21 -22 -23 -26 0 
-2 -17 -26 -29 -31 0 
-1 -2 -18 -20 -32 0 
-3 -4 -13 -17 -19 -20 -22 -32 0 
-4 -8 -11 -20 -22 -25 -26 -27 -32 0 
-13 -14 -23 -28 -29 0 
-5 -14 -34 0 
-1 -2 -4 -13 -24 -25 -32 0 
-1 -6 -13 -18 -25 -29 -34 0 
-6 -9 -14 -23 -29 0 
-11 -23 -27 -34 0 
-11 -14 -16 -19 -23 -25 -31 -33 -34 0 
-9 -19 -23 -29 -33 -34 0 
