p cnf 34 800
4 5 8 16 19 32 0 
1 3 4 6 18 21 26 29 0 
3 5 13 25 26 27 29 0 
4 7 10 16 0 
3 9 10 16 17 28 0 
4 12 13 14 17 22 26 27 30 0 
16 19 23 24 28 0 
4 12 20 21 28 0 
8 9 14 16 18 29 34 0 
8 10 14 19 23 0 
8 11 13 31 0 
5 10 11 15 21 25 0 
8 9 10 21 24 27 0 
6 13 19 26 31 0 
6 9 30 33 34 0 
1 9 15 16 18 20 29 32 0 
2 6 11 14 17 19 26 28 34 0 
7 12 15 23 24 26 28 0 
3 5 7 12 15 21 32 0 
3 5 6 15 17 23 30 0 
2 7 9 20 23 25 30 0 
1 2 15 19 24 28 29 0 
2 17 20 0 
2 5 13 18 20 21 23 0 
1 4 5 20 21 22 32 0 
3 4 6 18 27 28 32 0 
1 6 14 32 0 
14 18 31 0 
1 2 3 17 19 23 31 34 0 
6 14 18 19 29 0 
2 3 17 18 22 27 28 0 
2 3 8 15 16 17 18 23 24 25 27 0 
1 3 12 13 16 18 19 22 26 27 0 
1 5 8 15 27 29 32 0 
20 28 29 30 32 0 
3 5 8 12 16 18 22 24 25 32 0 
4 28 29 31 34 0 
2 4 6 9 12 0 
7 18 22 30 0 
2 5 18 22 27 31 0 
2 5 7 10 15 18 21 34 0 
2 4 6 10 14 16 0 
9 10 18 23 24 27 0 
4 6 8 11 23 27 33 0 
4 9 10 16 17 20 21 32 0 
2 9 14 16 20 23 26 29 0 
2 10 13 16 17 24 33 0 
1 4 10 13 19 24 25 31 32 0 
5 21 22 31 33 34 0 
22 25 26 32 0 
8 9 12 14 16 28 29 0 
10 19 27 30 31 33 0 
4 18 20 29 0 
1 5 10 12 14 15 16 20 32 0 
9 12 20 25 34 0 
9 13 14 21 28 0 
1 2 22 26 31 0 
4 14 19 22 23 0 
14 21 0 
10 15 21 22 28 31 0 
7 8 17 21 22 23 24 31 33 34 0 
13 15 20 32 33 0 
4 5 12 18 23 24 32 33 0 
4 6 12 22 25 26 30 31 32 33 0 
11 21 23 24 30 0 
4 10 14 22 25 30 0 
3 6 10 21 22 34 0 
2 7 8 9 12 25 31 33 0 
13 20 29 0 
6 8 11 12 26 31 0 
9 12 15 16 22 24 0 
2 3 6 9 29 32 0 
2 9 12 20 25 26 32 0 
4 9 10 21 27 28 30 0 
2 6 7 8 12 15 30 33 0 
1 3 11 15 18 19 26 0 
1 21 24 31 0 
2 4 10 15 22 24 29 0 
13 31 33 0 
13 15 26 31 0 
7 18 24 27 30 0 
1 3 6 17 20 28 0 
4 7 10 15 19 27 31 33 0 
2 5 7 15 19 21 32 0 
8 11 13 20 27 0 
11 16 18 27 30 0 
18 20 28 29 32 34 0 
6 14 15 27 0 
3 13 23 29 32 0 
3 5 9 11 21 27 0 
1 13 20 34 0 
6 13 17 29 31 0 
4 6 12 15 17 27 32 0 
7 12 18 19 20 25 26 31 32 0 
1 9 31 34 0 
1 4 7 11 13 15 21 26 0 
23 26 31 0 
3 4 5 10 16 20 21 27 0 
2 4 6 10 20 30 32 0 
18 22 23 0 
2 9 25 34 0 
4 7 9 10 12 13 14 16 33 0 
3 4 6 16 17 18 20 23 28 0 
2 5 17 34 0 
5 6 9 10 13 14 21 28 0 
3 7 21 25 27 31 34 0 
5 18 19 21 25 26 33 0 
3 11 15 23 24 25 29 31 0 
8 11 15 17 19 20 29 33 0 
1 5 7 16 19 26 33 0 
2 7 8 11 14 15 20 21 24 25 28 33 0 
5 7 9 18 28 29 0 
5 10 17 27 0 
12 14 20 22 27 30 31 0 
12 15 22 26 29 0 
6 12 15 19 23 0 
13 14 16 17 23 0 
5 8 11 21 0 
6 8 12 16 17 21 26 0 
2 16 29 0 
8 9 13 15 20 21 0 
5 6 16 23 29 0 
1 7 12 20 34 0 
6 9 15 19 21 0 
7 10 17 19 28 29 30 33 0 
6 9 16 17 25 0 
12 14 16 18 24 25 33 0 
10 14 20 24 28 31 33 0 
10 13 25 28 0 
3 10 13 15 17 18 22 26 0 
2 9 18 21 22 27 0 
5 15 20 25 28 30 32 34 0 
7 22 28 31 33 0 
3 11 18 20 22 25 0 
15 22 23 26 33 34 0 
2 9 10 11 13 27 0 
7 11 18 29 30 0 
3 10 15 20 24 34 0 
4 5 8 15 25 27 34 0 
8 11 18 22 27 28 0 
3 6 7 9 11 15 16 18 23 0 
2 7 8 12 20 26 28 29 0 
2 3 13 21 26 29 30 0 
2 8 21 27 33 0 
3 9 13 18 19 0 
13 15 17 20 21 32 0 
1 3 10 14 17 19 21 22 28 30 31 33 0 
5 10 14 18 23 25 28 30 32 33 0 
2 3 6 9 14 19 23 30 33 0 
4 5 8 12 14 19 22 26 27 28 32 0 
2 23 26 32 0 
5 6 8 9 15 22 23 32 0 
1 16 18 19 21 28 0 
2 3 9 10 15 19 20 22 28 0 
3 7 11 23 30 34 0 
3 6 9 15 20 31 33 0 
1 3 17 19 22 28 30 0 
4 8 21 30 0 
2 3 6 10 17 18 21 30 0 
2 5 7 16 18 32 0 
11 22 26 28 30 33 0 
8 9 15 19 20 27 32 0 
1 3 4 5 9 10 14 15 23 27 0 
2 13 14 18 19 25 30 0 
1 12 14 17 23 27 33 0 
4 5 6 23 26 0 
1 3 14 19 21 22 30 31 0 
3 6 12 24 29 31 0 
12 18 23 33 0 
12 14 31 33 0 
6 19 21 25 28 30 0 
1 6 10 12 15 0 
6 7 21 23 26 34 0 
10 14 28 31 0 
2 8 14 23 26 0 
5 9 15 16 27 33 0 
3 4 10 13 19 21 23 28 32 0 
3 4 6 8 18 28 32 0 
15 22 23 27 28 30 34 0 
8 12 19 20 23 27 0 
2 6 10 15 18 23 30 0 
1 4 7 10 21 23 28 0 
3 4 7 21 22 30 31 32 0 
3 5 34 0 
13 24 29 0 
2 5 15 26 34 0 
5 7 9 13 14 16 18 23 0 
2 5 10 12 28 32 0 
2 3 5 10 16 19 21 0 
2 4 6 13 19 29 33 0 
6 8 10 16 19 0 
4 7 20 24 27 30 32 0 
1 13 18 20 22 23 27 32 0 
9 33 0 
8 11 14 19 22 23 29 0 
1 4 5 8 11 12 15 18 27 0 
6 15 19 27 29 0 
22 24 28 29 31 0 
7 11 18 22 25 31 0 
2 4 6 14 34 0 
3 5 8 10 13 21 0 
6 7 9 17 19 29 31 34 0 
7 12 17 20 25 0 
5 8 9 12 14 0 
6 9 12 13 16 23 28 34 0 
5 11 21 0 
2 6 9 11 12 14 19 25 26 27 30 33 0 
4 12 20 26 27 28 0 
1 4 12 17 25 34 0 
3 4 12 14 26 0 
3 4 6 21 29 0 
4 10 13 21 25 27 28 31 0 
3 4 12 16 24 0 
1 4 8 9 14 18 28 0 
3 7 28 31 0 
8 14 27 34 0 
4 10 14 26 29 0 
12 13 25 30 0 
4 7 9 14 18 19 20 22 24 0 
1 2 7 10 15 18 22 24 31 33 0 
12 15 21 23 0 
2 6 13 15 18 28 29 0 
5 11 26 0 
1 2 3 4 16 17 31 32 0 
4 24 27 0 
5 8 21 26 0 
9 10 16 27 0 
1 5 8 25 29 0 
5 17 22 23 33 0 
5 6 12 13 17 24 31 33 0 
12 16 18 19 26 0 
6 21 22 29 31 32 0 
4 5 10 15 17 29 30 0 
4 6 12 17 20 24 27 34 0 
4 12 17 23 25 33 0 
2 13 28 32 33 0 
13 19 20 23 24 31 34 0 
4 8 15 0 
7 8 12 14 22 25 26 27 30 0 
1 3 4 6 7 10 17 21 23 31 0 
4 5 23 32 0 
10 19 21 22 23 25 28 29 31 33 0 
8 13 14 20 21 28 30 32 0 
5 11 13 15 16 21 28 30 34 0 
1 3 6 16 19 26 32 33 0 
1 10 13 15 18 21 0 
10 27 29 33 34 0 
5 10 12 17 20 28 0 
4 7 25 33 34 0 
14 16 25 32 0 
2 7 13 21 29 30 0 
4 10 17 19 21 23 24 31 0 
3 13 18 20 24 29 30 0 
4 6 11 15 19 23 26 30 0 
9 16 24 25 28 0 
5 21 0 
4 11 18 20 22 24 29 32 34 0 
3 10 13 14 18 25 26 27 28 33 0 
10 11 14 16 25 31 32 0 
4 17 24 25 28 30 32 0 
1 3 15 16 23 25 28 0 
5 26 29 31 32 0 
15 30 33 0 
1 7 19 21 22 32 0 
5 7 9 10 12 19 23 32 33 34 0 
9 14 15 21 29 0 
1 7 12 26 30 31 0 
8 12 13 23 24 32 0 
5 8 23 25 26 27 0 
5 7 8 26 27 28 33 0 
2 30 32 0 
1 3 5 10 14 19 26 29 30 0 
4 5 9 14 15 23 27 28 29 0 
2 4 7 13 16 31 32 0 
4 5 8 10 12 16 20 25 30 31 0 
12 20 21 29 0 
6 19 22 30 0 
1 4 0 
6 10 16 17 22 24 26 28 30 0 
2 5 11 14 23 24 27 31 0 
12 14 16 30 0 
6 21 24 34 0 
9 26 27 31 0 
9 11 15 22 31 0 
1 2 4 12 13 19 0 
4 8 11 14 20 21 0 
5 16 19 20 28 0 
4 11 22 34 0 
1 10 12 13 25 29 34 0 
5 6 12 14 15 25 0 
3 12 13 15 17 20 21 22 0 
4 7 8 17 32 0 
10 15 19 21 31 34 0 
3 8 9 11 13 14 26 0 
4 17 19 27 29 0 
14 19 23 25 26 27 28 32 0 
15 25 26 28 0 
10 20 25 26 28 29 30 0 
2 6 7 10 12 21 28 0 
6 17 26 30 32 0 
4 10 15 16 20 26 31 0 
3 4 8 11 17 24 31 0 
1 4 8 12 18 21 23 24 29 34 0 
7 11 22 23 28 0 
1 2 16 0 
5 11 15 19 23 24 26 27 30 0 
3 10 12 29 0 
5 6 8 25 26 0 
5 6 16 20 23 26 28 33 34 0 
5 7 13 20 0 
4 9 11 13 14 19 30 31 0 
4 9 13 14 21 23 34 0 
2 12 26 27 29 30 32 0 
1 3 8 10 11 16 32 0 
1 3 5 8 16 23 0 
3 8 16 27 30 32 33 0 
7 15 24 27 28 0 
10 14 23 24 32 33 0 
1 12 17 22 23 28 34 0 
2 3 4 10 11 14 19 22 24 27 31 32 0 
3 4 5 13 21 22 28 0 
5 24 27 29 0 
3 8 21 29 32 33 0 
2 10 15 25 32 33 0 
2 8 17 27 0 
2 5 12 15 16 17 20 33 0 
5 17 28 0 
2 3 7 8 11 17 20 23 29 30 0 
6 12 14 16 27 29 30 33 0 
3 11 18 19 21 24 31 34 0 
2 4 26 27 29 0 
2 3 6 15 20 24 31 33 0 
3 6 10 13 16 18 27 30 32 33 0 
6 7 8 15 29 0 
1 12 15 23 26 0 
1 6 14 16 31 0 
2 3 7 12 14 15 16 22 27 34 0 
10 21 29 30 31 32 0 
2 4 9 15 17 25 29 31 0 
13 15 16 18 19 29 32 0 
3 4 9 14 18 19 28 0 
10 20 22 25 0 
2 3 9 14 18 33 34 0 
4 5 17 19 21 22 24 0 
5 8 10 11 21 22 24 27 0 
3 9 11 14 15 0 
3 17 21 22 25 26 0 
7 17 26 32 0 
3 7 15 23 28 32 33 0 
2 17 22 27 0 
7 15 21 25 26 30 34 0 
2 4 5 11 13 15 16 27 31 34 0 
2 3 10 15 20 22 31 0 
11 26 27 33 0 
3 4 9 14 24 25 26 31 0 
6 11 16 17 22 27 28 34 0 
1 3 4 10 15 18 29 34 0 
2 3 4 13 16 19 24 31 33 0 
1 2 11 12 22 25 27 29 32 0 
4 6 13 14 15 17 24 25 0 
9 13 14 19 24 31 32 33 34 0 
1 4 8 23 25 29 0 
1 18 22 24 27 34 0 
3 4 6 15 20 23 24 26 0 
13 18 19 29 32 0 
16 19 23 28 0 
2 7 15 20 24 27 33 0 
2 10 12 16 19 21 28 31 0 
7 8 9 15 17 24 25 28 30 34 0 
10 18 20 21 28 0 
4 7 11 15 19 20 26 27 30 32 0 
6 13 16 32 33 34 0 
4 12 20 27 30 0 
7 8 32 0 
2 5 11 12 13 15 18 27 28 33 0 
8 13 16 19 22 0 
14 15 20 21 24 26 28 31 0 
11 13 14 19 20 23 34 0 
5 7 16 23 32 0 
7 14 15 16 18 19 23 26 32 0 
11 17 29 31 0 
13 16 24 29 0 
8 9 12 14 17 25 26 30 34 0 
3 4 7 12 31 0 
14 18 31 0 
11 16 18 23 33 34 0 
1 2 7 17 20 22 0 
14 21 26 29 33 0 
8 9 16 26 27 33 0 
7 10 17 32 0 
9 12 13 22 23 30 0 
4 5 6 15 24 25 26 28 33 0 
7 9 22 32 0 
1 17 19 20 25 27 28 0 
12 13 15 16 0 
2 5 6 14 16 17 22 25 31 32 33 0 
7 22 32 0 
7 9 14 25 26 0 
13 14 17 21 0 
1 12 18 22 27 31 0 
-4 -5 -8 -16 -19 -32 0 
-1 -3 -4 -6 -18 -21 -26 -29 0 
-3 -5 -13 -25 -26 -27 -29 0 
-4 -7 -10 -16 0 
-3 -9 -10 -16 -17 -28 0 
-4 -12 -13 -14 -17 -22 -26 -27 -30 0 
-16 -19 -23 -24 -28 0 
-4 -12 -20 -21 -28 0 
-8 -9 -14 -16 -18 -29 -34 0 
-8 -10 -14 -19 -23 0 
-8 -11 -13 -31 0 
-5 -10 -11 -15 -21 -25 0 
-8 -9 -10 -21 -24 -27 0 
-6 -13 -19 -26 -31 0 
-6 -9 -30 -33 -34 0 
-1 -9 -15 -16 -18 -20 -29 -32 0 
-2 -6 -11 -14 -17 -19 -26 -28 -34 0 
-7 -12 -15 -23 -24 -26 -28 0 
-3 -5 -7 -12 -15 -21 -32 0 
-3 -5 -6 -15 -17 -23 -30 0 
-2 -7 -9 -20 -23 -25 -30 0 
-1 -2 -15 -19 -24 -28 -29 0 
-2 -17 -20 0 
-2 -5 -13 -18 -20 -21 -23 0 
-1 -4 -5 -20 -21 -22 -32 0 
-3 -4 -6 -18 -27 -28 -32 0 
-1 -6 -14 -32 0 
-14 -18 -31 0 
-1 -2 -3 -17 -19 -23 -31 -34 0 
-6 -14 -18 -19 -29 0 
-2 -3 -17 -18 -22 -27 -28 0 
-2 -3 -8 -15 -16 -17 -18 -23 -24 -25 -27 0 
-1 -3 -12 -13 -16 -18 -19 -22 -26 -27 0 
-1 -5 -8 -15 -27 -29 -32 0 
-20 -28 -29 -30 -32 0 
-3 -5 -8 -12 -16 -18 -22 -24 -25 -32 0 
-4 -28 -29 -31 -34 0 
-2 -4 -6 -9 -12 0 
-7 -18 -22 -30 0 
-2 -5 -18 -22 -27 -31 0 
-2 -5 -7 -10 -15 -18 -21 -34 0 
-2 -4 -6 -10 -14 -16 0 
-9 -10 -18 -23 -24 -27 0 
-4 -6 -8 -11 -23 -27 -33 0 
-4 -9 -10 -16 -17 -20 -21 -32 0 
-2 -9 -14 -16 -20 -23 -26 -29 0 
-2 -10 -13 -16 -17 -24 -33 0 
-1 -4 -10 -13 -19 -24 -25 -31 -32 0 
-5 -21 -22 -31 -33 -34 0 
-22 -25 -26 -32 0 
-8 -9 -12 -14 -16 -28 -29 0 
-10 -19 -27 -30 -31 -33 0 
-4 -18 -20 -29 0 
-1 -5 -10 -12 -14 -15 -16 -20 -32 0 
-9 -12 -20 -25 -34 0 
-9 -13 -14 -21 -28 0 
-1 -2 -22 -26 -31 0 
-4 -14 -19 -22 -23 0 
-14 -21 0 
-10 -15 -21 -22 -28 -31 0 
-7 -8 -17 -21 -22 -23 -24 -31 -33 -34 0 
-13 -15 -20 -32 -33 0 
-4 -5 -12 -18 -23 -24 -32 -33 0 
-4 -6 -12 -22 -25 -26 -30 -31 -32 -33 0 
-11 -21 -23 -24 -30 0 
-4 -10 -14 -22 -25 -30 0 
-3 -6 -10 -21 -22 -34 0 
-2 -7 -8 -9 -12 -25 -31 -33 0 
-13 -20 -29 0 
-6 -8 -11 -12 -26 -31 0 
-9 -12 -15 -16 -22 -24 0 
-2 -3 -6 -9 -29 -32 0 
-2 -9 -12 -20 -25 -26 -32 0 
-4 -9 -10 -21 -27 -28 -30 0 
-2 -6 -7 -8 -12 -15 -30 -33 0 
-1 -3 -11 -15 -18 -19 -26 0 
-1 -21 -24 -31 0 
-2 -4 -10 -15 -22 -24 -29 0 
-13 -31 -33 0 
-13 -15 -26 -31 0 
-7 -18 -24 -27 -30 0 
-1 -3 -6 -17 -20 -28 0 
-4 -7 -10 -15 -19 -27 -31 -33 0 
-2 -5 -7 -15 -19 -21 -32 0 
-8 -11 -13 -20 -27 0 
-11 -16 -18 -27 -30 0 
-18 -20 -28 -29 -32 -34 0 
-6 -14 -15 -27 0 
-3 -13 -23 -29 -32 0 
-3 -5 -9 -11 -21 -27 0 
-1 -13 -20 -34 0 
-6 -13 -17 -29 -31 0 
-4 -6 -12 -15 -17 -27 -32 0 
-7 -12 -18 -19 -20 -25 -26 -31 -32 0 
-1 -9 -31 -34 0 
-1 -4 -7 -11 -13 -15 -21 -26 0 
-23 -26 -31 0 
-3 -4 -5 -10 -16 -20 -21 -27 0 
-2 -4 -6 -10 -20 -30 -32 0 
-18 -22 -23 0 
-2 -9 -25 -34 0 
-4 -7 -9 -10 -12 -13 -14 -16 -33 0 
-3 -4 -6 -16 -17 -18 -20 -23 -28 0 
-2 -5 -17 -34 0 
-5 -6 -9 -10 -13 -14 -21 -28 0 
-3 -7 -21 -25 -27 -31 -34 0 
-5 -18 -19 -21 -25 -26 -33 0 
-3 -11 -15 -23 -24 -25 -29 -31 0 
-8 -11 -15 -17 -19 -20 -29 -33 0 
-1 -5 -7 -16 -19 -26 -33 0 
-2 -7 -8 -11 -14 -15 -20 -21 -24 -25 -28 -33 0 
-5 -7 -9 -18 -28 -29 0 
-5 -10 -17 -27 0 
-12 -14 -20 -22 -27 -30 -31 0 
-12 -15 -22 -26 -29 0 
-6 -12 -15 -19 -23 0 
-13 -14 -16 -17 -23 0 
-5 -8 -11 -21 0 
-6 -8 -12 -16 -17 -21 -26 0 
-2 -16 -29 0 
-8 -9 -13 -15 -20 -21 0 
-5 -6 -16 -23 -29 0 
-1 -7 -12 -20 -34 0 
-6 -9 -15 -19 -21 0 
-7 -10 -17 -19 -28 -29 -30 -33 0 
-6 -9 -16 -17 -25 0 
-12 -14 -16 -18 -24 -25 -33 0 
-10 -14 -20 -24 -28 -31 -33 0 
-10 -13 -25 -28 0 
-3 -10 -13 -15 -17 -18 -22 -26 0 
-2 -9 -18 -21 -22 -27 0 
-5 -15 -20 -25 -28 -30 -32 -34 0 
-7 -22 -28 -31 -33 0 
-3 -11 -18 -20 -22 -25 0 
-15 -22 -23 -26 -33 -34 0 
-2 -9 -10 -11 -13 -27 0 
-7 -11 -18 -29 -30 0 
-3 -10 -15 -20 -24 -34 0 
-4 -5 -8 -15 -25 -27 -34 0 
-8 -11 -18 -22 -27 -28 0 
-3 -6 -7 -9 -11 -15 -16 -18 -23 0 
-2 -7 -8 -12 -20 -26 -28 -29 0 
-2 -3 -13 -21 -26 -29 -30 0 
-2 -8 -21 -27 -33 0 
-3 -9 -13 -18 -19 0 
-13 -15 -17 -20 -21 -32 0 
-1 -3 -10 -14 -17 -19 -21 -22 -28 -30 -31 -33 0 
-5 -10 -14 -18 -23 -25 -28 -30 -32 -33 0 
-2 -3 -6 -9 -14 -19 -23 -30 -33 0 
-4 -5 -8 -12 -14 -19 -22 -26 -27 -28 -32 0 
-2 -23 -26 -32 0 
-5 -6 -8 -9 -15 -22 -23 -32 0 
-1 -16 -18 -19 -21 -28 0 
-2 -3 -9 -10 -15 -19 -20 -22 -28 0 
-3 -7 -11 -23 -30 -34 0 
-3 -6 -9 -15 -20 -31 -33 0 
-1 -3 -17 -19 -22 -28 -30 0 
-4 -8 -21 -30 0 
-2 -3 -6 -10 -17 -18 -21 -30 0 
-2 -5 -7 -16 -18 -32 0 
-11 -22 -26 -28 -30 -33 0 
-8 -9 -15 -19 -20 -27 -32 0 
-1 -3 -4 -5 -9 -10 -14 -15 -23 -27 0 
-2 -13 -14 -18 -19 -25 -30 0 
-1 -12 -14 -17 -23 -27 -33 0 
-4 -5 -6 -23 -26 0 
-1 -3 -14 -19 -21 -22 -30 -31 0 
-3 -6 -12 -24 -29 -31 0 
-12 -18 -23 -33 0 
-12 -14 -31 -33 0 
-6 -19 -21 -25 -28 -30 0 
-1 -6 -10 -12 -15 0 
-6 -7 -21 -23 -26 -34 0 
-10 -14 -28 -31 0 
-2 -8 -14 -23 -26 0 
-5 -9 -15 -16 -27 -33 0 
-3 -4 -10 -13 -19 -21 -23 -28 -32 0 
-3 -4 -6 -8 -18 -28 -32 0 
-15 -22 -23 -27 -28 -30 -34 0 
-8 -12 -19 -20 -23 -27 0 
-2 -6 -10 -15 -18 -23 -30 0 
-1 -4 -7 -10 -21 -23 -28 0 
-3 -4 -7 -21 -22 -30 -31 -32 0 
-3 -5 -34 0 
-13 -24 -29 0 
-2 -5 -15 -26 -34 0 
-5 -7 -9 -13 -14 -16 -18 -23 0 
-2 -5 -10 -12 -28 -32 0 
-2 -3 -5 -10 -16 -19 -21 0 
-2 -4 -6 -13 -19 -29 -33 0 
-6 -8 -10 -16 -19 0 
-4 -7 -20 -24 -27 -30 -32 0 
-1 -13 -18 -20 -22 -23 -27 -32 0 
-9 -33 0 
-8 -11 -14 -19 -22 -23 -29 0 
-1 -4 -5 -8 -11 -12 -15 -18 -27 0 
-6 -15 -19 -27 -29 0 
-22 -24 -28 -29 -31 0 
-7 -11 -18 -22 -25 -31 0 
-2 -4 -6 -14 -34 0 
-3 -5 -8 -10 -13 -21 0 
-6 -7 -9 -17 -19 -29 -31 -34 0 
-7 -12 -17 -20 -25 0 
-5 -8 -9 -12 -14 0 
-6 -9 -12 -13 -16 -23 -28 -34 0 
-5 -11 -21 0 
-2 -6 -9 -11 -12 -14 -19 -25 -26 -27 -30 -33 0 
-4 -12 -20 -26 -27 -28 0 
-1 -4 -12 -17 -25 -34 0 
-3 -4 -12 -14 -26 0 
-3 -4 -6 -21 -29 0 
-4 -10 -13 -21 -25 -27 -28 -31 0 
-3 -4 -12 -16 -24 0 
-1 -4 -8 -9 -14 -18 -28 0 
-3 -7 -28 -31 0 
-8 -14 -27 -34 0 
-4 -10 -14 -26 -29 0 
-12 -13 -25 -30 0 
-4 -7 -9 -14 -18 -19 -20 -22 -24 0 
-1 -2 -7 -10 -15 -18 -22 -24 -31 -33 0 
-12 -15 -21 -23 0 
-2 -6 -13 -15 -18 -28 -29 0 
-5 -11 -26 0 
-1 -2 -3 -4 -16 -17 -31 -32 0 
-4 -24 -27 0 
-5 -8 -21 -26 0 
-9 -10 -16 -27 0 
-1 -5 -8 -25 -29 0 
-5 -17 -22 -23 -33 0 
-5 -6 -12 -13 -17 -24 -31 -33 0 
-12 -16 -18 -19 -26 0 
-6 -21 -22 -29 -31 -32 0 
-4 -5 -10 -15 -17 -29 -30 0 
-4 -6 -12 -17 -20 -24 -27 -34 0 
-4 -12 -17 -23 -25 -33 0 
-2 -13 -28 -32 -33 0 
-13 -19 -20 -23 -24 -31 -34 0 
-4 -8 -15 0 
-7 -8 -12 -14 -22 -25 -26 -27 -30 0 
-1 -3 -4 -6 -7 -10 -17 -21 -23 -31 0 
-4 -5 -23 -32 0 
-10 -19 -21 -22 -23 -25 -28 -29 -31 -33 0 
-8 -13 -14 -20 -21 -28 -30 -32 0 
-5 -11 -13 -15 -16 -21 -28 -30 -34 0 
-1 -3 -6 -16 -19 -26 -32 -33 0 
-1 -10 -13 -15 -18 -21 0 
-10 -27 -29 -33 -34 0 
-5 -10 -12 -17 -20 -28 0 
-4 -7 -25 -33 -34 0 
-14 -16 -25 -32 0 
-2 -7 -13 -21 -29 -30 0 
-4 -10 -17 -19 -21 -23 -24 -31 0 
-3 -13 -18 -20 -24 -29 -30 0 
-4 -6 -11 -15 -19 -23 -26 -30 0 
-9 -16 -24 -25 -28 0 
-5 -21 0 
-4 -11 -18 -20 -22 -24 -29 -32 -34 0 
-3 -10 -13 -14 -18 -25 -26 -27 -28 -33 0 
-10 -11 -14 -16 -25 -31 -32 0 
-4 -17 -24 -25 -28 -30 -32 0 
-1 -3 -15 -16 -23 -25 -28 0 
-5 -26 -29 -31 -32 0 
-15 -30 -33 0 
-1 -7 -19 -21 -22 -32 0 
-5 -7 -9 -10 -12 -19 -23 -32 -33 -34 0 
-9 -14 -15 -21 -29 0 
-1 -7 -12 -26 -30 -31 0 
-8 -12 -13 -23 -24 -32 0 
-5 -8 -23 -25 -26 -27 0 
-5 -7 -8 -26 -27 -28 -33 0 
-2 -30 -32 0 
-1 -3 -5 -10 -14 -19 -26 -29 -30 0 
-4 -5 -9 -14 -15 -23 -27 -28 -29 0 
-2 -4 -7 -13 -16 -31 -32 0 
-4 -5 -8 -10 -12 -16 -20 -25 -30 -31 0 
-12 -20 -21 -29 0 
-6 -19 -22 -30 0 
-1 -4 0 
-6 -10 -16 -17 -22 -24 -26 -28 -30 0 
-2 -5 -11 -14 -23 -24 -27 -31 0 
-12 -14 -16 -30 0 
-6 -21 -24 -34 0 
-9 -26 -27 -31 0 
-9 -11 -15 -22 -31 0 
-1 -2 -4 -12 -13 -19 0 
-4 -8 -11 -14 -20 -21 0 
-5 -16 -19 -20 -28 0 
-4 -11 -22 -34 0 
-1 -10 -12 -13 -25 -29 -34 0 
-5 -6 -12 -14 -15 -25 0 
-3 -12 -13 -15 -17 -20 -21 -22 0 
-4 -7 -8 -17 -32 0 
-10 -15 -19 -21 -31 -34 0 
-3 -8 -9 -11 -13 -14 -26 0 
-4 -17 -19 -27 -29 0 
-14 -19 -23 -25 -26 -27 -28 -32 0 
-15 -25 -26 -28 0 
-10 -20 -25 -26 -28 -29 -30 0 
-2 -6 -7 -10 -12 -21 -28 0 
-6 -17 -26 -30 -32 0 
-4 -10 -15 -16 -20 -26 -31 0 
-3 -4 -8 -11 -17 -24 -31 0 
-1 -4 -8 -12 -18 -21 -23 -24 -29 -34 0 
-7 -11 -22 -23 -28 0 
-1 -2 -16 0 
-5 -11 -15 -19 -23 -24 -26 -27 -30 0 
-3 -10 -12 -29 0 
-5 -6 -8 -25 -26 0 
-5 -6 -16 -20 -23 -26 -28 -33 -34 0 
-5 -7 -13 -20 0 
-4 -9 -11 -13 -14 -19 -30 -31 0 
-4 -9 -13 -14 -21 -23 -34 0 
-2 -12 -26 -27 -29 -30 -32 0 
-1 -3 -8 -10 -11 -16 -32 0 
-1 -3 -5 -8 -16 -23 0 
-3 -8 -16 -27 -30 -32 -33 0 
-7 -15 -24 -27 -28 0 
-10 -14 -23 -24 -32 -33 0 
-1 -12 -17 -22 -23 -28 -34 0 
-2 -3 -4 -10 -11 -14 -19 -22 -24 -27 -31 -32 0 
-3 -4 -5 -13 -21 -22 -28 0 
-5 -24 -27 -29 0 
-3 -8 -21 -29 -32 -33 0 
-2 -10 -15 -25 -32 -33 0 
-2 -8 -17 -27 0 
-2 -5 -12 -15 -16 -17 -20 -33 0 
-5 -17 -28 0 
-2 -3 -7 -8 -11 -17 -20 -23 -29 -30 0 
-6 -12 -14 -16 -27 -29 -30 -33 0 
-3 -11 -18 -19 -21 -24 -31 -34 0 
-2 -4 -26 -27 -29 0 
-2 -3 -6 -15 -20 -24 -31 -33 0 
-3 -6 -10 -13 -16 -18 -27 -30 -32 -33 0 
-6 -7 -8 -15 -29 0 
-1 -12 -15 -23 -26 0 
-1 -6 -14 -16 -31 0 
-2 -3 -7 -12 -14 -15 -16 -22 -27 -34 0 
-10 -21 -29 -30 -31 -32 0 
-2 -4 -9 -15 -17 -25 -29 -31 0 
-13 -15 -16 -18 -19 -29 -32 0 
-3 -4 -9 -14 -18 -19 -28 0 
-10 -20 -22 -25 0 
-2 -3 -9 -14 -18 -33 -34 0 
-4 -5 -17 -19 -21 -22 -24 0 
-5 -8 -10 -11 -21 -22 -24 -27 0 
-3 -9 -11 -14 -15 0 
-3 -17 -21 -22 -25 -26 0 
-7 -17 -26 -32 0 
-3 -7 -15 -23 -28 -32 -33 0 
-2 -17 -22 -27 0 
-7 -15 -21 -25 -26 -30 -34 0 
-2 -4 -5 -11 -13 -15 -16 -27 -31 -34 0 
-2 -3 -10 -15 -20 -22 -31 0 
-11 -26 -27 -33 0 
-3 -4 -9 -14 -24 -25 -26 -31 0 
-6 -11 -16 -17 -22 -27 -28 -34 0 
-1 -3 -4 -10 -15 -18 -29 -34 0 
-2 -3 -4 -13 -16 -19 -24 -31 -33 0 
-1 -2 -11 -12 -22 -25 -27 -29 -32 0 
-4 -6 -13 -14 -15 -17 -24 -25 0 
-9 -13 -14 -19 -24 -31 -32 -33 -34 0 
-1 -4 -8 -23 -25 -29 0 
-1 -18 -22 -24 -27 -34 0 
-3 -4 -6 -15 -20 -23 -24 -26 0 
-13 -18 -19 -29 -32 0 
-16 -19 -23 -28 0 
-2 -7 -15 -20 -24 -27 -33 0 
-2 -10 -12 -16 -19 -21 -28 -31 0 
-7 -8 -9 -15 -17 -24 -25 -28 -30 -34 0 
-10 -18 -20 -21 -28 0 
-4 -7 -11 -15 -19 -20 -26 -27 -30 -32 0 
-6 -13 -16 -32 -33 -34 0 
-4 -12 -20 -27 -30 0 
-7 -8 -32 0 
-2 -5 -11 -12 -13 -15 -18 -27 -28 -33 0 
-8 -13 -16 -19 -22 0 
-14 -15 -20 -21 -24 -26 -28 -31 0 
-11 -13 -14 -19 -20 -23 -34 0 
-5 -7 -16 -23 -32 0 
-7 -14 -15 -16 -18 -19 -23 -26 -32 0 
-11 -17 -29 -31 0 
-13 -16 -24 -29 0 
-8 -9 -12 -14 -17 -25 -26 -30 -34 0 
-3 -4 -7 -12 -31 0 
-14 -18 -31 0 
-11 -16 -18 -23 -33 -34 0 
-1 -2 -7 -17 -20 -22 0 
-14 -21 -26 -29 -33 0 
-8 -9 -16 -26 -27 -33 0 
-7 -10 -17 -32 0 
-9 -12 -13 -22 -23 -30 0 
-4 -5 -6 -15 -24 -25 -26 -28 -33 0 
-7 -9 -22 -32 0 
-1 -17 -19 -20 -25 -27 -28 0 
-12 -13 -15 -16 0 
-2 -5 -6 -14 -16 -17 -22 -25 -31 -32 -33 0 
-7 -22 -32 0 
-7 -9 -14 -25 -26 0 
-13 -14 -17 -21 0 
-1 -12 -18 -22 -27 -31 0 
