p cnf 34 800
2 17 18 0 
5 6 7 30 0 
15 17 32 0 
3 7 8 19 21 22 28 31 0 
2 5 23 24 28 32 0 
12 15 17 20 23 24 32 0 
2 6 26 27 0 
5 6 20 22 27 30 0 
5 13 14 15 24 0 
10 15 30 0 
2 3 15 19 20 26 0 
7 13 20 27 28 32 0 
2 14 21 23 25 30 0 
7 9 18 28 29 31 34 0 
7 15 16 20 27 28 29 34 0 
2 5 14 23 0 
18 21 24 25 0 
3 4 11 13 16 26 33 0 
1 6 9 10 16 23 24 29 30 0 
1 4 8 10 13 22 26 0 
4 11 12 15 18 21 0 
7 12 16 19 28 29 30 31 34 0 
13 20 21 26 32 0 
16 30 33 0 
11 13 14 16 17 21 23 26 30 0 
2 8 9 14 19 20 22 28 32 0 
1 9 13 21 22 25 0 
8 16 19 26 32 34 0 
2 4 9 25 0 
1 10 11 19 21 24 26 31 32 0 
25 28 32 0 
6 10 14 15 18 19 0 
6 13 15 19 24 25 28 0 
1 3 5 6 22 32 0 
7 21 23 25 28 0 
5 6 7 15 16 22 28 31 33 0 
5 6 7 18 33 0 
3 5 6 8 15 20 26 27 30 33 0 
4 6 8 16 18 20 21 22 33 0 
8 15 17 20 25 33 0 
2 7 24 27 34 0 
4 5 8 18 19 22 29 30 0 
13 17 20 22 26 27 33 0 
7 21 30 33 34 0 
2 10 18 21 25 26 27 30 33 34 0 
2 11 12 16 26 27 29 0 
10 13 14 15 16 20 21 25 0 
12 24 32 0 
3 18 23 29 0 
10 13 15 19 28 0 
3 5 6 21 25 28 0 
11 12 20 22 25 30 32 0 
11 15 26 28 30 31 33 0 
9 10 16 24 26 30 0 
9 13 16 21 23 25 28 30 0 
1 5 15 17 18 22 26 29 32 33 0 
1 14 15 18 21 23 26 28 33 0 
1 13 15 18 23 24 0 
1 7 9 15 21 23 29 0 
2 3 11 17 18 22 24 28 0 
2 6 10 18 21 24 30 0 
1 4 25 29 31 0 
2 5 12 21 24 28 32 0 
3 6 12 13 14 24 29 0 
15 17 22 27 28 0 
9 17 30 32 0 
6 21 22 29 0 
2 4 5 11 14 28 31 0 
8 12 14 20 23 28 0 
2 3 5 7 19 26 29 0 
6 15 20 21 25 28 29 34 0 
4 6 7 14 17 20 30 0 
16 29 30 0 
9 10 12 14 15 21 22 31 34 0 
2 9 11 13 23 27 33 0 
4 6 9 11 18 24 32 0 
1 2 7 11 13 16 19 30 31 33 0 
4 5 8 11 12 16 19 34 0 
6 7 12 14 16 17 20 32 0 
2 5 9 11 14 27 28 30 0 
15 16 18 26 28 31 32 33 34 0 
2 8 11 13 22 25 26 0 
10 13 27 0 
3 4 24 27 0 
6 8 16 23 24 0 
5 7 9 14 20 31 32 0 
4 8 11 20 0 
6 7 15 18 31 0 
5 7 15 17 23 0 
1 5 7 24 25 26 0 
3 10 22 25 33 0 
13 23 27 28 31 34 0 
8 17 20 24 29 0 
3 9 11 13 14 15 17 18 30 0 
9 10 14 18 19 22 25 27 28 31 32 33 0 
2 11 14 19 22 0 
1 15 17 19 0 
16 23 25 26 0 
4 19 24 26 29 30 34 0 
8 19 26 28 0 
5 6 17 0 
12 13 15 26 30 0 
13 25 26 33 0 
14 16 24 26 0 
2 7 18 24 28 32 0 
5 9 28 32 0 
3 4 6 15 16 19 20 21 0 
6 10 15 16 18 24 25 28 0 
13 22 25 26 34 0 
13 20 30 32 0 
6 12 23 28 29 0 
2 3 8 10 19 23 29 0 
3 15 16 21 23 29 30 0 
10 19 21 25 31 33 0 
2 13 15 16 20 23 0 
4 6 15 19 20 22 23 27 33 0 
15 18 19 21 22 25 30 33 0 
6 12 13 21 24 25 28 31 32 0 
2 5 22 25 27 28 30 0 
7 18 19 20 22 25 30 33 0 
2 3 11 12 15 18 24 28 32 33 0 
5 14 21 34 0 
11 13 22 26 30 0 
6 12 16 17 25 26 32 0 
4 18 25 26 30 34 0 
6 11 22 24 25 28 0 
3 10 15 17 20 21 32 34 0 
1 5 8 17 18 28 31 0 
1 4 6 10 19 20 24 25 29 31 34 0 
1 5 7 17 18 23 28 0 
3 6 10 15 17 27 31 0 
1 18 25 27 34 0 
2 5 12 15 17 25 28 29 0 
13 14 19 27 29 30 34 0 
3 4 9 14 21 27 31 0 
1 6 7 8 19 20 22 23 26 0 
10 11 24 26 29 0 
1 2 6 8 10 17 20 25 27 31 32 34 0 
3 7 11 24 28 34 0 
5 6 7 14 22 27 0 
2 8 10 18 19 22 27 0 
6 10 12 16 24 29 0 
1 16 19 26 0 
4 5 10 16 18 22 24 27 31 32 33 0 
16 17 18 19 24 25 33 0 
12 13 19 22 23 25 0 
1 6 13 15 19 20 24 28 29 0 
1 15 17 29 34 0 
3 11 19 20 26 27 34 0 
1 5 7 23 26 29 32 0 
4 7 15 18 20 22 0 
4 9 13 15 16 30 32 33 0 
17 18 21 22 28 0 
1 2 5 9 16 18 21 22 26 31 0 
1 2 15 16 27 0 
3 5 6 17 19 20 0 
4 15 17 20 21 22 23 31 0 
1 3 16 19 23 24 30 0 
2 20 22 25 26 27 32 33 0 
2 6 10 14 18 25 34 0 
8 19 21 0 
15 17 19 23 26 0 
18 19 24 31 32 34 0 
6 16 22 32 0 
10 11 17 19 23 26 0 
9 10 13 16 19 22 23 0 
13 15 20 25 27 0 
2 10 16 19 23 25 0 
8 22 23 24 0 
1 6 9 15 16 18 23 29 31 32 33 34 0 
8 19 20 22 28 33 0 
13 19 22 27 33 0 
1 9 14 15 17 23 25 0 
13 18 24 34 0 
4 6 14 18 26 0 
3 4 9 15 18 25 31 0 
10 14 20 22 29 30 34 0 
2 5 12 27 34 0 
1 3 11 15 16 25 27 0 
1 6 9 13 17 23 33 0 
13 18 20 21 27 33 34 0 
4 6 13 18 21 33 0 
5 18 22 0 
1 3 4 15 18 26 27 0 
8 16 23 27 30 0 
6 12 13 15 21 22 26 28 29 34 0 
1 9 11 19 21 22 25 29 33 0 
6 10 11 14 22 28 29 32 0 
3 4 14 20 21 22 25 0 
1 2 5 6 19 22 23 24 29 0 
2 3 6 7 11 15 18 26 30 31 0 
3 4 11 14 17 34 0 
1 6 32 0 
2 4 11 14 19 20 23 26 27 28 29 34 0 
12 14 16 23 26 28 31 0 
2 10 21 32 0 
5 6 11 12 22 24 26 27 0 
7 12 14 15 21 24 34 0 
1 13 25 26 28 34 0 
5 9 17 19 24 26 28 29 31 0 
20 22 29 30 0 
19 21 24 25 26 27 0 
1 8 14 24 0 
9 11 14 17 21 26 0 
5 7 19 26 33 0 
2 15 33 0 
17 18 0 
3 5 15 17 18 22 27 0 
4 6 13 16 23 30 31 33 34 0 
5 21 30 31 0 
4 5 17 25 0 
1 4 24 26 29 30 0 
9 23 28 30 31 33 0 
3 6 19 22 23 25 32 33 0 
2 9 17 19 25 29 0 
6 15 16 21 23 28 31 32 0 
9 11 15 26 0 
2 8 9 11 16 26 0 
17 23 29 0 
1 3 4 5 8 10 14 21 23 0 
1 7 8 10 24 29 0 
1 9 12 32 0 
11 14 23 28 29 30 0 
2 9 11 17 25 26 31 34 0 
1 10 16 18 0 
13 16 21 26 30 0 
2 4 20 22 28 34 0 
11 12 17 18 21 22 32 34 0 
2 3 8 12 31 0 
1 3 9 23 27 28 30 0 
1 2 4 6 7 8 10 11 14 30 0 
17 20 33 0 
1 15 16 29 33 0 
11 19 0 
8 20 24 26 30 32 33 0 
7 9 12 13 14 19 24 26 28 31 0 
1 11 18 21 23 0 
1 4 8 21 28 32 34 0 
10 11 17 25 0 
2 3 6 12 27 32 0 
18 20 21 23 24 33 0 
4 13 14 15 17 19 20 21 24 28 31 0 
4 20 25 26 32 0 
14 17 22 29 0 
4 6 12 13 17 18 24 32 0 
5 6 7 13 17 24 0 
2 8 11 27 32 0 
2 9 13 18 21 24 27 29 30 33 0 
1 5 8 9 13 14 22 29 0 
3 10 15 26 31 33 0 
1 3 5 12 14 16 25 28 0 
2 3 11 15 16 25 28 31 0 
1 8 11 27 30 32 0 
4 13 15 20 26 29 34 0 
2 3 5 26 28 29 30 0 
4 5 7 9 12 15 16 31 33 0 
7 10 20 21 25 29 33 34 0 
1 9 11 14 16 26 32 33 0 
9 11 12 14 17 18 28 32 0 
3 9 23 33 0 
2 7 16 18 23 25 33 34 0 
6 9 10 14 18 20 23 27 30 0 
2 6 14 21 0 
4 5 8 13 14 16 24 25 27 31 0 
2 3 12 15 19 20 24 29 33 0 
1 9 10 14 15 23 30 0 
2 5 7 17 24 29 0 
10 13 15 18 20 33 0 
8 10 12 17 22 27 34 0 
2 4 8 11 13 14 17 22 23 24 33 0 
11 20 26 27 32 0 
7 10 17 22 30 0 
6 7 10 16 23 29 31 0 
8 15 22 29 34 0 
1 3 4 5 15 16 23 30 0 
5 16 21 27 0 
6 10 21 26 0 
22 24 33 34 0 
12 13 25 26 33 34 0 
1 3 8 11 18 19 21 0 
1 12 16 24 31 0 
4 9 15 26 27 0 
2 12 22 27 0 
14 15 19 20 21 26 34 0 
5 6 15 18 19 21 24 26 32 0 
8 9 10 11 14 15 17 20 24 25 0 
5 24 25 32 0 
2 8 11 16 0 
1 2 5 9 11 12 25 28 33 0 
3 5 8 12 19 33 0 
12 13 19 23 33 0 
2 4 8 21 22 34 0 
2 18 25 26 31 0 
5 7 10 31 32 0 
2 5 8 11 17 22 23 30 0 
4 7 8 9 13 15 19 20 31 0 
2 4 20 21 25 27 31 0 
16 20 24 26 29 32 0 
1 7 10 11 21 24 25 26 32 33 0 
5 6 11 25 33 0 
7 9 12 15 19 24 31 0 
12 16 23 28 0 
2 8 13 21 25 30 34 0 
1 6 17 29 31 0 
2 3 5 9 16 19 21 29 31 33 0 
1 3 11 12 25 26 0 
6 18 21 22 31 0 
4 8 11 19 21 26 27 33 0 
5 12 13 15 20 25 29 0 
8 13 16 19 21 0 
5 9 12 16 20 22 0 
2 6 11 15 19 23 24 29 32 0 
3 5 12 16 0 
3 4 15 16 20 22 30 0 
8 14 18 23 29 30 33 0 
3 9 15 23 25 28 29 32 0 
2 18 31 0 
7 10 12 14 17 19 20 0 
5 6 7 10 30 34 0 
13 16 28 34 0 
3 4 8 12 15 24 32 34 0 
2 4 8 20 32 33 34 0 
1 2 10 19 26 29 33 0 
5 10 14 17 21 23 24 25 31 0 
1 2 3 4 8 19 33 0 
5 15 21 26 33 0 
2 4 5 11 19 30 31 32 33 0 
5 12 16 18 19 20 21 29 0 
5 7 12 18 31 0 
2 12 21 23 24 30 0 
5 6 9 28 29 30 32 0 
10 22 25 0 
25 33 0 
5 6 21 25 26 34 0 
11 17 22 27 0 
4 9 17 20 22 23 33 34 0 
4 9 21 23 27 29 0 
3 9 19 28 31 32 34 0 
9 11 18 19 24 30 34 0 
4 14 19 22 0 
1 4 8 16 17 25 29 34 0 
4 9 11 24 25 27 30 34 0 
2 4 7 14 16 18 23 26 0 
12 13 15 22 29 33 34 0 
3 4 6 12 16 23 26 27 0 
14 16 23 24 26 27 0 
2 12 14 16 17 24 28 29 0 
10 12 14 19 21 23 0 
7 12 16 20 23 24 29 0 
1 3 17 20 22 23 33 0 
3 5 6 7 8 20 34 0 
5 17 24 27 0 
13 29 31 34 0 
16 18 25 32 33 0 
7 20 24 28 30 0 
3 10 12 21 27 28 33 0 
2 3 6 8 9 10 15 17 19 24 29 34 0 
2 21 24 26 0 
4 5 9 23 0 
1 11 15 21 24 29 31 34 0 
13 15 17 19 23 25 30 0 
1 2 4 8 11 31 0 
4 11 28 0 
3 13 15 23 27 28 0 
7 15 19 24 25 29 0 
5 10 12 20 22 25 29 32 0 
6 9 11 12 26 28 30 32 0 
1 3 12 18 25 29 0 
12 18 24 25 33 34 0 
8 9 17 21 22 34 0 
11 23 30 34 0 
2 27 0 
6 14 23 25 0 
2 14 15 19 20 33 0 
1 2 6 10 13 14 18 21 23 26 29 33 34 0 
2 3 13 14 17 24 28 0 
3 4 9 10 11 16 25 28 0 
4 14 15 28 33 0 
17 21 22 26 32 0 
3 25 27 29 34 0 
1 2 6 8 21 22 0 
10 12 14 18 29 31 33 0 
3 8 13 20 29 33 0 
1 29 32 33 34 0 
7 8 10 16 19 23 31 0 
2 13 17 18 20 28 34 0 
12 15 22 27 28 30 32 0 
2 3 10 13 16 20 22 26 27 28 0 
1 8 18 19 20 23 24 31 33 0 
13 19 21 25 34 0 
1 5 7 8 10 12 27 0 
7 11 19 20 23 28 30 0 
4 7 8 12 17 19 24 0 
3 9 10 18 19 34 0 
1 6 13 27 32 0 
14 23 27 28 33 0 
7 14 16 28 30 31 34 0 
3 5 12 13 16 19 25 0 
1 5 21 26 0 
3 4 7 8 10 11 16 21 29 31 32 0 
-2 -17 -18 0 
-5 -6 -7 -30 0 
-15 -17 -32 0 
-3 -7 -8 -19 -21 -22 -28 -31 0 
-2 -5 -23 -24 -28 -32 0 
-12 -15 -17 -20 -23 -24 -32 0 
-2 -6 -26 -27 0 
-5 -6 -20 -22 -27 -30 0 
-5 -13 -14 -15 -24 0 
-10 -15 -30 0 
-2 -3 -15 -19 -20 -26 0 
-7 -13 -20 -27 -28 -32 0 
-2 -14 -21 -23 -25 -30 0 
-7 -9 -18 -28 -29 -31 -34 0 
-7 -15 -16 -20 -27 -28 -29 -34 0 
-2 -5 -14 -23 0 
-18 -21 -24 -25 0 
-3 -4 -11 -13 -16 -26 -33 0 
-1 -6 -9 -10 -16 -23 -24 -29 -30 0 
-1 -4 -8 -10 -13 -22 -26 0 
-4 -11 -12 -15 -18 -21 0 
-7 -12 -16 -19 -28 -29 -30 -31 -34 0 
-13 -20 -21 -26 -32 0 
-16 -30 -33 0 
-11 -13 -14 -16 -17 -21 -23 -26 -30 0 
-2 -8 -9 -14 -19 -20 -22 -28 -32 0 
-1 -9 -13 -21 -22 -25 0 
-8 -16 -19 -26 -32 -34 0 
-2 -4 -9 -25 0 
-1 -10 -11 -19 -21 -24 -26 -31 -32 0 
-25 -28 -32 0 
-6 -10 -14 -15 -18 -19 0 
-6 -13 -15 -19 -24 -25 -28 0 
-1 -3 -5 -6 -22 -32 0 
-7 -21 -23 -25 -28 0 
-5 -6 -7 -15 -16 -22 -28 -31 -33 0 
-5 -6 -7 -18 -33 0 
-3 -5 -6 -8 -15 -20 -26 -27 -30 -33 0 
-4 -6 -8 -16 -18 -20 -21 -22 -33 0 
-8 -15 -17 -20 -25 -33 0 
-2 -7 -24 -27 -34 0 
-4 -5 -8 -18 -19 -22 -29 -30 0 
-13 -17 -20 -22 -26 -27 -33 0 
-7 -21 -30 -33 -34 0 
-2 -10 -18 -21 -25 -26 -27 -30 -33 -34 0 
-2 -11 -12 -16 -26 -27 -29 0 
-10 -13 -14 -15 -16 -20 -21 -25 0 
-12 -24 -32 0 
-3 -18 -23 -29 0 
-10 -13 -15 -19 -28 0 
-3 -5 -6 -21 -25 -28 0 
-11 -12 -20 -22 -25 -30 -32 0 
-11 -15 -26 -28 -30 -31 -33 0 
-9 -10 -16 -24 -26 -30 0 
-9 -13 -16 -21 -23 -25 -28 -30 0 
-1 -5 -15 -17 -18 -22 -26 -29 -32 -33 0 
-1 -14 -15 -18 -21 -23 -26 -28 -33 0 
-1 -13 -15 -18 -23 -24 0 
-1 -7 -9 -15 -21 -23 -29 0 
-2 -3 -11 -17 -18 -22 -24 -28 0 
-2 -6 -10 -18 -21 -24 -30 0 
-1 -4 -25 -29 -31 0 
-2 -5 -12 -21 -24 -28 -32 0 
-3 -6 -12 -13 -14 -24 -29 0 
-15 -17 -22 -27 -28 0 
-9 -17 -30 -32 0 
-6 -21 -22 -29 0 
-2 -4 -5 -11 -14 -28 -31 0 
-8 -12 -14 -20 -23 -28 0 
-2 -3 -5 -7 -19 -26 -29 0 
-6 -15 -20 -21 -25 -28 -29 -34 0 
-4 -6 -7 -14 -17 -20 -30 0 
-16 -29 -30 0 
-9 -10 -12 -14 -15 -21 -22 -31 -34 0 
-2 -9 -11 -13 -23 -27 -33 0 
-4 -6 -9 -11 -18 -24 -32 0 
-1 -2 -7 -11 -13 -16 -19 -30 -31 -33 0 
-4 -5 -8 -11 -12 -16 -19 -34 0 
-6 -7 -12 -14 -16 -17 -20 -32 0 
-2 -5 -9 -11 -14 -27 -28 -30 0 
-15 -16 -18 -26 -28 -31 -32 -33 -34 0 
-2 -8 -11 -13 -22 -25 -26 0 
-10 -13 -27 0 
-3 -4 -24 -27 0 
-6 -8 -16 -23 -24 0 
-5 -7 -9 -14 -20 -31 -32 0 
-4 -8 -11 -20 0 
-6 -7 -15 -18 -31 0 
-5 -7 -15 -17 -23 0 
-1 -5 -7 -24 -25 -26 0 
-3 -10 -22 -25 -33 0 
-13 -23 -27 -28 -31 -34 0 
-8 -17 -20 -24 -29 0 
-3 -9 -11 -13 -14 -15 -17 -18 -30 0 
-9 -10 -14 -18 -19 -22 -25 -27 -28 -31 -32 -33 0 
-2 -11 -14 -19 -22 0 
-1 -15 -17 -19 0 
-16 -23 -25 -26 0 
-4 -19 -24 -26 -29 -30 -34 0 
-8 -19 -26 -28 0 
-5 -6 -17 0 
-12 -13 -15 -26 -30 0 
-13 -25 -26 -33 0 
-14 -16 -24 -26 0 
-2 -7 -18 -24 -28 -32 0 
-5 -9 -28 -32 0 
-3 -4 -6 -15 -16 -19 -20 -21 0 
-6 -10 -15 -16 -18 -24 -25 -28 0 
-13 -22 -25 -26 -34 0 
-13 -20 -30 -32 0 
-6 -12 -23 -28 -29 0 
-2 -3 -8 -10 -19 -23 -29 0 
-3 -15 -16 -21 -23 -29 -30 0 
-10 -19 -21 -25 -31 -33 0 
-2 -13 -15 -16 -20 -23 0 
-4 -6 -15 -19 -20 -22 -23 -27 -33 0 
-15 -18 -19 -21 -22 -25 -30 -33 0 
-6 -12 -13 -21 -24 -25 -28 -31 -32 0 
-2 -5 -22 -25 -27 -28 -30 0 
-7 -18 -19 -20 -22 -25 -30 -33 0 
-2 -3 -11 -12 -15 -18 -24 -28 -32 -33 0 
-5 -14 -21 -34 0 
-11 -13 -22 -26 -30 0 
-6 -12 -16 -17 -25 -26 -32 0 
-4 -18 -25 -26 -30 -34 0 
-6 -11 -22 -24 -25 -28 0 
-3 -10 -15 -17 -20 -21 -32 -34 0 
-1 -5 -8 -17 -18 -28 -31 0 
-1 -4 -6 -10 -19 -20 -24 -25 -29 -31 -34 0 
-1 -5 -7 -17 -18 -23 -28 0 
-3 -6 -10 -15 -17 -27 -31 0 
-1 -18 -25 -27 -34 0 
-2 -5 -12 -15 -17 -25 -28 -29 0 
-13 -14 -19 -27 -29 -30 -34 0 
-3 -4 -9 -14 -21 -27 -31 0 
-1 -6 -7 -8 -19 -20 -22 -23 -26 0 
-10 -11 -24 -26 -29 0 
-1 -2 -6 -8 -10 -17 -20 -25 -27 -31 -32 -34 0 
-3 -7 -11 -24 -28 -34 0 
-5 -6 -7 -14 -22 -27 0 
-2 -8 -10 -18 -19 -22 -27 0 
-6 -10 -12 -16 -24 -29 0 
-1 -16 -19 -26 0 
-4 -5 -10 -16 -18 -22 -24 -27 -31 -32 -33 0 
-16 -17 -18 -19 -24 -25 -33 0 
-12 -13 -19 -22 -23 -25 0 
-1 -6 -13 -15 -19 -20 -24 -28 -29 0 
-1 -15 -17 -29 -34 0 
-3 -11 -19 -20 -26 -27 -34 0 
-1 -5 -7 -23 -26 -29 -32 0 
-4 -7 -15 -18 -20 -22 0 
-4 -9 -13 -15 -16 -30 -32 -33 0 
-17 -18 -21 -22 -28 0 
-1 -2 -5 -9 -16 -18 -21 -22 -26 -31 0 
-1 -2 -15 -16 -27 0 
-3 -5 -6 -17 -19 -20 0 
-4 -15 -17 -20 -21 -22 -23 -31 0 
-1 -3 -16 -19 -23 -24 -30 0 
-2 -20 -22 -25 -26 -27 -32 -33 0 
-2 -6 -10 -14 -18 -25 -34 0 
-8 -19 -21 0 
-15 -17 -19 -23 -26 0 
-18 -19 -24 -31 -32 -34 0 
-6 -16 -22 -32 0 
-10 -11 -17 -19 -23 -26 0 
-9 -10 -13 -16 -19 -22 -23 0 
-13 -15 -20 -25 -27 0 
-2 -10 -16 -19 -23 -25 0 
-8 -22 -23 -24 0 
-1 -6 -9 -15 -16 -18 -23 -29 -31 -32 -33 -34 0 
-8 -19 -20 -22 -28 -33 0 
-13 -19 -22 -27 -33 0 
-1 -9 -14 -15 -17 -23 -25 0 
-13 -18 -24 -34 0 
-4 -6 -14 -18 -26 0 
-3 -4 -9 -15 -18 -25 -31 0 
-10 -14 -20 -22 -29 -30 -34 0 
-2 -5 -12 -27 -34 0 
-1 -3 -11 -15 -16 -25 -27 0 
-1 -6 -9 -13 -17 -23 -33 0 
-13 -18 -20 -21 -27 -33 -34 0 
-4 -6 -13 -18 -21 -33 0 
-5 -18 -22 0 
-1 -3 -4 -15 -18 -26 -27 0 
-8 -16 -23 -27 -30 0 
-6 -12 -13 -15 -21 -22 -26 -28 -29 -34 0 
-1 -9 -11 -19 -21 -22 -25 -29 -33 0 
-6 -10 -11 -14 -22 -28 -29 -32 0 
-3 -4 -14 -20 -21 -22 -25 0 
-1 -2 -5 -6 -19 -22 -23 -24 -29 0 
-2 -3 -6 -7 -11 -15 -18 -26 -30 -31 0 
-3 -4 -11 -14 -17 -34 0 
-1 -6 -32 0 
-2 -4 -11 -14 -19 -20 -23 -26 -27 -28 -29 -34 0 
-12 -14 -16 -23 -26 -28 -31 0 
-2 -10 -21 -32 0 
-5 -6 -11 -12 -22 -24 -26 -27 0 
-7 -12 -14 -15 -21 -24 -34 0 
-1 -13 -25 -26 -28 -34 0 
-5 -9 -17 -19 -24 -26 -28 -29 -31 0 
-20 -22 -29 -30 0 
-19 -21 -24 -25 -26 -27 0 
-1 -8 -14 -24 0 
-9 -11 -14 -17 -21 -26 0 
-5 -7 -19 -26 -33 0 
-2 -15 -33 0 
-17 -18 0 
-3 -5 -15 -17 -18 -22 -27 0 
-4 -6 -13 -16 -23 -30 -31 -33 -34 0 
-5 -21 -30 -31 0 
-4 -5 -17 -25 0 
-1 -4 -24 -26 -29 -30 0 
-9 -23 -28 -30 -31 -33 0 
-3 -6 -19 -22 -23 -25 -32 -33 0 
-2 -9 -17 -19 -25 -29 0 
-6 -15 -16 -21 -23 -28 -31 -32 0 
-9 -11 -15 -26 0 
-2 -8 -9 -11 -16 -26 0 
-17 -23 -29 0 
-1 -3 -4 -5 -8 -10 -14 -21 -23 0 
-1 -7 -8 -10 -24 -29 0 
-1 -9 -12 -32 0 
-11 -14 -23 -28 -29 -30 0 
-2 -9 -11 -17 -25 -26 -31 -34 0 
-1 -10 -16 -18 0 
-13 -16 -21 -26 -30 0 
-2 -4 -20 -22 -28 -34 0 
-11 -12 -17 -18 -21 -22 -32 -34 0 
-2 -3 -8 -12 -31 0 
-1 -3 -9 -23 -27 -28 -30 0 
-1 -2 -4 -6 -7 -8 -10 -11 -14 -30 0 
-17 -20 -33 0 
-1 -15 -16 -29 -33 0 
-11 -19 0 
-8 -20 -24 -26 -30 -32 -33 0 
-7 -9 -12 -13 -14 -19 -24 -26 -28 -31 0 
-1 -11 -18 -21 -23 0 
-1 -4 -8 -21 -28 -32 -34 0 
-10 -11 -17 -25 0 
-2 -3 -6 -12 -27 -32 0 
-18 -20 -21 -23 -24 -33 0 
-4 -13 -14 -15 -17 -19 -20 -21 -24 -28 -31 0 
-4 -20 -25 -26 -32 0 
-14 -17 -22 -29 0 
-4 -6 -12 -13 -17 -18 -24 -32 0 
-5 -6 -7 -13 -17 -24 0 
-2 -8 -11 -27 -32 0 
-2 -9 -13 -18 -21 -24 -27 -29 -30 -33 0 
-1 -5 -8 -9 -13 -14 -22 -29 0 
-3 -10 -15 -26 -31 -33 0 
-1 -3 -5 -12 -14 -16 -25 -28 0 
-2 -3 -11 -15 -16 -25 -28 -31 0 
-1 -8 -11 -27 -30 -32 0 
-4 -13 -15 -20 -26 -29 -34 0 
-2 -3 -5 -26 -28 -29 -30 0 
-4 -5 -7 -9 -12 -15 -16 -31 -33 0 
-7 -10 -20 -21 -25 -29 -33 -34 0 
-1 -9 -11 -14 -16 -26 -32 -33 0 
-9 -11 -12 -14 -17 -18 -28 -32 0 
-3 -9 -23 -33 0 
-2 -7 -16 -18 -23 -25 -33 -34 0 
-6 -9 -10 -14 -18 -20 -23 -27 -30 0 
-2 -6 -14 -21 0 
-4 -5 -8 -13 -14 -16 -24 -25 -27 -31 0 
-2 -3 -12 -15 -19 -20 -24 -29 -33 0 
-1 -9 -10 -14 -15 -23 -30 0 
-2 -5 -7 -17 -24 -29 0 
-10 -13 -15 -18 -20 -33 0 
-8 -10 -12 -17 -22 -27 -34 0 
-2 -4 -8 -11 -13 -14 -17 -22 -23 -24 -33 0 
-11 -20 -26 -27 -32 0 
-7 -10 -17 -22 -30 0 
-6 -7 -10 -16 -23 -29 -31 0 
-8 -15 -22 -29 -34 0 
-1 -3 -4 -5 -15 -16 -23 -30 0 
-5 -16 -21 -27 0 
-6 -10 -21 -26 0 
-22 -24 -33 -34 0 
-12 -13 -25 -26 -33 -34 0 
-1 -3 -8 -11 -18 -19 -21 0 
-1 -12 -16 -24 -31 0 
-4 -9 -15 -26 -27 0 
-2 -12 -22 -27 0 
-14 -15 -19 -20 -21 -26 -34 0 
-5 -6 -15 -18 -19 -21 -24 -26 -32 0 
-8 -9 -10 -11 -14 -15 -17 -20 -24 -25 0 
-5 -24 -25 -32 0 
-2 -8 -11 -16 0 
-1 -2 -5 -9 -11 -12 -25 -28 -33 0 
-3 -5 -8 -12 -19 -33 0 
-12 -13 -19 -23 -33 0 
-2 -4 -8 -21 -22 -34 0 
-2 -18 -25 -26 -31 0 
-5 -7 -10 -31 -32 0 
-2 -5 -8 -11 -17 -22 -23 -30 0 
-4 -7 -8 -9 -13 -15 -19 -20 -31 0 
-2 -4 -20 -21 -25 -27 -31 0 
-16 -20 -24 -26 -29 -32 0 
-1 -7 -10 -11 -21 -24 -25 -26 -32 -33 0 
-5 -6 -11 -25 -33 0 
-7 -9 -12 -15 -19 -24 -31 0 
-12 -16 -23 -28 0 
-2 -8 -13 -21 -25 -30 -34 0 
-1 -6 -17 -29 -31 0 
-2 -3 -5 -9 -16 -19 -21 -29 -31 -33 0 
-1 -3 -11 -12 -25 -26 0 
-6 -18 -21 -22 -31 0 
-4 -8 -11 -19 -21 -26 -27 -33 0 
-5 -12 -13 -15 -20 -25 -29 0 
-8 -13 -16 -19 -21 0 
-5 -9 -12 -16 -20 -22 0 
-2 -6 -11 -15 -19 -23 -24 -29 -32 0 
-3 -5 -12 -16 0 
-3 -4 -15 -16 -20 -22 -30 0 
-8 -14 -18 -23 -29 -30 -33 0 
-3 -9 -15 -23 -25 -28 -29 -32 0 
-2 -18 -31 0 
-7 -10 -12 -14 -17 -19 -20 0 
-5 -6 -7 -10 -30 -34 0 
-13 -16 -28 -34 0 
-3 -4 -8 -12 -15 -24 -32 -34 0 
-2 -4 -8 -20 -32 -33 -34 0 
-1 -2 -10 -19 -26 -29 -33 0 
-5 -10 -14 -17 -21 -23 -24 -25 -31 0 
-1 -2 -3 -4 -8 -19 -33 0 
-5 -15 -21 -26 -33 0 
-2 -4 -5 -11 -19 -30 -31 -32 -33 0 
-5 -12 -16 -18 -19 -20 -21 -29 0 
-5 -7 -12 -18 -31 0 
-2 -12 -21 -23 -24 -30 0 
-5 -6 -9 -28 -29 -30 -32 0 
-10 -22 -25 0 
-25 -33 0 
-5 -6 -21 -25 -26 -34 0 
-11 -17 -22 -27 0 
-4 -9 -17 -20 -22 -23 -33 -34 0 
-4 -9 -21 -23 -27 -29 0 
-3 -9 -19 -28 -31 -32 -34 0 
-9 -11 -18 -19 -24 -30 -34 0 
-4 -14 -19 -22 0 
-1 -4 -8 -16 -17 -25 -29 -34 0 
-4 -9 -11 -24 -25 -27 -30 -34 0 
-2 -4 -7 -14 -16 -18 -23 -26 0 
-12 -13 -15 -22 -29 -33 -34 0 
-3 -4 -6 -12 -16 -23 -26 -27 0 
-14 -16 -23 -24 -26 -27 0 
-2 -12 -14 -16 -17 -24 -28 -29 0 
-10 -12 -14 -19 -21 -23 0 
-7 -12 -16 -20 -23 -24 -29 0 
-1 -3 -17 -20 -22 -23 -33 0 
-3 -5 -6 -7 -8 -20 -34 0 
-5 -17 -24 -27 0 
-13 -29 -31 -34 0 
-16 -18 -25 -32 -33 0 
-7 -20 -24 -28 -30 0 
-3 -10 -12 -21 -27 -28 -33 0 
-2 -3 -6 -8 -9 -10 -15 -17 -19 -24 -29 -34 0 
-2 -21 -24 -26 0 
-4 -5 -9 -23 0 
-1 -11 -15 -21 -24 -29 -31 -34 0 
-13 -15 -17 -19 -23 -25 -30 0 
-1 -2 -4 -8 -11 -31 0 
-4 -11 -28 0 
-3 -13 -15 -23 -27 -28 0 
-7 -15 -19 -24 -25 -29 0 
-5 -10 -12 -20 -22 -25 -29 -32 0 
-6 -9 -11 -12 -26 -28 -30 -32 0 
-1 -3 -12 -18 -25 -29 0 
-12 -18 -24 -25 -33 -34 0 
-8 -9 -17 -21 -22 -34 0 
-11 -23 -30 -34 0 
-2 -27 0 
-6 -14 -23 -25 0 
-2 -14 -15 -19 -20 -33 0 
-1 -2 -6 -10 -13 -14 -18 -21 -23 -26 -29 -33 -34 0 
-2 -3 -13 -14 -17 -24 -28 0 
-3 -4 -9 -10 -11 -16 -25 -28 0 
-4 -14 -15 -28 -33 0 
-17 -21 -22 -26 -32 0 
-3 -25 -27 -29 -34 0 
-1 -2 -6 -8 -21 -22 0 
-10 -12 -14 -18 -29 -31 -33 0 
-3 -8 -13 -20 -29 -33 0 
-1 -29 -32 -33 -34 0 
-7 -8 -10 -16 -19 -23 -31 0 
-2 -13 -17 -18 -20 -28 -34 0 
-12 -15 -22 -27 -28 -30 -32 0 
-2 -3 -10 -13 -16 -20 -22 -26 -27 -28 0 
-1 -8 -18 -19 -20 -23 -24 -31 -33 0 
-13 -19 -21 -25 -34 0 
-1 -5 -7 -8 -10 -12 -27 0 
-7 -11 -19 -20 -23 -28 -30 0 
-4 -7 -8 -12 -17 -19 -24 0 
-3 -9 -10 -18 -19 -34 0 
-1 -6 -13 -27 -32 0 
-14 -23 -27 -28 -33 0 
-7 -14 -16 -28 -30 -31 -34 0 
-3 -5 -12 -13 -16 -19 -25 0 
-1 -5 -21 -26 0 
-3 -4 -7 -8 -10 -11 -16 -21 -29 -31 -32 0 
