p cnf 34 800
4 5 24 28 29 31 32 0 
2 11 16 23 27 30 31 0 
2 6 7 10 19 25 30 0 
1 7 13 24 30 0 
5 9 13 14 15 19 24 28 31 0 
1 2 10 26 30 32 0 
3 11 12 22 26 0 
5 14 15 25 28 31 0 
7 13 16 24 26 34 0 
6 11 18 32 0 
2 18 22 23 27 0 
1 6 13 23 30 0 
2 15 33 0 
7 11 14 18 32 34 0 
3 5 17 21 26 27 28 0 
9 10 25 31 34 0 
6 15 32 33 0 
1 4 8 11 20 24 25 0 
6 12 21 27 28 30 0 
2 3 4 10 15 19 33 0 
9 10 16 18 20 21 22 31 34 0 
3 8 17 30 0 
2 4 16 20 0 
2 3 6 18 23 26 0 
3 4 9 10 17 33 34 0 
2 3 5 13 16 21 25 28 32 0 
2 7 9 18 0 
1 7 9 14 20 21 30 34 0 
3 15 29 31 0 
3 13 18 25 26 31 32 0 
5 10 17 20 22 0 
7 13 25 26 29 0 
3 5 13 28 32 0 
6 10 11 17 20 26 33 34 0 
7 15 21 26 28 29 31 0 
1 3 21 22 23 25 0 
2 7 8 11 23 25 28 0 
5 10 25 26 29 0 
2 6 8 12 13 14 16 22 24 32 33 0 
8 15 19 24 0 
7 8 15 16 18 24 27 28 33 0 
7 9 13 14 16 23 34 0 
4 6 9 19 28 32 0 
3 14 20 31 33 0 
1 5 13 15 19 22 26 0 
3 8 13 16 32 0 
6 10 20 26 34 0 
1 2 8 17 18 20 21 25 32 0 
1 16 17 18 23 25 26 28 32 0 
6 9 13 14 19 25 26 30 32 0 
7 9 14 19 25 26 0 
2 8 18 31 0 
1 12 20 32 33 34 0 
1 4 6 7 9 10 23 29 33 0 
6 8 9 12 14 30 0 
8 16 31 34 0 
2 3 4 21 32 34 0 
8 17 31 0 
2 5 17 18 21 22 24 25 26 33 34 0 
6 8 10 11 13 22 30 33 0 
3 4 7 8 0 
1 2 12 31 0 
7 14 16 19 25 28 30 0 
1 4 10 15 17 21 23 31 33 0 
1 3 4 8 19 24 30 0 
1 3 8 18 24 32 33 0 
5 6 9 12 13 17 23 24 27 31 0 
1 11 16 28 29 34 0 
9 11 12 16 23 25 0 
1 3 7 18 22 23 24 25 32 0 
11 13 15 19 20 23 27 30 34 0 
11 13 14 30 34 0 
6 15 20 26 28 33 0 
7 12 20 34 0 
24 27 28 0 
4 20 22 29 0 
3 8 10 20 23 31 0 
9 12 19 0 
2 7 12 19 32 0 
2 14 17 19 22 27 30 0 
5 7 17 18 25 32 34 0 
6 8 10 11 16 18 26 0 
6 12 14 15 25 29 0 
1 10 11 14 20 22 28 34 0 
6 11 21 22 26 33 0 
3 7 9 15 16 26 28 0 
20 29 32 34 0 
2 3 7 9 10 13 14 23 0 
8 17 24 32 0 
3 6 9 13 27 28 33 0 
1 10 16 20 29 0 
5 11 17 24 27 33 0 
3 9 16 17 21 27 31 0 
4 7 24 27 29 34 0 
4 7 9 14 16 34 0 
8 18 22 24 28 34 0 
1 11 23 30 32 0 
2 4 8 25 26 0 
2 5 8 9 27 0 
1 9 10 21 22 29 32 34 0 
6 11 19 25 28 32 34 0 
8 9 11 13 15 20 29 32 0 
8 10 20 29 30 33 0 
3 5 13 20 0 
9 10 27 30 0 
15 17 18 24 26 28 29 0 
13 14 20 25 34 0 
2 6 14 21 23 24 26 30 0 
4 12 14 19 24 27 33 0 
2 6 8 22 0 
6 10 13 26 31 33 0 
11 17 23 31 0 
8 10 13 14 23 30 0 
2 5 8 11 15 19 0 
2 3 10 11 14 27 30 0 
5 6 8 20 27 29 0 
9 10 21 30 32 0 
4 5 10 17 21 23 31 32 0 
1 3 9 10 16 20 21 28 0 
2 17 19 20 23 26 31 33 0 
1 3 4 11 12 13 19 30 0 
12 18 20 27 30 31 32 0 
4 6 23 27 0 
3 4 7 8 30 32 0 
21 25 0 
4 7 12 14 24 0 
9 16 18 26 27 0 
1 21 32 34 0 
7 13 14 19 23 25 29 31 32 0 
1 3 15 18 33 0 
6 10 0 
6 11 26 0 
10 19 22 27 31 0 
1 12 19 27 0 
4 9 11 13 15 17 19 31 0 
1 2 6 11 14 0 
5 14 23 24 27 32 0 
3 6 13 17 27 0 
12 14 16 33 0 
1 4 6 16 17 21 22 32 0 
1 15 23 27 28 0 
8 12 29 30 31 0 
5 7 16 18 27 0 
1 4 5 9 11 14 19 26 29 34 0 
3 9 26 28 0 
11 14 19 22 24 0 
2 8 15 25 26 28 33 34 0 
2 3 10 13 19 30 31 0 
3 4 18 21 22 34 0 
1 9 24 27 34 0 
1 3 9 11 14 15 20 21 24 30 0 
6 12 13 20 21 23 27 33 0 
11 14 18 20 26 27 31 0 
2 4 8 16 23 0 
6 7 11 18 21 34 0 
6 8 9 10 14 18 20 25 27 31 0 
6 8 11 14 16 18 21 30 33 0 
2 13 16 18 24 25 33 34 0 
2 4 12 14 15 16 21 31 0 
3 18 19 24 27 29 0 
7 13 16 22 24 26 28 0 
6 14 15 23 26 32 34 0 
2 14 15 16 20 0 
1 13 19 21 22 33 0 
8 10 11 16 26 27 31 33 0 
3 6 10 11 12 21 25 0 
9 18 20 24 0 
8 12 19 21 23 28 31 33 0 
2 12 17 18 25 34 0 
3 13 17 23 24 27 29 0 
1 8 19 27 0 
2 3 8 16 21 22 26 27 31 0 
10 14 16 21 31 32 0 
1 4 5 13 20 23 34 0 
4 6 12 19 24 25 27 28 29 31 0 
4 5 21 29 0 
2 4 8 10 13 14 30 32 33 34 0 
2 4 7 13 21 22 24 29 0 
10 11 20 32 34 0 
7 20 21 25 34 0 
3 8 15 20 0 
5 13 29 0 
3 4 5 22 30 31 0 
13 14 16 23 33 34 0 
6 14 16 20 23 24 34 0 
6 10 12 23 0 
6 8 9 10 32 34 0 
3 6 9 16 19 24 31 33 0 
2 8 18 24 0 
3 7 14 21 31 32 33 0 
8 9 19 27 29 0 
3 7 12 18 25 26 31 34 0 
2 4 5 16 17 18 21 26 29 30 33 0 
9 18 21 23 0 
7 10 11 12 14 20 29 34 0 
14 15 16 17 19 23 26 27 0 
3 4 14 23 25 27 28 0 
1 5 8 11 12 18 0 
10 11 15 18 26 33 0 
5 8 11 13 15 24 0 
3 4 9 12 19 21 22 29 31 34 0 
1 5 8 13 17 30 0 
1 17 29 31 0 
17 18 23 27 28 0 
2 16 17 24 28 30 0 
1 2 8 13 0 
8 9 11 18 23 26 0 
1 6 13 16 21 24 26 30 32 33 0 
4 7 15 16 21 22 0 
2 4 5 11 12 17 18 20 22 0 
1 2 4 12 28 33 34 0 
4 5 7 11 18 22 30 31 32 0 
4 22 25 33 0 
1 6 16 20 33 0 
6 7 18 29 31 33 0 
1 11 12 22 23 26 0 
1 8 12 19 20 0 
2 3 8 13 16 22 24 30 33 34 0 
2 10 12 17 18 22 24 29 30 32 0 
3 9 17 22 26 0 
5 8 10 11 19 21 23 31 0 
1 8 13 19 25 29 31 0 
8 11 17 19 22 25 28 0 
14 31 0 
1 3 5 6 10 19 25 30 31 0 
6 7 8 12 27 31 33 0 
5 8 10 12 16 19 22 27 0 
5 6 11 23 0 
1 8 14 18 24 33 0 
1 17 21 24 29 31 34 0 
3 6 14 23 25 26 27 30 0 
8 12 14 17 19 0 
7 11 12 22 26 28 0 
3 5 7 15 29 0 
3 5 6 14 15 23 0 
2 4 9 11 20 21 0 
5 16 19 28 30 0 
2 7 10 18 20 23 34 0 
4 10 19 20 23 25 28 31 32 0 
4 15 24 28 30 32 0 
10 19 20 23 24 31 33 34 0 
4 11 19 30 0 
1 2 3 10 11 22 24 0 
6 8 9 26 27 0 
9 11 15 16 19 23 30 0 
7 18 22 0 
1 9 28 31 0 
5 18 20 22 25 32 33 0 
15 24 27 31 32 0 
9 10 25 0 
8 10 13 14 17 23 28 31 0 
5 7 8 12 24 27 28 0 
1 3 5 15 18 24 33 0 
6 10 15 27 33 34 0 
7 13 21 28 0 
4 7 17 18 19 25 32 0 
1 2 6 8 9 32 0 
1 9 13 21 23 0 
16 22 26 27 0 
9 13 18 19 24 27 30 33 0 
1 3 4 5 16 17 29 30 33 0 
3 4 18 24 32 34 0 
5 19 0 
9 10 13 26 0 
6 8 10 15 16 17 18 24 29 30 0 
8 14 19 22 23 25 26 34 0 
4 10 12 18 20 32 0 
1 11 14 18 28 29 32 0 
11 24 25 28 29 0 
13 16 17 26 0 
6 9 16 23 32 0 
7 10 11 13 29 34 0 
2 6 7 8 11 15 24 32 34 0 
19 29 31 32 34 0 
2 10 24 25 30 33 0 
2 6 7 8 18 22 23 26 34 0 
1 5 8 12 13 15 19 24 26 27 28 33 0 
4 7 9 12 18 23 26 34 0 
3 11 20 27 28 30 34 0 
7 10 16 19 22 25 34 0 
7 11 15 18 19 34 0 
1 7 8 10 15 16 22 28 31 33 34 0 
6 13 22 23 25 27 28 30 32 33 0 
5 11 19 26 28 0 
14 15 23 24 26 27 0 
4 5 7 9 16 27 0 
6 12 14 16 22 33 0 
6 15 20 21 0 
5 7 10 13 15 16 29 32 33 0 
5 11 16 17 23 24 30 0 
1 6 15 17 24 0 
4 9 14 19 22 26 32 0 
9 10 19 20 22 26 29 30 34 0 
2 21 34 0 
2 18 31 0 
2 3 4 11 15 19 25 29 30 33 0 
16 19 20 21 24 0 
8 11 18 22 26 0 
2 20 29 30 32 33 0 
3 5 9 20 21 25 32 0 
1 4 26 28 0 
1 6 9 13 17 20 25 26 32 0 
1 8 15 16 20 21 24 25 27 33 34 0 
7 16 25 27 0 
4 12 13 16 21 33 34 0 
9 14 19 21 23 28 30 31 33 0 
5 10 12 14 26 27 34 0 
6 8 14 18 31 0 
3 13 15 17 18 23 30 0 
4 15 20 22 26 27 0 
3 4 5 7 8 9 11 13 20 21 22 33 0 
1 7 19 28 32 0 
3 4 9 12 16 20 21 23 24 28 0 
6 8 11 16 18 22 23 31 0 
6 10 15 25 27 31 0 
3 7 12 16 17 19 33 0 
9 15 16 17 0 
2 5 7 23 33 0 
3 4 9 18 26 29 0 
5 16 19 20 23 27 34 0 
8 9 16 18 0 
1 2 10 24 27 29 32 33 0 
1 3 4 17 18 30 0 
5 15 18 23 25 26 34 0 
1 13 17 20 23 24 0 
1 6 7 17 21 24 31 0 
2 10 11 19 25 26 0 
4 9 21 24 0 
3 13 14 21 22 0 
2 20 21 24 28 34 0 
2 6 18 29 30 33 34 0 
2 3 4 19 25 31 34 0 
7 12 14 16 22 23 24 26 29 31 0 
3 10 11 17 20 21 25 32 34 0 
4 22 23 25 27 30 0 
1 2 8 9 12 14 21 22 26 0 
5 6 10 12 13 16 22 28 31 0 
1 4 6 21 23 27 0 
10 11 19 21 22 28 34 0 
1 9 20 21 23 26 28 30 0 
13 17 20 23 26 27 28 31 0 
2 6 9 15 20 26 27 31 0 
9 14 24 31 0 
6 9 14 16 18 23 28 33 0 
8 10 13 15 29 34 0 
4 8 11 17 21 23 24 26 31 0 
9 11 18 26 27 32 34 0 
10 13 14 20 29 33 0 
5 6 30 31 0 
8 12 14 18 25 26 30 0 
3 6 7 16 18 26 30 0 
16 17 22 23 26 28 29 0 
1 3 10 12 29 30 0 
7 11 19 21 24 26 27 28 30 34 0 
3 9 10 18 20 23 26 0 
4 8 11 15 24 26 30 0 
6 10 20 0 
3 4 5 22 32 33 0 
8 10 26 27 29 0 
5 12 13 16 20 24 25 0 
5 8 9 10 16 18 25 26 0 
4 7 11 16 29 34 0 
7 12 19 32 0 
1 3 6 9 13 15 26 0 
2 4 5 6 9 16 23 24 0 
3 8 14 20 22 23 26 31 0 
4 12 14 15 23 0 
1 2 8 19 20 0 
8 11 14 17 26 34 0 
9 11 13 30 0 
10 15 0 
10 17 19 22 29 0 
4 21 26 28 0 
17 20 25 32 0 
13 14 20 21 26 33 0 
3 10 29 32 0 
1 8 12 19 21 23 28 31 0 
2 6 25 29 30 34 0 
12 14 18 29 32 0 
12 31 33 0 
1 12 15 17 18 20 21 23 24 25 27 31 32 0 
4 8 17 18 21 30 0 
4 8 17 23 0 
11 13 14 16 24 29 33 0 
9 18 26 30 0 
1 5 23 24 25 29 0 
6 8 17 20 21 26 29 0 
2 11 23 33 0 
7 21 25 28 34 0 
1 8 11 15 18 23 26 0 
7 10 19 21 23 24 30 34 0 
3 4 9 12 15 19 22 0 
3 16 19 22 24 33 0 
4 5 7 8 24 27 29 33 0 
9 18 19 20 27 28 32 0 
7 17 20 28 31 0 
5 7 17 20 25 27 31 0 
21 23 25 27 28 0 
6 16 24 27 33 0 
1 5 6 7 8 22 29 0 
-4 -5 -24 -28 -29 -31 -32 0 
-2 -11 -16 -23 -27 -30 -31 0 
-2 -6 -7 -10 -19 -25 -30 0 
-1 -7 -13 -24 -30 0 
-5 -9 -13 -14 -15 -19 -24 -28 -31 0 
-1 -2 -10 -26 -30 -32 0 
-3 -11 -12 -22 -26 0 
-5 -14 -15 -25 -28 -31 0 
-7 -13 -16 -24 -26 -34 0 
-6 -11 -18 -32 0 
-2 -18 -22 -23 -27 0 
-1 -6 -13 -23 -30 0 
-2 -15 -33 0 
-7 -11 -14 -18 -32 -34 0 
-3 -5 -17 -21 -26 -27 -28 0 
-9 -10 -25 -31 -34 0 
-6 -15 -32 -33 0 
-1 -4 -8 -11 -20 -24 -25 0 
-6 -12 -21 -27 -28 -30 0 
-2 -3 -4 -10 -15 -19 -33 0 
-9 -10 -16 -18 -20 -21 -22 -31 -34 0 
-3 -8 -17 -30 0 
-2 -4 -16 -20 0 
-2 -3 -6 -18 -23 -26 0 
-3 -4 -9 -10 -17 -33 -34 0 
-2 -3 -5 -13 -16 -21 -25 -28 -32 0 
-2 -7 -9 -18 0 
-1 -7 -9 -14 -20 -21 -30 -34 0 
-3 -15 -29 -31 0 
-3 -13 -18 -25 -26 -31 -32 0 
-5 -10 -17 -20 -22 0 
-7 -13 -25 -26 -29 0 
-3 -5 -13 -28 -32 0 
-6 -10 -11 -17 -20 -26 -33 -34 0 
-7 -15 -21 -26 -28 -29 -31 0 
-1 -3 -21 -22 -23 -25 0 
-2 -7 -8 -11 -23 -25 -28 0 
-5 -10 -25 -26 -29 0 
-2 -6 -8 -12 -13 -14 -16 -22 -24 -32 -33 0 
-8 -15 -19 -24 0 
-7 -8 -15 -16 -18 -24 -27 -28 -33 0 
-7 -9 -13 -14 -16 -23 -34 0 
-4 -6 -9 -19 -28 -32 0 
-3 -14 -20 -31 -33 0 
-1 -5 -13 -15 -19 -22 -26 0 
-3 -8 -13 -16 -32 0 
-6 -10 -20 -26 -34 0 
-1 -2 -8 -17 -18 -20 -21 -25 -32 0 
-1 -16 -17 -18 -23 -25 -26 -28 -32 0 
-6 -9 -13 -14 -19 -25 -26 -30 -32 0 
-7 -9 -14 -19 -25 -26 0 
-2 -8 -18 -31 0 
-1 -12 -20 -32 -33 -34 0 
-1 -4 -6 -7 -9 -10 -23 -29 -33 0 
-6 -8 -9 -12 -14 -30 0 
-8 -16 -31 -34 0 
-2 -3 -4 -21 -32 -34 0 
-8 -17 -31 0 
-2 -5 -17 -18 -21 -22 -24 -25 -26 -33 -34 0 
-6 -8 -10 -11 -13 -22 -30 -33 0 
-3 -4 -7 -8 0 
-1 -2 -12 -31 0 
-7 -14 -16 -19 -25 -28 -30 0 
-1 -4 -10 -15 -17 -21 -23 -31 -33 0 
-1 -3 -4 -8 -19 -24 -30 0 
-1 -3 -8 -18 -24 -32 -33 0 
-5 -6 -9 -12 -13 -17 -23 -24 -27 -31 0 
-1 -11 -16 -28 -29 -34 0 
-9 -11 -12 -16 -23 -25 0 
-1 -3 -7 -18 -22 -23 -24 -25 -32 0 
-11 -13 -15 -19 -20 -23 -27 -30 -34 0 
-11 -13 -14 -30 -34 0 
-6 -15 -20 -26 -28 -33 0 
-7 -12 -20 -34 0 
-24 -27 -28 0 
-4 -20 -22 -29 0 
-3 -8 -10 -20 -23 -31 0 
-9 -12 -19 0 
-2 -7 -12 -19 -32 0 
-2 -14 -17 -19 -22 -27 -30 0 
-5 -7 -17 -18 -25 -32 -34 0 
-6 -8 -10 -11 -16 -18 -26 0 
-6 -12 -14 -15 -25 -29 0 
-1 -10 -11 -14 -20 -22 -28 -34 0 
-6 -11 -21 -22 -26 -33 0 
-3 -7 -9 -15 -16 -26 -28 0 
-20 -29 -32 -34 0 
-2 -3 -7 -9 -10 -13 -14 -23 0 
-8 -17 -24 -32 0 
-3 -6 -9 -13 -27 -28 -33 0 
-1 -10 -16 -20 -29 0 
-5 -11 -17 -24 -27 -33 0 
-3 -9 -16 -17 -21 -27 -31 0 
-4 -7 -24 -27 -29 -34 0 
-4 -7 -9 -14 -16 -34 0 
-8 -18 -22 -24 -28 -34 0 
-1 -11 -23 -30 -32 0 
-2 -4 -8 -25 -26 0 
-2 -5 -8 -9 -27 0 
-1 -9 -10 -21 -22 -29 -32 -34 0 
-6 -11 -19 -25 -28 -32 -34 0 
-8 -9 -11 -13 -15 -20 -29 -32 0 
-8 -10 -20 -29 -30 -33 0 
-3 -5 -13 -20 0 
-9 -10 -27 -30 0 
-15 -17 -18 -24 -26 -28 -29 0 
-13 -14 -20 -25 -34 0 
-2 -6 -14 -21 -23 -24 -26 -30 0 
-4 -12 -14 -19 -24 -27 -33 0 
-2 -6 -8 -22 0 
-6 -10 -13 -26 -31 -33 0 
-11 -17 -23 -31 0 
-8 -10 -13 -14 -23 -30 0 
-2 -5 -8 -11 -15 -19 0 
-2 -3 -10 -11 -14 -27 -30 0 
-5 -6 -8 -20 -27 -29 0 
-9 -10 -21 -30 -32 0 
-4 -5 -10 -17 -21 -23 -31 -32 0 
-1 -3 -9 -10 -16 -20 -21 -28 0 
-2 -17 -19 -20 -23 -26 -31 -33 0 
-1 -3 -4 -11 -12 -13 -19 -30 0 
-12 -18 -20 -27 -30 -31 -32 0 
-4 -6 -23 -27 0 
-3 -4 -7 -8 -30 -32 0 
-21 -25 0 
-4 -7 -12 -14 -24 0 
-9 -16 -18 -26 -27 0 
-1 -21 -32 -34 0 
-7 -13 -14 -19 -23 -25 -29 -31 -32 0 
-1 -3 -15 -18 -33 0 
-6 -10 0 
-6 -11 -26 0 
-10 -19 -22 -27 -31 0 
-1 -12 -19 -27 0 
-4 -9 -11 -13 -15 -17 -19 -31 0 
-1 -2 -6 -11 -14 0 
-5 -14 -23 -24 -27 -32 0 
-3 -6 -13 -17 -27 0 
-12 -14 -16 -33 0 
-1 -4 -6 -16 -17 -21 -22 -32 0 
-1 -15 -23 -27 -28 0 
-8 -12 -29 -30 -31 0 
-5 -7 -16 -18 -27 0 
-1 -4 -5 -9 -11 -14 -19 -26 -29 -34 0 
-3 -9 -26 -28 0 
-11 -14 -19 -22 -24 0 
-2 -8 -15 -25 -26 -28 -33 -34 0 
-2 -3 -10 -13 -19 -30 -31 0 
-3 -4 -18 -21 -22 -34 0 
-1 -9 -24 -27 -34 0 
-1 -3 -9 -11 -14 -15 -20 -21 -24 -30 0 
-6 -12 -13 -20 -21 -23 -27 -33 0 
-11 -14 -18 -20 -26 -27 -31 0 
-2 -4 -8 -16 -23 0 
-6 -7 -11 -18 -21 -34 0 
-6 -8 -9 -10 -14 -18 -20 -25 -27 -31 0 
-6 -8 -11 -14 -16 -18 -21 -30 -33 0 
-2 -13 -16 -18 -24 -25 -33 -34 0 
-2 -4 -12 -14 -15 -16 -21 -31 0 
-3 -18 -19 -24 -27 -29 0 
-7 -13 -16 -22 -24 -26 -28 0 
-6 -14 -15 -23 -26 -32 -34 0 
-2 -14 -15 -16 -20 0 
-1 -13 -19 -21 -22 -33 0 
-8 -10 -11 -16 -26 -27 -31 -33 0 
-3 -6 -10 -11 -12 -21 -25 0 
-9 -18 -20 -24 0 
-8 -12 -19 -21 -23 -28 -31 -33 0 
-2 -12 -17 -18 -25 -34 0 
-3 -13 -17 -23 -24 -27 -29 0 
-1 -8 -19 -27 0 
-2 -3 -8 -16 -21 -22 -26 -27 -31 0 
-10 -14 -16 -21 -31 -32 0 
-1 -4 -5 -13 -20 -23 -34 0 
-4 -6 -12 -19 -24 -25 -27 -28 -29 -31 0 
-4 -5 -21 -29 0 
-2 -4 -8 -10 -13 -14 -30 -32 -33 -34 0 
-2 -4 -7 -13 -21 -22 -24 -29 0 
-10 -11 -20 -32 -34 0 
-7 -20 -21 -25 -34 0 
-3 -8 -15 -20 0 
-5 -13 -29 0 
-3 -4 -5 -22 -30 -31 0 
-13 -14 -16 -23 -33 -34 0 
-6 -14 -16 -20 -23 -24 -34 0 
-6 -10 -12 -23 0 
-6 -8 -9 -10 -32 -34 0 
-3 -6 -9 -16 -19 -24 -31 -33 0 
-2 -8 -18 -24 0 
-3 -7 -14 -21 -31 -32 -33 0 
-8 -9 -19 -27 -29 0 
-3 -7 -12 -18 -25 -26 -31 -34 0 
-2 -4 -5 -16 -17 -18 -21 -26 -29 -30 -33 0 
-9 -18 -21 -23 0 
-7 -10 -11 -12 -14 -20 -29 -34 0 
-14 -15 -16 -17 -19 -23 -26 -27 0 
-3 -4 -14 -23 -25 -27 -28 0 
-1 -5 -8 -11 -12 -18 0 
-10 -11 -15 -18 -26 -33 0 
-5 -8 -11 -13 -15 -24 0 
-3 -4 -9 -12 -19 -21 -22 -29 -31 -34 0 
-1 -5 -8 -13 -17 -30 0 
-1 -17 -29 -31 0 
-17 -18 -23 -27 -28 0 
-2 -16 -17 -24 -28 -30 0 
-1 -2 -8 -13 0 
-8 -9 -11 -18 -23 -26 0 
-1 -6 -13 -16 -21 -24 -26 -30 -32 -33 0 
-4 -7 -15 -16 -21 -22 0 
-2 -4 -5 -11 -12 -17 -18 -20 -22 0 
-1 -2 -4 -12 -28 -33 -34 0 
-4 -5 -7 -11 -18 -22 -30 -31 -32 0 
-4 -22 -25 -33 0 
-1 -6 -16 -20 -33 0 
-6 -7 -18 -29 -31 -33 0 
-1 -11 -12 -22 -23 -26 0 
-1 -8 -12 -19 -20 0 
-2 -3 -8 -13 -16 -22 -24 -30 -33 -34 0 
-2 -10 -12 -17 -18 -22 -24 -29 -30 -32 0 
-3 -9 -17 -22 -26 0 
-5 -8 -10 -11 -19 -21 -23 -31 0 
-1 -8 -13 -19 -25 -29 -31 0 
-8 -11 -17 -19 -22 -25 -28 0 
-14 -31 0 
-1 -3 -5 -6 -10 -19 -25 -30 -31 0 
-6 -7 -8 -12 -27 -31 -33 0 
-5 -8 -10 -12 -16 -19 -22 -27 0 
-5 -6 -11 -23 0 
-1 -8 -14 -18 -24 -33 0 
-1 -17 -21 -24 -29 -31 -34 0 
-3 -6 -14 -23 -25 -26 -27 -30 0 
-8 -12 -14 -17 -19 0 
-7 -11 -12 -22 -26 -28 0 
-3 -5 -7 -15 -29 0 
-3 -5 -6 -14 -15 -23 0 
-2 -4 -9 -11 -20 -21 0 
-5 -16 -19 -28 -30 0 
-2 -7 -10 -18 -20 -23 -34 0 
-4 -10 -19 -20 -23 -25 -28 -31 -32 0 
-4 -15 -24 -28 -30 -32 0 
-10 -19 -20 -23 -24 -31 -33 -34 0 
-4 -11 -19 -30 0 
-1 -2 -3 -10 -11 -22 -24 0 
-6 -8 -9 -26 -27 0 
-9 -11 -15 -16 -19 -23 -30 0 
-7 -18 -22 0 
-1 -9 -28 -31 0 
-5 -18 -20 -22 -25 -32 -33 0 
-15 -24 -27 -31 -32 0 
-9 -10 -25 0 
-8 -10 -13 -14 -17 -23 -28 -31 0 
-5 -7 -8 -12 -24 -27 -28 0 
-1 -3 -5 -15 -18 -24 -33 0 
-6 -10 -15 -27 -33 -34 0 
-7 -13 -21 -28 0 
-4 -7 -17 -18 -19 -25 -32 0 
-1 -2 -6 -8 -9 -32 0 
-1 -9 -13 -21 -23 0 
-16 -22 -26 -27 0 
-9 -13 -18 -19 -24 -27 -30 -33 0 
-1 -3 -4 -5 -16 -17 -29 -30 -33 0 
-3 -4 -18 -24 -32 -34 0 
-5 -19 0 
-9 -10 -13 -26 0 
-6 -8 -10 -15 -16 -17 -18 -24 -29 -30 0 
-8 -14 -19 -22 -23 -25 -26 -34 0 
-4 -10 -12 -18 -20 -32 0 
-1 -11 -14 -18 -28 -29 -32 0 
-11 -24 -25 -28 -29 0 
-13 -16 -17 -26 0 
-6 -9 -16 -23 -32 0 
-7 -10 -11 -13 -29 -34 0 
-2 -6 -7 -8 -11 -15 -24 -32 -34 0 
-19 -29 -31 -32 -34 0 
-2 -10 -24 -25 -30 -33 0 
-2 -6 -7 -8 -18 -22 -23 -26 -34 0 
-1 -5 -8 -12 -13 -15 -19 -24 -26 -27 -28 -33 0 
-4 -7 -9 -12 -18 -23 -26 -34 0 
-3 -11 -20 -27 -28 -30 -34 0 
-7 -10 -16 -19 -22 -25 -34 0 
-7 -11 -15 -18 -19 -34 0 
-1 -7 -8 -10 -15 -16 -22 -28 -31 -33 -34 0 
-6 -13 -22 -23 -25 -27 -28 -30 -32 -33 0 
-5 -11 -19 -26 -28 0 
-14 -15 -23 -24 -26 -27 0 
-4 -5 -7 -9 -16 -27 0 
-6 -12 -14 -16 -22 -33 0 
-6 -15 -20 -21 0 
-5 -7 -10 -13 -15 -16 -29 -32 -33 0 
-5 -11 -16 -17 -23 -24 -30 0 
-1 -6 -15 -17 -24 0 
-4 -9 -14 -19 -22 -26 -32 0 
-9 -10 -19 -20 -22 -26 -29 -30 -34 0 
-2 -21 -34 0 
-2 -18 -31 0 
-2 -3 -4 -11 -15 -19 -25 -29 -30 -33 0 
-16 -19 -20 -21 -24 0 
-8 -11 -18 -22 -26 0 
-2 -20 -29 -30 -32 -33 0 
-3 -5 -9 -20 -21 -25 -32 0 
-1 -4 -26 -28 0 
-1 -6 -9 -13 -17 -20 -25 -26 -32 0 
-1 -8 -15 -16 -20 -21 -24 -25 -27 -33 -34 0 
-7 -16 -25 -27 0 
-4 -12 -13 -16 -21 -33 -34 0 
-9 -14 -19 -21 -23 -28 -30 -31 -33 0 
-5 -10 -12 -14 -26 -27 -34 0 
-6 -8 -14 -18 -31 0 
-3 -13 -15 -17 -18 -23 -30 0 
-4 -15 -20 -22 -26 -27 0 
-3 -4 -5 -7 -8 -9 -11 -13 -20 -21 -22 -33 0 
-1 -7 -19 -28 -32 0 
-3 -4 -9 -12 -16 -20 -21 -23 -24 -28 0 
-6 -8 -11 -16 -18 -22 -23 -31 0 
-6 -10 -15 -25 -27 -31 0 
-3 -7 -12 -16 -17 -19 -33 0 
-9 -15 -16 -17 0 
-2 -5 -7 -23 -33 0 
-3 -4 -9 -18 -26 -29 0 
-5 -16 -19 -20 -23 -27 -34 0 
-8 -9 -16 -18 0 
-1 -2 -10 -24 -27 -29 -32 -33 0 
-1 -3 -4 -17 -18 -30 0 
-5 -15 -18 -23 -25 -26 -34 0 
-1 -13 -17 -20 -23 -24 0 
-1 -6 -7 -17 -21 -24 -31 0 
-2 -10 -11 -19 -25 -26 0 
-4 -9 -21 -24 0 
-3 -13 -14 -21 -22 0 
-2 -20 -21 -24 -28 -34 0 
-2 -6 -18 -29 -30 -33 -34 0 
-2 -3 -4 -19 -25 -31 -34 0 
-7 -12 -14 -16 -22 -23 -24 -26 -29 -31 0 
-3 -10 -11 -17 -20 -21 -25 -32 -34 0 
-4 -22 -23 -25 -27 -30 0 
-1 -2 -8 -9 -12 -14 -21 -22 -26 0 
-5 -6 -10 -12 -13 -16 -22 -28 -31 0 
-1 -4 -6 -21 -23 -27 0 
-10 -11 -19 -21 -22 -28 -34 0 
-1 -9 -20 -21 -23 -26 -28 -30 0 
-13 -17 -20 -23 -26 -27 -28 -31 0 
-2 -6 -9 -15 -20 -26 -27 -31 0 
-9 -14 -24 -31 0 
-6 -9 -14 -16 -18 -23 -28 -33 0 
-8 -10 -13 -15 -29 -34 0 
-4 -8 -11 -17 -21 -23 -24 -26 -31 0 
-9 -11 -18 -26 -27 -32 -34 0 
-10 -13 -14 -20 -29 -33 0 
-5 -6 -30 -31 0 
-8 -12 -14 -18 -25 -26 -30 0 
-3 -6 -7 -16 -18 -26 -30 0 
-16 -17 -22 -23 -26 -28 -29 0 
-1 -3 -10 -12 -29 -30 0 
-7 -11 -19 -21 -24 -26 -27 -28 -30 -34 0 
-3 -9 -10 -18 -20 -23 -26 0 
-4 -8 -11 -15 -24 -26 -30 0 
-6 -10 -20 0 
-3 -4 -5 -22 -32 -33 0 
-8 -10 -26 -27 -29 0 
-5 -12 -13 -16 -20 -24 -25 0 
-5 -8 -9 -10 -16 -18 -25 -26 0 
-4 -7 -11 -16 -29 -34 0 
-7 -12 -19 -32 0 
-1 -3 -6 -9 -13 -15 -26 0 
-2 -4 -5 -6 -9 -16 -23 -24 0 
-3 -8 -14 -20 -22 -23 -26 -31 0 
-4 -12 -14 -15 -23 0 
-1 -2 -8 -19 -20 0 
-8 -11 -14 -17 -26 -34 0 
-9 -11 -13 -30 0 
-10 -15 0 
-10 -17 -19 -22 -29 0 
-4 -21 -26 -28 0 
-17 -20 -25 -32 0 
-13 -14 -20 -21 -26 -33 0 
-3 -10 -29 -32 0 
-1 -8 -12 -19 -21 -23 -28 -31 0 
-2 -6 -25 -29 -30 -34 0 
-12 -14 -18 -29 -32 0 
-12 -31 -33 0 
-1 -12 -15 -17 -18 -20 -21 -23 -24 -25 -27 -31 -32 0 
-4 -8 -17 -18 -21 -30 0 
-4 -8 -17 -23 0 
-11 -13 -14 -16 -24 -29 -33 0 
-9 -18 -26 -30 0 
-1 -5 -23 -24 -25 -29 0 
-6 -8 -17 -20 -21 -26 -29 0 
-2 -11 -23 -33 0 
-7 -21 -25 -28 -34 0 
-1 -8 -11 -15 -18 -23 -26 0 
-7 -10 -19 -21 -23 -24 -30 -34 0 
-3 -4 -9 -12 -15 -19 -22 0 
-3 -16 -19 -22 -24 -33 0 
-4 -5 -7 -8 -24 -27 -29 -33 0 
-9 -18 -19 -20 -27 -28 -32 0 
-7 -17 -20 -28 -31 0 
-5 -7 -17 -20 -25 -27 -31 0 
-21 -23 -25 -27 -28 0 
-6 -16 -24 -27 -33 0 
-1 -5 -6 -7 -8 -22 -29 0 
