p cnf 35 800
12 14 20 22 26 27 31 0 
3 7 14 23 29 31 0 
11 13 27 30 32 0 
3 4 9 26 31 33 35 0 
9 11 16 18 20 30 0 
3 7 24 29 0 
1 5 13 22 28 29 0 
6 15 20 27 31 0 
12 14 19 20 21 28 30 35 0 
1 3 7 8 12 28 33 34 0 
2 8 9 13 16 26 32 35 0 
3 8 12 25 27 0 
12 17 18 28 30 0 
1 12 27 31 32 0 
1 8 11 16 20 29 30 33 0 
14 19 30 32 0 
16 17 23 27 28 34 0 
3 5 13 14 18 21 26 29 35 0 
24 26 30 34 35 0 
3 7 12 13 19 27 30 0 
6 7 8 10 24 26 28 33 34 35 0 
6 10 11 33 0 
5 9 19 20 27 0 
2 3 10 13 17 22 26 0 
11 14 22 27 28 35 0 
7 8 13 15 17 20 0 
4 13 15 34 0 
2 3 6 7 11 16 22 25 27 29 33 0 
8 9 19 27 35 0 
1 2 11 12 23 24 27 32 0 
4 7 13 21 22 23 29 34 0 
8 16 22 24 28 30 35 0 
11 18 21 26 0 
2 10 12 24 25 0 
1 9 16 19 30 0 
4 8 18 21 22 27 30 0 
3 5 8 25 26 27 0 
13 18 22 32 33 35 0 
2 3 6 7 8 10 11 16 31 0 
2 11 14 19 20 30 0 
1 4 6 10 11 14 17 19 22 30 0 
2 4 16 23 0 
5 6 10 20 23 27 33 0 
1 7 8 12 26 0 
10 14 25 26 28 29 35 0 
10 12 24 31 35 0 
6 8 14 18 23 24 32 0 
8 18 34 35 0 
2 4 7 8 10 11 14 16 19 31 0 
5 8 17 18 24 26 27 33 0 
7 8 12 20 28 29 32 34 0 
5 10 14 16 25 29 31 0 
7 10 15 33 0 
2 4 6 8 9 13 17 25 32 0 
5 11 19 24 28 33 35 0 
7 15 16 18 19 25 27 35 0 
5 7 9 11 21 27 30 34 0 
9 11 13 20 23 27 0 
5 12 26 35 0 
2 5 9 29 32 34 35 0 
11 12 19 22 25 26 27 29 30 35 0 
5 6 7 16 20 25 0 
2 7 9 10 15 17 19 29 33 0 
2 6 7 8 14 15 18 32 0 
3 4 5 9 10 15 32 0 
4 9 0 
9 15 17 32 33 0 
1 3 4 5 7 15 31 33 0 
4 6 12 16 20 24 0 
2 8 10 16 21 23 28 33 0 
2 3 4 5 13 17 23 28 29 32 0 
5 9 13 27 28 29 34 0 
3 8 22 23 24 0 
7 22 31 32 0 
5 7 13 21 27 28 29 30 0 
10 16 20 21 23 31 34 0 
11 12 14 16 17 18 22 33 0 
3 10 18 24 28 31 0 
3 5 7 10 14 20 34 0 
2 3 12 13 14 22 31 35 0 
3 6 15 18 0 
10 13 14 20 27 0 
2 5 24 33 0 
1 3 8 11 20 25 30 0 
2 5 6 14 16 20 35 0 
2 9 12 16 17 18 19 31 33 0 
4 12 16 17 21 29 0 
6 9 14 18 23 25 0 
2 7 25 0 
14 17 25 34 0 
6 9 13 17 18 35 0 
4 8 9 13 17 18 26 30 0 
11 14 24 28 34 35 0 
2 10 13 15 20 23 35 0 
12 13 16 18 21 32 33 0 
4 6 8 11 22 23 30 34 0 
1 5 7 18 19 21 32 35 0 
1 7 9 11 13 23 25 31 34 35 0 
8 14 15 16 30 0 
1 16 27 0 
2 13 18 22 25 35 0 
2 5 8 9 11 16 28 0 
8 11 13 18 22 23 27 0 
3 10 13 14 19 20 21 23 24 34 0 
6 8 12 18 27 28 34 0 
22 23 27 30 32 34 35 0 
7 15 27 29 30 33 35 0 
4 7 16 20 22 24 26 0 
1 2 9 19 26 0 
4 5 15 21 31 0 
10 17 18 19 23 0 
14 19 23 25 32 0 
14 24 26 31 0 
6 8 11 13 17 19 20 23 26 31 32 33 0 
1 4 9 10 13 14 23 31 0 
16 17 35 0 
4 6 8 12 21 0 
4 5 8 18 20 28 0 
2 9 11 16 26 29 30 0 
7 14 23 25 0 
1 5 6 7 8 34 0 
2 3 6 10 19 24 26 31 32 0 
1 2 12 16 22 23 27 30 31 0 
14 15 20 22 30 32 0 
5 9 16 22 0 
2 6 7 13 18 23 26 27 34 0 
4 8 9 17 18 0 
10 15 18 19 21 28 32 0 
3 5 7 23 32 35 0 
3 10 35 0 
6 11 30 34 0 
2 15 24 30 0 
5 19 21 28 32 33 35 0 
5 8 11 12 22 23 27 0 
5 9 13 15 28 30 35 0 
14 17 19 20 31 0 
9 16 17 20 24 26 33 34 35 0 
7 9 13 14 23 31 32 0 
3 5 16 17 18 23 24 27 0 
4 7 25 31 0 
1 9 14 32 0 
2 8 9 17 19 29 0 
1 10 12 14 31 0 
1 5 8 11 26 30 0 
4 22 23 0 
7 11 22 23 28 0 
1 3 8 13 19 22 23 24 25 28 35 0 
5 8 9 14 17 21 23 25 32 33 35 0 
6 12 17 28 35 0 
2 3 7 8 11 23 30 33 34 0 
7 12 19 23 28 30 0 
2 15 22 24 31 32 0 
2 3 9 19 29 35 0 
3 4 5 7 23 24 34 0 
3 10 11 16 19 24 31 0 
13 17 18 19 28 0 
3 8 10 15 17 24 26 33 0 
1 8 13 14 23 26 27 30 0 
1 10 11 16 25 32 34 0 
13 14 19 32 35 0 
8 12 18 21 33 0 
3 10 23 32 0 
5 16 17 19 20 21 22 24 29 0 
6 17 19 21 25 28 0 
1 4 5 6 9 28 29 0 
1 4 12 14 28 33 0 
1 7 8 16 18 35 0 
2 7 14 22 27 0 
2 5 18 21 22 24 30 31 0 
5 16 17 18 30 0 
11 21 23 26 29 33 35 0 
3 12 33 35 0 
1 2 15 18 23 26 27 29 31 32 0 
5 7 13 23 26 29 30 31 0 
2 15 16 17 0 
2 3 6 10 23 27 0 
1 4 6 9 11 18 21 23 0 
2 5 15 17 28 33 0 
16 25 29 31 0 
12 18 19 22 28 34 0 
2 10 11 15 22 24 28 30 0 
5 6 31 33 0 
3 12 17 21 33 0 
3 8 18 22 25 26 35 0 
4 17 18 21 22 25 33 0 
10 12 17 29 31 34 0 
7 14 26 28 31 0 
8 12 13 26 29 33 35 0 
9 11 13 22 33 0 
2 6 12 20 25 31 0 
1 3 16 19 21 27 29 0 
2 4 8 16 23 27 33 0 
3 7 9 17 26 0 
1 3 5 6 8 10 15 27 0 
6 13 14 17 19 24 25 0 
6 7 15 24 25 29 31 34 0 
16 24 25 32 0 
5 8 9 13 20 22 23 35 0 
1 4 7 10 21 33 0 
12 17 20 21 30 32 33 34 0 
3 8 20 26 32 0 
4 5 9 10 15 24 26 30 35 0 
7 8 17 18 22 28 30 0 
2 5 8 12 15 19 35 0 
7 8 17 22 35 0 
3 14 15 18 19 20 23 25 0 
1 4 8 9 25 26 28 35 0 
2 6 14 18 0 
5 13 15 18 24 25 34 0 
10 14 29 31 32 35 0 
7 8 12 18 30 31 33 34 0 
4 7 15 17 19 23 26 30 0 
2 3 13 21 22 27 33 35 0 
15 20 22 24 26 0 
1 6 9 12 17 21 23 31 32 33 0 
11 12 19 20 23 24 25 27 30 31 0 
14 15 26 35 0 
6 14 15 27 32 0 
27 33 34 0 
5 6 13 14 19 25 26 31 33 0 
19 32 34 0 
1 10 12 14 18 24 33 34 35 0 
5 6 9 17 19 20 32 33 0 
4 14 15 26 28 0 
8 10 13 27 32 0 
1 5 7 8 9 15 16 28 29 0 
1 13 17 22 28 35 0 
1 2 6 7 14 16 17 0 
1 10 14 15 16 17 19 30 32 0 
4 5 6 10 24 30 34 0 
2 3 7 14 16 18 19 21 24 29 30 31 32 35 0 
16 21 23 24 27 29 32 33 0 
7 8 15 18 19 29 32 0 
1 10 23 27 31 34 0 
10 17 25 32 0 
5 7 12 15 24 30 0 
13 14 16 28 0 
4 6 7 10 23 31 0 
8 14 18 30 32 0 
1 2 12 14 17 19 0 
8 16 19 28 32 0 
3 23 25 28 29 32 35 0 
2 6 9 11 15 18 26 27 28 29 31 34 0 
3 10 12 23 0 
8 19 33 0 
1 20 28 34 0 
1 4 6 16 22 33 0 
7 14 16 17 18 21 22 29 30 0 
2 3 4 9 11 14 17 33 0 
8 14 22 35 0 
6 8 9 14 16 22 23 30 31 0 
4 7 14 24 33 0 
7 10 11 14 16 17 22 26 30 34 0 
1 3 29 31 32 0 
8 12 14 23 24 26 28 32 0 
2 5 25 30 0 
3 23 27 29 33 0 
7 11 13 35 0 
2 3 5 9 14 33 0 
3 4 6 9 18 19 21 25 0 
9 20 21 28 0 
2 3 7 23 25 32 0 
10 17 20 28 30 0 
1 4 21 24 25 33 0 
2 6 8 12 13 14 17 21 27 31 0 
5 10 23 30 33 34 0 
2 27 30 0 
4 18 20 22 24 35 0 
3 4 6 13 15 33 0 
6 8 13 20 25 31 0 
6 7 16 18 21 35 0 
8 10 14 18 25 32 33 34 0 
6 13 18 30 31 0 
8 19 25 0 
4 16 27 28 29 0 
5 6 10 12 15 21 28 0 
6 8 19 24 26 0 
7 12 20 22 26 27 28 0 
4 27 28 31 0 
7 9 14 28 0 
7 9 13 19 20 31 0 
5 14 18 23 27 35 0 
4 10 13 15 30 0 
2 3 4 8 19 23 30 33 0 
4 5 11 24 27 28 0 
6 9 17 25 0 
2 6 7 9 10 24 0 
1 4 5 9 16 25 28 0 
1 2 7 8 22 24 27 29 31 33 0 
1 6 9 25 26 31 0 
3 10 14 22 35 0 
2 3 4 7 11 12 18 25 26 0 
14 28 30 32 0 
5 6 9 18 24 25 0 
1 3 9 23 25 27 28 34 0 
6 13 16 18 24 28 0 
19 21 28 32 33 35 0 
4 6 16 25 0 
10 11 24 29 0 
1 5 7 9 17 26 0 
20 21 23 29 32 35 0 
3 5 12 14 19 23 29 34 35 0 
2 3 4 15 23 30 34 35 0 
8 9 17 21 24 25 0 
1 10 14 16 20 30 32 0 
2 11 26 32 0 
2 16 19 23 30 31 0 
4 5 12 13 14 22 0 
8 10 24 25 26 33 0 
7 27 28 30 0 
12 16 28 33 35 0 
5 7 9 10 12 15 20 21 28 29 0 
2 7 8 17 25 0 
1 3 16 17 18 19 29 30 0 
9 10 13 17 21 30 0 
3 4 8 14 17 19 28 0 
4 8 16 19 22 0 
3 16 26 30 0 
1 9 12 13 17 18 20 23 24 33 34 0 
1 4 5 6 10 17 28 34 0 
1 7 10 19 0 
6 11 15 19 20 33 35 0 
1 4 10 20 27 34 35 0 
4 23 24 30 33 0 
1 3 7 17 25 26 29 31 0 
5 19 23 25 27 28 30 31 33 0 
2 9 17 21 25 35 0 
2 4 29 0 
9 28 30 35 0 
17 21 23 24 25 27 35 0 
2 4 10 14 27 33 0 
7 12 16 17 20 30 31 32 0 
3 4 6 13 14 28 30 33 0 
5 6 15 16 18 22 29 33 34 0 
1 6 14 16 23 34 0 
11 14 17 25 26 28 33 34 0 
4 5 9 10 12 14 18 20 23 25 35 0 
6 8 12 17 23 35 0 
2 6 12 22 24 26 28 34 0 
1 7 11 25 27 0 
10 19 29 34 0 
4 6 7 11 13 22 25 0 
17 20 23 27 28 32 0 
9 21 34 0 
9 17 30 32 33 0 
10 12 24 26 0 
4 10 14 30 31 32 0 
2 7 9 22 0 
1 3 5 6 7 11 14 27 28 33 34 35 0 
1 12 18 20 29 34 35 0 
5 9 10 12 19 20 27 31 32 35 0 
10 18 22 25 26 0 
2 10 11 16 20 28 0 
3 4 21 0 
4 14 16 19 25 33 35 0 
4 8 19 20 25 26 0 
7 8 13 18 23 32 0 
2 8 10 14 23 27 29 0 
7 14 15 16 24 33 0 
1 8 22 0 
4 5 9 17 18 20 29 30 0 
1 16 24 28 30 32 0 
3 14 21 25 27 28 31 33 0 
1 2 5 10 12 17 24 25 31 0 
6 10 16 18 20 24 35 0 
1 3 16 28 0 
3 5 15 17 23 25 34 0 
6 13 14 19 20 0 
9 15 27 28 34 0 
24 28 30 0 
9 14 15 16 31 33 0 
6 8 9 14 16 17 23 0 
5 12 15 0 
3 7 12 18 21 24 28 0 
10 12 16 23 25 35 0 
7 14 20 26 0 
4 5 7 11 12 16 19 35 0 
5 14 16 28 31 33 0 
2 8 9 15 19 26 0 
9 18 19 26 30 0 
1 2 8 11 18 24 25 29 30 31 0 
11 15 17 21 33 0 
4 17 18 22 32 0 
5 6 8 13 29 31 0 
5 6 12 13 15 26 28 30 31 32 0 
7 8 9 20 0 
5 14 17 30 33 0 
5 6 11 15 19 21 23 25 0 
5 9 18 19 29 0 
2 5 7 16 22 26 28 29 31 0 
1 8 13 15 27 28 0 
7 12 25 26 30 31 0 
2 9 16 17 25 26 28 33 0 
3 8 17 28 32 0 
1 2 3 4 6 8 22 24 27 33 0 
1 6 18 22 23 32 0 
2 6 7 11 12 21 23 32 0 
7 9 13 14 19 28 0 
5 15 32 0 
1 4 7 20 22 28 30 33 0 
-12 -14 -20 -22 -26 -27 -31 0 
-3 -7 -14 -23 -29 -31 0 
-11 -13 -27 -30 -32 0 
-3 -4 -9 -26 -31 -33 -35 0 
-9 -11 -16 -18 -20 -30 0 
-3 -7 -24 -29 0 
-1 -5 -13 -22 -28 -29 0 
-6 -15 -20 -27 -31 0 
-12 -14 -19 -20 -21 -28 -30 -35 0 
-1 -3 -7 -8 -12 -28 -33 -34 0 
-2 -8 -9 -13 -16 -26 -32 -35 0 
-3 -8 -12 -25 -27 0 
-12 -17 -18 -28 -30 0 
-1 -12 -27 -31 -32 0 
-1 -8 -11 -16 -20 -29 -30 -33 0 
-14 -19 -30 -32 0 
-16 -17 -23 -27 -28 -34 0 
-3 -5 -13 -14 -18 -21 -26 -29 -35 0 
-24 -26 -30 -34 -35 0 
-3 -7 -12 -13 -19 -27 -30 0 
-6 -7 -8 -10 -24 -26 -28 -33 -34 -35 0 
-6 -10 -11 -33 0 
-5 -9 -19 -20 -27 0 
-2 -3 -10 -13 -17 -22 -26 0 
-11 -14 -22 -27 -28 -35 0 
-7 -8 -13 -15 -17 -20 0 
-4 -13 -15 -34 0 
-2 -3 -6 -7 -11 -16 -22 -25 -27 -29 -33 0 
-8 -9 -19 -27 -35 0 
-1 -2 -11 -12 -23 -24 -27 -32 0 
-4 -7 -13 -21 -22 -23 -29 -34 0 
-8 -16 -22 -24 -28 -30 -35 0 
-11 -18 -21 -26 0 
-2 -10 -12 -24 -25 0 
-1 -9 -16 -19 -30 0 
-4 -8 -18 -21 -22 -27 -30 0 
-3 -5 -8 -25 -26 -27 0 
-13 -18 -22 -32 -33 -35 0 
-2 -3 -6 -7 -8 -10 -11 -16 -31 0 
-2 -11 -14 -19 -20 -30 0 
-1 -4 -6 -10 -11 -14 -17 -19 -22 -30 0 
-2 -4 -16 -23 0 
-5 -6 -10 -20 -23 -27 -33 0 
-1 -7 -8 -12 -26 0 
-10 -14 -25 -26 -28 -29 -35 0 
-10 -12 -24 -31 -35 0 
-6 -8 -14 -18 -23 -24 -32 0 
-8 -18 -34 -35 0 
-2 -4 -7 -8 -10 -11 -14 -16 -19 -31 0 
-5 -8 -17 -18 -24 -26 -27 -33 0 
-7 -8 -12 -20 -28 -29 -32 -34 0 
-5 -10 -14 -16 -25 -29 -31 0 
-7 -10 -15 -33 0 
-2 -4 -6 -8 -9 -13 -17 -25 -32 0 
-5 -11 -19 -24 -28 -33 -35 0 
-7 -15 -16 -18 -19 -25 -27 -35 0 
-5 -7 -9 -11 -21 -27 -30 -34 0 
-9 -11 -13 -20 -23 -27 0 
-5 -12 -26 -35 0 
-2 -5 -9 -29 -32 -34 -35 0 
-11 -12 -19 -22 -25 -26 -27 -29 -30 -35 0 
-5 -6 -7 -16 -20 -25 0 
-2 -7 -9 -10 -15 -17 -19 -29 -33 0 
-2 -6 -7 -8 -14 -15 -18 -32 0 
-3 -4 -5 -9 -10 -15 -32 0 
-4 -9 0 
-9 -15 -17 -32 -33 0 
-1 -3 -4 -5 -7 -15 -31 -33 0 
-4 -6 -12 -16 -20 -24 0 
-2 -8 -10 -16 -21 -23 -28 -33 0 
-2 -3 -4 -5 -13 -17 -23 -28 -29 -32 0 
-5 -9 -13 -27 -28 -29 -34 0 
-3 -8 -22 -23 -24 0 
-7 -22 -31 -32 0 
-5 -7 -13 -21 -27 -28 -29 -30 0 
-10 -16 -20 -21 -23 -31 -34 0 
-11 -12 -14 -16 -17 -18 -22 -33 0 
-3 -10 -18 -24 -28 -31 0 
-3 -5 -7 -10 -14 -20 -34 0 
-2 -3 -12 -13 -14 -22 -31 -35 0 
-3 -6 -15 -18 0 
-10 -13 -14 -20 -27 0 
-2 -5 -24 -33 0 
-1 -3 -8 -11 -20 -25 -30 0 
-2 -5 -6 -14 -16 -20 -35 0 
-2 -9 -12 -16 -17 -18 -19 -31 -33 0 
-4 -12 -16 -17 -21 -29 0 
-6 -9 -14 -18 -23 -25 0 
-2 -7 -25 0 
-14 -17 -25 -34 0 
-6 -9 -13 -17 -18 -35 0 
-4 -8 -9 -13 -17 -18 -26 -30 0 
-11 -14 -24 -28 -34 -35 0 
-2 -10 -13 -15 -20 -23 -35 0 
-12 -13 -16 -18 -21 -32 -33 0 
-4 -6 -8 -11 -22 -23 -30 -34 0 
-1 -5 -7 -18 -19 -21 -32 -35 0 
-1 -7 -9 -11 -13 -23 -25 -31 -34 -35 0 
-8 -14 -15 -16 -30 0 
-1 -16 -27 0 
-2 -13 -18 -22 -25 -35 0 
-2 -5 -8 -9 -11 -16 -28 0 
-8 -11 -13 -18 -22 -23 -27 0 
-3 -10 -13 -14 -19 -20 -21 -23 -24 -34 0 
-6 -8 -12 -18 -27 -28 -34 0 
-22 -23 -27 -30 -32 -34 -35 0 
-7 -15 -27 -29 -30 -33 -35 0 
-4 -7 -16 -20 -22 -24 -26 0 
-1 -2 -9 -19 -26 0 
-4 -5 -15 -21 -31 0 
-10 -17 -18 -19 -23 0 
-14 -19 -23 -25 -32 0 
-14 -24 -26 -31 0 
-6 -8 -11 -13 -17 -19 -20 -23 -26 -31 -32 -33 0 
-1 -4 -9 -10 -13 -14 -23 -31 0 
-16 -17 -35 0 
-4 -6 -8 -12 -21 0 
-4 -5 -8 -18 -20 -28 0 
-2 -9 -11 -16 -26 -29 -30 0 
-7 -14 -23 -25 0 
-1 -5 -6 -7 -8 -34 0 
-2 -3 -6 -10 -19 -24 -26 -31 -32 0 
-1 -2 -12 -16 -22 -23 -27 -30 -31 0 
-14 -15 -20 -22 -30 -32 0 
-5 -9 -16 -22 0 
-2 -6 -7 -13 -18 -23 -26 -27 -34 0 
-4 -8 -9 -17 -18 0 
-10 -15 -18 -19 -21 -28 -32 0 
-3 -5 -7 -23 -32 -35 0 
-3 -10 -35 0 
-6 -11 -30 -34 0 
-2 -15 -24 -30 0 
-5 -19 -21 -28 -32 -33 -35 0 
-5 -8 -11 -12 -22 -23 -27 0 
-5 -9 -13 -15 -28 -30 -35 0 
-14 -17 -19 -20 -31 0 
-9 -16 -17 -20 -24 -26 -33 -34 -35 0 
-7 -9 -13 -14 -23 -31 -32 0 
-3 -5 -16 -17 -18 -23 -24 -27 0 
-4 -7 -25 -31 0 
-1 -9 -14 -32 0 
-2 -8 -9 -17 -19 -29 0 
-1 -10 -12 -14 -31 0 
-1 -5 -8 -11 -26 -30 0 
-4 -22 -23 0 
-7 -11 -22 -23 -28 0 
-1 -3 -8 -13 -19 -22 -23 -24 -25 -28 -35 0 
-5 -8 -9 -14 -17 -21 -23 -25 -32 -33 -35 0 
-6 -12 -17 -28 -35 0 
-2 -3 -7 -8 -11 -23 -30 -33 -34 0 
-7 -12 -19 -23 -28 -30 0 
-2 -15 -22 -24 -31 -32 0 
-2 -3 -9 -19 -29 -35 0 
-3 -4 -5 -7 -23 -24 -34 0 
-3 -10 -11 -16 -19 -24 -31 0 
-13 -17 -18 -19 -28 0 
-3 -8 -10 -15 -17 -24 -26 -33 0 
-1 -8 -13 -14 -23 -26 -27 -30 0 
-1 -10 -11 -16 -25 -32 -34 0 
-13 -14 -19 -32 -35 0 
-8 -12 -18 -21 -33 0 
-3 -10 -23 -32 0 
-5 -16 -17 -19 -20 -21 -22 -24 -29 0 
-6 -17 -19 -21 -25 -28 0 
-1 -4 -5 -6 -9 -28 -29 0 
-1 -4 -12 -14 -28 -33 0 
-1 -7 -8 -16 -18 -35 0 
-2 -7 -14 -22 -27 0 
-2 -5 -18 -21 -22 -24 -30 -31 0 
-5 -16 -17 -18 -30 0 
-11 -21 -23 -26 -29 -33 -35 0 
-3 -12 -33 -35 0 
-1 -2 -15 -18 -23 -26 -27 -29 -31 -32 0 
-5 -7 -13 -23 -26 -29 -30 -31 0 
-2 -15 -16 -17 0 
-2 -3 -6 -10 -23 -27 0 
-1 -4 -6 -9 -11 -18 -21 -23 0 
-2 -5 -15 -17 -28 -33 0 
-16 -25 -29 -31 0 
-12 -18 -19 -22 -28 -34 0 
-2 -10 -11 -15 -22 -24 -28 -30 0 
-5 -6 -31 -33 0 
-3 -12 -17 -21 -33 0 
-3 -8 -18 -22 -25 -26 -35 0 
-4 -17 -18 -21 -22 -25 -33 0 
-10 -12 -17 -29 -31 -34 0 
-7 -14 -26 -28 -31 0 
-8 -12 -13 -26 -29 -33 -35 0 
-9 -11 -13 -22 -33 0 
-2 -6 -12 -20 -25 -31 0 
-1 -3 -16 -19 -21 -27 -29 0 
-2 -4 -8 -16 -23 -27 -33 0 
-3 -7 -9 -17 -26 0 
-1 -3 -5 -6 -8 -10 -15 -27 0 
-6 -13 -14 -17 -19 -24 -25 0 
-6 -7 -15 -24 -25 -29 -31 -34 0 
-16 -24 -25 -32 0 
-5 -8 -9 -13 -20 -22 -23 -35 0 
-1 -4 -7 -10 -21 -33 0 
-12 -17 -20 -21 -30 -32 -33 -34 0 
-3 -8 -20 -26 -32 0 
-4 -5 -9 -10 -15 -24 -26 -30 -35 0 
-7 -8 -17 -18 -22 -28 -30 0 
-2 -5 -8 -12 -15 -19 -35 0 
-7 -8 -17 -22 -35 0 
-3 -14 -15 -18 -19 -20 -23 -25 0 
-1 -4 -8 -9 -25 -26 -28 -35 0 
-2 -6 -14 -18 0 
-5 -13 -15 -18 -24 -25 -34 0 
-10 -14 -29 -31 -32 -35 0 
-7 -8 -12 -18 -30 -31 -33 -34 0 
-4 -7 -15 -17 -19 -23 -26 -30 0 
-2 -3 -13 -21 -22 -27 -33 -35 0 
-15 -20 -22 -24 -26 0 
-1 -6 -9 -12 -17 -21 -23 -31 -32 -33 0 
-11 -12 -19 -20 -23 -24 -25 -27 -30 -31 0 
-14 -15 -26 -35 0 
-6 -14 -15 -27 -32 0 
-27 -33 -34 0 
-5 -6 -13 -14 -19 -25 -26 -31 -33 0 
-19 -32 -34 0 
-1 -10 -12 -14 -18 -24 -33 -34 -35 0 
-5 -6 -9 -17 -19 -20 -32 -33 0 
-4 -14 -15 -26 -28 0 
-8 -10 -13 -27 -32 0 
-1 -5 -7 -8 -9 -15 -16 -28 -29 0 
-1 -13 -17 -22 -28 -35 0 
-1 -2 -6 -7 -14 -16 -17 0 
-1 -10 -14 -15 -16 -17 -19 -30 -32 0 
-4 -5 -6 -10 -24 -30 -34 0 
-2 -3 -7 -14 -16 -18 -19 -21 -24 -29 -30 -31 -32 -35 0 
-16 -21 -23 -24 -27 -29 -32 -33 0 
-7 -8 -15 -18 -19 -29 -32 0 
-1 -10 -23 -27 -31 -34 0 
-10 -17 -25 -32 0 
-5 -7 -12 -15 -24 -30 0 
-13 -14 -16 -28 0 
-4 -6 -7 -10 -23 -31 0 
-8 -14 -18 -30 -32 0 
-1 -2 -12 -14 -17 -19 0 
-8 -16 -19 -28 -32 0 
-3 -23 -25 -28 -29 -32 -35 0 
-2 -6 -9 -11 -15 -18 -26 -27 -28 -29 -31 -34 0 
-3 -10 -12 -23 0 
-8 -19 -33 0 
-1 -20 -28 -34 0 
-1 -4 -6 -16 -22 -33 0 
-7 -14 -16 -17 -18 -21 -22 -29 -30 0 
-2 -3 -4 -9 -11 -14 -17 -33 0 
-8 -14 -22 -35 0 
-6 -8 -9 -14 -16 -22 -23 -30 -31 0 
-4 -7 -14 -24 -33 0 
-7 -10 -11 -14 -16 -17 -22 -26 -30 -34 0 
-1 -3 -29 -31 -32 0 
-8 -12 -14 -23 -24 -26 -28 -32 0 
-2 -5 -25 -30 0 
-3 -23 -27 -29 -33 0 
-7 -11 -13 -35 0 
-2 -3 -5 -9 -14 -33 0 
-3 -4 -6 -9 -18 -19 -21 -25 0 
-9 -20 -21 -28 0 
-2 -3 -7 -23 -25 -32 0 
-10 -17 -20 -28 -30 0 
-1 -4 -21 -24 -25 -33 0 
-2 -6 -8 -12 -13 -14 -17 -21 -27 -31 0 
-5 -10 -23 -30 -33 -34 0 
-2 -27 -30 0 
-4 -18 -20 -22 -24 -35 0 
-3 -4 -6 -13 -15 -33 0 
-6 -8 -13 -20 -25 -31 0 
-6 -7 -16 -18 -21 -35 0 
-8 -10 -14 -18 -25 -32 -33 -34 0 
-6 -13 -18 -30 -31 0 
-8 -19 -25 0 
-4 -16 -27 -28 -29 0 
-5 -6 -10 -12 -15 -21 -28 0 
-6 -8 -19 -24 -26 0 
-7 -12 -20 -22 -26 -27 -28 0 
-4 -27 -28 -31 0 
-7 -9 -14 -28 0 
-7 -9 -13 -19 -20 -31 0 
-5 -14 -18 -23 -27 -35 0 
-4 -10 -13 -15 -30 0 
-2 -3 -4 -8 -19 -23 -30 -33 0 
-4 -5 -11 -24 -27 -28 0 
-6 -9 -17 -25 0 
-2 -6 -7 -9 -10 -24 0 
-1 -4 -5 -9 -16 -25 -28 0 
-1 -2 -7 -8 -22 -24 -27 -29 -31 -33 0 
-1 -6 -9 -25 -26 -31 0 
-3 -10 -14 -22 -35 0 
-2 -3 -4 -7 -11 -12 -18 -25 -26 0 
-14 -28 -30 -32 0 
-5 -6 -9 -18 -24 -25 0 
-1 -3 -9 -23 -25 -27 -28 -34 0 
-6 -13 -16 -18 -24 -28 0 
-19 -21 -28 -32 -33 -35 0 
-4 -6 -16 -25 0 
-10 -11 -24 -29 0 
-1 -5 -7 -9 -17 -26 0 
-20 -21 -23 -29 -32 -35 0 
-3 -5 -12 -14 -19 -23 -29 -34 -35 0 
-2 -3 -4 -15 -23 -30 -34 -35 0 
-8 -9 -17 -21 -24 -25 0 
-1 -10 -14 -16 -20 -30 -32 0 
-2 -11 -26 -32 0 
-2 -16 -19 -23 -30 -31 0 
-4 -5 -12 -13 -14 -22 0 
-8 -10 -24 -25 -26 -33 0 
-7 -27 -28 -30 0 
-12 -16 -28 -33 -35 0 
-5 -7 -9 -10 -12 -15 -20 -21 -28 -29 0 
-2 -7 -8 -17 -25 0 
-1 -3 -16 -17 -18 -19 -29 -30 0 
-9 -10 -13 -17 -21 -30 0 
-3 -4 -8 -14 -17 -19 -28 0 
-4 -8 -16 -19 -22 0 
-3 -16 -26 -30 0 
-1 -9 -12 -13 -17 -18 -20 -23 -24 -33 -34 0 
-1 -4 -5 -6 -10 -17 -28 -34 0 
-1 -7 -10 -19 0 
-6 -11 -15 -19 -20 -33 -35 0 
-1 -4 -10 -20 -27 -34 -35 0 
-4 -23 -24 -30 -33 0 
-1 -3 -7 -17 -25 -26 -29 -31 0 
-5 -19 -23 -25 -27 -28 -30 -31 -33 0 
-2 -9 -17 -21 -25 -35 0 
-2 -4 -29 0 
-9 -28 -30 -35 0 
-17 -21 -23 -24 -25 -27 -35 0 
-2 -4 -10 -14 -27 -33 0 
-7 -12 -16 -17 -20 -30 -31 -32 0 
-3 -4 -6 -13 -14 -28 -30 -33 0 
-5 -6 -15 -16 -18 -22 -29 -33 -34 0 
-1 -6 -14 -16 -23 -34 0 
-11 -14 -17 -25 -26 -28 -33 -34 0 
-4 -5 -9 -10 -12 -14 -18 -20 -23 -25 -35 0 
-6 -8 -12 -17 -23 -35 0 
-2 -6 -12 -22 -24 -26 -28 -34 0 
-1 -7 -11 -25 -27 0 
-10 -19 -29 -34 0 
-4 -6 -7 -11 -13 -22 -25 0 
-17 -20 -23 -27 -28 -32 0 
-9 -21 -34 0 
-9 -17 -30 -32 -33 0 
-10 -12 -24 -26 0 
-4 -10 -14 -30 -31 -32 0 
-2 -7 -9 -22 0 
-1 -3 -5 -6 -7 -11 -14 -27 -28 -33 -34 -35 0 
-1 -12 -18 -20 -29 -34 -35 0 
-5 -9 -10 -12 -19 -20 -27 -31 -32 -35 0 
-10 -18 -22 -25 -26 0 
-2 -10 -11 -16 -20 -28 0 
-3 -4 -21 0 
-4 -14 -16 -19 -25 -33 -35 0 
-4 -8 -19 -20 -25 -26 0 
-7 -8 -13 -18 -23 -32 0 
-2 -8 -10 -14 -23 -27 -29 0 
-7 -14 -15 -16 -24 -33 0 
-1 -8 -22 0 
-4 -5 -9 -17 -18 -20 -29 -30 0 
-1 -16 -24 -28 -30 -32 0 
-3 -14 -21 -25 -27 -28 -31 -33 0 
-1 -2 -5 -10 -12 -17 -24 -25 -31 0 
-6 -10 -16 -18 -20 -24 -35 0 
-1 -3 -16 -28 0 
-3 -5 -15 -17 -23 -25 -34 0 
-6 -13 -14 -19 -20 0 
-9 -15 -27 -28 -34 0 
-24 -28 -30 0 
-9 -14 -15 -16 -31 -33 0 
-6 -8 -9 -14 -16 -17 -23 0 
-5 -12 -15 0 
-3 -7 -12 -18 -21 -24 -28 0 
-10 -12 -16 -23 -25 -35 0 
-7 -14 -20 -26 0 
-4 -5 -7 -11 -12 -16 -19 -35 0 
-5 -14 -16 -28 -31 -33 0 
-2 -8 -9 -15 -19 -26 0 
-9 -18 -19 -26 -30 0 
-1 -2 -8 -11 -18 -24 -25 -29 -30 -31 0 
-11 -15 -17 -21 -33 0 
-4 -17 -18 -22 -32 0 
-5 -6 -8 -13 -29 -31 0 
-5 -6 -12 -13 -15 -26 -28 -30 -31 -32 0 
-7 -8 -9 -20 0 
-5 -14 -17 -30 -33 0 
-5 -6 -11 -15 -19 -21 -23 -25 0 
-5 -9 -18 -19 -29 0 
-2 -5 -7 -16 -22 -26 -28 -29 -31 0 
-1 -8 -13 -15 -27 -28 0 
-7 -12 -25 -26 -30 -31 0 
-2 -9 -16 -17 -25 -26 -28 -33 0 
-3 -8 -17 -28 -32 0 
-1 -2 -3 -4 -6 -8 -22 -24 -27 -33 0 
-1 -6 -18 -22 -23 -32 0 
-2 -6 -7 -11 -12 -21 -23 -32 0 
-7 -9 -13 -14 -19 -28 0 
-5 -15 -32 0 
-1 -4 -7 -20 -22 -28 -30 -33 0 
