p cnf 35 800
2 7 13 18 19 21 25 0 
3 6 7 8 11 19 31 35 0 
13 17 22 29 34 35 0 
4 5 6 13 16 26 31 0 
11 21 22 0 
2 11 23 24 33 35 0 
7 8 9 11 20 22 0 
4 12 13 19 32 0 
5 17 19 20 31 0 
6 10 21 23 26 35 0 
1 2 12 25 33 35 0 
10 15 20 21 27 0 
25 27 28 34 35 0 
1 4 6 18 23 25 31 35 0 
1 6 8 12 15 28 33 0 
10 15 16 18 22 23 24 27 32 33 0 
1 8 9 18 21 25 30 33 34 0 
7 20 22 23 0 
1 14 20 26 33 34 0 
5 6 7 12 16 20 22 29 31 32 0 
6 8 21 25 0 
11 15 20 28 32 34 0 
15 18 26 30 0 
4 9 11 12 18 21 23 29 30 31 0 
1 5 10 21 27 28 0 
8 12 20 24 34 35 0 
13 17 29 0 
1 7 10 17 30 0 
9 12 21 35 0 
8 9 15 17 28 29 33 0 
1 2 3 8 10 21 23 29 35 0 
1 10 12 14 15 24 0 
2 7 10 18 19 20 32 34 0 
1 8 10 12 23 26 27 0 
1 2 3 6 17 18 23 24 32 34 0 
2 7 9 17 21 25 29 31 33 35 0 
8 11 14 18 21 28 32 34 0 
6 8 11 13 14 23 24 27 28 33 0 
3 8 12 19 24 30 33 0 
5 8 10 11 18 21 22 24 0 
5 10 18 22 28 0 
2 11 22 34 0 
5 9 15 16 17 27 0 
2 3 13 21 22 29 0 
4 12 16 19 27 30 0 
4 5 12 13 15 26 35 0 
9 10 11 21 26 27 31 0 
18 20 23 27 0 
3 7 14 21 29 32 0 
3 6 18 27 28 34 0 
5 9 19 27 28 29 30 0 
4 5 14 22 26 30 31 34 0 
3 11 15 21 23 27 0 
10 15 18 19 24 25 27 28 34 35 0 
5 8 13 21 33 35 0 
6 7 8 13 20 22 0 
4 11 18 21 27 34 35 0 
9 10 15 16 22 26 29 0 
2 16 20 23 35 0 
3 5 9 15 21 29 32 0 
2 5 8 14 28 31 33 0 
4 6 8 18 24 32 35 0 
7 15 24 28 30 32 0 
3 8 11 16 20 35 0 
4 6 13 17 19 22 26 28 0 
9 10 12 17 28 33 0 
5 15 17 18 21 23 29 0 
9 17 23 24 25 33 34 0 
11 14 15 18 26 28 0 
3 5 12 29 32 33 0 
3 4 21 30 0 
3 7 21 29 32 35 0 
10 19 21 28 32 35 0 
5 14 21 23 24 32 0 
5 10 14 25 26 31 32 35 0 
4 9 11 25 28 33 35 0 
3 10 30 31 32 34 0 
5 6 13 21 22 27 31 32 33 0 
1 5 7 9 21 23 30 35 0 
1 2 3 15 17 20 34 0 
1 5 9 13 19 0 
1 13 21 29 31 0 
1 3 4 14 17 31 33 0 
7 8 9 16 25 30 34 0 
7 8 9 18 19 22 34 0 
4 13 17 25 26 29 30 0 
6 8 13 15 16 19 21 22 30 31 32 34 0 
2 18 19 20 26 27 29 34 0 
2 6 24 31 0 
15 20 21 26 32 0 
12 13 26 31 0 
1 10 12 18 23 0 
1 4 12 19 24 30 0 
8 13 17 20 24 0 
1 9 11 27 33 0 
1 3 7 14 31 33 0 
7 8 23 31 35 0 
9 19 21 29 30 31 32 33 0 
8 9 10 13 14 20 23 25 28 34 35 0 
10 17 29 0 
7 9 17 18 21 28 0 
8 9 14 19 31 0 
10 12 18 22 23 33 0 
4 5 11 15 17 20 32 33 0 
6 13 18 27 28 32 33 0 
1 22 23 26 29 30 33 0 
2 12 20 28 33 35 0 
4 10 12 14 16 23 27 0 
4 17 20 21 27 0 
13 22 26 29 0 
10 20 30 32 34 0 
2 4 6 20 22 26 0 
6 17 20 21 25 28 0 
13 28 31 32 34 0 
6 7 18 20 22 33 0 
1 2 3 5 20 31 0 
8 11 15 23 0 
5 8 9 26 30 0 
5 8 9 14 20 25 31 0 
3 9 18 22 23 0 
5 6 21 35 0 
19 21 0 
1 6 9 16 18 23 24 25 26 31 0 
6 10 14 20 25 30 32 0 
12 15 21 22 34 0 
5 7 8 24 28 30 32 0 
10 13 14 22 26 32 0 
11 13 17 21 23 28 0 
10 13 15 16 18 22 24 30 35 0 
3 9 10 16 26 35 0 
5 6 8 13 22 28 32 34 0 
2 3 4 7 9 14 16 25 27 0 
8 11 12 14 17 27 29 31 0 
1 3 10 13 21 23 25 0 
3 4 10 13 15 24 28 0 
1 2 4 6 10 19 30 32 33 0 
18 19 22 23 32 0 
3 8 13 34 0 
2 7 8 17 27 31 0 
19 26 27 0 
2 10 11 12 20 26 32 0 
8 13 29 31 0 
5 6 22 30 33 0 
11 13 19 20 23 30 33 0 
8 11 12 29 33 35 0 
1 2 9 11 12 33 0 
2 5 7 34 0 
2 6 10 12 15 20 22 32 34 35 0 
3 14 16 21 27 31 0 
4 11 14 31 34 0 
5 8 10 14 20 30 0 
10 11 13 14 16 23 26 0 
5 7 10 15 29 35 0 
3 12 20 28 0 
2 16 17 29 34 0 
13 22 31 0 
4 10 11 25 29 0 
14 17 19 27 0 
5 6 10 16 18 27 0 
2 4 23 25 0 
10 15 16 17 20 27 29 33 0 
5 6 13 14 20 21 27 28 32 0 
7 11 13 20 23 26 31 0 
2 14 18 31 34 0 
4 11 14 21 27 0 
7 8 15 23 30 31 0 
5 7 18 35 0 
11 13 17 26 0 
4 6 10 13 14 17 18 21 26 28 0 
8 15 24 27 28 31 33 0 
9 13 15 17 20 22 29 0 
1 5 10 20 29 30 32 0 
3 15 19 24 25 29 31 33 34 0 
4 5 6 12 17 22 31 33 0 
9 10 17 18 19 20 21 24 25 31 32 0 
4 11 24 34 0 
1 2 4 10 14 15 18 23 29 0 
4 14 15 21 24 29 35 0 
2 3 4 5 8 16 25 29 0 
5 9 16 17 22 24 29 0 
11 21 24 26 32 0 
1 4 8 31 0 
7 14 18 19 20 22 24 27 28 29 32 0 
2 4 28 32 35 0 
1 2 6 14 26 33 0 
10 15 16 28 33 35 0 
2 7 18 24 28 32 35 0 
2 11 12 15 18 35 0 
1 4 14 29 31 32 0 
2 3 5 7 12 0 
15 28 29 0 
5 9 13 15 18 20 27 34 0 
2 6 8 9 16 17 19 31 35 0 
4 8 13 14 19 25 26 34 0 
5 17 20 25 0 
5 10 11 15 17 20 23 26 33 0 
9 10 18 22 0 
4 8 12 14 15 18 22 25 33 34 0 
8 22 28 35 0 
10 12 19 21 24 26 28 29 30 33 35 0 
2 10 15 20 22 23 27 0 
3 13 14 20 21 25 29 0 
1 2 3 13 14 17 24 0 
1 6 10 15 21 29 33 0 
6 10 11 19 24 0 
2 11 15 26 33 0 
6 8 17 19 30 31 32 0 
1 14 22 31 33 34 35 0 
10 11 12 15 27 30 34 0 
4 5 7 15 19 35 0 
12 15 18 21 28 35 0 
2 3 10 16 18 26 32 33 35 0 
3 5 16 26 27 32 0 
2 7 9 34 0 
24 31 34 0 
8 18 24 25 26 27 29 33 0 
1 2 4 7 13 16 35 0 
7 19 21 23 25 26 29 0 
6 8 12 15 23 34 0 
7 13 15 17 18 19 33 0 
1 5 13 14 23 24 30 33 0 
1 18 21 23 25 26 31 0 
1 10 13 21 30 0 
2 25 30 31 0 
4 6 19 20 25 35 0 
5 13 15 25 28 30 32 0 
4 7 8 15 17 27 28 29 31 0 
25 31 32 34 35 0 
4 10 19 29 31 0 
1 13 21 25 27 0 
1 4 7 13 16 25 0 
5 7 20 25 27 31 0 
3 14 15 22 28 29 30 0 
2 13 15 16 21 31 32 35 0 
1 3 7 18 19 0 
2 6 7 18 19 21 24 34 0 
2 11 16 19 25 32 0 
8 9 14 20 27 33 34 35 0 
8 9 10 14 15 18 21 26 0 
3 4 5 7 15 25 28 29 0 
9 11 26 27 0 
17 25 26 28 29 33 34 0 
10 18 19 29 30 0 
5 6 7 10 13 16 24 26 28 29 0 
1 6 11 25 28 31 0 
10 11 16 17 19 23 28 35 0 
4 7 17 19 20 0 
9 16 17 24 34 0 
4 5 8 12 17 0 
1 2 11 15 19 21 25 30 34 0 
3 4 7 9 13 21 23 24 25 31 0 
3 7 11 20 24 34 35 0 
5 17 21 26 33 35 0 
3 4 7 15 17 20 27 29 30 31 34 0 
6 9 12 15 21 26 27 29 31 34 0 
3 5 13 14 15 22 0 
2 4 5 10 15 20 26 30 0 
5 11 20 23 31 0 
5 8 12 13 15 25 30 0 
3 4 15 26 29 0 
7 11 20 21 22 0 
3 10 17 18 19 32 0 
3 4 9 25 31 32 35 0 
3 5 7 13 15 20 21 28 0 
1 2 10 23 24 0 
3 7 12 17 20 21 22 27 28 32 0 
8 21 23 25 0 
1 8 22 27 28 0 
13 33 35 0 
1 14 19 25 0 
2 6 11 12 17 23 0 
3 4 10 14 16 26 27 28 30 34 0 
4 7 9 11 22 30 34 35 0 
7 8 9 29 31 0 
1 6 11 14 15 0 
3 8 20 22 26 32 0 
3 4 16 21 27 0 
1 6 7 10 14 18 24 32 0 
2 8 9 13 14 15 16 19 0 
5 13 16 24 27 0 
4 16 21 28 0 
17 20 22 25 33 35 0 
1 3 4 13 17 22 0 
1 2 4 10 12 18 35 0 
1 5 10 14 27 29 0 
5 27 28 0 
11 13 15 23 31 34 0 
11 18 21 26 32 33 35 0 
3 5 12 18 25 30 32 0 
3 4 23 27 34 0 
1 3 18 20 25 0 
6 10 16 17 20 31 35 0 
6 12 30 0 
3 19 26 32 33 0 
1 12 16 17 19 30 31 0 
12 14 29 31 0 
3 5 14 16 20 23 25 31 0 
5 12 23 34 35 0 
4 8 11 20 29 0 
1 8 11 29 32 35 0 
3 6 15 21 22 29 35 0 
7 9 13 18 22 27 0 
1 4 19 27 31 33 0 
8 18 24 29 30 35 0 
4 6 11 13 27 34 35 0 
2 14 16 20 34 0 
6 9 25 27 30 0 
4 5 8 9 15 16 21 26 30 0 
2 5 16 21 25 32 0 
8 13 15 21 22 28 30 0 
1 2 10 12 13 16 17 0 
6 8 11 19 24 25 31 0 
6 10 15 17 20 27 29 0 
7 10 23 31 0 
12 20 25 30 0 
4 7 9 17 18 19 24 30 31 34 0 
1 3 6 11 15 17 22 24 31 32 0 
1 10 12 14 15 17 18 23 25 32 0 
2 7 10 14 28 0 
3 6 24 31 33 0 
1 11 17 22 31 0 
1 6 13 16 29 31 0 
9 10 11 28 35 0 
4 9 24 26 34 35 0 
1 3 11 13 18 20 25 35 0 
18 24 25 32 0 
3 7 11 12 13 17 26 29 33 34 0 
10 11 22 27 31 32 0 
6 11 20 31 33 0 
12 21 28 32 33 34 0 
4 10 13 20 27 28 0 
3 9 23 28 33 0 
5 6 12 13 18 24 25 27 0 
2 4 14 21 22 26 31 34 35 0 
5 6 7 8 12 0 
1 2 3 13 17 19 27 34 35 0 
6 7 20 27 0 
10 14 15 22 30 34 0 
1 8 20 24 25 26 28 0 
3 4 5 12 17 19 0 
10 21 22 24 31 0 
4 7 26 0 
4 11 15 17 34 0 
1 4 16 18 21 22 25 35 0 
3 11 13 25 26 34 0 
8 24 27 31 32 0 
8 12 18 19 29 0 
1 20 24 31 33 0 
4 10 11 15 18 23 0 
1 8 21 25 31 33 34 35 0 
5 12 18 21 23 28 0 
8 13 15 17 18 24 25 28 32 34 0 
4 17 25 26 29 0 
8 9 20 27 33 0 
4 6 9 13 14 15 35 0 
2 3 12 16 22 23 25 0 
4 5 6 13 16 21 22 24 26 33 0 
4 8 13 15 19 20 24 30 0 
2 3 4 6 8 19 21 25 27 29 35 0 
10 17 24 0 
1 6 8 9 11 22 28 34 0 
6 7 8 9 28 30 0 
1 3 14 15 16 19 21 23 0 
15 16 20 23 28 30 0 
1 2 4 6 19 33 0 
1 2 14 26 0 
2 3 14 19 26 0 
1 8 10 12 21 23 24 0 
3 7 27 29 0 
9 10 11 28 35 0 
3 4 8 22 25 27 0 
7 8 12 14 15 18 21 22 32 0 
3 12 19 22 26 0 
7 13 15 18 21 32 33 0 
1 10 21 25 28 29 0 
1 6 21 27 35 0 
2 3 10 22 24 26 27 34 0 
1 4 7 10 14 15 27 32 0 
3 8 16 22 33 35 0 
4 7 18 0 
1 5 8 18 19 25 28 29 0 
5 12 17 20 22 0 
1 5 7 8 10 14 23 0 
3 15 17 19 23 32 0 
9 12 23 25 26 28 0 
1 6 13 18 25 28 31 0 
3 4 9 11 16 23 26 0 
2 3 6 7 11 28 30 31 34 0 
3 6 13 21 25 26 32 0 
1 4 10 11 15 27 0 
2 7 12 17 19 22 23 24 28 32 0 
8 19 27 29 32 0 
3 13 15 20 23 26 33 35 0 
8 11 12 13 14 21 23 26 0 
9 14 16 18 21 24 25 26 29 33 0 
3 4 6 7 11 13 35 0 
3 6 8 18 19 28 29 34 35 0 
18 22 29 34 0 
1 11 13 18 28 30 0 
2 9 10 14 22 0 
-2 -7 -13 -18 -19 -21 -25 0 
-3 -6 -7 -8 -11 -19 -31 -35 0 
-13 -17 -22 -29 -34 -35 0 
-4 -5 -6 -13 -16 -26 -31 0 
-11 -21 -22 0 
-2 -11 -23 -24 -33 -35 0 
-7 -8 -9 -11 -20 -22 0 
-4 -12 -13 -19 -32 0 
-5 -17 -19 -20 -31 0 
-6 -10 -21 -23 -26 -35 0 
-1 -2 -12 -25 -33 -35 0 
-10 -15 -20 -21 -27 0 
-25 -27 -28 -34 -35 0 
-1 -4 -6 -18 -23 -25 -31 -35 0 
-1 -6 -8 -12 -15 -28 -33 0 
-10 -15 -16 -18 -22 -23 -24 -27 -32 -33 0 
-1 -8 -9 -18 -21 -25 -30 -33 -34 0 
-7 -20 -22 -23 0 
-1 -14 -20 -26 -33 -34 0 
-5 -6 -7 -12 -16 -20 -22 -29 -31 -32 0 
-6 -8 -21 -25 0 
-11 -15 -20 -28 -32 -34 0 
-15 -18 -26 -30 0 
-4 -9 -11 -12 -18 -21 -23 -29 -30 -31 0 
-1 -5 -10 -21 -27 -28 0 
-8 -12 -20 -24 -34 -35 0 
-13 -17 -29 0 
-1 -7 -10 -17 -30 0 
-9 -12 -21 -35 0 
-8 -9 -15 -17 -28 -29 -33 0 
-1 -2 -3 -8 -10 -21 -23 -29 -35 0 
-1 -10 -12 -14 -15 -24 0 
-2 -7 -10 -18 -19 -20 -32 -34 0 
-1 -8 -10 -12 -23 -26 -27 0 
-1 -2 -3 -6 -17 -18 -23 -24 -32 -34 0 
-2 -7 -9 -17 -21 -25 -29 -31 -33 -35 0 
-8 -11 -14 -18 -21 -28 -32 -34 0 
-6 -8 -11 -13 -14 -23 -24 -27 -28 -33 0 
-3 -8 -12 -19 -24 -30 -33 0 
-5 -8 -10 -11 -18 -21 -22 -24 0 
-5 -10 -18 -22 -28 0 
-2 -11 -22 -34 0 
-5 -9 -15 -16 -17 -27 0 
-2 -3 -13 -21 -22 -29 0 
-4 -12 -16 -19 -27 -30 0 
-4 -5 -12 -13 -15 -26 -35 0 
-9 -10 -11 -21 -26 -27 -31 0 
-18 -20 -23 -27 0 
-3 -7 -14 -21 -29 -32 0 
-3 -6 -18 -27 -28 -34 0 
-5 -9 -19 -27 -28 -29 -30 0 
-4 -5 -14 -22 -26 -30 -31 -34 0 
-3 -11 -15 -21 -23 -27 0 
-10 -15 -18 -19 -24 -25 -27 -28 -34 -35 0 
-5 -8 -13 -21 -33 -35 0 
-6 -7 -8 -13 -20 -22 0 
-4 -11 -18 -21 -27 -34 -35 0 
-9 -10 -15 -16 -22 -26 -29 0 
-2 -16 -20 -23 -35 0 
-3 -5 -9 -15 -21 -29 -32 0 
-2 -5 -8 -14 -28 -31 -33 0 
-4 -6 -8 -18 -24 -32 -35 0 
-7 -15 -24 -28 -30 -32 0 
-3 -8 -11 -16 -20 -35 0 
-4 -6 -13 -17 -19 -22 -26 -28 0 
-9 -10 -12 -17 -28 -33 0 
-5 -15 -17 -18 -21 -23 -29 0 
-9 -17 -23 -24 -25 -33 -34 0 
-11 -14 -15 -18 -26 -28 0 
-3 -5 -12 -29 -32 -33 0 
-3 -4 -21 -30 0 
-3 -7 -21 -29 -32 -35 0 
-10 -19 -21 -28 -32 -35 0 
-5 -14 -21 -23 -24 -32 0 
-5 -10 -14 -25 -26 -31 -32 -35 0 
-4 -9 -11 -25 -28 -33 -35 0 
-3 -10 -30 -31 -32 -34 0 
-5 -6 -13 -21 -22 -27 -31 -32 -33 0 
-1 -5 -7 -9 -21 -23 -30 -35 0 
-1 -2 -3 -15 -17 -20 -34 0 
-1 -5 -9 -13 -19 0 
-1 -13 -21 -29 -31 0 
-1 -3 -4 -14 -17 -31 -33 0 
-7 -8 -9 -16 -25 -30 -34 0 
-7 -8 -9 -18 -19 -22 -34 0 
-4 -13 -17 -25 -26 -29 -30 0 
-6 -8 -13 -15 -16 -19 -21 -22 -30 -31 -32 -34 0 
-2 -18 -19 -20 -26 -27 -29 -34 0 
-2 -6 -24 -31 0 
-15 -20 -21 -26 -32 0 
-12 -13 -26 -31 0 
-1 -10 -12 -18 -23 0 
-1 -4 -12 -19 -24 -30 0 
-8 -13 -17 -20 -24 0 
-1 -9 -11 -27 -33 0 
-1 -3 -7 -14 -31 -33 0 
-7 -8 -23 -31 -35 0 
-9 -19 -21 -29 -30 -31 -32 -33 0 
-8 -9 -10 -13 -14 -20 -23 -25 -28 -34 -35 0 
-10 -17 -29 0 
-7 -9 -17 -18 -21 -28 0 
-8 -9 -14 -19 -31 0 
-10 -12 -18 -22 -23 -33 0 
-4 -5 -11 -15 -17 -20 -32 -33 0 
-6 -13 -18 -27 -28 -32 -33 0 
-1 -22 -23 -26 -29 -30 -33 0 
-2 -12 -20 -28 -33 -35 0 
-4 -10 -12 -14 -16 -23 -27 0 
-4 -17 -20 -21 -27 0 
-13 -22 -26 -29 0 
-10 -20 -30 -32 -34 0 
-2 -4 -6 -20 -22 -26 0 
-6 -17 -20 -21 -25 -28 0 
-13 -28 -31 -32 -34 0 
-6 -7 -18 -20 -22 -33 0 
-1 -2 -3 -5 -20 -31 0 
-8 -11 -15 -23 0 
-5 -8 -9 -26 -30 0 
-5 -8 -9 -14 -20 -25 -31 0 
-3 -9 -18 -22 -23 0 
-5 -6 -21 -35 0 
-19 -21 0 
-1 -6 -9 -16 -18 -23 -24 -25 -26 -31 0 
-6 -10 -14 -20 -25 -30 -32 0 
-12 -15 -21 -22 -34 0 
-5 -7 -8 -24 -28 -30 -32 0 
-10 -13 -14 -22 -26 -32 0 
-11 -13 -17 -21 -23 -28 0 
-10 -13 -15 -16 -18 -22 -24 -30 -35 0 
-3 -9 -10 -16 -26 -35 0 
-5 -6 -8 -13 -22 -28 -32 -34 0 
-2 -3 -4 -7 -9 -14 -16 -25 -27 0 
-8 -11 -12 -14 -17 -27 -29 -31 0 
-1 -3 -10 -13 -21 -23 -25 0 
-3 -4 -10 -13 -15 -24 -28 0 
-1 -2 -4 -6 -10 -19 -30 -32 -33 0 
-18 -19 -22 -23 -32 0 
-3 -8 -13 -34 0 
-2 -7 -8 -17 -27 -31 0 
-19 -26 -27 0 
-2 -10 -11 -12 -20 -26 -32 0 
-8 -13 -29 -31 0 
-5 -6 -22 -30 -33 0 
-11 -13 -19 -20 -23 -30 -33 0 
-8 -11 -12 -29 -33 -35 0 
-1 -2 -9 -11 -12 -33 0 
-2 -5 -7 -34 0 
-2 -6 -10 -12 -15 -20 -22 -32 -34 -35 0 
-3 -14 -16 -21 -27 -31 0 
-4 -11 -14 -31 -34 0 
-5 -8 -10 -14 -20 -30 0 
-10 -11 -13 -14 -16 -23 -26 0 
-5 -7 -10 -15 -29 -35 0 
-3 -12 -20 -28 0 
-2 -16 -17 -29 -34 0 
-13 -22 -31 0 
-4 -10 -11 -25 -29 0 
-14 -17 -19 -27 0 
-5 -6 -10 -16 -18 -27 0 
-2 -4 -23 -25 0 
-10 -15 -16 -17 -20 -27 -29 -33 0 
-5 -6 -13 -14 -20 -21 -27 -28 -32 0 
-7 -11 -13 -20 -23 -26 -31 0 
-2 -14 -18 -31 -34 0 
-4 -11 -14 -21 -27 0 
-7 -8 -15 -23 -30 -31 0 
-5 -7 -18 -35 0 
-11 -13 -17 -26 0 
-4 -6 -10 -13 -14 -17 -18 -21 -26 -28 0 
-8 -15 -24 -27 -28 -31 -33 0 
-9 -13 -15 -17 -20 -22 -29 0 
-1 -5 -10 -20 -29 -30 -32 0 
-3 -15 -19 -24 -25 -29 -31 -33 -34 0 
-4 -5 -6 -12 -17 -22 -31 -33 0 
-9 -10 -17 -18 -19 -20 -21 -24 -25 -31 -32 0 
-4 -11 -24 -34 0 
-1 -2 -4 -10 -14 -15 -18 -23 -29 0 
-4 -14 -15 -21 -24 -29 -35 0 
-2 -3 -4 -5 -8 -16 -25 -29 0 
-5 -9 -16 -17 -22 -24 -29 0 
-11 -21 -24 -26 -32 0 
-1 -4 -8 -31 0 
-7 -14 -18 -19 -20 -22 -24 -27 -28 -29 -32 0 
-2 -4 -28 -32 -35 0 
-1 -2 -6 -14 -26 -33 0 
-10 -15 -16 -28 -33 -35 0 
-2 -7 -18 -24 -28 -32 -35 0 
-2 -11 -12 -15 -18 -35 0 
-1 -4 -14 -29 -31 -32 0 
-2 -3 -5 -7 -12 0 
-15 -28 -29 0 
-5 -9 -13 -15 -18 -20 -27 -34 0 
-2 -6 -8 -9 -16 -17 -19 -31 -35 0 
-4 -8 -13 -14 -19 -25 -26 -34 0 
-5 -17 -20 -25 0 
-5 -10 -11 -15 -17 -20 -23 -26 -33 0 
-9 -10 -18 -22 0 
-4 -8 -12 -14 -15 -18 -22 -25 -33 -34 0 
-8 -22 -28 -35 0 
-10 -12 -19 -21 -24 -26 -28 -29 -30 -33 -35 0 
-2 -10 -15 -20 -22 -23 -27 0 
-3 -13 -14 -20 -21 -25 -29 0 
-1 -2 -3 -13 -14 -17 -24 0 
-1 -6 -10 -15 -21 -29 -33 0 
-6 -10 -11 -19 -24 0 
-2 -11 -15 -26 -33 0 
-6 -8 -17 -19 -30 -31 -32 0 
-1 -14 -22 -31 -33 -34 -35 0 
-10 -11 -12 -15 -27 -30 -34 0 
-4 -5 -7 -15 -19 -35 0 
-12 -15 -18 -21 -28 -35 0 
-2 -3 -10 -16 -18 -26 -32 -33 -35 0 
-3 -5 -16 -26 -27 -32 0 
-2 -7 -9 -34 0 
-24 -31 -34 0 
-8 -18 -24 -25 -26 -27 -29 -33 0 
-1 -2 -4 -7 -13 -16 -35 0 
-7 -19 -21 -23 -25 -26 -29 0 
-6 -8 -12 -15 -23 -34 0 
-7 -13 -15 -17 -18 -19 -33 0 
-1 -5 -13 -14 -23 -24 -30 -33 0 
-1 -18 -21 -23 -25 -26 -31 0 
-1 -10 -13 -21 -30 0 
-2 -25 -30 -31 0 
-4 -6 -19 -20 -25 -35 0 
-5 -13 -15 -25 -28 -30 -32 0 
-4 -7 -8 -15 -17 -27 -28 -29 -31 0 
-25 -31 -32 -34 -35 0 
-4 -10 -19 -29 -31 0 
-1 -13 -21 -25 -27 0 
-1 -4 -7 -13 -16 -25 0 
-5 -7 -20 -25 -27 -31 0 
-3 -14 -15 -22 -28 -29 -30 0 
-2 -13 -15 -16 -21 -31 -32 -35 0 
-1 -3 -7 -18 -19 0 
-2 -6 -7 -18 -19 -21 -24 -34 0 
-2 -11 -16 -19 -25 -32 0 
-8 -9 -14 -20 -27 -33 -34 -35 0 
-8 -9 -10 -14 -15 -18 -21 -26 0 
-3 -4 -5 -7 -15 -25 -28 -29 0 
-9 -11 -26 -27 0 
-17 -25 -26 -28 -29 -33 -34 0 
-10 -18 -19 -29 -30 0 
-5 -6 -7 -10 -13 -16 -24 -26 -28 -29 0 
-1 -6 -11 -25 -28 -31 0 
-10 -11 -16 -17 -19 -23 -28 -35 0 
-4 -7 -17 -19 -20 0 
-9 -16 -17 -24 -34 0 
-4 -5 -8 -12 -17 0 
-1 -2 -11 -15 -19 -21 -25 -30 -34 0 
-3 -4 -7 -9 -13 -21 -23 -24 -25 -31 0 
-3 -7 -11 -20 -24 -34 -35 0 
-5 -17 -21 -26 -33 -35 0 
-3 -4 -7 -15 -17 -20 -27 -29 -30 -31 -34 0 
-6 -9 -12 -15 -21 -26 -27 -29 -31 -34 0 
-3 -5 -13 -14 -15 -22 0 
-2 -4 -5 -10 -15 -20 -26 -30 0 
-5 -11 -20 -23 -31 0 
-5 -8 -12 -13 -15 -25 -30 0 
-3 -4 -15 -26 -29 0 
-7 -11 -20 -21 -22 0 
-3 -10 -17 -18 -19 -32 0 
-3 -4 -9 -25 -31 -32 -35 0 
-3 -5 -7 -13 -15 -20 -21 -28 0 
-1 -2 -10 -23 -24 0 
-3 -7 -12 -17 -20 -21 -22 -27 -28 -32 0 
-8 -21 -23 -25 0 
-1 -8 -22 -27 -28 0 
-13 -33 -35 0 
-1 -14 -19 -25 0 
-2 -6 -11 -12 -17 -23 0 
-3 -4 -10 -14 -16 -26 -27 -28 -30 -34 0 
-4 -7 -9 -11 -22 -30 -34 -35 0 
-7 -8 -9 -29 -31 0 
-1 -6 -11 -14 -15 0 
-3 -8 -20 -22 -26 -32 0 
-3 -4 -16 -21 -27 0 
-1 -6 -7 -10 -14 -18 -24 -32 0 
-2 -8 -9 -13 -14 -15 -16 -19 0 
-5 -13 -16 -24 -27 0 
-4 -16 -21 -28 0 
-17 -20 -22 -25 -33 -35 0 
-1 -3 -4 -13 -17 -22 0 
-1 -2 -4 -10 -12 -18 -35 0 
-1 -5 -10 -14 -27 -29 0 
-5 -27 -28 0 
-11 -13 -15 -23 -31 -34 0 
-11 -18 -21 -26 -32 -33 -35 0 
-3 -5 -12 -18 -25 -30 -32 0 
-3 -4 -23 -27 -34 0 
-1 -3 -18 -20 -25 0 
-6 -10 -16 -17 -20 -31 -35 0 
-6 -12 -30 0 
-3 -19 -26 -32 -33 0 
-1 -12 -16 -17 -19 -30 -31 0 
-12 -14 -29 -31 0 
-3 -5 -14 -16 -20 -23 -25 -31 0 
-5 -12 -23 -34 -35 0 
-4 -8 -11 -20 -29 0 
-1 -8 -11 -29 -32 -35 0 
-3 -6 -15 -21 -22 -29 -35 0 
-7 -9 -13 -18 -22 -27 0 
-1 -4 -19 -27 -31 -33 0 
-8 -18 -24 -29 -30 -35 0 
-4 -6 -11 -13 -27 -34 -35 0 
-2 -14 -16 -20 -34 0 
-6 -9 -25 -27 -30 0 
-4 -5 -8 -9 -15 -16 -21 -26 -30 0 
-2 -5 -16 -21 -25 -32 0 
-8 -13 -15 -21 -22 -28 -30 0 
-1 -2 -10 -12 -13 -16 -17 0 
-6 -8 -11 -19 -24 -25 -31 0 
-6 -10 -15 -17 -20 -27 -29 0 
-7 -10 -23 -31 0 
-12 -20 -25 -30 0 
-4 -7 -9 -17 -18 -19 -24 -30 -31 -34 0 
-1 -3 -6 -11 -15 -17 -22 -24 -31 -32 0 
-1 -10 -12 -14 -15 -17 -18 -23 -25 -32 0 
-2 -7 -10 -14 -28 0 
-3 -6 -24 -31 -33 0 
-1 -11 -17 -22 -31 0 
-1 -6 -13 -16 -29 -31 0 
-9 -10 -11 -28 -35 0 
-4 -9 -24 -26 -34 -35 0 
-1 -3 -11 -13 -18 -20 -25 -35 0 
-18 -24 -25 -32 0 
-3 -7 -11 -12 -13 -17 -26 -29 -33 -34 0 
-10 -11 -22 -27 -31 -32 0 
-6 -11 -20 -31 -33 0 
-12 -21 -28 -32 -33 -34 0 
-4 -10 -13 -20 -27 -28 0 
-3 -9 -23 -28 -33 0 
-5 -6 -12 -13 -18 -24 -25 -27 0 
-2 -4 -14 -21 -22 -26 -31 -34 -35 0 
-5 -6 -7 -8 -12 0 
-1 -2 -3 -13 -17 -19 -27 -34 -35 0 
-6 -7 -20 -27 0 
-10 -14 -15 -22 -30 -34 0 
-1 -8 -20 -24 -25 -26 -28 0 
-3 -4 -5 -12 -17 -19 0 
-10 -21 -22 -24 -31 0 
-4 -7 -26 0 
-4 -11 -15 -17 -34 0 
-1 -4 -16 -18 -21 -22 -25 -35 0 
-3 -11 -13 -25 -26 -34 0 
-8 -24 -27 -31 -32 0 
-8 -12 -18 -19 -29 0 
-1 -20 -24 -31 -33 0 
-4 -10 -11 -15 -18 -23 0 
-1 -8 -21 -25 -31 -33 -34 -35 0 
-5 -12 -18 -21 -23 -28 0 
-8 -13 -15 -17 -18 -24 -25 -28 -32 -34 0 
-4 -17 -25 -26 -29 0 
-8 -9 -20 -27 -33 0 
-4 -6 -9 -13 -14 -15 -35 0 
-2 -3 -12 -16 -22 -23 -25 0 
-4 -5 -6 -13 -16 -21 -22 -24 -26 -33 0 
-4 -8 -13 -15 -19 -20 -24 -30 0 
-2 -3 -4 -6 -8 -19 -21 -25 -27 -29 -35 0 
-10 -17 -24 0 
-1 -6 -8 -9 -11 -22 -28 -34 0 
-6 -7 -8 -9 -28 -30 0 
-1 -3 -14 -15 -16 -19 -21 -23 0 
-15 -16 -20 -23 -28 -30 0 
-1 -2 -4 -6 -19 -33 0 
-1 -2 -14 -26 0 
-2 -3 -14 -19 -26 0 
-1 -8 -10 -12 -21 -23 -24 0 
-3 -7 -27 -29 0 
-9 -10 -11 -28 -35 0 
-3 -4 -8 -22 -25 -27 0 
-7 -8 -12 -14 -15 -18 -21 -22 -32 0 
-3 -12 -19 -22 -26 0 
-7 -13 -15 -18 -21 -32 -33 0 
-1 -10 -21 -25 -28 -29 0 
-1 -6 -21 -27 -35 0 
-2 -3 -10 -22 -24 -26 -27 -34 0 
-1 -4 -7 -10 -14 -15 -27 -32 0 
-3 -8 -16 -22 -33 -35 0 
-4 -7 -18 0 
-1 -5 -8 -18 -19 -25 -28 -29 0 
-5 -12 -17 -20 -22 0 
-1 -5 -7 -8 -10 -14 -23 0 
-3 -15 -17 -19 -23 -32 0 
-9 -12 -23 -25 -26 -28 0 
-1 -6 -13 -18 -25 -28 -31 0 
-3 -4 -9 -11 -16 -23 -26 0 
-2 -3 -6 -7 -11 -28 -30 -31 -34 0 
-3 -6 -13 -21 -25 -26 -32 0 
-1 -4 -10 -11 -15 -27 0 
-2 -7 -12 -17 -19 -22 -23 -24 -28 -32 0 
-8 -19 -27 -29 -32 0 
-3 -13 -15 -20 -23 -26 -33 -35 0 
-8 -11 -12 -13 -14 -21 -23 -26 0 
-9 -14 -16 -18 -21 -24 -25 -26 -29 -33 0 
-3 -4 -6 -7 -11 -13 -35 0 
-3 -6 -8 -18 -19 -28 -29 -34 -35 0 
-18 -22 -29 -34 0 
-1 -11 -13 -18 -28 -30 0 
-2 -9 -10 -14 -22 0 
