p cnf 35 800
2 13 23 32 0 
2 3 7 13 21 22 25 27 31 0 
2 20 25 31 32 0 
5 8 16 22 28 30 32 0 
1 7 11 14 15 21 0 
5 17 28 32 34 0 
5 8 9 12 32 0 
4 5 8 16 21 34 0 
3 16 23 0 
8 9 12 18 23 28 0 
7 9 10 15 23 26 34 0 
2 26 27 0 
1 3 4 13 25 26 34 0 
13 22 27 32 34 0 
1 2 5 14 19 20 23 31 33 0 
3 6 11 12 15 20 21 23 28 35 0 
5 8 9 19 21 25 29 35 0 
9 14 17 19 22 0 
4 5 13 14 29 32 0 
3 4 12 14 15 16 28 0 
3 8 10 12 15 29 30 0 
5 20 23 26 28 32 0 
3 4 15 29 32 0 
6 11 15 17 22 0 
2 10 11 19 24 29 0 
1 10 14 16 17 22 26 35 0 
3 9 18 21 26 27 28 0 
7 19 24 26 27 32 34 0 
11 12 20 24 27 28 32 33 0 
17 24 27 29 0 
5 7 10 13 16 23 0 
3 17 19 24 25 26 28 0 
2 4 9 10 12 20 24 25 33 34 0 
2 6 9 18 30 35 0 
2 3 19 21 23 0 
6 7 13 14 16 23 32 0 
3 9 13 34 0 
1 3 6 8 22 24 26 30 0 
1 7 11 26 28 29 32 0 
10 11 15 16 17 31 32 33 0 
6 13 17 20 31 33 0 
2 6 13 15 21 22 25 32 34 0 
1 9 10 16 17 21 25 0 
8 9 15 16 20 24 26 29 30 34 0 
13 23 25 28 31 0 
2 6 7 12 14 15 20 24 0 
4 7 10 11 12 13 20 22 24 30 33 34 0 
3 6 10 26 31 0 
2 3 11 12 15 21 27 34 0 
7 12 19 24 25 33 0 
8 13 28 0 
4 6 17 18 22 0 
4 8 12 17 22 24 25 28 33 0 
3 7 10 16 24 27 32 33 0 
5 7 9 16 21 31 34 35 0 
12 14 15 17 19 20 23 0 
7 9 14 17 26 28 30 33 35 0 
3 14 18 19 21 28 29 32 0 
3 4 7 9 17 0 
2 4 7 12 15 18 21 22 24 30 35 0 
1 8 10 18 34 0 
14 25 28 32 33 0 
5 6 7 8 10 28 31 35 0 
24 31 32 35 0 
4 6 10 16 23 27 33 0 
16 17 18 24 30 32 33 0 
4 7 18 28 29 31 33 0 
4 11 12 13 17 18 21 23 27 30 35 0 
2 12 22 24 34 0 
6 13 24 25 29 0 
9 26 28 31 0 
1 4 7 10 13 22 29 0 
2 4 11 15 33 0 
6 10 21 0 
1 10 16 24 30 0 
4 5 6 12 16 18 20 22 24 26 0 
1 3 9 10 15 19 27 34 0 
7 8 14 20 26 27 32 0 
2 7 9 24 25 26 30 35 0 
5 16 19 25 26 35 0 
3 9 12 13 26 28 34 0 
7 14 16 20 31 0 
6 8 10 22 23 28 33 0 
6 15 16 21 32 34 0 
12 16 19 23 29 32 0 
10 24 33 0 
10 13 15 19 30 31 32 34 0 
2 3 8 9 11 17 22 23 32 35 0 
3 12 18 21 28 31 0 
2 13 15 16 19 21 35 0 
4 5 9 12 16 25 0 
2 6 8 9 10 14 17 30 0 
1 4 5 13 15 18 19 23 25 27 33 35 0 
1 3 6 25 31 32 0 
8 9 14 17 25 35 0 
12 16 18 22 27 31 0 
2 10 12 21 23 31 34 0 
12 14 19 30 31 0 
9 13 26 30 0 
4 15 19 23 35 0 
7 9 25 26 34 35 0 
10 14 20 26 30 32 0 
2 8 10 11 16 18 19 22 25 0 
4 27 0 
3 10 12 15 22 24 26 31 0 
8 18 23 25 28 31 33 34 0 
2 7 10 12 22 26 0 
6 11 15 22 30 33 0 
4 17 22 26 28 29 30 0 
1 3 7 16 17 19 20 28 30 0 
2 12 15 26 35 0 
1 4 10 16 25 32 0 
2 17 21 29 30 32 34 35 0 
1 5 9 11 18 22 28 0 
4 15 20 30 31 33 34 35 0 
10 19 22 23 29 0 
6 8 17 35 0 
19 22 30 33 34 0 
5 6 11 14 15 18 26 27 32 0 
3 7 15 18 21 0 
6 8 9 19 27 28 30 34 0 
1 11 14 17 21 25 0 
6 7 10 15 32 0 
11 12 17 19 20 33 0 
3 6 25 0 
10 12 14 22 34 0 
13 26 27 28 29 32 34 0 
4 16 17 18 24 27 0 
2 28 0 
9 12 14 18 23 0 
8 12 0 
5 7 8 16 19 30 0 
5 12 25 28 31 0 
1 2 22 23 26 34 0 
8 11 25 26 30 33 0 
7 19 21 24 30 0 
6 7 8 19 26 30 0 
11 14 15 19 21 30 0 
7 9 10 11 13 15 18 24 29 0 
10 11 15 16 22 28 34 0 
1 8 13 16 18 20 0 
1 3 6 7 13 16 17 20 28 34 0 
13 22 27 28 29 0 
3 9 19 23 25 29 31 0 
8 16 17 31 32 34 0 
3 4 14 16 22 30 34 0 
5 10 16 23 24 27 0 
12 14 17 18 22 27 30 0 
1 7 13 14 15 24 32 33 0 
4 11 14 18 24 25 27 30 0 
8 15 22 26 27 28 0 
1 3 18 21 22 28 31 0 
12 13 15 16 26 35 0 
10 13 28 30 0 
2 4 8 10 23 0 
7 14 26 33 0 
3 4 6 10 11 18 19 20 30 35 0 
4 10 15 19 27 29 33 0 
2 3 4 6 15 16 30 0 
8 20 33 34 35 0 
2 4 5 8 10 12 24 25 27 30 34 0 
3 9 14 24 27 33 34 0 
1 2 14 18 21 34 0 
5 8 15 22 26 32 0 
1 2 4 6 15 19 20 30 0 
9 20 22 23 26 27 34 0 
4 18 21 22 23 24 26 34 0 
3 7 15 19 23 25 31 32 35 0 
7 14 27 28 29 32 34 0 
11 16 24 0 
2 6 8 9 11 17 18 23 32 0 
6 9 12 15 24 29 30 34 0 
18 25 27 29 30 0 
6 10 16 17 26 0 
3 5 10 15 17 25 0 
1 7 20 0 
29 30 32 34 0 
8 18 23 30 31 0 
9 11 17 25 26 27 0 
3 8 9 15 17 20 23 24 29 0 
2 5 6 13 24 26 28 0 
6 7 11 17 21 23 29 30 33 35 0 
1 6 0 
2 10 15 17 18 25 26 28 29 0 
1 25 26 34 0 
8 12 25 30 0 
4 5 10 11 12 15 28 30 0 
6 9 14 16 17 22 28 30 31 34 0 
1 3 13 19 26 29 33 0 
3 6 14 26 29 32 0 
2 6 8 10 12 15 22 0 
3 6 7 9 24 28 30 31 0 
12 14 18 20 28 30 0 
2 7 8 9 22 28 34 0 
3 7 9 11 13 17 29 34 0 
5 7 17 28 29 0 
3 13 20 29 30 0 
7 18 21 32 34 35 0 
3 20 22 24 27 30 32 33 34 0 
9 11 19 27 29 0 
3 10 12 15 17 18 34 0 
1 13 14 21 28 29 32 0 
2 5 15 20 29 31 34 0 
3 6 12 13 17 29 0 
1 5 7 9 14 15 23 25 0 
23 26 29 0 
4 5 11 19 29 32 0 
11 16 21 25 28 0 
3 5 7 27 30 0 
3 7 13 26 32 0 
2 6 16 18 19 21 0 
2 10 12 17 24 26 28 0 
2 10 12 17 26 28 33 0 
1 2 7 13 20 21 25 31 0 
1 9 11 16 0 
2 15 20 26 33 0 
4 5 15 17 19 22 24 29 0 
2 6 10 17 20 32 0 
7 10 19 21 28 0 
1 2 3 4 5 9 19 27 29 0 
11 12 15 16 25 0 
7 20 26 0 
7 9 21 32 33 35 0 
7 12 22 29 34 0 
5 12 15 21 26 27 34 0 
3 7 12 18 28 30 32 34 0 
2 6 7 12 19 20 25 0 
7 9 23 24 28 29 0 
5 6 12 15 17 23 30 34 0 
5 6 15 21 26 33 0 
6 7 8 14 30 32 34 0 
2 6 8 9 15 22 24 34 0 
2 13 17 18 22 28 0 
5 8 13 19 26 33 0 
2 6 22 25 0 
1 2 9 12 23 25 31 32 0 
1 7 11 24 28 30 0 
3 9 12 14 25 33 0 
1 4 10 35 0 
5 10 11 15 20 26 0 
10 12 13 18 34 0 
10 13 15 17 23 34 0 
16 19 20 31 0 
12 13 16 21 32 34 35 0 
1 8 10 22 24 30 0 
7 8 10 23 25 26 0 
7 8 14 29 31 32 0 
11 27 29 32 0 
4 10 14 19 26 28 0 
4 7 10 12 21 0 
4 6 8 11 13 17 31 35 0 
7 9 12 13 33 0 
3 15 17 22 27 29 30 0 
8 12 15 17 21 23 24 25 30 0 
1 12 13 17 19 20 28 30 34 0 
2 3 21 23 24 26 33 0 
3 4 8 9 18 20 21 23 25 33 34 0 
1 4 5 6 9 10 11 13 32 0 
16 25 27 30 32 0 
6 11 19 21 27 28 31 0 
8 11 17 27 34 0 
3 4 13 18 29 35 0 
4 5 14 22 25 34 0 
1 3 5 15 18 30 35 0 
1 15 18 19 23 28 34 0 
4 6 13 18 19 26 0 
7 12 18 30 0 
5 7 13 14 18 23 33 0 
10 13 16 18 19 34 0 
3 6 11 18 30 33 0 
12 13 23 24 25 26 28 32 0 
1 7 15 20 21 29 0 
9 24 27 0 
1 3 11 13 15 18 19 24 33 0 
4 10 11 18 19 27 28 0 
1 4 6 16 17 23 28 29 32 34 0 
3 6 8 12 21 25 28 30 0 
1 8 9 13 21 22 32 34 0 
9 26 29 32 35 0 
9 14 21 34 0 
1 9 13 35 0 
1 2 3 7 16 21 25 26 33 0 
14 17 19 20 21 29 0 
8 13 19 20 23 24 31 35 0 
13 24 0 
6 8 10 12 25 0 
4 12 13 22 24 0 
3 9 11 12 14 16 23 29 0 
2 6 12 14 16 20 22 25 0 
4 6 14 24 27 35 0 
5 7 8 17 19 24 27 30 0 
6 16 17 22 0 
2 20 23 28 30 34 0 
1 2 4 5 15 33 35 0 
8 21 28 33 0 
4 12 18 33 35 0 
25 27 0 
6 9 10 21 22 23 24 0 
4 9 14 19 24 27 0 
4 9 20 22 33 34 0 
1 6 13 21 25 29 30 32 35 0 
2 11 12 15 16 18 26 27 31 0 
11 12 14 19 20 25 27 30 33 0 
9 12 16 20 27 31 32 33 35 0 
3 9 10 13 21 28 35 0 
9 24 28 33 34 0 
2 3 24 25 0 
3 13 14 16 22 23 25 31 34 0 
2 12 14 25 26 0 
7 22 0 
4 10 13 19 20 28 30 0 
6 7 16 20 28 32 0 
21 31 33 0 
3 11 14 20 22 25 26 31 0 
4 10 11 27 31 0 
6 7 8 12 15 24 25 28 35 0 
5 7 9 20 21 22 25 27 28 35 0 
3 13 15 19 20 21 35 0 
5 8 9 15 23 24 29 0 
4 15 22 24 31 0 
2 12 13 16 21 22 0 
14 19 20 21 27 32 0 
2 14 17 24 26 27 0 
7 10 13 16 26 34 0 
15 20 21 22 29 34 0 
25 28 31 32 35 0 
6 7 11 12 14 22 25 33 0 
2 3 4 9 12 23 26 28 0 
14 23 27 28 0 
13 18 21 24 26 27 30 0 
1 11 14 18 20 24 27 34 0 
1 5 13 17 25 30 0 
1 10 16 20 22 30 35 0 
2 3 5 20 34 35 0 
11 14 27 31 32 35 0 
1 20 23 28 29 0 
1 9 10 12 19 25 0 
6 9 11 23 25 29 0 
15 28 31 34 0 
4 27 29 34 0 
1 6 7 9 28 30 34 0 
1 7 8 26 28 31 33 0 
6 9 12 13 17 27 30 34 0 
2 7 17 26 28 34 0 
13 22 30 32 0 
14 16 17 22 24 27 35 0 
10 13 15 26 31 34 0 
2 3 6 7 10 14 15 18 19 22 0 
2 4 9 21 0 
2 3 8 12 18 21 22 0 
12 25 27 29 32 0 
4 8 11 27 31 32 0 
2 5 13 20 26 0 
2 7 11 12 13 18 29 0 
8 10 11 12 13 20 23 24 27 0 
10 14 17 22 32 0 
5 6 12 17 18 25 0 
2 4 7 9 15 33 0 
3 8 9 14 16 17 20 21 0 
1 11 18 29 30 32 0 
8 25 30 32 35 0 
3 4 16 17 29 32 0 
2 6 17 29 32 0 
9 18 22 23 30 0 
5 8 11 18 19 29 32 0 
5 8 19 21 27 28 0 
1 5 9 12 21 24 33 0 
3 6 8 14 17 18 22 26 28 32 0 
2 14 22 28 0 
7 10 21 24 33 0 
1 14 15 20 23 25 32 35 0 
7 13 14 15 18 33 0 
2 5 8 10 11 19 22 25 26 27 32 33 0 
6 11 15 30 32 33 0 
2 18 19 20 27 30 31 0 
7 21 25 26 32 0 
7 20 29 31 32 33 34 0 
22 26 28 29 35 0 
1 3 8 13 23 24 32 33 35 0 
2 24 29 34 0 
8 17 22 24 33 0 
2 9 12 19 22 34 35 0 
4 12 13 14 20 28 33 0 
3 12 20 23 25 28 34 0 
3 6 16 26 27 30 0 
1 6 9 10 12 13 25 26 0 
2 5 7 8 13 18 20 30 0 
14 16 18 22 29 30 33 34 0 
3 9 10 13 16 28 29 33 0 
1 3 7 9 15 24 28 0 
1 10 11 20 21 22 33 0 
5 8 16 25 27 33 0 
1 11 14 17 22 23 27 29 31 0 
1 4 12 14 15 17 22 27 28 29 35 0 
8 12 13 19 20 28 34 0 
2 8 23 26 28 29 31 0 
13 22 29 33 35 0 
4 13 15 25 29 30 31 33 0 
4 6 9 10 13 19 21 30 0 
8 10 18 28 0 
-2 -13 -23 -32 0 
-2 -3 -7 -13 -21 -22 -25 -27 -31 0 
-2 -20 -25 -31 -32 0 
-5 -8 -16 -22 -28 -30 -32 0 
-1 -7 -11 -14 -15 -21 0 
-5 -17 -28 -32 -34 0 
-5 -8 -9 -12 -32 0 
-4 -5 -8 -16 -21 -34 0 
-3 -16 -23 0 
-8 -9 -12 -18 -23 -28 0 
-7 -9 -10 -15 -23 -26 -34 0 
-2 -26 -27 0 
-1 -3 -4 -13 -25 -26 -34 0 
-13 -22 -27 -32 -34 0 
-1 -2 -5 -14 -19 -20 -23 -31 -33 0 
-3 -6 -11 -12 -15 -20 -21 -23 -28 -35 0 
-5 -8 -9 -19 -21 -25 -29 -35 0 
-9 -14 -17 -19 -22 0 
-4 -5 -13 -14 -29 -32 0 
-3 -4 -12 -14 -15 -16 -28 0 
-3 -8 -10 -12 -15 -29 -30 0 
-5 -20 -23 -26 -28 -32 0 
-3 -4 -15 -29 -32 0 
-6 -11 -15 -17 -22 0 
-2 -10 -11 -19 -24 -29 0 
-1 -10 -14 -16 -17 -22 -26 -35 0 
-3 -9 -18 -21 -26 -27 -28 0 
-7 -19 -24 -26 -27 -32 -34 0 
-11 -12 -20 -24 -27 -28 -32 -33 0 
-17 -24 -27 -29 0 
-5 -7 -10 -13 -16 -23 0 
-3 -17 -19 -24 -25 -26 -28 0 
-2 -4 -9 -10 -12 -20 -24 -25 -33 -34 0 
-2 -6 -9 -18 -30 -35 0 
-2 -3 -19 -21 -23 0 
-6 -7 -13 -14 -16 -23 -32 0 
-3 -9 -13 -34 0 
-1 -3 -6 -8 -22 -24 -26 -30 0 
-1 -7 -11 -26 -28 -29 -32 0 
-10 -11 -15 -16 -17 -31 -32 -33 0 
-6 -13 -17 -20 -31 -33 0 
-2 -6 -13 -15 -21 -22 -25 -32 -34 0 
-1 -9 -10 -16 -17 -21 -25 0 
-8 -9 -15 -16 -20 -24 -26 -29 -30 -34 0 
-13 -23 -25 -28 -31 0 
-2 -6 -7 -12 -14 -15 -20 -24 0 
-4 -7 -10 -11 -12 -13 -20 -22 -24 -30 -33 -34 0 
-3 -6 -10 -26 -31 0 
-2 -3 -11 -12 -15 -21 -27 -34 0 
-7 -12 -19 -24 -25 -33 0 
-8 -13 -28 0 
-4 -6 -17 -18 -22 0 
-4 -8 -12 -17 -22 -24 -25 -28 -33 0 
-3 -7 -10 -16 -24 -27 -32 -33 0 
-5 -7 -9 -16 -21 -31 -34 -35 0 
-12 -14 -15 -17 -19 -20 -23 0 
-7 -9 -14 -17 -26 -28 -30 -33 -35 0 
-3 -14 -18 -19 -21 -28 -29 -32 0 
-3 -4 -7 -9 -17 0 
-2 -4 -7 -12 -15 -18 -21 -22 -24 -30 -35 0 
-1 -8 -10 -18 -34 0 
-14 -25 -28 -32 -33 0 
-5 -6 -7 -8 -10 -28 -31 -35 0 
-24 -31 -32 -35 0 
-4 -6 -10 -16 -23 -27 -33 0 
-16 -17 -18 -24 -30 -32 -33 0 
-4 -7 -18 -28 -29 -31 -33 0 
-4 -11 -12 -13 -17 -18 -21 -23 -27 -30 -35 0 
-2 -12 -22 -24 -34 0 
-6 -13 -24 -25 -29 0 
-9 -26 -28 -31 0 
-1 -4 -7 -10 -13 -22 -29 0 
-2 -4 -11 -15 -33 0 
-6 -10 -21 0 
-1 -10 -16 -24 -30 0 
-4 -5 -6 -12 -16 -18 -20 -22 -24 -26 0 
-1 -3 -9 -10 -15 -19 -27 -34 0 
-7 -8 -14 -20 -26 -27 -32 0 
-2 -7 -9 -24 -25 -26 -30 -35 0 
-5 -16 -19 -25 -26 -35 0 
-3 -9 -12 -13 -26 -28 -34 0 
-7 -14 -16 -20 -31 0 
-6 -8 -10 -22 -23 -28 -33 0 
-6 -15 -16 -21 -32 -34 0 
-12 -16 -19 -23 -29 -32 0 
-10 -24 -33 0 
-10 -13 -15 -19 -30 -31 -32 -34 0 
-2 -3 -8 -9 -11 -17 -22 -23 -32 -35 0 
-3 -12 -18 -21 -28 -31 0 
-2 -13 -15 -16 -19 -21 -35 0 
-4 -5 -9 -12 -16 -25 0 
-2 -6 -8 -9 -10 -14 -17 -30 0 
-1 -4 -5 -13 -15 -18 -19 -23 -25 -27 -33 -35 0 
-1 -3 -6 -25 -31 -32 0 
-8 -9 -14 -17 -25 -35 0 
-12 -16 -18 -22 -27 -31 0 
-2 -10 -12 -21 -23 -31 -34 0 
-12 -14 -19 -30 -31 0 
-9 -13 -26 -30 0 
-4 -15 -19 -23 -35 0 
-7 -9 -25 -26 -34 -35 0 
-10 -14 -20 -26 -30 -32 0 
-2 -8 -10 -11 -16 -18 -19 -22 -25 0 
-4 -27 0 
-3 -10 -12 -15 -22 -24 -26 -31 0 
-8 -18 -23 -25 -28 -31 -33 -34 0 
-2 -7 -10 -12 -22 -26 0 
-6 -11 -15 -22 -30 -33 0 
-4 -17 -22 -26 -28 -29 -30 0 
-1 -3 -7 -16 -17 -19 -20 -28 -30 0 
-2 -12 -15 -26 -35 0 
-1 -4 -10 -16 -25 -32 0 
-2 -17 -21 -29 -30 -32 -34 -35 0 
-1 -5 -9 -11 -18 -22 -28 0 
-4 -15 -20 -30 -31 -33 -34 -35 0 
-10 -19 -22 -23 -29 0 
-6 -8 -17 -35 0 
-19 -22 -30 -33 -34 0 
-5 -6 -11 -14 -15 -18 -26 -27 -32 0 
-3 -7 -15 -18 -21 0 
-6 -8 -9 -19 -27 -28 -30 -34 0 
-1 -11 -14 -17 -21 -25 0 
-6 -7 -10 -15 -32 0 
-11 -12 -17 -19 -20 -33 0 
-3 -6 -25 0 
-10 -12 -14 -22 -34 0 
-13 -26 -27 -28 -29 -32 -34 0 
-4 -16 -17 -18 -24 -27 0 
-2 -28 0 
-9 -12 -14 -18 -23 0 
-8 -12 0 
-5 -7 -8 -16 -19 -30 0 
-5 -12 -25 -28 -31 0 
-1 -2 -22 -23 -26 -34 0 
-8 -11 -25 -26 -30 -33 0 
-7 -19 -21 -24 -30 0 
-6 -7 -8 -19 -26 -30 0 
-11 -14 -15 -19 -21 -30 0 
-7 -9 -10 -11 -13 -15 -18 -24 -29 0 
-10 -11 -15 -16 -22 -28 -34 0 
-1 -8 -13 -16 -18 -20 0 
-1 -3 -6 -7 -13 -16 -17 -20 -28 -34 0 
-13 -22 -27 -28 -29 0 
-3 -9 -19 -23 -25 -29 -31 0 
-8 -16 -17 -31 -32 -34 0 
-3 -4 -14 -16 -22 -30 -34 0 
-5 -10 -16 -23 -24 -27 0 
-12 -14 -17 -18 -22 -27 -30 0 
-1 -7 -13 -14 -15 -24 -32 -33 0 
-4 -11 -14 -18 -24 -25 -27 -30 0 
-8 -15 -22 -26 -27 -28 0 
-1 -3 -18 -21 -22 -28 -31 0 
-12 -13 -15 -16 -26 -35 0 
-10 -13 -28 -30 0 
-2 -4 -8 -10 -23 0 
-7 -14 -26 -33 0 
-3 -4 -6 -10 -11 -18 -19 -20 -30 -35 0 
-4 -10 -15 -19 -27 -29 -33 0 
-2 -3 -4 -6 -15 -16 -30 0 
-8 -20 -33 -34 -35 0 
-2 -4 -5 -8 -10 -12 -24 -25 -27 -30 -34 0 
-3 -9 -14 -24 -27 -33 -34 0 
-1 -2 -14 -18 -21 -34 0 
-5 -8 -15 -22 -26 -32 0 
-1 -2 -4 -6 -15 -19 -20 -30 0 
-9 -20 -22 -23 -26 -27 -34 0 
-4 -18 -21 -22 -23 -24 -26 -34 0 
-3 -7 -15 -19 -23 -25 -31 -32 -35 0 
-7 -14 -27 -28 -29 -32 -34 0 
-11 -16 -24 0 
-2 -6 -8 -9 -11 -17 -18 -23 -32 0 
-6 -9 -12 -15 -24 -29 -30 -34 0 
-18 -25 -27 -29 -30 0 
-6 -10 -16 -17 -26 0 
-3 -5 -10 -15 -17 -25 0 
-1 -7 -20 0 
-29 -30 -32 -34 0 
-8 -18 -23 -30 -31 0 
-9 -11 -17 -25 -26 -27 0 
-3 -8 -9 -15 -17 -20 -23 -24 -29 0 
-2 -5 -6 -13 -24 -26 -28 0 
-6 -7 -11 -17 -21 -23 -29 -30 -33 -35 0 
-1 -6 0 
-2 -10 -15 -17 -18 -25 -26 -28 -29 0 
-1 -25 -26 -34 0 
-8 -12 -25 -30 0 
-4 -5 -10 -11 -12 -15 -28 -30 0 
-6 -9 -14 -16 -17 -22 -28 -30 -31 -34 0 
-1 -3 -13 -19 -26 -29 -33 0 
-3 -6 -14 -26 -29 -32 0 
-2 -6 -8 -10 -12 -15 -22 0 
-3 -6 -7 -9 -24 -28 -30 -31 0 
-12 -14 -18 -20 -28 -30 0 
-2 -7 -8 -9 -22 -28 -34 0 
-3 -7 -9 -11 -13 -17 -29 -34 0 
-5 -7 -17 -28 -29 0 
-3 -13 -20 -29 -30 0 
-7 -18 -21 -32 -34 -35 0 
-3 -20 -22 -24 -27 -30 -32 -33 -34 0 
-9 -11 -19 -27 -29 0 
-3 -10 -12 -15 -17 -18 -34 0 
-1 -13 -14 -21 -28 -29 -32 0 
-2 -5 -15 -20 -29 -31 -34 0 
-3 -6 -12 -13 -17 -29 0 
-1 -5 -7 -9 -14 -15 -23 -25 0 
-23 -26 -29 0 
-4 -5 -11 -19 -29 -32 0 
-11 -16 -21 -25 -28 0 
-3 -5 -7 -27 -30 0 
-3 -7 -13 -26 -32 0 
-2 -6 -16 -18 -19 -21 0 
-2 -10 -12 -17 -24 -26 -28 0 
-2 -10 -12 -17 -26 -28 -33 0 
-1 -2 -7 -13 -20 -21 -25 -31 0 
-1 -9 -11 -16 0 
-2 -15 -20 -26 -33 0 
-4 -5 -15 -17 -19 -22 -24 -29 0 
-2 -6 -10 -17 -20 -32 0 
-7 -10 -19 -21 -28 0 
-1 -2 -3 -4 -5 -9 -19 -27 -29 0 
-11 -12 -15 -16 -25 0 
-7 -20 -26 0 
-7 -9 -21 -32 -33 -35 0 
-7 -12 -22 -29 -34 0 
-5 -12 -15 -21 -26 -27 -34 0 
-3 -7 -12 -18 -28 -30 -32 -34 0 
-2 -6 -7 -12 -19 -20 -25 0 
-7 -9 -23 -24 -28 -29 0 
-5 -6 -12 -15 -17 -23 -30 -34 0 
-5 -6 -15 -21 -26 -33 0 
-6 -7 -8 -14 -30 -32 -34 0 
-2 -6 -8 -9 -15 -22 -24 -34 0 
-2 -13 -17 -18 -22 -28 0 
-5 -8 -13 -19 -26 -33 0 
-2 -6 -22 -25 0 
-1 -2 -9 -12 -23 -25 -31 -32 0 
-1 -7 -11 -24 -28 -30 0 
-3 -9 -12 -14 -25 -33 0 
-1 -4 -10 -35 0 
-5 -10 -11 -15 -20 -26 0 
-10 -12 -13 -18 -34 0 
-10 -13 -15 -17 -23 -34 0 
-16 -19 -20 -31 0 
-12 -13 -16 -21 -32 -34 -35 0 
-1 -8 -10 -22 -24 -30 0 
-7 -8 -10 -23 -25 -26 0 
-7 -8 -14 -29 -31 -32 0 
-11 -27 -29 -32 0 
-4 -10 -14 -19 -26 -28 0 
-4 -7 -10 -12 -21 0 
-4 -6 -8 -11 -13 -17 -31 -35 0 
-7 -9 -12 -13 -33 0 
-3 -15 -17 -22 -27 -29 -30 0 
-8 -12 -15 -17 -21 -23 -24 -25 -30 0 
-1 -12 -13 -17 -19 -20 -28 -30 -34 0 
-2 -3 -21 -23 -24 -26 -33 0 
-3 -4 -8 -9 -18 -20 -21 -23 -25 -33 -34 0 
-1 -4 -5 -6 -9 -10 -11 -13 -32 0 
-16 -25 -27 -30 -32 0 
-6 -11 -19 -21 -27 -28 -31 0 
-8 -11 -17 -27 -34 0 
-3 -4 -13 -18 -29 -35 0 
-4 -5 -14 -22 -25 -34 0 
-1 -3 -5 -15 -18 -30 -35 0 
-1 -15 -18 -19 -23 -28 -34 0 
-4 -6 -13 -18 -19 -26 0 
-7 -12 -18 -30 0 
-5 -7 -13 -14 -18 -23 -33 0 
-10 -13 -16 -18 -19 -34 0 
-3 -6 -11 -18 -30 -33 0 
-12 -13 -23 -24 -25 -26 -28 -32 0 
-1 -7 -15 -20 -21 -29 0 
-9 -24 -27 0 
-1 -3 -11 -13 -15 -18 -19 -24 -33 0 
-4 -10 -11 -18 -19 -27 -28 0 
-1 -4 -6 -16 -17 -23 -28 -29 -32 -34 0 
-3 -6 -8 -12 -21 -25 -28 -30 0 
-1 -8 -9 -13 -21 -22 -32 -34 0 
-9 -26 -29 -32 -35 0 
-9 -14 -21 -34 0 
-1 -9 -13 -35 0 
-1 -2 -3 -7 -16 -21 -25 -26 -33 0 
-14 -17 -19 -20 -21 -29 0 
-8 -13 -19 -20 -23 -24 -31 -35 0 
-13 -24 0 
-6 -8 -10 -12 -25 0 
-4 -12 -13 -22 -24 0 
-3 -9 -11 -12 -14 -16 -23 -29 0 
-2 -6 -12 -14 -16 -20 -22 -25 0 
-4 -6 -14 -24 -27 -35 0 
-5 -7 -8 -17 -19 -24 -27 -30 0 
-6 -16 -17 -22 0 
-2 -20 -23 -28 -30 -34 0 
-1 -2 -4 -5 -15 -33 -35 0 
-8 -21 -28 -33 0 
-4 -12 -18 -33 -35 0 
-25 -27 0 
-6 -9 -10 -21 -22 -23 -24 0 
-4 -9 -14 -19 -24 -27 0 
-4 -9 -20 -22 -33 -34 0 
-1 -6 -13 -21 -25 -29 -30 -32 -35 0 
-2 -11 -12 -15 -16 -18 -26 -27 -31 0 
-11 -12 -14 -19 -20 -25 -27 -30 -33 0 
-9 -12 -16 -20 -27 -31 -32 -33 -35 0 
-3 -9 -10 -13 -21 -28 -35 0 
-9 -24 -28 -33 -34 0 
-2 -3 -24 -25 0 
-3 -13 -14 -16 -22 -23 -25 -31 -34 0 
-2 -12 -14 -25 -26 0 
-7 -22 0 
-4 -10 -13 -19 -20 -28 -30 0 
-6 -7 -16 -20 -28 -32 0 
-21 -31 -33 0 
-3 -11 -14 -20 -22 -25 -26 -31 0 
-4 -10 -11 -27 -31 0 
-6 -7 -8 -12 -15 -24 -25 -28 -35 0 
-5 -7 -9 -20 -21 -22 -25 -27 -28 -35 0 
-3 -13 -15 -19 -20 -21 -35 0 
-5 -8 -9 -15 -23 -24 -29 0 
-4 -15 -22 -24 -31 0 
-2 -12 -13 -16 -21 -22 0 
-14 -19 -20 -21 -27 -32 0 
-2 -14 -17 -24 -26 -27 0 
-7 -10 -13 -16 -26 -34 0 
-15 -20 -21 -22 -29 -34 0 
-25 -28 -31 -32 -35 0 
-6 -7 -11 -12 -14 -22 -25 -33 0 
-2 -3 -4 -9 -12 -23 -26 -28 0 
-14 -23 -27 -28 0 
-13 -18 -21 -24 -26 -27 -30 0 
-1 -11 -14 -18 -20 -24 -27 -34 0 
-1 -5 -13 -17 -25 -30 0 
-1 -10 -16 -20 -22 -30 -35 0 
-2 -3 -5 -20 -34 -35 0 
-11 -14 -27 -31 -32 -35 0 
-1 -20 -23 -28 -29 0 
-1 -9 -10 -12 -19 -25 0 
-6 -9 -11 -23 -25 -29 0 
-15 -28 -31 -34 0 
-4 -27 -29 -34 0 
-1 -6 -7 -9 -28 -30 -34 0 
-1 -7 -8 -26 -28 -31 -33 0 
-6 -9 -12 -13 -17 -27 -30 -34 0 
-2 -7 -17 -26 -28 -34 0 
-13 -22 -30 -32 0 
-14 -16 -17 -22 -24 -27 -35 0 
-10 -13 -15 -26 -31 -34 0 
-2 -3 -6 -7 -10 -14 -15 -18 -19 -22 0 
-2 -4 -9 -21 0 
-2 -3 -8 -12 -18 -21 -22 0 
-12 -25 -27 -29 -32 0 
-4 -8 -11 -27 -31 -32 0 
-2 -5 -13 -20 -26 0 
-2 -7 -11 -12 -13 -18 -29 0 
-8 -10 -11 -12 -13 -20 -23 -24 -27 0 
-10 -14 -17 -22 -32 0 
-5 -6 -12 -17 -18 -25 0 
-2 -4 -7 -9 -15 -33 0 
-3 -8 -9 -14 -16 -17 -20 -21 0 
-1 -11 -18 -29 -30 -32 0 
-8 -25 -30 -32 -35 0 
-3 -4 -16 -17 -29 -32 0 
-2 -6 -17 -29 -32 0 
-9 -18 -22 -23 -30 0 
-5 -8 -11 -18 -19 -29 -32 0 
-5 -8 -19 -21 -27 -28 0 
-1 -5 -9 -12 -21 -24 -33 0 
-3 -6 -8 -14 -17 -18 -22 -26 -28 -32 0 
-2 -14 -22 -28 0 
-7 -10 -21 -24 -33 0 
-1 -14 -15 -20 -23 -25 -32 -35 0 
-7 -13 -14 -15 -18 -33 0 
-2 -5 -8 -10 -11 -19 -22 -25 -26 -27 -32 -33 0 
-6 -11 -15 -30 -32 -33 0 
-2 -18 -19 -20 -27 -30 -31 0 
-7 -21 -25 -26 -32 0 
-7 -20 -29 -31 -32 -33 -34 0 
-22 -26 -28 -29 -35 0 
-1 -3 -8 -13 -23 -24 -32 -33 -35 0 
-2 -24 -29 -34 0 
-8 -17 -22 -24 -33 0 
-2 -9 -12 -19 -22 -34 -35 0 
-4 -12 -13 -14 -20 -28 -33 0 
-3 -12 -20 -23 -25 -28 -34 0 
-3 -6 -16 -26 -27 -30 0 
-1 -6 -9 -10 -12 -13 -25 -26 0 
-2 -5 -7 -8 -13 -18 -20 -30 0 
-14 -16 -18 -22 -29 -30 -33 -34 0 
-3 -9 -10 -13 -16 -28 -29 -33 0 
-1 -3 -7 -9 -15 -24 -28 0 
-1 -10 -11 -20 -21 -22 -33 0 
-5 -8 -16 -25 -27 -33 0 
-1 -11 -14 -17 -22 -23 -27 -29 -31 0 
-1 -4 -12 -14 -15 -17 -22 -27 -28 -29 -35 0 
-8 -12 -13 -19 -20 -28 -34 0 
-2 -8 -23 -26 -28 -29 -31 0 
-13 -22 -29 -33 -35 0 
-4 -13 -15 -25 -29 -30 -31 -33 0 
-4 -6 -9 -10 -13 -19 -21 -30 0 
-8 -10 -18 -28 0 
