p cnf 35 800
7 13 18 32 34 0 
2 18 21 25 32 0 
10 17 26 27 28 29 32 0 
1 15 20 22 0 
3 4 8 12 21 25 32 0 
6 7 13 18 23 27 34 35 0 
2 7 9 19 21 23 25 31 32 0 
5 6 25 26 0 
6 13 18 19 24 0 
1 12 15 35 0 
1 10 11 16 26 0 
4 7 10 22 23 28 30 31 0 
4 9 10 0 
17 19 26 28 30 34 0 
13 15 21 26 32 34 0 
3 11 13 14 25 0 
1 2 4 6 13 15 25 29 34 0 
4 10 12 13 15 20 31 35 0 
4 12 17 26 29 30 0 
10 19 24 25 0 
3 8 12 18 27 0 
2 10 16 22 0 
1 2 9 10 11 17 22 24 26 0 
2 19 23 26 31 0 
12 26 33 34 0 
1 3 7 9 12 16 20 29 0 
17 22 24 27 0 
1 6 10 11 12 22 25 26 29 0 
5 12 13 23 0 
5 13 16 19 0 
5 7 10 14 15 18 0 
10 16 17 27 33 34 35 0 
7 12 22 25 31 35 0 
6 8 11 18 25 33 34 0 
1 5 7 11 16 20 21 22 23 24 26 0 
1 3 4 8 11 25 26 35 0 
2 5 9 10 14 16 17 20 35 0 
3 5 9 14 17 19 20 23 24 31 0 
6 13 15 18 22 25 26 0 
3 7 19 23 26 27 28 29 0 
1 11 14 18 20 23 27 29 30 32 33 34 0 
21 27 29 31 32 33 0 
17 19 22 33 0 
1 27 31 32 0 
12 15 25 27 29 0 
6 7 12 14 16 24 28 33 0 
1 2 9 19 24 29 30 31 0 
2 6 24 31 35 0 
8 17 20 24 0 
1 7 8 12 27 32 0 
6 7 23 24 30 32 34 0 
6 10 11 12 14 16 20 21 26 35 0 
2 6 9 18 22 35 0 
7 8 13 18 27 30 35 0 
6 9 14 19 21 22 26 29 0 
24 25 27 28 33 34 35 0 
3 6 8 10 22 23 29 30 33 0 
2 11 13 28 30 0 
9 11 20 26 0 
10 11 26 31 33 0 
17 26 27 28 34 35 0 
1 9 10 16 17 22 24 29 31 33 35 0 
4 11 13 15 16 25 32 0 
20 24 26 30 33 0 
9 12 15 21 0 
9 11 12 19 28 33 0 
8 9 11 20 29 34 0 
1 4 12 13 23 25 28 31 0 
7 8 14 17 19 21 0 
5 21 22 26 0 
10 13 32 0 
5 8 11 16 19 26 29 30 0 
2 15 20 25 28 31 0 
8 16 22 30 34 0 
7 10 15 17 25 28 31 0 
2 30 31 0 
1 4 7 11 18 20 21 25 0 
7 10 24 25 31 0 
9 16 25 0 
2 9 14 17 29 30 0 
6 10 16 17 21 34 0 
2 11 12 15 20 26 33 0 
3 4 8 9 0 
4 6 7 11 15 20 0 
2 6 12 21 22 25 0 
1 10 27 31 32 0 
6 9 12 20 22 30 31 35 0 
4 5 13 14 15 17 24 32 0 
4 21 25 26 32 0 
10 20 25 31 32 35 0 
6 20 29 33 0 
5 8 0 
1 3 5 8 9 13 15 16 27 0 
11 13 14 28 29 32 0 
6 11 14 22 31 0 
9 18 22 23 25 31 32 0 
1 3 6 8 28 33 34 0 
2 10 17 22 34 0 
4 9 14 18 23 34 0 
7 14 27 29 30 31 34 35 0 
5 19 26 28 29 30 33 0 
1 3 12 21 22 32 0 
18 20 27 33 0 
2 3 7 15 23 35 0 
5 18 22 23 0 
8 10 13 14 15 19 21 24 31 0 
1 2 3 8 10 11 26 0 
3 5 10 16 19 24 32 0 
1 11 15 16 20 25 31 32 33 0 
6 7 10 15 30 34 0 
1 3 5 7 17 29 31 33 34 0 
1 4 9 14 18 21 25 26 0 
8 14 22 28 30 33 34 0 
1 4 5 7 10 12 25 26 30 32 33 0 
4 10 14 23 30 35 0 
16 20 28 29 0 
1 3 12 20 22 23 31 35 0 
2 6 15 16 28 0 
3 7 8 19 25 28 30 32 33 0 
8 16 18 32 33 0 
5 16 17 21 22 24 27 30 31 32 0 
4 10 16 22 27 0 
1 9 16 17 23 26 27 31 0 
3 15 21 23 28 0 
5 8 9 11 19 21 24 28 29 0 
2 4 5 19 20 21 27 32 0 
4 18 21 34 0 
1 12 24 0 
2 9 12 13 15 16 18 21 23 32 0 
6 9 27 30 35 0 
5 6 7 9 15 16 19 23 28 34 0 
2 11 20 28 32 33 34 0 
4 9 11 14 17 27 29 0 
2 10 11 12 13 18 20 21 24 26 0 
24 33 35 0 
14 18 21 24 27 0 
10 20 24 30 33 0 
1 8 11 15 21 24 27 29 30 0 
3 10 11 15 23 34 0 
2 8 13 22 26 0 
7 8 11 15 17 20 24 29 35 0 
4 5 11 14 17 18 25 28 29 0 
3 11 14 21 22 0 
2 12 15 20 21 22 27 0 
1 17 22 28 33 0 
1 8 9 27 28 35 0 
5 23 24 30 32 33 35 0 
1 3 8 10 12 17 25 0 
2 7 26 27 30 34 0 
1 3 8 9 10 14 24 31 0 
1 15 27 28 0 
5 7 13 22 23 30 31 34 0 
3 15 17 20 26 28 31 34 0 
2 10 30 0 
10 13 14 19 28 29 30 31 32 0 
3 8 15 16 19 20 28 0 
3 13 17 25 33 0 
9 12 17 25 30 31 0 
6 11 22 25 29 31 32 35 0 
1 7 11 15 18 33 34 35 0 
1 16 17 27 33 0 
1 3 6 7 15 19 22 23 27 29 31 32 0 
4 7 8 11 0 
1 2 5 11 15 22 27 0 
4 19 20 23 25 0 
13 23 24 26 27 28 0 
3 5 13 14 19 25 34 0 
3 9 11 15 17 21 30 33 0 
2 5 7 16 18 19 21 23 31 0 
5 14 22 28 30 31 33 0 
1 11 24 29 34 0 
3 6 7 13 26 27 0 
1 4 6 8 10 17 18 0 
1 23 24 25 0 
5 7 10 24 26 31 34 0 
10 13 22 33 0 
6 13 15 16 19 20 21 0 
1 2 6 7 12 19 21 23 33 34 0 
4 7 17 21 27 30 31 32 0 
16 18 20 22 24 26 27 29 0 
2 19 21 29 34 35 0 
9 17 18 19 22 23 0 
5 30 32 34 35 0 
7 12 22 25 30 31 32 35 0 
7 12 16 23 24 0 
2 9 10 12 14 16 17 35 0 
2 4 7 10 12 31 0 
5 14 18 19 28 32 0 
6 13 22 24 0 
8 10 18 19 25 28 29 31 0 
3 4 5 11 0 
1 5 8 22 23 24 30 0 
16 19 20 21 29 32 0 
5 15 18 19 29 31 34 0 
13 27 33 35 0 
3 8 13 15 18 24 34 35 0 
4 7 8 35 0 
11 16 20 23 24 30 0 
5 17 23 32 35 0 
1 4 6 14 16 23 27 30 0 
2 3 6 7 9 10 19 23 28 31 0 
3 5 7 29 0 
1 11 13 24 25 28 29 0 
1 9 12 14 22 26 28 33 35 0 
2 6 14 31 0 
2 7 11 12 13 21 23 24 33 34 0 
1 4 6 9 10 12 22 25 0 
4 7 9 17 21 25 35 0 
4 6 15 17 19 20 27 28 30 0 
1 2 9 17 24 25 35 0 
2 27 28 29 30 35 0 
1 12 13 18 19 20 23 29 32 0 
7 8 9 17 26 27 0 
1 3 6 13 15 0 
2 5 13 16 24 34 0 
3 6 10 13 19 20 28 30 35 0 
4 12 18 31 0 
1 5 9 12 13 14 17 24 26 32 0 
4 6 8 9 12 18 24 0 
6 9 16 17 0 
1 3 20 21 27 32 0 
1 27 28 31 0 
2 8 12 15 18 35 0 
5 14 16 18 25 28 29 31 35 0 
10 13 26 30 0 
5 21 26 0 
11 23 0 
6 9 12 17 20 21 25 26 27 30 0 
1 2 15 18 23 28 0 
19 23 29 30 32 0 
6 11 22 27 29 0 
1 2 5 18 32 0 
6 8 17 20 30 31 33 0 
2 6 8 15 17 18 24 25 0 
3 10 12 20 32 33 0 
2 7 0 
2 5 7 10 11 19 21 22 24 27 29 32 0 
1 14 21 26 0 
1 4 11 22 27 32 34 0 
6 9 15 24 28 35 0 
1 12 14 19 22 23 0 
3 16 17 20 21 30 32 33 0 
1 2 5 7 21 27 30 0 
9 16 24 28 0 
1 6 7 14 21 27 32 0 
4 10 11 14 17 28 30 0 
1 3 12 14 24 25 28 30 33 0 
2 11 20 22 28 29 31 35 0 
2 3 11 13 16 19 26 0 
1 2 4 6 13 26 32 0 
5 6 20 23 27 28 31 0 
1 12 15 20 33 0 
1 6 22 30 0 
5 15 21 24 26 29 31 0 
1 7 9 11 15 19 29 31 32 0 
2 4 13 16 19 21 25 0 
9 10 13 19 20 22 23 33 0 
2 5 9 18 19 35 0 
1 17 20 23 35 0 
17 23 27 30 33 0 
3 10 16 22 23 31 0 
16 21 24 27 0 
10 14 21 23 28 29 34 35 0 
4 13 14 18 29 0 
5 9 15 16 26 32 33 0 
1 2 8 15 16 21 34 0 
1 3 7 8 12 13 17 31 0 
7 8 9 16 17 21 23 0 
12 17 19 29 31 0 
10 14 17 22 24 28 33 34 0 
4 13 14 22 25 28 31 0 
5 7 27 30 0 
8 11 13 20 24 32 35 0 
3 5 9 10 20 21 29 32 0 
16 17 19 20 22 0 
6 18 22 29 0 
2 9 14 15 17 21 28 33 0 
2 20 22 25 35 0 
1 3 13 15 16 23 30 0 
2 10 12 23 30 0 
7 18 19 24 29 30 0 
1 3 11 19 33 0 
8 22 27 0 
8 10 12 15 16 17 27 34 0 
2 3 6 12 16 18 21 26 28 33 0 
2 3 9 16 21 29 0 
5 13 20 27 34 35 0 
24 31 34 0 
1 2 5 10 28 33 0 
1 4 12 21 29 30 35 0 
3 16 21 26 0 
6 12 16 19 22 30 35 0 
2 6 14 16 23 30 0 
2 19 26 28 0 
3 10 22 23 30 35 0 
14 16 20 25 0 
7 8 12 17 29 33 0 
1 8 12 15 18 22 23 26 27 32 0 
1 4 6 17 28 32 0 
3 4 10 11 13 17 18 21 0 
4 8 18 19 24 28 0 
4 11 14 34 35 0 
8 12 17 22 0 
5 9 22 28 34 35 0 
1 3 5 19 33 34 0 
7 34 0 
1 5 9 10 11 24 32 0 
5 9 10 14 17 23 24 25 26 33 0 
1 7 13 15 23 27 28 0 
6 7 10 11 21 23 35 0 
7 12 35 0 
4 22 23 26 0 
1 11 17 18 23 24 25 29 33 0 
1 15 16 20 0 
6 8 13 28 30 35 0 
2 19 35 0 
3 5 19 25 26 28 0 
25 26 27 31 32 0 
1 14 20 23 24 29 35 0 
2 9 18 20 22 24 33 0 
11 31 32 35 0 
1 27 30 33 0 
1 7 28 0 
24 27 29 30 0 
5 16 18 20 34 0 
1 2 3 13 20 23 28 31 32 0 
19 28 33 0 
3 10 12 14 15 27 31 33 0 
1 4 6 8 11 25 33 0 
8 21 28 35 0 
6 7 11 23 32 0 
5 18 22 0 
9 11 27 29 35 0 
1 3 5 22 24 27 29 30 34 0 
2 4 9 11 14 26 30 0 
4 10 15 21 23 26 27 28 30 0 
1 6 7 27 28 33 0 
7 15 28 29 0 
2 6 8 10 11 17 18 20 22 25 27 0 
1 7 8 9 18 20 22 23 29 0 
12 18 0 
4 7 20 22 0 
1 8 15 18 31 0 
3 7 11 17 18 20 21 24 33 34 0 
1 8 22 31 0 
8 18 27 30 34 0 
11 22 23 25 26 29 31 0 
4 6 9 17 18 23 0 
8 14 19 21 28 32 0 
10 11 19 28 33 35 0 
10 14 20 22 23 24 26 28 30 31 0 
16 18 35 0 
8 10 16 25 26 27 29 0 
1 4 7 13 15 18 25 28 0 
2 4 5 6 12 33 35 0 
2 24 25 30 33 35 0 
10 17 24 27 33 34 0 
10 15 17 31 34 0 
17 24 33 34 0 
2 12 15 17 22 26 30 32 0 
2 11 14 22 23 28 0 
1 5 8 23 24 28 34 0 
8 11 15 16 22 27 31 33 34 0 
2 3 5 20 21 31 32 0 
4 16 18 19 27 35 0 
4 9 16 22 28 31 34 0 
4 13 19 23 27 28 30 31 34 0 
1 2 12 19 29 0 
9 10 11 13 21 22 30 35 0 
9 18 27 31 0 
2 4 7 13 28 0 
1 2 4 5 13 18 22 26 0 
13 14 16 20 21 23 34 0 
2 6 12 16 27 28 0 
23 26 29 0 
6 11 19 27 28 31 33 34 35 0 
5 18 21 29 31 35 0 
2 14 25 26 27 34 0 
18 22 24 26 27 30 35 0 
8 15 21 25 26 32 35 0 
9 24 25 28 34 0 
4 6 11 13 18 33 34 0 
7 8 11 15 16 19 20 31 0 
2 5 8 19 22 0 
1 6 9 19 23 24 35 0 
6 9 13 20 28 31 33 0 
1 3 8 17 22 23 25 26 28 29 30 31 34 0 
7 17 18 21 25 27 29 30 0 
4 7 14 16 20 23 25 27 0 
2 10 18 22 23 29 0 
3 4 8 15 17 27 0 
2 5 12 21 23 34 0 
9 11 15 27 0 
3 5 9 12 24 29 32 0 
15 18 29 30 0 
1 3 4 16 19 23 30 32 0 
6 7 10 18 21 26 35 0 
1 3 7 8 19 28 33 34 0 
1 4 6 10 16 35 0 
2 5 16 23 25 29 0 
-7 -13 -18 -32 -34 0 
-2 -18 -21 -25 -32 0 
-10 -17 -26 -27 -28 -29 -32 0 
-1 -15 -20 -22 0 
-3 -4 -8 -12 -21 -25 -32 0 
-6 -7 -13 -18 -23 -27 -34 -35 0 
-2 -7 -9 -19 -21 -23 -25 -31 -32 0 
-5 -6 -25 -26 0 
-6 -13 -18 -19 -24 0 
-1 -12 -15 -35 0 
-1 -10 -11 -16 -26 0 
-4 -7 -10 -22 -23 -28 -30 -31 0 
-4 -9 -10 0 
-17 -19 -26 -28 -30 -34 0 
-13 -15 -21 -26 -32 -34 0 
-3 -11 -13 -14 -25 0 
-1 -2 -4 -6 -13 -15 -25 -29 -34 0 
-4 -10 -12 -13 -15 -20 -31 -35 0 
-4 -12 -17 -26 -29 -30 0 
-10 -19 -24 -25 0 
-3 -8 -12 -18 -27 0 
-2 -10 -16 -22 0 
-1 -2 -9 -10 -11 -17 -22 -24 -26 0 
-2 -19 -23 -26 -31 0 
-12 -26 -33 -34 0 
-1 -3 -7 -9 -12 -16 -20 -29 0 
-17 -22 -24 -27 0 
-1 -6 -10 -11 -12 -22 -25 -26 -29 0 
-5 -12 -13 -23 0 
-5 -13 -16 -19 0 
-5 -7 -10 -14 -15 -18 0 
-10 -16 -17 -27 -33 -34 -35 0 
-7 -12 -22 -25 -31 -35 0 
-6 -8 -11 -18 -25 -33 -34 0 
-1 -5 -7 -11 -16 -20 -21 -22 -23 -24 -26 0 
-1 -3 -4 -8 -11 -25 -26 -35 0 
-2 -5 -9 -10 -14 -16 -17 -20 -35 0 
-3 -5 -9 -14 -17 -19 -20 -23 -24 -31 0 
-6 -13 -15 -18 -22 -25 -26 0 
-3 -7 -19 -23 -26 -27 -28 -29 0 
-1 -11 -14 -18 -20 -23 -27 -29 -30 -32 -33 -34 0 
-21 -27 -29 -31 -32 -33 0 
-17 -19 -22 -33 0 
-1 -27 -31 -32 0 
-12 -15 -25 -27 -29 0 
-6 -7 -12 -14 -16 -24 -28 -33 0 
-1 -2 -9 -19 -24 -29 -30 -31 0 
-2 -6 -24 -31 -35 0 
-8 -17 -20 -24 0 
-1 -7 -8 -12 -27 -32 0 
-6 -7 -23 -24 -30 -32 -34 0 
-6 -10 -11 -12 -14 -16 -20 -21 -26 -35 0 
-2 -6 -9 -18 -22 -35 0 
-7 -8 -13 -18 -27 -30 -35 0 
-6 -9 -14 -19 -21 -22 -26 -29 0 
-24 -25 -27 -28 -33 -34 -35 0 
-3 -6 -8 -10 -22 -23 -29 -30 -33 0 
-2 -11 -13 -28 -30 0 
-9 -11 -20 -26 0 
-10 -11 -26 -31 -33 0 
-17 -26 -27 -28 -34 -35 0 
-1 -9 -10 -16 -17 -22 -24 -29 -31 -33 -35 0 
-4 -11 -13 -15 -16 -25 -32 0 
-20 -24 -26 -30 -33 0 
-9 -12 -15 -21 0 
-9 -11 -12 -19 -28 -33 0 
-8 -9 -11 -20 -29 -34 0 
-1 -4 -12 -13 -23 -25 -28 -31 0 
-7 -8 -14 -17 -19 -21 0 
-5 -21 -22 -26 0 
-10 -13 -32 0 
-5 -8 -11 -16 -19 -26 -29 -30 0 
-2 -15 -20 -25 -28 -31 0 
-8 -16 -22 -30 -34 0 
-7 -10 -15 -17 -25 -28 -31 0 
-2 -30 -31 0 
-1 -4 -7 -11 -18 -20 -21 -25 0 
-7 -10 -24 -25 -31 0 
-9 -16 -25 0 
-2 -9 -14 -17 -29 -30 0 
-6 -10 -16 -17 -21 -34 0 
-2 -11 -12 -15 -20 -26 -33 0 
-3 -4 -8 -9 0 
-4 -6 -7 -11 -15 -20 0 
-2 -6 -12 -21 -22 -25 0 
-1 -10 -27 -31 -32 0 
-6 -9 -12 -20 -22 -30 -31 -35 0 
-4 -5 -13 -14 -15 -17 -24 -32 0 
-4 -21 -25 -26 -32 0 
-10 -20 -25 -31 -32 -35 0 
-6 -20 -29 -33 0 
-5 -8 0 
-1 -3 -5 -8 -9 -13 -15 -16 -27 0 
-11 -13 -14 -28 -29 -32 0 
-6 -11 -14 -22 -31 0 
-9 -18 -22 -23 -25 -31 -32 0 
-1 -3 -6 -8 -28 -33 -34 0 
-2 -10 -17 -22 -34 0 
-4 -9 -14 -18 -23 -34 0 
-7 -14 -27 -29 -30 -31 -34 -35 0 
-5 -19 -26 -28 -29 -30 -33 0 
-1 -3 -12 -21 -22 -32 0 
-18 -20 -27 -33 0 
-2 -3 -7 -15 -23 -35 0 
-5 -18 -22 -23 0 
-8 -10 -13 -14 -15 -19 -21 -24 -31 0 
-1 -2 -3 -8 -10 -11 -26 0 
-3 -5 -10 -16 -19 -24 -32 0 
-1 -11 -15 -16 -20 -25 -31 -32 -33 0 
-6 -7 -10 -15 -30 -34 0 
-1 -3 -5 -7 -17 -29 -31 -33 -34 0 
-1 -4 -9 -14 -18 -21 -25 -26 0 
-8 -14 -22 -28 -30 -33 -34 0 
-1 -4 -5 -7 -10 -12 -25 -26 -30 -32 -33 0 
-4 -10 -14 -23 -30 -35 0 
-16 -20 -28 -29 0 
-1 -3 -12 -20 -22 -23 -31 -35 0 
-2 -6 -15 -16 -28 0 
-3 -7 -8 -19 -25 -28 -30 -32 -33 0 
-8 -16 -18 -32 -33 0 
-5 -16 -17 -21 -22 -24 -27 -30 -31 -32 0 
-4 -10 -16 -22 -27 0 
-1 -9 -16 -17 -23 -26 -27 -31 0 
-3 -15 -21 -23 -28 0 
-5 -8 -9 -11 -19 -21 -24 -28 -29 0 
-2 -4 -5 -19 -20 -21 -27 -32 0 
-4 -18 -21 -34 0 
-1 -12 -24 0 
-2 -9 -12 -13 -15 -16 -18 -21 -23 -32 0 
-6 -9 -27 -30 -35 0 
-5 -6 -7 -9 -15 -16 -19 -23 -28 -34 0 
-2 -11 -20 -28 -32 -33 -34 0 
-4 -9 -11 -14 -17 -27 -29 0 
-2 -10 -11 -12 -13 -18 -20 -21 -24 -26 0 
-24 -33 -35 0 
-14 -18 -21 -24 -27 0 
-10 -20 -24 -30 -33 0 
-1 -8 -11 -15 -21 -24 -27 -29 -30 0 
-3 -10 -11 -15 -23 -34 0 
-2 -8 -13 -22 -26 0 
-7 -8 -11 -15 -17 -20 -24 -29 -35 0 
-4 -5 -11 -14 -17 -18 -25 -28 -29 0 
-3 -11 -14 -21 -22 0 
-2 -12 -15 -20 -21 -22 -27 0 
-1 -17 -22 -28 -33 0 
-1 -8 -9 -27 -28 -35 0 
-5 -23 -24 -30 -32 -33 -35 0 
-1 -3 -8 -10 -12 -17 -25 0 
-2 -7 -26 -27 -30 -34 0 
-1 -3 -8 -9 -10 -14 -24 -31 0 
-1 -15 -27 -28 0 
-5 -7 -13 -22 -23 -30 -31 -34 0 
-3 -15 -17 -20 -26 -28 -31 -34 0 
-2 -10 -30 0 
-10 -13 -14 -19 -28 -29 -30 -31 -32 0 
-3 -8 -15 -16 -19 -20 -28 0 
-3 -13 -17 -25 -33 0 
-9 -12 -17 -25 -30 -31 0 
-6 -11 -22 -25 -29 -31 -32 -35 0 
-1 -7 -11 -15 -18 -33 -34 -35 0 
-1 -16 -17 -27 -33 0 
-1 -3 -6 -7 -15 -19 -22 -23 -27 -29 -31 -32 0 
-4 -7 -8 -11 0 
-1 -2 -5 -11 -15 -22 -27 0 
-4 -19 -20 -23 -25 0 
-13 -23 -24 -26 -27 -28 0 
-3 -5 -13 -14 -19 -25 -34 0 
-3 -9 -11 -15 -17 -21 -30 -33 0 
-2 -5 -7 -16 -18 -19 -21 -23 -31 0 
-5 -14 -22 -28 -30 -31 -33 0 
-1 -11 -24 -29 -34 0 
-3 -6 -7 -13 -26 -27 0 
-1 -4 -6 -8 -10 -17 -18 0 
-1 -23 -24 -25 0 
-5 -7 -10 -24 -26 -31 -34 0 
-10 -13 -22 -33 0 
-6 -13 -15 -16 -19 -20 -21 0 
-1 -2 -6 -7 -12 -19 -21 -23 -33 -34 0 
-4 -7 -17 -21 -27 -30 -31 -32 0 
-16 -18 -20 -22 -24 -26 -27 -29 0 
-2 -19 -21 -29 -34 -35 0 
-9 -17 -18 -19 -22 -23 0 
-5 -30 -32 -34 -35 0 
-7 -12 -22 -25 -30 -31 -32 -35 0 
-7 -12 -16 -23 -24 0 
-2 -9 -10 -12 -14 -16 -17 -35 0 
-2 -4 -7 -10 -12 -31 0 
-5 -14 -18 -19 -28 -32 0 
-6 -13 -22 -24 0 
-8 -10 -18 -19 -25 -28 -29 -31 0 
-3 -4 -5 -11 0 
-1 -5 -8 -22 -23 -24 -30 0 
-16 -19 -20 -21 -29 -32 0 
-5 -15 -18 -19 -29 -31 -34 0 
-13 -27 -33 -35 0 
-3 -8 -13 -15 -18 -24 -34 -35 0 
-4 -7 -8 -35 0 
-11 -16 -20 -23 -24 -30 0 
-5 -17 -23 -32 -35 0 
-1 -4 -6 -14 -16 -23 -27 -30 0 
-2 -3 -6 -7 -9 -10 -19 -23 -28 -31 0 
-3 -5 -7 -29 0 
-1 -11 -13 -24 -25 -28 -29 0 
-1 -9 -12 -14 -22 -26 -28 -33 -35 0 
-2 -6 -14 -31 0 
-2 -7 -11 -12 -13 -21 -23 -24 -33 -34 0 
-1 -4 -6 -9 -10 -12 -22 -25 0 
-4 -7 -9 -17 -21 -25 -35 0 
-4 -6 -15 -17 -19 -20 -27 -28 -30 0 
-1 -2 -9 -17 -24 -25 -35 0 
-2 -27 -28 -29 -30 -35 0 
-1 -12 -13 -18 -19 -20 -23 -29 -32 0 
-7 -8 -9 -17 -26 -27 0 
-1 -3 -6 -13 -15 0 
-2 -5 -13 -16 -24 -34 0 
-3 -6 -10 -13 -19 -20 -28 -30 -35 0 
-4 -12 -18 -31 0 
-1 -5 -9 -12 -13 -14 -17 -24 -26 -32 0 
-4 -6 -8 -9 -12 -18 -24 0 
-6 -9 -16 -17 0 
-1 -3 -20 -21 -27 -32 0 
-1 -27 -28 -31 0 
-2 -8 -12 -15 -18 -35 0 
-5 -14 -16 -18 -25 -28 -29 -31 -35 0 
-10 -13 -26 -30 0 
-5 -21 -26 0 
-11 -23 0 
-6 -9 -12 -17 -20 -21 -25 -26 -27 -30 0 
-1 -2 -15 -18 -23 -28 0 
-19 -23 -29 -30 -32 0 
-6 -11 -22 -27 -29 0 
-1 -2 -5 -18 -32 0 
-6 -8 -17 -20 -30 -31 -33 0 
-2 -6 -8 -15 -17 -18 -24 -25 0 
-3 -10 -12 -20 -32 -33 0 
-2 -7 0 
-2 -5 -7 -10 -11 -19 -21 -22 -24 -27 -29 -32 0 
-1 -14 -21 -26 0 
-1 -4 -11 -22 -27 -32 -34 0 
-6 -9 -15 -24 -28 -35 0 
-1 -12 -14 -19 -22 -23 0 
-3 -16 -17 -20 -21 -30 -32 -33 0 
-1 -2 -5 -7 -21 -27 -30 0 
-9 -16 -24 -28 0 
-1 -6 -7 -14 -21 -27 -32 0 
-4 -10 -11 -14 -17 -28 -30 0 
-1 -3 -12 -14 -24 -25 -28 -30 -33 0 
-2 -11 -20 -22 -28 -29 -31 -35 0 
-2 -3 -11 -13 -16 -19 -26 0 
-1 -2 -4 -6 -13 -26 -32 0 
-5 -6 -20 -23 -27 -28 -31 0 
-1 -12 -15 -20 -33 0 
-1 -6 -22 -30 0 
-5 -15 -21 -24 -26 -29 -31 0 
-1 -7 -9 -11 -15 -19 -29 -31 -32 0 
-2 -4 -13 -16 -19 -21 -25 0 
-9 -10 -13 -19 -20 -22 -23 -33 0 
-2 -5 -9 -18 -19 -35 0 
-1 -17 -20 -23 -35 0 
-17 -23 -27 -30 -33 0 
-3 -10 -16 -22 -23 -31 0 
-16 -21 -24 -27 0 
-10 -14 -21 -23 -28 -29 -34 -35 0 
-4 -13 -14 -18 -29 0 
-5 -9 -15 -16 -26 -32 -33 0 
-1 -2 -8 -15 -16 -21 -34 0 
-1 -3 -7 -8 -12 -13 -17 -31 0 
-7 -8 -9 -16 -17 -21 -23 0 
-12 -17 -19 -29 -31 0 
-10 -14 -17 -22 -24 -28 -33 -34 0 
-4 -13 -14 -22 -25 -28 -31 0 
-5 -7 -27 -30 0 
-8 -11 -13 -20 -24 -32 -35 0 
-3 -5 -9 -10 -20 -21 -29 -32 0 
-16 -17 -19 -20 -22 0 
-6 -18 -22 -29 0 
-2 -9 -14 -15 -17 -21 -28 -33 0 
-2 -20 -22 -25 -35 0 
-1 -3 -13 -15 -16 -23 -30 0 
-2 -10 -12 -23 -30 0 
-7 -18 -19 -24 -29 -30 0 
-1 -3 -11 -19 -33 0 
-8 -22 -27 0 
-8 -10 -12 -15 -16 -17 -27 -34 0 
-2 -3 -6 -12 -16 -18 -21 -26 -28 -33 0 
-2 -3 -9 -16 -21 -29 0 
-5 -13 -20 -27 -34 -35 0 
-24 -31 -34 0 
-1 -2 -5 -10 -28 -33 0 
-1 -4 -12 -21 -29 -30 -35 0 
-3 -16 -21 -26 0 
-6 -12 -16 -19 -22 -30 -35 0 
-2 -6 -14 -16 -23 -30 0 
-2 -19 -26 -28 0 
-3 -10 -22 -23 -30 -35 0 
-14 -16 -20 -25 0 
-7 -8 -12 -17 -29 -33 0 
-1 -8 -12 -15 -18 -22 -23 -26 -27 -32 0 
-1 -4 -6 -17 -28 -32 0 
-3 -4 -10 -11 -13 -17 -18 -21 0 
-4 -8 -18 -19 -24 -28 0 
-4 -11 -14 -34 -35 0 
-8 -12 -17 -22 0 
-5 -9 -22 -28 -34 -35 0 
-1 -3 -5 -19 -33 -34 0 
-7 -34 0 
-1 -5 -9 -10 -11 -24 -32 0 
-5 -9 -10 -14 -17 -23 -24 -25 -26 -33 0 
-1 -7 -13 -15 -23 -27 -28 0 
-6 -7 -10 -11 -21 -23 -35 0 
-7 -12 -35 0 
-4 -22 -23 -26 0 
-1 -11 -17 -18 -23 -24 -25 -29 -33 0 
-1 -15 -16 -20 0 
-6 -8 -13 -28 -30 -35 0 
-2 -19 -35 0 
-3 -5 -19 -25 -26 -28 0 
-25 -26 -27 -31 -32 0 
-1 -14 -20 -23 -24 -29 -35 0 
-2 -9 -18 -20 -22 -24 -33 0 
-11 -31 -32 -35 0 
-1 -27 -30 -33 0 
-1 -7 -28 0 
-24 -27 -29 -30 0 
-5 -16 -18 -20 -34 0 
-1 -2 -3 -13 -20 -23 -28 -31 -32 0 
-19 -28 -33 0 
-3 -10 -12 -14 -15 -27 -31 -33 0 
-1 -4 -6 -8 -11 -25 -33 0 
-8 -21 -28 -35 0 
-6 -7 -11 -23 -32 0 
-5 -18 -22 0 
-9 -11 -27 -29 -35 0 
-1 -3 -5 -22 -24 -27 -29 -30 -34 0 
-2 -4 -9 -11 -14 -26 -30 0 
-4 -10 -15 -21 -23 -26 -27 -28 -30 0 
-1 -6 -7 -27 -28 -33 0 
-7 -15 -28 -29 0 
-2 -6 -8 -10 -11 -17 -18 -20 -22 -25 -27 0 
-1 -7 -8 -9 -18 -20 -22 -23 -29 0 
-12 -18 0 
-4 -7 -20 -22 0 
-1 -8 -15 -18 -31 0 
-3 -7 -11 -17 -18 -20 -21 -24 -33 -34 0 
-1 -8 -22 -31 0 
-8 -18 -27 -30 -34 0 
-11 -22 -23 -25 -26 -29 -31 0 
-4 -6 -9 -17 -18 -23 0 
-8 -14 -19 -21 -28 -32 0 
-10 -11 -19 -28 -33 -35 0 
-10 -14 -20 -22 -23 -24 -26 -28 -30 -31 0 
-16 -18 -35 0 
-8 -10 -16 -25 -26 -27 -29 0 
-1 -4 -7 -13 -15 -18 -25 -28 0 
-2 -4 -5 -6 -12 -33 -35 0 
-2 -24 -25 -30 -33 -35 0 
-10 -17 -24 -27 -33 -34 0 
-10 -15 -17 -31 -34 0 
-17 -24 -33 -34 0 
-2 -12 -15 -17 -22 -26 -30 -32 0 
-2 -11 -14 -22 -23 -28 0 
-1 -5 -8 -23 -24 -28 -34 0 
-8 -11 -15 -16 -22 -27 -31 -33 -34 0 
-2 -3 -5 -20 -21 -31 -32 0 
-4 -16 -18 -19 -27 -35 0 
-4 -9 -16 -22 -28 -31 -34 0 
-4 -13 -19 -23 -27 -28 -30 -31 -34 0 
-1 -2 -12 -19 -29 0 
-9 -10 -11 -13 -21 -22 -30 -35 0 
-9 -18 -27 -31 0 
-2 -4 -7 -13 -28 0 
-1 -2 -4 -5 -13 -18 -22 -26 0 
-13 -14 -16 -20 -21 -23 -34 0 
-2 -6 -12 -16 -27 -28 0 
-23 -26 -29 0 
-6 -11 -19 -27 -28 -31 -33 -34 -35 0 
-5 -18 -21 -29 -31 -35 0 
-2 -14 -25 -26 -27 -34 0 
-18 -22 -24 -26 -27 -30 -35 0 
-8 -15 -21 -25 -26 -32 -35 0 
-9 -24 -25 -28 -34 0 
-4 -6 -11 -13 -18 -33 -34 0 
-7 -8 -11 -15 -16 -19 -20 -31 0 
-2 -5 -8 -19 -22 0 
-1 -6 -9 -19 -23 -24 -35 0 
-6 -9 -13 -20 -28 -31 -33 0 
-1 -3 -8 -17 -22 -23 -25 -26 -28 -29 -30 -31 -34 0 
-7 -17 -18 -21 -25 -27 -29 -30 0 
-4 -7 -14 -16 -20 -23 -25 -27 0 
-2 -10 -18 -22 -23 -29 0 
-3 -4 -8 -15 -17 -27 0 
-2 -5 -12 -21 -23 -34 0 
-9 -11 -15 -27 0 
-3 -5 -9 -12 -24 -29 -32 0 
-15 -18 -29 -30 0 
-1 -3 -4 -16 -19 -23 -30 -32 0 
-6 -7 -10 -18 -21 -26 -35 0 
-1 -3 -7 -8 -19 -28 -33 -34 0 
-1 -4 -6 -10 -16 -35 0 
-2 -5 -16 -23 -25 -29 0 
