p cnf 35 800
4 11 12 27 33 0 
1 10 13 18 29 34 35 0 
5 15 16 25 28 0 
2 4 10 13 14 33 0 
1 12 22 27 0 
1 6 10 13 16 28 29 32 0 
8 9 10 27 32 33 0 
4 6 13 23 33 0 
2 4 15 35 0 
2 9 16 23 24 0 
9 12 14 15 16 25 28 29 34 0 
2 15 18 19 27 28 29 0 
1 6 9 14 15 31 0 
13 21 31 0 
11 13 15 31 0 
16 23 35 0 
3 5 7 15 18 25 29 33 0 
7 12 26 27 29 34 0 
13 14 18 22 25 26 28 0 
8 10 13 18 21 28 33 0 
5 12 15 28 29 33 0 
1 6 14 17 18 29 32 0 
5 16 17 19 21 24 0 
8 13 21 26 0 
2 4 9 10 21 22 23 28 30 32 34 0 
1 7 13 15 16 17 22 29 31 0 
3 7 16 18 22 26 33 34 0 
3 8 11 17 19 20 24 26 0 
3 9 13 16 19 28 0 
4 7 12 15 19 0 
7 8 12 15 17 24 27 33 0 
3 6 7 15 19 24 31 0 
4 10 26 28 0 
1 2 4 6 18 22 26 35 0 
1 2 18 35 0 
4 5 11 13 18 19 21 24 34 0 
3 7 10 23 25 34 0 
4 13 18 27 0 
7 19 30 35 0 
3 5 20 26 30 0 
2 5 6 11 26 29 35 0 
25 30 0 
2 5 6 10 17 33 0 
5 15 16 31 32 0 
1 4 5 8 17 22 26 29 34 0 
4 7 10 15 21 25 27 31 0 
6 12 13 16 19 32 0 
3 4 5 13 20 35 0 
5 23 24 31 34 0 
10 13 21 23 24 25 26 35 0 
10 25 32 0 
2 13 22 23 0 
5 12 25 29 34 0 
4 5 12 15 25 26 35 0 
5 10 21 23 24 27 33 0 
4 6 11 12 16 22 27 31 0 
3 17 26 28 32 0 
3 7 26 28 29 30 0 
7 17 25 28 0 
2 5 13 14 15 16 21 27 30 32 0 
2 7 10 13 19 29 0 
5 10 12 14 18 27 28 30 33 0 
19 24 25 31 0 
5 13 16 20 26 30 31 0 
1 7 8 13 19 25 30 33 0 
6 12 16 20 30 35 0 
6 7 8 14 22 27 33 0 
4 5 10 15 27 34 0 
13 23 28 31 35 0 
6 16 23 29 0 
1 15 20 22 25 35 0 
3 8 13 14 25 31 0 
3 5 6 9 13 15 18 22 24 27 29 31 33 0 
5 6 15 19 22 24 33 0 
1 2 16 20 21 27 34 0 
2 6 8 15 21 29 0 
1 2 14 16 20 34 0 
4 6 18 19 25 26 27 28 35 0 
9 14 19 28 29 31 34 0 
3 4 10 22 24 30 33 0 
5 12 14 20 27 34 35 0 
10 11 14 15 18 25 27 34 0 
3 7 18 33 34 0 
10 23 0 
4 8 15 20 22 27 0 
1 4 6 8 17 22 0 
2 8 33 35 0 
10 11 13 18 21 33 0 
1 10 26 29 30 0 
3 4 21 22 29 0 
4 5 11 23 25 28 0 
4 8 10 12 18 26 29 31 33 35 0 
9 12 23 25 30 0 
6 10 20 27 0 
2 4 8 22 25 27 29 0 
6 8 11 19 21 28 30 0 
3 4 5 20 21 28 0 
3 8 11 13 22 26 28 32 0 
3 21 23 25 29 32 0 
2 5 6 18 21 25 28 0 
5 10 18 19 21 24 26 0 
2 7 9 13 14 28 29 32 34 35 0 
2 19 23 31 33 0 
4 7 19 23 31 33 0 
8 22 27 34 0 
18 23 25 27 28 0 
1 3 7 9 14 18 23 24 25 32 0 
2 6 10 17 22 27 33 0 
9 12 14 29 34 0 
1 2 6 19 29 30 0 
3 5 15 16 20 23 33 0 
11 15 17 18 19 22 34 0 
17 20 24 30 31 0 
1 5 6 7 10 18 19 20 22 23 26 29 0 
5 9 25 26 0 
4 6 21 23 26 0 
7 11 13 17 21 26 31 0 
3 5 14 19 21 27 28 0 
3 10 18 22 27 0 
2 6 9 11 15 29 34 0 
3 6 7 8 9 12 22 28 35 0 
8 21 26 28 29 0 
1 2 5 6 12 15 27 35 0 
3 18 19 21 29 30 35 0 
4 7 8 14 16 17 20 25 26 27 34 35 0 
8 11 16 18 25 31 0 
11 14 23 29 0 
1 7 8 10 13 16 35 0 
5 9 12 16 20 25 35 0 
2 3 6 9 24 0 
10 22 24 25 27 33 34 0 
4 7 14 15 18 26 27 28 0 
5 7 8 17 21 23 30 34 0 
1 4 6 17 18 19 20 25 30 31 34 0 
6 7 8 10 15 16 18 23 26 27 29 0 
24 26 28 29 0 
1 8 18 23 28 32 33 0 
3 5 9 26 28 30 31 0 
9 15 17 19 0 
4 7 8 17 21 25 27 0 
2 4 5 7 10 21 24 31 0 
2 4 21 27 30 0 
10 11 14 31 0 
2 3 13 34 0 
16 17 25 29 35 0 
3 10 25 31 35 0 
11 15 16 19 20 32 34 35 0 
1 13 17 0 
10 20 25 34 0 
10 15 19 24 25 28 35 0 
7 11 17 22 27 29 35 0 
5 8 12 16 17 20 22 29 0 
3 7 11 16 26 27 34 35 0 
4 8 15 16 25 35 0 
1 10 13 15 18 22 24 28 32 0 
2 24 0 
5 11 12 28 0 
6 28 31 32 33 0 
5 7 10 17 27 28 0 
6 12 13 17 20 35 0 
1 4 22 0 
5 6 17 18 22 24 33 0 
16 34 0 
10 26 29 0 
1 7 22 27 31 0 
11 15 16 17 18 27 0 
12 16 17 19 21 25 31 32 0 
16 19 21 22 23 26 28 0 
10 16 23 0 
5 11 13 14 19 20 31 0 
7 11 22 25 27 0 
2 14 15 17 21 26 29 31 32 0 
6 17 26 29 34 35 0 
2 6 26 27 31 33 35 0 
2 4 6 8 10 12 16 17 26 31 33 0 
1 7 10 11 19 34 0 
1 23 24 32 0 
3 6 7 8 11 25 27 35 0 
5 14 17 19 22 29 32 0 
5 27 30 0 
9 11 12 22 23 25 30 0 
2 11 13 18 19 21 23 24 25 26 0 
4 20 21 24 25 28 0 
5 8 14 24 35 0 
6 7 12 19 20 22 23 28 0 
11 14 16 17 21 23 32 0 
5 6 18 22 0 
6 8 14 17 22 31 0 
13 20 32 0 
4 5 7 10 13 19 29 30 0 
1 15 19 26 35 0 
16 26 28 29 0 
1 4 6 14 17 35 0 
6 8 15 33 0 
13 20 24 26 29 30 35 0 
1 4 11 13 21 23 25 0 
4 8 13 15 28 0 
12 19 28 0 
4 15 18 19 21 22 23 24 35 0 
2 3 6 10 11 14 27 30 35 0 
6 7 9 14 19 23 27 32 0 
1 11 16 20 24 34 0 
5 6 8 17 18 19 31 0 
5 9 11 17 21 22 27 33 0 
9 10 13 18 28 29 35 0 
10 13 16 18 25 26 28 0 
2 3 24 25 26 28 0 
2 4 9 13 16 22 28 31 0 
1 5 8 16 18 19 24 31 33 34 0 
1 34 0 
4 9 16 0 
8 11 14 18 21 0 
1 3 13 31 32 0 
20 24 27 29 30 32 0 
1 11 12 25 27 29 0 
3 17 18 21 23 32 0 
4 9 16 22 24 27 32 0 
3 14 15 20 22 27 32 0 
7 12 13 16 18 20 24 29 0 
6 7 9 22 24 25 0 
3 18 22 23 26 0 
2 12 14 15 17 0 
3 7 8 18 24 0 
3 4 26 29 34 0 
10 11 14 15 21 32 0 
1 11 27 33 34 0 
18 23 35 0 
6 10 12 13 15 19 21 23 24 27 30 31 0 
2 16 17 21 24 30 0 
1 2 8 19 27 30 31 0 
2 3 4 10 20 24 29 30 34 35 0 
4 8 11 31 33 0 
6 13 25 31 33 34 0 
19 21 34 0 
1 7 12 20 25 31 0 
7 13 21 22 26 30 0 
8 10 22 24 29 33 34 35 0 
7 19 20 21 26 0 
2 4 14 24 30 34 35 0 
3 5 7 22 34 0 
1 3 4 5 11 15 16 23 25 34 0 
7 13 20 23 24 35 0 
14 16 25 27 30 32 33 0 
4 17 25 27 32 0 
3 7 8 30 35 0 
10 14 29 34 35 0 
2 5 8 13 14 19 24 29 0 
3 7 14 22 23 29 30 0 
3 6 18 24 26 30 0 
8 14 18 20 23 35 0 
1 4 9 16 18 20 21 24 27 29 30 0 
8 9 10 16 18 21 26 28 29 30 33 0 
5 8 17 19 24 26 29 0 
2 9 13 25 26 28 0 
3 12 14 15 16 18 20 29 0 
3 8 17 21 0 
5 8 11 16 17 19 27 30 31 32 0 
4 6 13 25 0 
2 8 14 15 16 21 25 28 0 
3 7 14 27 28 31 34 0 
13 16 17 19 21 28 0 
7 15 24 25 26 35 0 
5 8 15 32 34 0 
7 8 21 26 29 30 34 35 0 
1 8 12 15 21 25 0 
7 9 17 19 28 30 35 0 
6 8 14 20 23 26 0 
1 14 15 0 
4 17 18 19 21 30 32 33 34 0 
1 6 8 10 13 14 19 20 22 31 32 33 0 
9 11 26 27 29 0 
3 8 16 24 25 0 
1 7 9 14 16 17 25 31 32 33 0 
3 18 22 24 25 29 0 
2 3 5 15 20 22 24 31 0 
9 11 18 21 25 0 
5 21 23 25 29 0 
23 31 35 0 
3 5 15 18 26 30 34 0 
7 12 14 15 16 29 34 0 
5 7 10 18 20 22 24 27 34 0 
6 12 17 23 29 0 
16 17 18 25 29 0 
1 28 35 0 
3 9 17 22 23 29 0 
1 10 18 31 32 0 
2 12 16 25 29 0 
6 19 21 32 33 34 0 
8 9 12 18 19 24 26 30 0 
8 9 19 26 29 31 0 
1 2 6 14 24 28 33 0 
5 11 13 15 20 26 27 0 
1 5 13 19 21 25 35 0 
25 26 34 0 
2 5 15 17 20 0 
2 6 7 16 21 0 
2 4 15 17 18 26 29 31 0 
10 15 21 22 26 0 
11 16 20 25 33 0 
8 12 14 20 27 28 35 0 
20 23 0 
3 9 12 29 32 34 0 
4 5 13 22 27 0 
2 3 21 24 29 34 0 
2 3 16 18 23 24 28 32 34 0 
13 16 21 26 0 
4 7 10 21 29 31 33 34 35 0 
1 3 5 6 9 10 18 33 0 
7 15 25 29 0 
2 5 22 26 28 30 35 0 
1 12 21 31 33 0 
2 7 8 11 12 14 16 27 0 
2 8 9 10 12 16 30 31 33 35 0 
3 5 17 19 20 28 29 32 35 0 
7 22 25 26 27 34 35 0 
1 4 8 10 19 20 26 28 30 33 35 0 
2 6 12 14 16 23 0 
3 5 10 18 19 0 
7 10 20 23 28 0 
2 3 7 8 12 14 17 18 19 23 26 34 0 
3 19 20 23 35 0 
1 7 13 17 19 33 0 
6 18 30 35 0 
13 19 21 24 30 35 0 
18 19 22 24 25 30 0 
6 21 29 33 0 
5 10 19 24 30 0 
3 7 11 12 16 24 31 32 0 
6 9 11 13 24 25 35 0 
1 3 5 7 17 18 20 23 24 0 
5 12 20 28 32 33 0 
14 19 21 22 23 25 29 32 0 
4 7 19 23 27 0 
1 6 9 19 21 23 27 28 0 
1 3 13 24 26 30 0 
7 17 19 20 23 24 30 34 0 
3 7 8 11 16 23 29 0 
17 19 25 33 34 35 0 
3 9 16 22 23 24 29 33 0 
15 21 24 28 0 
7 9 11 20 21 25 33 35 0 
4 5 10 13 14 23 27 34 0 
3 4 10 18 26 29 32 35 0 
11 19 26 27 29 0 
5 6 9 26 28 29 34 35 0 
1 3 8 13 16 18 24 29 33 0 
2 3 6 14 17 20 21 0 
1 14 15 23 27 30 31 32 0 
3 13 16 21 34 0 
3 5 6 11 18 22 25 29 32 0 
2 11 17 28 0 
19 22 24 25 28 33 34 0 
12 15 18 21 24 26 32 0 
1 4 10 12 17 18 23 25 35 0 
6 9 20 23 24 34 0 
1 6 13 22 33 0 
7 10 18 20 29 31 33 0 
3 4 5 8 17 23 25 26 35 0 
7 8 14 16 20 27 29 0 
7 14 18 21 24 31 34 0 
2 10 16 19 23 31 33 0 
26 31 33 0 
9 11 17 31 0 
16 17 22 23 26 32 0 
4 8 14 17 18 23 24 30 32 0 
3 21 29 35 0 
7 13 14 20 21 22 23 31 32 0 
9 13 15 17 20 24 27 33 0 
1 2 19 22 35 0 
3 8 10 15 27 0 
7 16 19 22 29 31 34 0 
5 9 17 31 33 34 35 0 
1 3 21 22 25 27 30 0 
12 13 17 19 25 32 0 
3 4 7 11 14 21 25 0 
1 7 8 13 21 22 24 25 26 27 0 
2 5 14 16 20 28 32 0 
4 5 8 11 12 21 23 34 0 
1 3 7 8 9 14 16 25 26 31 32 34 0 
1 5 13 14 15 17 0 
5 12 24 32 34 0 
18 22 33 0 
3 12 20 24 34 0 
8 11 12 18 31 0 
1 14 20 26 29 35 0 
4 20 0 
1 7 8 9 18 21 24 29 31 32 0 
14 16 19 22 27 32 0 
15 22 23 25 26 31 0 
1 10 11 15 25 0 
2 3 4 5 6 12 18 26 28 31 0 
3 14 19 22 31 35 0 
7 11 20 23 30 35 0 
4 7 12 14 17 31 34 0 
1 20 23 33 34 0 
14 15 16 19 20 22 27 33 34 0 
1 2 14 19 26 27 32 33 0 
6 16 24 25 30 32 0 
4 28 0 
9 14 18 32 34 0 
-4 -11 -12 -27 -33 0 
-1 -10 -13 -18 -29 -34 -35 0 
-5 -15 -16 -25 -28 0 
-2 -4 -10 -13 -14 -33 0 
-1 -12 -22 -27 0 
-1 -6 -10 -13 -16 -28 -29 -32 0 
-8 -9 -10 -27 -32 -33 0 
-4 -6 -13 -23 -33 0 
-2 -4 -15 -35 0 
-2 -9 -16 -23 -24 0 
-9 -12 -14 -15 -16 -25 -28 -29 -34 0 
-2 -15 -18 -19 -27 -28 -29 0 
-1 -6 -9 -14 -15 -31 0 
-13 -21 -31 0 
-11 -13 -15 -31 0 
-16 -23 -35 0 
-3 -5 -7 -15 -18 -25 -29 -33 0 
-7 -12 -26 -27 -29 -34 0 
-13 -14 -18 -22 -25 -26 -28 0 
-8 -10 -13 -18 -21 -28 -33 0 
-5 -12 -15 -28 -29 -33 0 
-1 -6 -14 -17 -18 -29 -32 0 
-5 -16 -17 -19 -21 -24 0 
-8 -13 -21 -26 0 
-2 -4 -9 -10 -21 -22 -23 -28 -30 -32 -34 0 
-1 -7 -13 -15 -16 -17 -22 -29 -31 0 
-3 -7 -16 -18 -22 -26 -33 -34 0 
-3 -8 -11 -17 -19 -20 -24 -26 0 
-3 -9 -13 -16 -19 -28 0 
-4 -7 -12 -15 -19 0 
-7 -8 -12 -15 -17 -24 -27 -33 0 
-3 -6 -7 -15 -19 -24 -31 0 
-4 -10 -26 -28 0 
-1 -2 -4 -6 -18 -22 -26 -35 0 
-1 -2 -18 -35 0 
-4 -5 -11 -13 -18 -19 -21 -24 -34 0 
-3 -7 -10 -23 -25 -34 0 
-4 -13 -18 -27 0 
-7 -19 -30 -35 0 
-3 -5 -20 -26 -30 0 
-2 -5 -6 -11 -26 -29 -35 0 
-25 -30 0 
-2 -5 -6 -10 -17 -33 0 
-5 -15 -16 -31 -32 0 
-1 -4 -5 -8 -17 -22 -26 -29 -34 0 
-4 -7 -10 -15 -21 -25 -27 -31 0 
-6 -12 -13 -16 -19 -32 0 
-3 -4 -5 -13 -20 -35 0 
-5 -23 -24 -31 -34 0 
-10 -13 -21 -23 -24 -25 -26 -35 0 
-10 -25 -32 0 
-2 -13 -22 -23 0 
-5 -12 -25 -29 -34 0 
-4 -5 -12 -15 -25 -26 -35 0 
-5 -10 -21 -23 -24 -27 -33 0 
-4 -6 -11 -12 -16 -22 -27 -31 0 
-3 -17 -26 -28 -32 0 
-3 -7 -26 -28 -29 -30 0 
-7 -17 -25 -28 0 
-2 -5 -13 -14 -15 -16 -21 -27 -30 -32 0 
-2 -7 -10 -13 -19 -29 0 
-5 -10 -12 -14 -18 -27 -28 -30 -33 0 
-19 -24 -25 -31 0 
-5 -13 -16 -20 -26 -30 -31 0 
-1 -7 -8 -13 -19 -25 -30 -33 0 
-6 -12 -16 -20 -30 -35 0 
-6 -7 -8 -14 -22 -27 -33 0 
-4 -5 -10 -15 -27 -34 0 
-13 -23 -28 -31 -35 0 
-6 -16 -23 -29 0 
-1 -15 -20 -22 -25 -35 0 
-3 -8 -13 -14 -25 -31 0 
-3 -5 -6 -9 -13 -15 -18 -22 -24 -27 -29 -31 -33 0 
-5 -6 -15 -19 -22 -24 -33 0 
-1 -2 -16 -20 -21 -27 -34 0 
-2 -6 -8 -15 -21 -29 0 
-1 -2 -14 -16 -20 -34 0 
-4 -6 -18 -19 -25 -26 -27 -28 -35 0 
-9 -14 -19 -28 -29 -31 -34 0 
-3 -4 -10 -22 -24 -30 -33 0 
-5 -12 -14 -20 -27 -34 -35 0 
-10 -11 -14 -15 -18 -25 -27 -34 0 
-3 -7 -18 -33 -34 0 
-10 -23 0 
-4 -8 -15 -20 -22 -27 0 
-1 -4 -6 -8 -17 -22 0 
-2 -8 -33 -35 0 
-10 -11 -13 -18 -21 -33 0 
-1 -10 -26 -29 -30 0 
-3 -4 -21 -22 -29 0 
-4 -5 -11 -23 -25 -28 0 
-4 -8 -10 -12 -18 -26 -29 -31 -33 -35 0 
-9 -12 -23 -25 -30 0 
-6 -10 -20 -27 0 
-2 -4 -8 -22 -25 -27 -29 0 
-6 -8 -11 -19 -21 -28 -30 0 
-3 -4 -5 -20 -21 -28 0 
-3 -8 -11 -13 -22 -26 -28 -32 0 
-3 -21 -23 -25 -29 -32 0 
-2 -5 -6 -18 -21 -25 -28 0 
-5 -10 -18 -19 -21 -24 -26 0 
-2 -7 -9 -13 -14 -28 -29 -32 -34 -35 0 
-2 -19 -23 -31 -33 0 
-4 -7 -19 -23 -31 -33 0 
-8 -22 -27 -34 0 
-18 -23 -25 -27 -28 0 
-1 -3 -7 -9 -14 -18 -23 -24 -25 -32 0 
-2 -6 -10 -17 -22 -27 -33 0 
-9 -12 -14 -29 -34 0 
-1 -2 -6 -19 -29 -30 0 
-3 -5 -15 -16 -20 -23 -33 0 
-11 -15 -17 -18 -19 -22 -34 0 
-17 -20 -24 -30 -31 0 
-1 -5 -6 -7 -10 -18 -19 -20 -22 -23 -26 -29 0 
-5 -9 -25 -26 0 
-4 -6 -21 -23 -26 0 
-7 -11 -13 -17 -21 -26 -31 0 
-3 -5 -14 -19 -21 -27 -28 0 
-3 -10 -18 -22 -27 0 
-2 -6 -9 -11 -15 -29 -34 0 
-3 -6 -7 -8 -9 -12 -22 -28 -35 0 
-8 -21 -26 -28 -29 0 
-1 -2 -5 -6 -12 -15 -27 -35 0 
-3 -18 -19 -21 -29 -30 -35 0 
-4 -7 -8 -14 -16 -17 -20 -25 -26 -27 -34 -35 0 
-8 -11 -16 -18 -25 -31 0 
-11 -14 -23 -29 0 
-1 -7 -8 -10 -13 -16 -35 0 
-5 -9 -12 -16 -20 -25 -35 0 
-2 -3 -6 -9 -24 0 
-10 -22 -24 -25 -27 -33 -34 0 
-4 -7 -14 -15 -18 -26 -27 -28 0 
-5 -7 -8 -17 -21 -23 -30 -34 0 
-1 -4 -6 -17 -18 -19 -20 -25 -30 -31 -34 0 
-6 -7 -8 -10 -15 -16 -18 -23 -26 -27 -29 0 
-24 -26 -28 -29 0 
-1 -8 -18 -23 -28 -32 -33 0 
-3 -5 -9 -26 -28 -30 -31 0 
-9 -15 -17 -19 0 
-4 -7 -8 -17 -21 -25 -27 0 
-2 -4 -5 -7 -10 -21 -24 -31 0 
-2 -4 -21 -27 -30 0 
-10 -11 -14 -31 0 
-2 -3 -13 -34 0 
-16 -17 -25 -29 -35 0 
-3 -10 -25 -31 -35 0 
-11 -15 -16 -19 -20 -32 -34 -35 0 
-1 -13 -17 0 
-10 -20 -25 -34 0 
-10 -15 -19 -24 -25 -28 -35 0 
-7 -11 -17 -22 -27 -29 -35 0 
-5 -8 -12 -16 -17 -20 -22 -29 0 
-3 -7 -11 -16 -26 -27 -34 -35 0 
-4 -8 -15 -16 -25 -35 0 
-1 -10 -13 -15 -18 -22 -24 -28 -32 0 
-2 -24 0 
-5 -11 -12 -28 0 
-6 -28 -31 -32 -33 0 
-5 -7 -10 -17 -27 -28 0 
-6 -12 -13 -17 -20 -35 0 
-1 -4 -22 0 
-5 -6 -17 -18 -22 -24 -33 0 
-16 -34 0 
-10 -26 -29 0 
-1 -7 -22 -27 -31 0 
-11 -15 -16 -17 -18 -27 0 
-12 -16 -17 -19 -21 -25 -31 -32 0 
-16 -19 -21 -22 -23 -26 -28 0 
-10 -16 -23 0 
-5 -11 -13 -14 -19 -20 -31 0 
-7 -11 -22 -25 -27 0 
-2 -14 -15 -17 -21 -26 -29 -31 -32 0 
-6 -17 -26 -29 -34 -35 0 
-2 -6 -26 -27 -31 -33 -35 0 
-2 -4 -6 -8 -10 -12 -16 -17 -26 -31 -33 0 
-1 -7 -10 -11 -19 -34 0 
-1 -23 -24 -32 0 
-3 -6 -7 -8 -11 -25 -27 -35 0 
-5 -14 -17 -19 -22 -29 -32 0 
-5 -27 -30 0 
-9 -11 -12 -22 -23 -25 -30 0 
-2 -11 -13 -18 -19 -21 -23 -24 -25 -26 0 
-4 -20 -21 -24 -25 -28 0 
-5 -8 -14 -24 -35 0 
-6 -7 -12 -19 -20 -22 -23 -28 0 
-11 -14 -16 -17 -21 -23 -32 0 
-5 -6 -18 -22 0 
-6 -8 -14 -17 -22 -31 0 
-13 -20 -32 0 
-4 -5 -7 -10 -13 -19 -29 -30 0 
-1 -15 -19 -26 -35 0 
-16 -26 -28 -29 0 
-1 -4 -6 -14 -17 -35 0 
-6 -8 -15 -33 0 
-13 -20 -24 -26 -29 -30 -35 0 
-1 -4 -11 -13 -21 -23 -25 0 
-4 -8 -13 -15 -28 0 
-12 -19 -28 0 
-4 -15 -18 -19 -21 -22 -23 -24 -35 0 
-2 -3 -6 -10 -11 -14 -27 -30 -35 0 
-6 -7 -9 -14 -19 -23 -27 -32 0 
-1 -11 -16 -20 -24 -34 0 
-5 -6 -8 -17 -18 -19 -31 0 
-5 -9 -11 -17 -21 -22 -27 -33 0 
-9 -10 -13 -18 -28 -29 -35 0 
-10 -13 -16 -18 -25 -26 -28 0 
-2 -3 -24 -25 -26 -28 0 
-2 -4 -9 -13 -16 -22 -28 -31 0 
-1 -5 -8 -16 -18 -19 -24 -31 -33 -34 0 
-1 -34 0 
-4 -9 -16 0 
-8 -11 -14 -18 -21 0 
-1 -3 -13 -31 -32 0 
-20 -24 -27 -29 -30 -32 0 
-1 -11 -12 -25 -27 -29 0 
-3 -17 -18 -21 -23 -32 0 
-4 -9 -16 -22 -24 -27 -32 0 
-3 -14 -15 -20 -22 -27 -32 0 
-7 -12 -13 -16 -18 -20 -24 -29 0 
-6 -7 -9 -22 -24 -25 0 
-3 -18 -22 -23 -26 0 
-2 -12 -14 -15 -17 0 
-3 -7 -8 -18 -24 0 
-3 -4 -26 -29 -34 0 
-10 -11 -14 -15 -21 -32 0 
-1 -11 -27 -33 -34 0 
-18 -23 -35 0 
-6 -10 -12 -13 -15 -19 -21 -23 -24 -27 -30 -31 0 
-2 -16 -17 -21 -24 -30 0 
-1 -2 -8 -19 -27 -30 -31 0 
-2 -3 -4 -10 -20 -24 -29 -30 -34 -35 0 
-4 -8 -11 -31 -33 0 
-6 -13 -25 -31 -33 -34 0 
-19 -21 -34 0 
-1 -7 -12 -20 -25 -31 0 
-7 -13 -21 -22 -26 -30 0 
-8 -10 -22 -24 -29 -33 -34 -35 0 
-7 -19 -20 -21 -26 0 
-2 -4 -14 -24 -30 -34 -35 0 
-3 -5 -7 -22 -34 0 
-1 -3 -4 -5 -11 -15 -16 -23 -25 -34 0 
-7 -13 -20 -23 -24 -35 0 
-14 -16 -25 -27 -30 -32 -33 0 
-4 -17 -25 -27 -32 0 
-3 -7 -8 -30 -35 0 
-10 -14 -29 -34 -35 0 
-2 -5 -8 -13 -14 -19 -24 -29 0 
-3 -7 -14 -22 -23 -29 -30 0 
-3 -6 -18 -24 -26 -30 0 
-8 -14 -18 -20 -23 -35 0 
-1 -4 -9 -16 -18 -20 -21 -24 -27 -29 -30 0 
-8 -9 -10 -16 -18 -21 -26 -28 -29 -30 -33 0 
-5 -8 -17 -19 -24 -26 -29 0 
-2 -9 -13 -25 -26 -28 0 
-3 -12 -14 -15 -16 -18 -20 -29 0 
-3 -8 -17 -21 0 
-5 -8 -11 -16 -17 -19 -27 -30 -31 -32 0 
-4 -6 -13 -25 0 
-2 -8 -14 -15 -16 -21 -25 -28 0 
-3 -7 -14 -27 -28 -31 -34 0 
-13 -16 -17 -19 -21 -28 0 
-7 -15 -24 -25 -26 -35 0 
-5 -8 -15 -32 -34 0 
-7 -8 -21 -26 -29 -30 -34 -35 0 
-1 -8 -12 -15 -21 -25 0 
-7 -9 -17 -19 -28 -30 -35 0 
-6 -8 -14 -20 -23 -26 0 
-1 -14 -15 0 
-4 -17 -18 -19 -21 -30 -32 -33 -34 0 
-1 -6 -8 -10 -13 -14 -19 -20 -22 -31 -32 -33 0 
-9 -11 -26 -27 -29 0 
-3 -8 -16 -24 -25 0 
-1 -7 -9 -14 -16 -17 -25 -31 -32 -33 0 
-3 -18 -22 -24 -25 -29 0 
-2 -3 -5 -15 -20 -22 -24 -31 0 
-9 -11 -18 -21 -25 0 
-5 -21 -23 -25 -29 0 
-23 -31 -35 0 
-3 -5 -15 -18 -26 -30 -34 0 
-7 -12 -14 -15 -16 -29 -34 0 
-5 -7 -10 -18 -20 -22 -24 -27 -34 0 
-6 -12 -17 -23 -29 0 
-16 -17 -18 -25 -29 0 
-1 -28 -35 0 
-3 -9 -17 -22 -23 -29 0 
-1 -10 -18 -31 -32 0 
-2 -12 -16 -25 -29 0 
-6 -19 -21 -32 -33 -34 0 
-8 -9 -12 -18 -19 -24 -26 -30 0 
-8 -9 -19 -26 -29 -31 0 
-1 -2 -6 -14 -24 -28 -33 0 
-5 -11 -13 -15 -20 -26 -27 0 
-1 -5 -13 -19 -21 -25 -35 0 
-25 -26 -34 0 
-2 -5 -15 -17 -20 0 
-2 -6 -7 -16 -21 0 
-2 -4 -15 -17 -18 -26 -29 -31 0 
-10 -15 -21 -22 -26 0 
-11 -16 -20 -25 -33 0 
-8 -12 -14 -20 -27 -28 -35 0 
-20 -23 0 
-3 -9 -12 -29 -32 -34 0 
-4 -5 -13 -22 -27 0 
-2 -3 -21 -24 -29 -34 0 
-2 -3 -16 -18 -23 -24 -28 -32 -34 0 
-13 -16 -21 -26 0 
-4 -7 -10 -21 -29 -31 -33 -34 -35 0 
-1 -3 -5 -6 -9 -10 -18 -33 0 
-7 -15 -25 -29 0 
-2 -5 -22 -26 -28 -30 -35 0 
-1 -12 -21 -31 -33 0 
-2 -7 -8 -11 -12 -14 -16 -27 0 
-2 -8 -9 -10 -12 -16 -30 -31 -33 -35 0 
-3 -5 -17 -19 -20 -28 -29 -32 -35 0 
-7 -22 -25 -26 -27 -34 -35 0 
-1 -4 -8 -10 -19 -20 -26 -28 -30 -33 -35 0 
-2 -6 -12 -14 -16 -23 0 
-3 -5 -10 -18 -19 0 
-7 -10 -20 -23 -28 0 
-2 -3 -7 -8 -12 -14 -17 -18 -19 -23 -26 -34 0 
-3 -19 -20 -23 -35 0 
-1 -7 -13 -17 -19 -33 0 
-6 -18 -30 -35 0 
-13 -19 -21 -24 -30 -35 0 
-18 -19 -22 -24 -25 -30 0 
-6 -21 -29 -33 0 
-5 -10 -19 -24 -30 0 
-3 -7 -11 -12 -16 -24 -31 -32 0 
-6 -9 -11 -13 -24 -25 -35 0 
-1 -3 -5 -7 -17 -18 -20 -23 -24 0 
-5 -12 -20 -28 -32 -33 0 
-14 -19 -21 -22 -23 -25 -29 -32 0 
-4 -7 -19 -23 -27 0 
-1 -6 -9 -19 -21 -23 -27 -28 0 
-1 -3 -13 -24 -26 -30 0 
-7 -17 -19 -20 -23 -24 -30 -34 0 
-3 -7 -8 -11 -16 -23 -29 0 
-17 -19 -25 -33 -34 -35 0 
-3 -9 -16 -22 -23 -24 -29 -33 0 
-15 -21 -24 -28 0 
-7 -9 -11 -20 -21 -25 -33 -35 0 
-4 -5 -10 -13 -14 -23 -27 -34 0 
-3 -4 -10 -18 -26 -29 -32 -35 0 
-11 -19 -26 -27 -29 0 
-5 -6 -9 -26 -28 -29 -34 -35 0 
-1 -3 -8 -13 -16 -18 -24 -29 -33 0 
-2 -3 -6 -14 -17 -20 -21 0 
-1 -14 -15 -23 -27 -30 -31 -32 0 
-3 -13 -16 -21 -34 0 
-3 -5 -6 -11 -18 -22 -25 -29 -32 0 
-2 -11 -17 -28 0 
-19 -22 -24 -25 -28 -33 -34 0 
-12 -15 -18 -21 -24 -26 -32 0 
-1 -4 -10 -12 -17 -18 -23 -25 -35 0 
-6 -9 -20 -23 -24 -34 0 
-1 -6 -13 -22 -33 0 
-7 -10 -18 -20 -29 -31 -33 0 
-3 -4 -5 -8 -17 -23 -25 -26 -35 0 
-7 -8 -14 -16 -20 -27 -29 0 
-7 -14 -18 -21 -24 -31 -34 0 
-2 -10 -16 -19 -23 -31 -33 0 
-26 -31 -33 0 
-9 -11 -17 -31 0 
-16 -17 -22 -23 -26 -32 0 
-4 -8 -14 -17 -18 -23 -24 -30 -32 0 
-3 -21 -29 -35 0 
-7 -13 -14 -20 -21 -22 -23 -31 -32 0 
-9 -13 -15 -17 -20 -24 -27 -33 0 
-1 -2 -19 -22 -35 0 
-3 -8 -10 -15 -27 0 
-7 -16 -19 -22 -29 -31 -34 0 
-5 -9 -17 -31 -33 -34 -35 0 
-1 -3 -21 -22 -25 -27 -30 0 
-12 -13 -17 -19 -25 -32 0 
-3 -4 -7 -11 -14 -21 -25 0 
-1 -7 -8 -13 -21 -22 -24 -25 -26 -27 0 
-2 -5 -14 -16 -20 -28 -32 0 
-4 -5 -8 -11 -12 -21 -23 -34 0 
-1 -3 -7 -8 -9 -14 -16 -25 -26 -31 -32 -34 0 
-1 -5 -13 -14 -15 -17 0 
-5 -12 -24 -32 -34 0 
-18 -22 -33 0 
-3 -12 -20 -24 -34 0 
-8 -11 -12 -18 -31 0 
-1 -14 -20 -26 -29 -35 0 
-4 -20 0 
-1 -7 -8 -9 -18 -21 -24 -29 -31 -32 0 
-14 -16 -19 -22 -27 -32 0 
-15 -22 -23 -25 -26 -31 0 
-1 -10 -11 -15 -25 0 
-2 -3 -4 -5 -6 -12 -18 -26 -28 -31 0 
-3 -14 -19 -22 -31 -35 0 
-7 -11 -20 -23 -30 -35 0 
-4 -7 -12 -14 -17 -31 -34 0 
-1 -20 -23 -33 -34 0 
-14 -15 -16 -19 -20 -22 -27 -33 -34 0 
-1 -2 -14 -19 -26 -27 -32 -33 0 
-6 -16 -24 -25 -30 -32 0 
-4 -28 0 
-9 -14 -18 -32 -34 0 
