p cnf 35 800
11 16 18 21 33 0 
2 6 8 11 18 20 26 32 34 35 0 
3 20 28 0 
3 5 13 18 23 26 34 35 0 
4 7 8 12 16 27 31 32 0 
9 22 26 29 31 33 35 0 
6 9 18 24 26 32 0 
2 5 6 13 15 20 27 29 32 35 0 
2 8 16 22 28 34 0 
6 12 14 22 26 32 35 0 
6 7 15 19 22 34 0 
3 10 18 22 27 28 35 0 
1 4 10 16 22 35 0 
1 3 6 7 8 10 13 18 22 23 24 28 29 32 0 
5 32 0 
1 3 6 8 9 13 19 21 26 27 31 35 0 
10 14 23 26 0 
6 17 18 23 30 32 34 0 
7 17 21 28 0 
5 10 13 15 16 21 23 28 29 0 
3 4 9 13 21 23 0 
5 7 13 21 25 30 0 
1 3 6 7 10 15 16 21 22 25 26 32 35 0 
8 11 22 24 26 34 35 0 
5 6 7 11 13 15 18 24 26 29 31 32 0 
12 21 22 26 27 29 0 
6 11 17 19 20 24 30 33 0 
4 6 11 14 16 18 24 25 31 34 0 
4 9 18 20 21 26 29 0 
5 6 10 15 16 17 24 0 
7 9 11 23 29 0 
2 13 17 23 27 31 33 35 0 
1 4 21 25 27 35 0 
6 8 27 0 
8 10 13 18 20 34 0 
11 21 23 26 31 33 0 
2 4 7 11 15 18 19 20 27 31 0 
1 2 15 19 23 26 30 0 
3 6 15 16 18 20 22 23 30 31 32 0 
4 11 13 21 23 30 0 
4 5 6 8 10 12 17 0 
6 10 14 32 35 0 
10 17 20 25 27 34 0 
3 7 20 21 22 29 33 0 
9 19 24 29 32 35 0 
3 19 24 27 29 30 0 
3 11 12 16 18 32 34 0 
1 3 11 18 22 27 29 31 32 0 
6 7 8 21 23 27 31 34 0 
2 13 16 19 21 22 31 0 
1 15 18 23 27 29 33 0 
4 19 25 29 30 35 0 
6 9 12 16 24 35 0 
15 17 22 27 0 
4 5 11 12 17 29 30 0 
13 26 27 30 32 33 0 
9 15 21 31 33 34 35 0 
14 18 23 28 30 31 35 0 
11 18 19 28 31 32 0 
1 14 15 16 32 0 
1 3 7 9 11 17 19 33 0 
4 25 29 32 0 
7 11 18 19 20 22 24 32 0 
10 20 25 27 0 
3 12 17 27 0 
6 21 22 24 27 29 0 
10 13 18 27 28 32 33 0 
2 4 6 17 18 33 0 
2 5 8 9 33 0 
9 21 24 26 0 
6 14 25 0 
7 12 15 19 22 34 0 
1 14 22 30 34 0 
14 17 0 
4 6 7 9 10 15 32 0 
7 12 23 27 30 31 0 
1 6 7 22 23 25 26 30 32 0 
2 6 19 22 23 35 0 
1 9 13 15 19 22 30 32 0 
5 15 16 20 29 33 0 
1 13 17 20 25 28 0 
1 5 6 16 24 26 34 0 
2 5 17 18 20 34 0 
2 8 9 13 16 29 0 
15 18 22 31 32 0 
4 9 19 28 35 0 
14 17 22 30 0 
9 17 20 27 0 
13 19 24 33 35 0 
8 11 19 21 23 30 33 0 
1 10 16 18 0 
1 7 13 15 18 19 20 23 26 30 33 0 
7 8 10 17 24 33 35 0 
5 6 15 16 20 23 25 33 34 0 
1 6 8 12 13 30 31 0 
1 20 24 28 30 0 
1 4 9 18 0 
4 8 13 19 24 29 30 35 0 
1 2 8 11 17 23 24 32 0 
6 8 10 12 18 19 20 26 31 32 35 0 
18 19 25 29 31 34 0 
3 7 14 17 22 23 0 
2 7 19 24 26 28 33 0 
1 7 8 15 16 27 0 
10 16 17 21 27 28 33 0 
2 11 14 15 16 33 0 
2 4 11 25 27 28 34 0 
2 11 13 18 23 30 31 32 0 
12 13 14 15 25 26 0 
2 9 16 24 0 
8 14 19 0 
2 4 11 15 18 25 27 28 32 34 0 
2 3 5 10 30 31 0 
2 18 19 20 29 0 
7 9 19 31 33 0 
4 12 13 14 22 0 
9 15 17 30 32 0 
3 11 18 29 30 33 0 
2 5 21 24 30 31 35 0 
4 12 0 
1 2 3 4 5 8 14 29 0 
1 13 14 16 0 
8 9 27 28 29 35 0 
10 13 21 25 28 0 
3 10 14 16 18 21 23 25 28 35 0 
5 9 18 28 35 0 
17 18 20 27 29 32 33 0 
3 6 9 11 18 20 25 26 28 29 0 
1 2 11 27 28 33 0 
19 20 23 27 0 
1 6 18 20 32 35 0 
14 17 26 28 30 32 0 
12 19 24 25 30 31 0 
1 11 32 0 
14 16 23 24 26 28 30 35 0 
5 9 11 17 20 30 34 0 
4 7 9 11 24 25 0 
2 10 21 0 
8 9 15 25 27 28 0 
1 2 15 18 22 23 29 30 31 0 
5 11 12 13 18 23 27 30 34 0 
4 12 27 35 0 
9 13 17 26 27 30 0 
2 7 11 14 19 31 0 
3 6 7 9 12 13 19 27 31 33 0 
3 7 11 13 19 25 28 30 0 
1 2 6 8 9 15 26 27 31 0 
2 3 17 19 0 
2 10 14 15 21 29 35 0 
3 5 6 13 21 26 29 32 33 0 
3 17 20 28 31 0 
2 3 25 26 32 0 
2 8 9 11 15 24 30 35 0 
2 12 13 17 24 27 0 
1 2 7 10 12 17 30 0 
2 5 10 15 23 26 28 29 30 0 
13 18 21 33 34 35 0 
6 10 14 17 20 21 22 28 29 30 34 0 
7 8 17 21 25 27 33 0 
1 4 25 28 29 32 34 0 
1 2 8 0 
5 23 0 
8 10 12 13 18 20 32 0 
17 18 25 29 33 0 
16 21 31 0 
10 16 18 20 22 27 0 
2 3 9 27 34 0 
17 23 24 31 0 
7 12 15 17 20 22 26 30 0 
8 12 25 0 
1 3 12 18 21 0 
5 6 7 13 21 23 0 
4 7 9 12 15 18 28 30 35 0 
3 9 12 13 14 18 24 26 33 0 
13 14 23 25 26 28 34 0 
4 5 7 12 15 16 20 30 0 
11 14 24 29 0 
4 8 31 32 0 
7 8 10 11 13 21 30 32 0 
16 21 23 26 29 0 
18 20 21 24 27 29 34 0 
12 16 20 25 28 32 0 
1 5 10 17 24 28 0 
4 6 7 18 20 24 35 0 
3 13 15 18 19 23 30 0 
5 6 11 12 19 27 0 
2 4 10 30 35 0 
1 2 8 11 15 21 26 30 0 
6 17 23 29 31 32 0 
1 3 6 11 19 22 0 
6 19 26 32 0 
6 15 23 0 
2 4 5 8 19 20 22 24 34 0 
3 13 0 
6 10 11 17 20 23 32 33 34 0 
6 15 19 31 32 0 
11 14 17 35 0 
4 5 10 20 21 23 29 34 35 0 
7 13 21 26 29 30 32 35 0 
8 13 15 22 25 29 33 0 
1 15 19 32 34 35 0 
13 14 24 0 
1 2 29 0 
1 2 18 21 26 30 35 0 
3 4 29 33 35 0 
12 13 25 27 0 
10 12 15 16 19 25 26 0 
3 4 12 14 22 29 0 
1 3 5 13 18 19 21 23 31 0 
2 3 5 8 20 22 30 0 
9 14 17 20 22 24 28 35 0 
7 8 9 14 17 18 24 25 27 28 0 
8 16 22 28 35 0 
5 16 18 30 0 
8 9 12 14 22 32 33 0 
1 4 9 24 25 29 31 0 
10 14 18 25 26 35 0 
5 8 10 16 21 22 27 0 
4 10 22 24 34 35 0 
10 30 34 35 0 
14 16 18 22 25 0 
2 3 11 23 31 0 
2 3 6 9 14 17 25 31 35 0 
8 9 15 20 27 31 33 0 
5 11 12 17 21 0 
5 11 15 20 21 24 27 0 
12 14 18 19 25 33 34 0 
8 10 16 17 19 22 32 33 0 
2 6 8 9 19 23 25 31 0 
3 4 7 8 11 16 21 22 34 0 
9 11 19 26 29 31 33 0 
21 23 27 29 0 
3 5 18 20 23 27 35 0 
6 9 12 18 19 20 23 28 31 0 
2 6 14 24 26 27 28 29 35 0 
9 13 33 35 0 
1 7 16 21 28 33 0 
16 26 0 
7 16 26 28 30 32 0 
6 14 16 20 29 32 34 0 
9 11 12 17 30 0 
9 11 12 16 26 0 
2 3 7 17 20 28 0 
2 4 12 14 17 27 35 0 
4 7 8 9 21 27 32 0 
2 14 24 29 32 0 
2 3 11 14 21 23 28 0 
1 4 11 14 16 19 20 28 0 
4 5 6 10 13 14 22 35 0 
3 9 12 25 28 33 0 
5 7 9 13 15 17 34 0 
10 19 32 35 0 
8 9 25 27 29 34 0 
2 3 10 16 19 32 33 0 
6 15 27 32 33 0 
4 8 21 23 26 28 29 0 
10 14 18 19 33 0 
5 8 11 19 20 24 25 26 31 0 
2 5 29 30 31 0 
7 17 18 19 20 29 31 0 
4 15 0 
5 11 17 21 22 24 31 32 0 
1 2 4 8 11 15 17 19 21 22 25 27 28 30 31 32 33 0 
2 5 15 16 17 26 28 32 0 
7 14 16 17 20 29 35 0 
1 4 5 10 15 16 17 18 26 0 
2 4 9 10 12 14 16 19 26 29 35 0 
4 8 16 17 20 0 
15 26 30 35 0 
10 13 15 21 24 27 30 35 0 
3 7 15 20 21 24 25 27 33 0 
2 5 6 8 9 14 20 30 35 0 
13 15 21 22 26 33 0 
1 9 10 11 28 29 31 32 0 
5 15 24 26 27 28 35 0 
3 8 13 18 20 22 27 32 33 0 
14 18 19 22 24 25 29 0 
8 12 23 35 0 
6 8 9 20 24 26 28 0 
3 10 15 19 22 0 
2 13 19 27 30 0 
5 9 13 15 17 19 20 25 35 0 
2 9 20 25 27 0 
4 10 16 20 30 35 0 
9 15 23 29 31 33 0 
5 8 9 17 18 26 29 31 33 35 0 
17 18 20 23 32 0 
17 20 24 30 33 35 0 
3 8 9 17 19 0 
4 6 15 17 22 27 0 
2 4 8 11 22 0 
1 2 3 17 18 25 27 29 0 
6 12 18 22 0 
14 15 16 20 27 0 
2 16 26 32 0 
7 11 15 22 32 0 
2 9 11 16 18 20 0 
1 16 19 27 0 
6 13 19 21 28 0 
3 8 19 26 28 29 0 
10 13 20 24 28 0 
27 33 35 0 
2 3 5 6 8 9 17 0 
2 20 22 26 32 0 
1 2 9 16 17 22 29 32 33 35 0 
14 29 33 35 0 
5 7 8 16 21 23 24 26 0 
3 6 14 19 24 27 28 34 0 
19 22 29 30 34 0 
1 9 18 21 25 0 
8 12 15 20 26 27 29 0 
6 7 9 11 15 22 32 33 34 0 
7 18 19 23 25 0 
10 18 20 22 25 29 30 0 
1 3 28 31 0 
1 16 19 22 23 0 
5 12 13 14 15 22 25 27 31 0 
9 10 16 19 20 21 26 30 31 0 
14 15 19 24 30 32 34 0 
2 5 10 23 33 0 
1 2 11 27 33 0 
14 32 35 0 
1 3 6 8 9 18 26 31 0 
15 17 18 25 26 28 0 
1 3 4 10 13 21 0 
11 18 19 20 22 24 27 31 0 
20 24 25 34 0 
7 9 12 0 
4 21 29 32 34 0 
5 9 13 19 21 0 
3 4 7 12 17 18 20 24 32 33 0 
5 13 21 22 30 31 0 
4 6 10 17 18 21 34 0 
8 12 15 17 19 27 33 0 
4 11 18 21 24 25 27 28 29 31 0 
12 15 16 20 23 25 30 0 
1 2 6 10 17 22 23 25 30 0 
8 23 31 35 0 
2 23 24 0 
10 14 27 30 0 
3 5 16 25 26 32 0 
14 16 17 21 31 35 0 
1 24 25 0 
8 16 24 25 30 34 0 
16 18 19 20 22 31 0 
3 8 25 28 33 35 0 
2 4 10 16 23 33 34 35 0 
1 18 22 23 26 30 0 
9 13 17 19 33 0 
6 13 15 20 24 29 0 
10 12 13 20 32 0 
6 20 24 25 27 31 32 33 0 
7 11 14 17 31 0 
2 7 12 17 31 33 0 
1 2 11 14 26 32 0 
4 9 12 15 21 22 31 32 0 
6 19 24 30 31 32 33 0 
15 18 19 20 23 24 26 31 32 33 0 
2 7 13 20 23 25 0 
2 5 7 16 27 0 
1 2 4 6 9 11 14 30 31 32 35 0 
8 11 13 15 17 18 0 
8 10 11 12 23 0 
5 13 17 25 32 0 
1 3 6 8 9 13 22 32 0 
1 12 16 22 25 28 32 0 
6 9 20 21 29 33 34 0 
3 21 25 28 31 0 
1 9 11 13 18 19 26 28 29 31 0 
2 9 11 16 22 27 34 0 
15 18 0 
8 9 11 21 23 27 33 0 
12 14 15 18 19 25 27 31 33 0 
5 6 18 29 0 
1 2 3 9 32 35 0 
11 13 20 21 30 32 0 
10 15 16 17 23 0 
3 9 10 15 16 22 27 0 
3 4 14 16 23 35 0 
8 11 19 24 26 34 35 0 
4 5 12 15 16 18 31 0 
3 22 27 0 
5 7 12 13 28 32 0 
4 14 17 20 28 30 35 0 
3 6 9 17 28 29 35 0 
2 13 15 18 29 30 32 0 
4 10 12 31 32 34 0 
5 11 18 24 30 0 
1 3 13 15 16 17 0 
3 8 10 16 17 20 26 30 31 32 34 35 0 
6 9 10 14 0 
7 8 21 29 30 34 0 
3 8 31 32 0 
5 17 19 25 35 0 
3 7 9 10 11 12 22 28 35 0 
20 21 31 0 
5 6 11 16 24 25 30 32 0 
1 12 13 23 28 29 30 0 
9 11 15 17 28 0 
10 21 27 32 0 
-11 -16 -18 -21 -33 0 
-2 -6 -8 -11 -18 -20 -26 -32 -34 -35 0 
-3 -20 -28 0 
-3 -5 -13 -18 -23 -26 -34 -35 0 
-4 -7 -8 -12 -16 -27 -31 -32 0 
-9 -22 -26 -29 -31 -33 -35 0 
-6 -9 -18 -24 -26 -32 0 
-2 -5 -6 -13 -15 -20 -27 -29 -32 -35 0 
-2 -8 -16 -22 -28 -34 0 
-6 -12 -14 -22 -26 -32 -35 0 
-6 -7 -15 -19 -22 -34 0 
-3 -10 -18 -22 -27 -28 -35 0 
-1 -4 -10 -16 -22 -35 0 
-1 -3 -6 -7 -8 -10 -13 -18 -22 -23 -24 -28 -29 -32 0 
-5 -32 0 
-1 -3 -6 -8 -9 -13 -19 -21 -26 -27 -31 -35 0 
-10 -14 -23 -26 0 
-6 -17 -18 -23 -30 -32 -34 0 
-7 -17 -21 -28 0 
-5 -10 -13 -15 -16 -21 -23 -28 -29 0 
-3 -4 -9 -13 -21 -23 0 
-5 -7 -13 -21 -25 -30 0 
-1 -3 -6 -7 -10 -15 -16 -21 -22 -25 -26 -32 -35 0 
-8 -11 -22 -24 -26 -34 -35 0 
-5 -6 -7 -11 -13 -15 -18 -24 -26 -29 -31 -32 0 
-12 -21 -22 -26 -27 -29 0 
-6 -11 -17 -19 -20 -24 -30 -33 0 
-4 -6 -11 -14 -16 -18 -24 -25 -31 -34 0 
-4 -9 -18 -20 -21 -26 -29 0 
-5 -6 -10 -15 -16 -17 -24 0 
-7 -9 -11 -23 -29 0 
-2 -13 -17 -23 -27 -31 -33 -35 0 
-1 -4 -21 -25 -27 -35 0 
-6 -8 -27 0 
-8 -10 -13 -18 -20 -34 0 
-11 -21 -23 -26 -31 -33 0 
-2 -4 -7 -11 -15 -18 -19 -20 -27 -31 0 
-1 -2 -15 -19 -23 -26 -30 0 
-3 -6 -15 -16 -18 -20 -22 -23 -30 -31 -32 0 
-4 -11 -13 -21 -23 -30 0 
-4 -5 -6 -8 -10 -12 -17 0 
-6 -10 -14 -32 -35 0 
-10 -17 -20 -25 -27 -34 0 
-3 -7 -20 -21 -22 -29 -33 0 
-9 -19 -24 -29 -32 -35 0 
-3 -19 -24 -27 -29 -30 0 
-3 -11 -12 -16 -18 -32 -34 0 
-1 -3 -11 -18 -22 -27 -29 -31 -32 0 
-6 -7 -8 -21 -23 -27 -31 -34 0 
-2 -13 -16 -19 -21 -22 -31 0 
-1 -15 -18 -23 -27 -29 -33 0 
-4 -19 -25 -29 -30 -35 0 
-6 -9 -12 -16 -24 -35 0 
-15 -17 -22 -27 0 
-4 -5 -11 -12 -17 -29 -30 0 
-13 -26 -27 -30 -32 -33 0 
-9 -15 -21 -31 -33 -34 -35 0 
-14 -18 -23 -28 -30 -31 -35 0 
-11 -18 -19 -28 -31 -32 0 
-1 -14 -15 -16 -32 0 
-1 -3 -7 -9 -11 -17 -19 -33 0 
-4 -25 -29 -32 0 
-7 -11 -18 -19 -20 -22 -24 -32 0 
-10 -20 -25 -27 0 
-3 -12 -17 -27 0 
-6 -21 -22 -24 -27 -29 0 
-10 -13 -18 -27 -28 -32 -33 0 
-2 -4 -6 -17 -18 -33 0 
-2 -5 -8 -9 -33 0 
-9 -21 -24 -26 0 
-6 -14 -25 0 
-7 -12 -15 -19 -22 -34 0 
-1 -14 -22 -30 -34 0 
-14 -17 0 
-4 -6 -7 -9 -10 -15 -32 0 
-7 -12 -23 -27 -30 -31 0 
-1 -6 -7 -22 -23 -25 -26 -30 -32 0 
-2 -6 -19 -22 -23 -35 0 
-1 -9 -13 -15 -19 -22 -30 -32 0 
-5 -15 -16 -20 -29 -33 0 
-1 -13 -17 -20 -25 -28 0 
-1 -5 -6 -16 -24 -26 -34 0 
-2 -5 -17 -18 -20 -34 0 
-2 -8 -9 -13 -16 -29 0 
-15 -18 -22 -31 -32 0 
-4 -9 -19 -28 -35 0 
-14 -17 -22 -30 0 
-9 -17 -20 -27 0 
-13 -19 -24 -33 -35 0 
-8 -11 -19 -21 -23 -30 -33 0 
-1 -10 -16 -18 0 
-1 -7 -13 -15 -18 -19 -20 -23 -26 -30 -33 0 
-7 -8 -10 -17 -24 -33 -35 0 
-5 -6 -15 -16 -20 -23 -25 -33 -34 0 
-1 -6 -8 -12 -13 -30 -31 0 
-1 -20 -24 -28 -30 0 
-1 -4 -9 -18 0 
-4 -8 -13 -19 -24 -29 -30 -35 0 
-1 -2 -8 -11 -17 -23 -24 -32 0 
-6 -8 -10 -12 -18 -19 -20 -26 -31 -32 -35 0 
-18 -19 -25 -29 -31 -34 0 
-3 -7 -14 -17 -22 -23 0 
-2 -7 -19 -24 -26 -28 -33 0 
-1 -7 -8 -15 -16 -27 0 
-10 -16 -17 -21 -27 -28 -33 0 
-2 -11 -14 -15 -16 -33 0 
-2 -4 -11 -25 -27 -28 -34 0 
-2 -11 -13 -18 -23 -30 -31 -32 0 
-12 -13 -14 -15 -25 -26 0 
-2 -9 -16 -24 0 
-8 -14 -19 0 
-2 -4 -11 -15 -18 -25 -27 -28 -32 -34 0 
-2 -3 -5 -10 -30 -31 0 
-2 -18 -19 -20 -29 0 
-7 -9 -19 -31 -33 0 
-4 -12 -13 -14 -22 0 
-9 -15 -17 -30 -32 0 
-3 -11 -18 -29 -30 -33 0 
-2 -5 -21 -24 -30 -31 -35 0 
-4 -12 0 
-1 -2 -3 -4 -5 -8 -14 -29 0 
-1 -13 -14 -16 0 
-8 -9 -27 -28 -29 -35 0 
-10 -13 -21 -25 -28 0 
-3 -10 -14 -16 -18 -21 -23 -25 -28 -35 0 
-5 -9 -18 -28 -35 0 
-17 -18 -20 -27 -29 -32 -33 0 
-3 -6 -9 -11 -18 -20 -25 -26 -28 -29 0 
-1 -2 -11 -27 -28 -33 0 
-19 -20 -23 -27 0 
-1 -6 -18 -20 -32 -35 0 
-14 -17 -26 -28 -30 -32 0 
-12 -19 -24 -25 -30 -31 0 
-1 -11 -32 0 
-14 -16 -23 -24 -26 -28 -30 -35 0 
-5 -9 -11 -17 -20 -30 -34 0 
-4 -7 -9 -11 -24 -25 0 
-2 -10 -21 0 
-8 -9 -15 -25 -27 -28 0 
-1 -2 -15 -18 -22 -23 -29 -30 -31 0 
-5 -11 -12 -13 -18 -23 -27 -30 -34 0 
-4 -12 -27 -35 0 
-9 -13 -17 -26 -27 -30 0 
-2 -7 -11 -14 -19 -31 0 
-3 -6 -7 -9 -12 -13 -19 -27 -31 -33 0 
-3 -7 -11 -13 -19 -25 -28 -30 0 
-1 -2 -6 -8 -9 -15 -26 -27 -31 0 
-2 -3 -17 -19 0 
-2 -10 -14 -15 -21 -29 -35 0 
-3 -5 -6 -13 -21 -26 -29 -32 -33 0 
-3 -17 -20 -28 -31 0 
-2 -3 -25 -26 -32 0 
-2 -8 -9 -11 -15 -24 -30 -35 0 
-2 -12 -13 -17 -24 -27 0 
-1 -2 -7 -10 -12 -17 -30 0 
-2 -5 -10 -15 -23 -26 -28 -29 -30 0 
-13 -18 -21 -33 -34 -35 0 
-6 -10 -14 -17 -20 -21 -22 -28 -29 -30 -34 0 
-7 -8 -17 -21 -25 -27 -33 0 
-1 -4 -25 -28 -29 -32 -34 0 
-1 -2 -8 0 
-5 -23 0 
-8 -10 -12 -13 -18 -20 -32 0 
-17 -18 -25 -29 -33 0 
-16 -21 -31 0 
-10 -16 -18 -20 -22 -27 0 
-2 -3 -9 -27 -34 0 
-17 -23 -24 -31 0 
-7 -12 -15 -17 -20 -22 -26 -30 0 
-8 -12 -25 0 
-1 -3 -12 -18 -21 0 
-5 -6 -7 -13 -21 -23 0 
-4 -7 -9 -12 -15 -18 -28 -30 -35 0 
-3 -9 -12 -13 -14 -18 -24 -26 -33 0 
-13 -14 -23 -25 -26 -28 -34 0 
-4 -5 -7 -12 -15 -16 -20 -30 0 
-11 -14 -24 -29 0 
-4 -8 -31 -32 0 
-7 -8 -10 -11 -13 -21 -30 -32 0 
-16 -21 -23 -26 -29 0 
-18 -20 -21 -24 -27 -29 -34 0 
-12 -16 -20 -25 -28 -32 0 
-1 -5 -10 -17 -24 -28 0 
-4 -6 -7 -18 -20 -24 -35 0 
-3 -13 -15 -18 -19 -23 -30 0 
-5 -6 -11 -12 -19 -27 0 
-2 -4 -10 -30 -35 0 
-1 -2 -8 -11 -15 -21 -26 -30 0 
-6 -17 -23 -29 -31 -32 0 
-1 -3 -6 -11 -19 -22 0 
-6 -19 -26 -32 0 
-6 -15 -23 0 
-2 -4 -5 -8 -19 -20 -22 -24 -34 0 
-3 -13 0 
-6 -10 -11 -17 -20 -23 -32 -33 -34 0 
-6 -15 -19 -31 -32 0 
-11 -14 -17 -35 0 
-4 -5 -10 -20 -21 -23 -29 -34 -35 0 
-7 -13 -21 -26 -29 -30 -32 -35 0 
-8 -13 -15 -22 -25 -29 -33 0 
-1 -15 -19 -32 -34 -35 0 
-13 -14 -24 0 
-1 -2 -29 0 
-1 -2 -18 -21 -26 -30 -35 0 
-3 -4 -29 -33 -35 0 
-12 -13 -25 -27 0 
-10 -12 -15 -16 -19 -25 -26 0 
-3 -4 -12 -14 -22 -29 0 
-1 -3 -5 -13 -18 -19 -21 -23 -31 0 
-2 -3 -5 -8 -20 -22 -30 0 
-9 -14 -17 -20 -22 -24 -28 -35 0 
-7 -8 -9 -14 -17 -18 -24 -25 -27 -28 0 
-8 -16 -22 -28 -35 0 
-5 -16 -18 -30 0 
-8 -9 -12 -14 -22 -32 -33 0 
-1 -4 -9 -24 -25 -29 -31 0 
-10 -14 -18 -25 -26 -35 0 
-5 -8 -10 -16 -21 -22 -27 0 
-4 -10 -22 -24 -34 -35 0 
-10 -30 -34 -35 0 
-14 -16 -18 -22 -25 0 
-2 -3 -11 -23 -31 0 
-2 -3 -6 -9 -14 -17 -25 -31 -35 0 
-8 -9 -15 -20 -27 -31 -33 0 
-5 -11 -12 -17 -21 0 
-5 -11 -15 -20 -21 -24 -27 0 
-12 -14 -18 -19 -25 -33 -34 0 
-8 -10 -16 -17 -19 -22 -32 -33 0 
-2 -6 -8 -9 -19 -23 -25 -31 0 
-3 -4 -7 -8 -11 -16 -21 -22 -34 0 
-9 -11 -19 -26 -29 -31 -33 0 
-21 -23 -27 -29 0 
-3 -5 -18 -20 -23 -27 -35 0 
-6 -9 -12 -18 -19 -20 -23 -28 -31 0 
-2 -6 -14 -24 -26 -27 -28 -29 -35 0 
-9 -13 -33 -35 0 
-1 -7 -16 -21 -28 -33 0 
-16 -26 0 
-7 -16 -26 -28 -30 -32 0 
-6 -14 -16 -20 -29 -32 -34 0 
-9 -11 -12 -17 -30 0 
-9 -11 -12 -16 -26 0 
-2 -3 -7 -17 -20 -28 0 
-2 -4 -12 -14 -17 -27 -35 0 
-4 -7 -8 -9 -21 -27 -32 0 
-2 -14 -24 -29 -32 0 
-2 -3 -11 -14 -21 -23 -28 0 
-1 -4 -11 -14 -16 -19 -20 -28 0 
-4 -5 -6 -10 -13 -14 -22 -35 0 
-3 -9 -12 -25 -28 -33 0 
-5 -7 -9 -13 -15 -17 -34 0 
-10 -19 -32 -35 0 
-8 -9 -25 -27 -29 -34 0 
-2 -3 -10 -16 -19 -32 -33 0 
-6 -15 -27 -32 -33 0 
-4 -8 -21 -23 -26 -28 -29 0 
-10 -14 -18 -19 -33 0 
-5 -8 -11 -19 -20 -24 -25 -26 -31 0 
-2 -5 -29 -30 -31 0 
-7 -17 -18 -19 -20 -29 -31 0 
-4 -15 0 
-5 -11 -17 -21 -22 -24 -31 -32 0 
-1 -2 -4 -8 -11 -15 -17 -19 -21 -22 -25 -27 -28 -30 -31 -32 -33 0 
-2 -5 -15 -16 -17 -26 -28 -32 0 
-7 -14 -16 -17 -20 -29 -35 0 
-1 -4 -5 -10 -15 -16 -17 -18 -26 0 
-2 -4 -9 -10 -12 -14 -16 -19 -26 -29 -35 0 
-4 -8 -16 -17 -20 0 
-15 -26 -30 -35 0 
-10 -13 -15 -21 -24 -27 -30 -35 0 
-3 -7 -15 -20 -21 -24 -25 -27 -33 0 
-2 -5 -6 -8 -9 -14 -20 -30 -35 0 
-13 -15 -21 -22 -26 -33 0 
-1 -9 -10 -11 -28 -29 -31 -32 0 
-5 -15 -24 -26 -27 -28 -35 0 
-3 -8 -13 -18 -20 -22 -27 -32 -33 0 
-14 -18 -19 -22 -24 -25 -29 0 
-8 -12 -23 -35 0 
-6 -8 -9 -20 -24 -26 -28 0 
-3 -10 -15 -19 -22 0 
-2 -13 -19 -27 -30 0 
-5 -9 -13 -15 -17 -19 -20 -25 -35 0 
-2 -9 -20 -25 -27 0 
-4 -10 -16 -20 -30 -35 0 
-9 -15 -23 -29 -31 -33 0 
-5 -8 -9 -17 -18 -26 -29 -31 -33 -35 0 
-17 -18 -20 -23 -32 0 
-17 -20 -24 -30 -33 -35 0 
-3 -8 -9 -17 -19 0 
-4 -6 -15 -17 -22 -27 0 
-2 -4 -8 -11 -22 0 
-1 -2 -3 -17 -18 -25 -27 -29 0 
-6 -12 -18 -22 0 
-14 -15 -16 -20 -27 0 
-2 -16 -26 -32 0 
-7 -11 -15 -22 -32 0 
-2 -9 -11 -16 -18 -20 0 
-1 -16 -19 -27 0 
-6 -13 -19 -21 -28 0 
-3 -8 -19 -26 -28 -29 0 
-10 -13 -20 -24 -28 0 
-27 -33 -35 0 
-2 -3 -5 -6 -8 -9 -17 0 
-2 -20 -22 -26 -32 0 
-1 -2 -9 -16 -17 -22 -29 -32 -33 -35 0 
-14 -29 -33 -35 0 
-5 -7 -8 -16 -21 -23 -24 -26 0 
-3 -6 -14 -19 -24 -27 -28 -34 0 
-19 -22 -29 -30 -34 0 
-1 -9 -18 -21 -25 0 
-8 -12 -15 -20 -26 -27 -29 0 
-6 -7 -9 -11 -15 -22 -32 -33 -34 0 
-7 -18 -19 -23 -25 0 
-10 -18 -20 -22 -25 -29 -30 0 
-1 -3 -28 -31 0 
-1 -16 -19 -22 -23 0 
-5 -12 -13 -14 -15 -22 -25 -27 -31 0 
-9 -10 -16 -19 -20 -21 -26 -30 -31 0 
-14 -15 -19 -24 -30 -32 -34 0 
-2 -5 -10 -23 -33 0 
-1 -2 -11 -27 -33 0 
-14 -32 -35 0 
-1 -3 -6 -8 -9 -18 -26 -31 0 
-15 -17 -18 -25 -26 -28 0 
-1 -3 -4 -10 -13 -21 0 
-11 -18 -19 -20 -22 -24 -27 -31 0 
-20 -24 -25 -34 0 
-7 -9 -12 0 
-4 -21 -29 -32 -34 0 
-5 -9 -13 -19 -21 0 
-3 -4 -7 -12 -17 -18 -20 -24 -32 -33 0 
-5 -13 -21 -22 -30 -31 0 
-4 -6 -10 -17 -18 -21 -34 0 
-8 -12 -15 -17 -19 -27 -33 0 
-4 -11 -18 -21 -24 -25 -27 -28 -29 -31 0 
-12 -15 -16 -20 -23 -25 -30 0 
-1 -2 -6 -10 -17 -22 -23 -25 -30 0 
-8 -23 -31 -35 0 
-2 -23 -24 0 
-10 -14 -27 -30 0 
-3 -5 -16 -25 -26 -32 0 
-14 -16 -17 -21 -31 -35 0 
-1 -24 -25 0 
-8 -16 -24 -25 -30 -34 0 
-16 -18 -19 -20 -22 -31 0 
-3 -8 -25 -28 -33 -35 0 
-2 -4 -10 -16 -23 -33 -34 -35 0 
-1 -18 -22 -23 -26 -30 0 
-9 -13 -17 -19 -33 0 
-6 -13 -15 -20 -24 -29 0 
-10 -12 -13 -20 -32 0 
-6 -20 -24 -25 -27 -31 -32 -33 0 
-7 -11 -14 -17 -31 0 
-2 -7 -12 -17 -31 -33 0 
-1 -2 -11 -14 -26 -32 0 
-4 -9 -12 -15 -21 -22 -31 -32 0 
-6 -19 -24 -30 -31 -32 -33 0 
-15 -18 -19 -20 -23 -24 -26 -31 -32 -33 0 
-2 -7 -13 -20 -23 -25 0 
-2 -5 -7 -16 -27 0 
-1 -2 -4 -6 -9 -11 -14 -30 -31 -32 -35 0 
-8 -11 -13 -15 -17 -18 0 
-8 -10 -11 -12 -23 0 
-5 -13 -17 -25 -32 0 
-1 -3 -6 -8 -9 -13 -22 -32 0 
-1 -12 -16 -22 -25 -28 -32 0 
-6 -9 -20 -21 -29 -33 -34 0 
-3 -21 -25 -28 -31 0 
-1 -9 -11 -13 -18 -19 -26 -28 -29 -31 0 
-2 -9 -11 -16 -22 -27 -34 0 
-15 -18 0 
-8 -9 -11 -21 -23 -27 -33 0 
-12 -14 -15 -18 -19 -25 -27 -31 -33 0 
-5 -6 -18 -29 0 
-1 -2 -3 -9 -32 -35 0 
-11 -13 -20 -21 -30 -32 0 
-10 -15 -16 -17 -23 0 
-3 -9 -10 -15 -16 -22 -27 0 
-3 -4 -14 -16 -23 -35 0 
-8 -11 -19 -24 -26 -34 -35 0 
-4 -5 -12 -15 -16 -18 -31 0 
-3 -22 -27 0 
-5 -7 -12 -13 -28 -32 0 
-4 -14 -17 -20 -28 -30 -35 0 
-3 -6 -9 -17 -28 -29 -35 0 
-2 -13 -15 -18 -29 -30 -32 0 
-4 -10 -12 -31 -32 -34 0 
-5 -11 -18 -24 -30 0 
-1 -3 -13 -15 -16 -17 0 
-3 -8 -10 -16 -17 -20 -26 -30 -31 -32 -34 -35 0 
-6 -9 -10 -14 0 
-7 -8 -21 -29 -30 -34 0 
-3 -8 -31 -32 0 
-5 -17 -19 -25 -35 0 
-3 -7 -9 -10 -11 -12 -22 -28 -35 0 
-20 -21 -31 0 
-5 -6 -11 -16 -24 -25 -30 -32 0 
-1 -12 -13 -23 -28 -29 -30 0 
-9 -11 -15 -17 -28 0 
-10 -21 -27 -32 0 
