p cnf 36 800
2 3 21 23 24 27 34 0 
4 13 17 24 25 26 31 35 36 0 
2 3 9 22 27 33 35 36 0 
2 3 7 10 11 15 21 27 29 0 
5 10 20 26 28 29 0 
4 19 22 28 0 
1 7 11 12 24 30 0 
5 14 16 23 33 36 0 
13 14 19 20 25 29 0 
6 7 9 18 24 32 36 0 
2 5 9 10 11 14 25 27 30 34 0 
4 6 10 14 28 30 0 
13 22 23 29 30 0 
1 5 7 12 22 23 29 33 0 
14 19 23 0 
1 3 5 9 17 29 33 0 
16 24 26 27 35 0 
3 9 11 12 16 23 27 0 
16 17 21 36 0 
6 7 14 15 19 33 36 0 
4 9 27 29 30 33 0 
2 5 21 22 25 34 36 0 
2 3 19 22 23 26 32 0 
1 2 12 18 25 29 35 36 0 
9 14 22 24 26 28 29 30 34 35 0 
14 15 19 22 26 29 35 36 0 
5 7 10 27 32 0 
9 13 15 19 22 29 36 0 
3 4 5 9 17 24 27 35 36 0 
8 13 19 24 35 0 
2 10 13 17 26 33 34 0 
9 13 15 19 31 32 33 36 0 
14 15 29 35 0 
19 27 28 30 32 0 
5 16 25 36 0 
4 22 24 25 31 0 
3 4 8 9 10 22 23 31 0 
8 9 26 36 0 
2 26 29 32 35 0 
4 7 11 26 34 0 
4 12 15 17 23 30 36 0 
1 10 11 12 35 0 
2 6 7 9 26 32 35 0 
1 9 11 14 23 24 25 36 0 
7 11 23 33 35 0 
3 4 5 6 8 14 21 24 28 0 
6 7 14 19 27 30 32 0 
4 10 14 20 21 29 33 34 35 0 
2 8 21 27 29 31 36 0 
1 17 19 21 24 29 0 
2 4 13 17 22 25 30 33 0 
6 7 22 25 30 0 
10 15 20 22 27 29 30 32 0 
8 15 18 30 0 
7 17 28 30 0 
13 15 21 24 28 36 0 
3 6 8 10 14 17 33 36 0 
20 22 27 31 33 35 36 0 
2 7 11 21 27 30 0 
15 16 23 30 32 33 36 0 
1 7 9 10 12 18 28 36 0 
4 7 18 20 25 29 0 
1 2 14 17 18 19 28 29 0 
15 19 22 30 0 
17 18 19 22 24 26 0 
6 13 14 18 21 26 29 33 35 0 
2 4 6 11 23 25 0 
3 4 15 32 33 34 0 
2 18 21 22 23 27 32 0 
4 5 9 13 18 31 33 0 
9 12 18 29 34 0 
1 2 8 24 26 29 0 
8 12 13 14 26 29 36 0 
8 10 14 19 21 34 0 
1 2 3 4 5 9 17 21 22 33 35 0 
2 5 10 11 20 21 26 28 35 0 
3 14 22 28 32 0 
5 9 11 13 18 21 23 25 0 
1 4 6 8 11 13 17 25 35 0 
15 19 21 23 34 0 
27 33 0 
4 7 36 0 
1 12 17 18 35 0 
8 10 12 17 27 35 0 
6 15 23 26 31 32 0 
11 16 21 26 28 29 36 0 
4 8 14 24 30 0 
1 8 17 19 21 22 27 32 34 0 
8 18 30 35 0 
1 2 8 15 16 35 0 
18 26 31 35 0 
1 6 9 12 13 14 16 17 30 0 
9 14 19 21 32 0 
4 7 8 9 18 29 33 0 
9 12 16 22 28 0 
4 7 24 27 28 0 
2 10 12 16 0 
2 3 5 7 26 29 30 34 0 
5 7 12 14 18 19 27 28 0 
13 17 20 28 30 34 0 
6 9 18 22 28 36 0 
3 4 8 10 11 12 28 32 0 
1 5 9 14 17 19 25 0 
6 12 16 26 30 0 
6 11 17 18 19 24 25 0 
5 7 8 13 26 0 
5 6 8 17 26 29 32 34 0 
5 8 10 17 29 30 0 
7 21 27 31 0 
2 3 8 12 16 17 20 35 0 
2 4 14 17 24 27 31 36 0 
5 6 11 13 15 16 18 19 21 24 25 30 0 
1 9 16 17 23 34 0 
2 5 7 12 14 28 33 0 
6 13 19 21 22 30 32 0 
14 18 19 24 27 28 33 0 
1 10 15 21 32 34 0 
11 13 19 20 23 34 35 0 
1 5 8 16 25 30 0 
4 10 14 28 31 32 35 0 
6 11 26 27 35 0 
17 27 30 0 
3 6 11 15 18 23 26 34 35 0 
2 6 12 15 27 29 34 0 
6 19 21 22 33 35 0 
10 12 24 29 0 
10 11 14 28 36 0 
3 10 16 27 29 31 0 
1 3 11 18 33 34 36 0 
1 3 6 18 31 32 35 0 
8 10 13 15 18 26 0 
4 10 26 32 36 0 
1 13 16 26 30 0 
7 14 21 23 28 29 30 0 
16 20 36 0 
4 12 26 35 0 
2 5 11 13 22 28 36 0 
1 6 17 25 26 27 36 0 
1 3 8 9 11 12 14 15 16 21 0 
2 3 4 12 22 25 27 0 
2 5 7 12 17 18 19 20 25 29 33 34 36 0 
2 6 11 12 25 30 0 
18 25 28 0 
1 7 9 20 22 23 25 29 32 34 0 
8 9 11 17 0 
3 8 14 22 24 25 27 31 32 33 36 0 
6 10 23 29 0 
13 14 16 23 0 
8 14 16 21 27 0 
7 8 15 19 20 24 27 36 0 
6 7 8 10 11 13 20 28 29 0 
6 7 10 18 19 25 28 31 0 
1 7 8 10 11 22 23 31 33 0 
4 16 19 25 26 27 32 0 
7 12 13 16 24 30 32 0 
15 18 26 30 33 0 
2 3 4 13 15 19 22 24 25 30 0 
2 4 5 25 32 35 36 0 
13 14 18 19 27 28 0 
3 23 24 34 0 
1 7 16 22 26 33 0 
2 8 23 24 30 31 0 
2 3 8 30 31 35 0 
8 11 20 23 0 
2 3 5 8 12 18 23 35 0 
2 4 5 7 9 15 19 22 23 24 27 35 0 
2 4 6 31 34 35 0 
3 6 7 13 14 15 21 22 23 35 0 
5 6 11 22 25 27 0 
15 17 20 26 34 0 
2 8 13 17 18 22 30 34 0 
11 15 16 17 18 21 26 33 0 
4 5 11 15 18 27 32 0 
5 18 20 23 29 32 34 36 0 
4 8 19 20 23 30 33 34 0 
1 2 9 15 18 25 26 0 
19 29 0 
2 15 16 17 33 0 
7 8 16 23 27 30 0 
2 3 11 23 25 35 0 
2 5 7 17 20 27 30 33 0 
3 8 10 21 33 35 0 
6 7 8 9 20 21 24 25 0 
4 8 20 0 
3 11 19 0 
13 20 24 33 0 
7 14 15 19 29 0 
8 11 23 24 26 33 0 
6 9 10 14 19 23 33 0 
1 2 4 25 33 0 
9 11 19 23 24 31 35 36 0 
4 5 12 16 22 28 29 30 34 0 
7 12 24 27 34 0 
20 27 30 0 
1 4 8 10 19 24 27 30 32 0 
2 3 6 17 26 30 0 
4 12 14 17 23 27 29 31 34 35 0 
2 6 7 11 14 19 21 25 33 0 
18 19 31 33 34 0 
30 34 36 0 
6 12 36 0 
2 7 14 15 34 36 0 
12 14 16 20 31 0 
1 3 12 21 29 32 35 0 
8 12 16 27 28 35 0 
10 35 0 
1 26 0 
3 7 13 16 29 30 34 36 0 
8 10 13 29 33 35 0 
26 30 31 33 0 
2 3 4 14 15 30 32 0 
8 9 23 25 28 29 0 
12 16 27 32 0 
2 10 11 14 20 21 25 27 30 0 
3 10 18 20 28 31 0 
8 11 21 25 29 0 
1 8 11 23 25 27 0 
1 2 14 20 22 26 32 33 34 0 
4 7 17 21 27 30 33 0 
5 8 28 36 0 
2 8 10 13 14 17 19 0 
2 17 19 32 35 0 
4 8 12 26 33 34 0 
7 8 10 14 16 34 36 0 
4 6 9 15 18 21 24 25 29 34 0 
2 16 22 25 28 0 
1 7 9 10 14 17 23 25 36 0 
21 23 25 27 32 35 36 0 
1 8 11 14 15 17 25 26 31 0 
14 17 23 25 26 0 
2 3 14 16 17 19 28 0 
2 16 22 29 32 35 0 
10 11 12 13 25 0 
4 6 9 12 14 21 30 0 
5 11 19 34 36 0 
7 11 15 17 0 
8 16 29 31 34 35 0 
3 8 13 23 30 33 0 
5 6 12 15 27 30 31 33 36 0 
2 7 16 22 23 31 33 0 
7 10 18 19 29 30 32 0 
2 18 21 24 35 0 
3 5 8 16 19 33 0 
10 23 24 27 31 0 
7 16 17 26 33 36 0 
8 21 23 26 27 28 29 35 36 0 
9 11 12 16 17 18 20 30 34 0 
1 2 11 17 18 20 22 0 
1 9 10 14 31 32 0 
2 10 13 16 20 28 36 0 
4 5 9 11 14 15 19 36 0 
3 8 9 18 21 27 30 33 34 35 0 
7 12 14 16 25 29 35 0 
4 5 33 0 
6 11 21 23 26 0 
9 13 23 32 36 0 
2 5 7 18 20 27 34 35 36 0 
4 6 7 8 19 21 26 28 32 0 
5 11 26 27 28 29 30 0 
2 4 7 33 0 
9 21 22 24 25 0 
10 20 36 0 
2 11 17 22 27 33 0 
1 6 9 15 18 21 25 27 34 36 0 
11 21 22 36 0 
13 16 22 24 28 34 0 
12 14 22 23 35 0 
3 4 9 10 13 21 25 0 
9 11 16 17 18 21 22 23 24 26 0 
7 9 10 11 22 31 36 0 
1 5 9 11 19 22 24 32 33 36 0 
1 2 7 15 16 25 0 
16 20 22 34 0 
7 20 23 24 28 30 32 36 0 
13 27 29 31 0 
3 4 13 20 22 27 32 0 
5 16 21 24 34 0 
3 15 23 31 33 35 0 
6 8 9 13 15 19 31 0 
3 13 18 21 0 
1 3 4 11 15 16 28 32 33 0 
1 3 11 17 33 0 
1 6 10 12 27 0 
2 7 11 19 27 33 0 
1 5 17 32 35 0 
4 6 23 0 
4 7 8 19 33 34 0 
6 17 22 27 28 0 
5 14 17 18 20 22 26 28 31 0 
1 7 9 15 17 20 25 26 29 0 
2 7 14 21 28 30 0 
2 11 13 29 31 36 0 
4 12 26 32 33 36 0 
10 11 21 25 32 0 
6 8 9 29 0 
4 23 24 29 31 34 0 
2 3 9 25 30 35 0 
3 4 7 9 10 20 27 28 36 0 
2 15 28 35 0 
5 10 12 13 15 16 18 27 36 0 
2 7 11 13 14 17 20 31 33 0 
1 3 21 26 27 36 0 
2 19 23 33 0 
2 6 12 19 20 27 32 34 0 
13 14 20 26 0 
4 6 8 12 13 16 26 30 0 
5 7 16 19 20 21 25 28 29 0 
3 12 13 18 21 0 
1 8 9 10 12 15 16 24 28 31 34 0 
3 7 12 14 32 33 0 
1 15 17 20 27 28 35 36 0 
11 12 14 18 22 25 31 35 0 
2 6 13 20 24 26 29 0 
4 5 7 15 18 35 0 
1 11 15 16 19 25 28 0 
1 2 3 11 13 16 26 36 0 
3 9 13 0 
1 5 13 15 22 23 25 36 0 
1 3 7 9 10 19 25 29 34 0 
21 29 30 33 0 
8 12 15 24 27 32 0 
1 5 7 18 23 31 36 0 
2 8 12 17 21 30 32 0 
1 13 15 16 28 33 0 
1 8 14 15 27 29 0 
3 4 7 12 30 33 35 0 
3 4 9 16 24 33 0 
3 11 18 0 
3 18 24 29 34 0 
2 6 10 11 15 20 27 29 0 
3 6 9 18 26 30 32 34 0 
1 4 7 10 12 19 26 31 32 0 
2 4 8 12 15 22 25 29 0 
9 17 20 24 26 31 33 35 0 
1 4 10 13 14 23 0 
14 24 34 0 
3 4 7 24 28 35 36 0 
3 4 5 13 15 25 26 29 31 0 
2 7 13 14 17 25 27 32 36 0 
10 11 26 0 
6 7 8 17 18 23 24 25 30 0 
3 5 7 16 18 26 28 0 
15 23 28 0 
1 23 30 31 34 0 
6 10 19 24 0 
18 26 27 0 
17 22 23 30 0 
10 12 18 27 33 0 
6 7 16 20 21 26 0 
4 12 20 21 25 0 
9 15 25 34 0 
1 3 4 5 7 8 17 21 32 0 
2 3 9 22 24 0 
1 16 20 22 36 0 
2 3 4 10 13 17 28 0 
2 10 16 19 25 27 0 
3 7 8 9 16 25 0 
1 6 15 19 20 23 24 36 0 
1 3 11 12 15 26 28 30 33 0 
2 3 8 12 14 15 26 33 0 
4 7 14 16 30 0 
4 5 9 11 13 21 23 24 30 33 0 
2 6 9 10 11 20 22 25 0 
6 7 13 22 24 26 27 29 32 0 
7 9 12 29 31 36 0 
20 26 29 35 0 
3 4 7 8 16 23 29 36 0 
18 32 34 35 36 0 
1 12 26 28 33 0 
4 9 15 29 31 0 
4 8 9 24 0 
6 12 17 0 
6 8 9 18 21 27 32 0 
2 5 8 18 31 36 0 
16 19 23 27 34 35 0 
2 11 15 24 27 28 30 0 
2 10 11 21 24 27 32 0 
2 3 6 10 13 14 22 0 
1 3 23 33 36 0 
9 15 18 19 34 0 
2 12 13 17 18 19 21 23 25 0 
1 4 7 9 11 14 16 21 0 
4 5 12 20 25 28 32 36 0 
7 15 20 25 31 36 0 
9 16 19 29 0 
6 14 20 24 27 30 0 
20 32 35 36 0 
2 8 9 13 21 23 30 31 0 
26 31 0 
2 3 4 6 12 17 29 30 0 
6 7 12 17 18 24 25 33 34 0 
2 11 13 21 27 31 33 34 35 0 
3 8 9 12 15 21 26 30 0 
7 8 10 11 14 22 24 34 0 
1 2 7 8 11 13 19 20 23 30 36 0 
4 5 11 17 18 27 28 32 0 
1 2 5 12 19 20 0 
2 5 8 17 18 29 0 
7 10 11 16 27 0 
7 15 27 29 0 
-2 -3 -21 -23 -24 -27 -34 0 
-4 -13 -17 -24 -25 -26 -31 -35 -36 0 
-2 -3 -9 -22 -27 -33 -35 -36 0 
-2 -3 -7 -10 -11 -15 -21 -27 -29 0 
-5 -10 -20 -26 -28 -29 0 
-4 -19 -22 -28 0 
-1 -7 -11 -12 -24 -30 0 
-5 -14 -16 -23 -33 -36 0 
-13 -14 -19 -20 -25 -29 0 
-6 -7 -9 -18 -24 -32 -36 0 
-2 -5 -9 -10 -11 -14 -25 -27 -30 -34 0 
-4 -6 -10 -14 -28 -30 0 
-13 -22 -23 -29 -30 0 
-1 -5 -7 -12 -22 -23 -29 -33 0 
-14 -19 -23 0 
-1 -3 -5 -9 -17 -29 -33 0 
-16 -24 -26 -27 -35 0 
-3 -9 -11 -12 -16 -23 -27 0 
-16 -17 -21 -36 0 
-6 -7 -14 -15 -19 -33 -36 0 
-4 -9 -27 -29 -30 -33 0 
-2 -5 -21 -22 -25 -34 -36 0 
-2 -3 -19 -22 -23 -26 -32 0 
-1 -2 -12 -18 -25 -29 -35 -36 0 
-9 -14 -22 -24 -26 -28 -29 -30 -34 -35 0 
-14 -15 -19 -22 -26 -29 -35 -36 0 
-5 -7 -10 -27 -32 0 
-9 -13 -15 -19 -22 -29 -36 0 
-3 -4 -5 -9 -17 -24 -27 -35 -36 0 
-8 -13 -19 -24 -35 0 
-2 -10 -13 -17 -26 -33 -34 0 
-9 -13 -15 -19 -31 -32 -33 -36 0 
-14 -15 -29 -35 0 
-19 -27 -28 -30 -32 0 
-5 -16 -25 -36 0 
-4 -22 -24 -25 -31 0 
-3 -4 -8 -9 -10 -22 -23 -31 0 
-8 -9 -26 -36 0 
-2 -26 -29 -32 -35 0 
-4 -7 -11 -26 -34 0 
-4 -12 -15 -17 -23 -30 -36 0 
-1 -10 -11 -12 -35 0 
-2 -6 -7 -9 -26 -32 -35 0 
-1 -9 -11 -14 -23 -24 -25 -36 0 
-7 -11 -23 -33 -35 0 
-3 -4 -5 -6 -8 -14 -21 -24 -28 0 
-6 -7 -14 -19 -27 -30 -32 0 
-4 -10 -14 -20 -21 -29 -33 -34 -35 0 
-2 -8 -21 -27 -29 -31 -36 0 
-1 -17 -19 -21 -24 -29 0 
-2 -4 -13 -17 -22 -25 -30 -33 0 
-6 -7 -22 -25 -30 0 
-10 -15 -20 -22 -27 -29 -30 -32 0 
-8 -15 -18 -30 0 
-7 -17 -28 -30 0 
-13 -15 -21 -24 -28 -36 0 
-3 -6 -8 -10 -14 -17 -33 -36 0 
-20 -22 -27 -31 -33 -35 -36 0 
-2 -7 -11 -21 -27 -30 0 
-15 -16 -23 -30 -32 -33 -36 0 
-1 -7 -9 -10 -12 -18 -28 -36 0 
-4 -7 -18 -20 -25 -29 0 
-1 -2 -14 -17 -18 -19 -28 -29 0 
-15 -19 -22 -30 0 
-17 -18 -19 -22 -24 -26 0 
-6 -13 -14 -18 -21 -26 -29 -33 -35 0 
-2 -4 -6 -11 -23 -25 0 
-3 -4 -15 -32 -33 -34 0 
-2 -18 -21 -22 -23 -27 -32 0 
-4 -5 -9 -13 -18 -31 -33 0 
-9 -12 -18 -29 -34 0 
-1 -2 -8 -24 -26 -29 0 
-8 -12 -13 -14 -26 -29 -36 0 
-8 -10 -14 -19 -21 -34 0 
-1 -2 -3 -4 -5 -9 -17 -21 -22 -33 -35 0 
-2 -5 -10 -11 -20 -21 -26 -28 -35 0 
-3 -14 -22 -28 -32 0 
-5 -9 -11 -13 -18 -21 -23 -25 0 
-1 -4 -6 -8 -11 -13 -17 -25 -35 0 
-15 -19 -21 -23 -34 0 
-27 -33 0 
-4 -7 -36 0 
-1 -12 -17 -18 -35 0 
-8 -10 -12 -17 -27 -35 0 
-6 -15 -23 -26 -31 -32 0 
-11 -16 -21 -26 -28 -29 -36 0 
-4 -8 -14 -24 -30 0 
-1 -8 -17 -19 -21 -22 -27 -32 -34 0 
-8 -18 -30 -35 0 
-1 -2 -8 -15 -16 -35 0 
-18 -26 -31 -35 0 
-1 -6 -9 -12 -13 -14 -16 -17 -30 0 
-9 -14 -19 -21 -32 0 
-4 -7 -8 -9 -18 -29 -33 0 
-9 -12 -16 -22 -28 0 
-4 -7 -24 -27 -28 0 
-2 -10 -12 -16 0 
-2 -3 -5 -7 -26 -29 -30 -34 0 
-5 -7 -12 -14 -18 -19 -27 -28 0 
-13 -17 -20 -28 -30 -34 0 
-6 -9 -18 -22 -28 -36 0 
-3 -4 -8 -10 -11 -12 -28 -32 0 
-1 -5 -9 -14 -17 -19 -25 0 
-6 -12 -16 -26 -30 0 
-6 -11 -17 -18 -19 -24 -25 0 
-5 -7 -8 -13 -26 0 
-5 -6 -8 -17 -26 -29 -32 -34 0 
-5 -8 -10 -17 -29 -30 0 
-7 -21 -27 -31 0 
-2 -3 -8 -12 -16 -17 -20 -35 0 
-2 -4 -14 -17 -24 -27 -31 -36 0 
-5 -6 -11 -13 -15 -16 -18 -19 -21 -24 -25 -30 0 
-1 -9 -16 -17 -23 -34 0 
-2 -5 -7 -12 -14 -28 -33 0 
-6 -13 -19 -21 -22 -30 -32 0 
-14 -18 -19 -24 -27 -28 -33 0 
-1 -10 -15 -21 -32 -34 0 
-11 -13 -19 -20 -23 -34 -35 0 
-1 -5 -8 -16 -25 -30 0 
-4 -10 -14 -28 -31 -32 -35 0 
-6 -11 -26 -27 -35 0 
-17 -27 -30 0 
-3 -6 -11 -15 -18 -23 -26 -34 -35 0 
-2 -6 -12 -15 -27 -29 -34 0 
-6 -19 -21 -22 -33 -35 0 
-10 -12 -24 -29 0 
-10 -11 -14 -28 -36 0 
-3 -10 -16 -27 -29 -31 0 
-1 -3 -11 -18 -33 -34 -36 0 
-1 -3 -6 -18 -31 -32 -35 0 
-8 -10 -13 -15 -18 -26 0 
-4 -10 -26 -32 -36 0 
-1 -13 -16 -26 -30 0 
-7 -14 -21 -23 -28 -29 -30 0 
-16 -20 -36 0 
-4 -12 -26 -35 0 
-2 -5 -11 -13 -22 -28 -36 0 
-1 -6 -17 -25 -26 -27 -36 0 
-1 -3 -8 -9 -11 -12 -14 -15 -16 -21 0 
-2 -3 -4 -12 -22 -25 -27 0 
-2 -5 -7 -12 -17 -18 -19 -20 -25 -29 -33 -34 -36 0 
-2 -6 -11 -12 -25 -30 0 
-18 -25 -28 0 
-1 -7 -9 -20 -22 -23 -25 -29 -32 -34 0 
-8 -9 -11 -17 0 
-3 -8 -14 -22 -24 -25 -27 -31 -32 -33 -36 0 
-6 -10 -23 -29 0 
-13 -14 -16 -23 0 
-8 -14 -16 -21 -27 0 
-7 -8 -15 -19 -20 -24 -27 -36 0 
-6 -7 -8 -10 -11 -13 -20 -28 -29 0 
-6 -7 -10 -18 -19 -25 -28 -31 0 
-1 -7 -8 -10 -11 -22 -23 -31 -33 0 
-4 -16 -19 -25 -26 -27 -32 0 
-7 -12 -13 -16 -24 -30 -32 0 
-15 -18 -26 -30 -33 0 
-2 -3 -4 -13 -15 -19 -22 -24 -25 -30 0 
-2 -4 -5 -25 -32 -35 -36 0 
-13 -14 -18 -19 -27 -28 0 
-3 -23 -24 -34 0 
-1 -7 -16 -22 -26 -33 0 
-2 -8 -23 -24 -30 -31 0 
-2 -3 -8 -30 -31 -35 0 
-8 -11 -20 -23 0 
-2 -3 -5 -8 -12 -18 -23 -35 0 
-2 -4 -5 -7 -9 -15 -19 -22 -23 -24 -27 -35 0 
-2 -4 -6 -31 -34 -35 0 
-3 -6 -7 -13 -14 -15 -21 -22 -23 -35 0 
-5 -6 -11 -22 -25 -27 0 
-15 -17 -20 -26 -34 0 
-2 -8 -13 -17 -18 -22 -30 -34 0 
-11 -15 -16 -17 -18 -21 -26 -33 0 
-4 -5 -11 -15 -18 -27 -32 0 
-5 -18 -20 -23 -29 -32 -34 -36 0 
-4 -8 -19 -20 -23 -30 -33 -34 0 
-1 -2 -9 -15 -18 -25 -26 0 
-19 -29 0 
-2 -15 -16 -17 -33 0 
-7 -8 -16 -23 -27 -30 0 
-2 -3 -11 -23 -25 -35 0 
-2 -5 -7 -17 -20 -27 -30 -33 0 
-3 -8 -10 -21 -33 -35 0 
-6 -7 -8 -9 -20 -21 -24 -25 0 
-4 -8 -20 0 
-3 -11 -19 0 
-13 -20 -24 -33 0 
-7 -14 -15 -19 -29 0 
-8 -11 -23 -24 -26 -33 0 
-6 -9 -10 -14 -19 -23 -33 0 
-1 -2 -4 -25 -33 0 
-9 -11 -19 -23 -24 -31 -35 -36 0 
-4 -5 -12 -16 -22 -28 -29 -30 -34 0 
-7 -12 -24 -27 -34 0 
-20 -27 -30 0 
-1 -4 -8 -10 -19 -24 -27 -30 -32 0 
-2 -3 -6 -17 -26 -30 0 
-4 -12 -14 -17 -23 -27 -29 -31 -34 -35 0 
-2 -6 -7 -11 -14 -19 -21 -25 -33 0 
-18 -19 -31 -33 -34 0 
-30 -34 -36 0 
-6 -12 -36 0 
-2 -7 -14 -15 -34 -36 0 
-12 -14 -16 -20 -31 0 
-1 -3 -12 -21 -29 -32 -35 0 
-8 -12 -16 -27 -28 -35 0 
-10 -35 0 
-1 -26 0 
-3 -7 -13 -16 -29 -30 -34 -36 0 
-8 -10 -13 -29 -33 -35 0 
-26 -30 -31 -33 0 
-2 -3 -4 -14 -15 -30 -32 0 
-8 -9 -23 -25 -28 -29 0 
-12 -16 -27 -32 0 
-2 -10 -11 -14 -20 -21 -25 -27 -30 0 
-3 -10 -18 -20 -28 -31 0 
-8 -11 -21 -25 -29 0 
-1 -8 -11 -23 -25 -27 0 
-1 -2 -14 -20 -22 -26 -32 -33 -34 0 
-4 -7 -17 -21 -27 -30 -33 0 
-5 -8 -28 -36 0 
-2 -8 -10 -13 -14 -17 -19 0 
-2 -17 -19 -32 -35 0 
-4 -8 -12 -26 -33 -34 0 
-7 -8 -10 -14 -16 -34 -36 0 
-4 -6 -9 -15 -18 -21 -24 -25 -29 -34 0 
-2 -16 -22 -25 -28 0 
-1 -7 -9 -10 -14 -17 -23 -25 -36 0 
-21 -23 -25 -27 -32 -35 -36 0 
-1 -8 -11 -14 -15 -17 -25 -26 -31 0 
-14 -17 -23 -25 -26 0 
-2 -3 -14 -16 -17 -19 -28 0 
-2 -16 -22 -29 -32 -35 0 
-10 -11 -12 -13 -25 0 
-4 -6 -9 -12 -14 -21 -30 0 
-5 -11 -19 -34 -36 0 
-7 -11 -15 -17 0 
-8 -16 -29 -31 -34 -35 0 
-3 -8 -13 -23 -30 -33 0 
-5 -6 -12 -15 -27 -30 -31 -33 -36 0 
-2 -7 -16 -22 -23 -31 -33 0 
-7 -10 -18 -19 -29 -30 -32 0 
-2 -18 -21 -24 -35 0 
-3 -5 -8 -16 -19 -33 0 
-10 -23 -24 -27 -31 0 
-7 -16 -17 -26 -33 -36 0 
-8 -21 -23 -26 -27 -28 -29 -35 -36 0 
-9 -11 -12 -16 -17 -18 -20 -30 -34 0 
-1 -2 -11 -17 -18 -20 -22 0 
-1 -9 -10 -14 -31 -32 0 
-2 -10 -13 -16 -20 -28 -36 0 
-4 -5 -9 -11 -14 -15 -19 -36 0 
-3 -8 -9 -18 -21 -27 -30 -33 -34 -35 0 
-7 -12 -14 -16 -25 -29 -35 0 
-4 -5 -33 0 
-6 -11 -21 -23 -26 0 
-9 -13 -23 -32 -36 0 
-2 -5 -7 -18 -20 -27 -34 -35 -36 0 
-4 -6 -7 -8 -19 -21 -26 -28 -32 0 
-5 -11 -26 -27 -28 -29 -30 0 
-2 -4 -7 -33 0 
-9 -21 -22 -24 -25 0 
-10 -20 -36 0 
-2 -11 -17 -22 -27 -33 0 
-1 -6 -9 -15 -18 -21 -25 -27 -34 -36 0 
-11 -21 -22 -36 0 
-13 -16 -22 -24 -28 -34 0 
-12 -14 -22 -23 -35 0 
-3 -4 -9 -10 -13 -21 -25 0 
-9 -11 -16 -17 -18 -21 -22 -23 -24 -26 0 
-7 -9 -10 -11 -22 -31 -36 0 
-1 -5 -9 -11 -19 -22 -24 -32 -33 -36 0 
-1 -2 -7 -15 -16 -25 0 
-16 -20 -22 -34 0 
-7 -20 -23 -24 -28 -30 -32 -36 0 
-13 -27 -29 -31 0 
-3 -4 -13 -20 -22 -27 -32 0 
-5 -16 -21 -24 -34 0 
-3 -15 -23 -31 -33 -35 0 
-6 -8 -9 -13 -15 -19 -31 0 
-3 -13 -18 -21 0 
-1 -3 -4 -11 -15 -16 -28 -32 -33 0 
-1 -3 -11 -17 -33 0 
-1 -6 -10 -12 -27 0 
-2 -7 -11 -19 -27 -33 0 
-1 -5 -17 -32 -35 0 
-4 -6 -23 0 
-4 -7 -8 -19 -33 -34 0 
-6 -17 -22 -27 -28 0 
-5 -14 -17 -18 -20 -22 -26 -28 -31 0 
-1 -7 -9 -15 -17 -20 -25 -26 -29 0 
-2 -7 -14 -21 -28 -30 0 
-2 -11 -13 -29 -31 -36 0 
-4 -12 -26 -32 -33 -36 0 
-10 -11 -21 -25 -32 0 
-6 -8 -9 -29 0 
-4 -23 -24 -29 -31 -34 0 
-2 -3 -9 -25 -30 -35 0 
-3 -4 -7 -9 -10 -20 -27 -28 -36 0 
-2 -15 -28 -35 0 
-5 -10 -12 -13 -15 -16 -18 -27 -36 0 
-2 -7 -11 -13 -14 -17 -20 -31 -33 0 
-1 -3 -21 -26 -27 -36 0 
-2 -19 -23 -33 0 
-2 -6 -12 -19 -20 -27 -32 -34 0 
-13 -14 -20 -26 0 
-4 -6 -8 -12 -13 -16 -26 -30 0 
-5 -7 -16 -19 -20 -21 -25 -28 -29 0 
-3 -12 -13 -18 -21 0 
-1 -8 -9 -10 -12 -15 -16 -24 -28 -31 -34 0 
-3 -7 -12 -14 -32 -33 0 
-1 -15 -17 -20 -27 -28 -35 -36 0 
-11 -12 -14 -18 -22 -25 -31 -35 0 
-2 -6 -13 -20 -24 -26 -29 0 
-4 -5 -7 -15 -18 -35 0 
-1 -11 -15 -16 -19 -25 -28 0 
-1 -2 -3 -11 -13 -16 -26 -36 0 
-3 -9 -13 0 
-1 -5 -13 -15 -22 -23 -25 -36 0 
-1 -3 -7 -9 -10 -19 -25 -29 -34 0 
-21 -29 -30 -33 0 
-8 -12 -15 -24 -27 -32 0 
-1 -5 -7 -18 -23 -31 -36 0 
-2 -8 -12 -17 -21 -30 -32 0 
-1 -13 -15 -16 -28 -33 0 
-1 -8 -14 -15 -27 -29 0 
-3 -4 -7 -12 -30 -33 -35 0 
-3 -4 -9 -16 -24 -33 0 
-3 -11 -18 0 
-3 -18 -24 -29 -34 0 
-2 -6 -10 -11 -15 -20 -27 -29 0 
-3 -6 -9 -18 -26 -30 -32 -34 0 
-1 -4 -7 -10 -12 -19 -26 -31 -32 0 
-2 -4 -8 -12 -15 -22 -25 -29 0 
-9 -17 -20 -24 -26 -31 -33 -35 0 
-1 -4 -10 -13 -14 -23 0 
-14 -24 -34 0 
-3 -4 -7 -24 -28 -35 -36 0 
-3 -4 -5 -13 -15 -25 -26 -29 -31 0 
-2 -7 -13 -14 -17 -25 -27 -32 -36 0 
-10 -11 -26 0 
-6 -7 -8 -17 -18 -23 -24 -25 -30 0 
-3 -5 -7 -16 -18 -26 -28 0 
-15 -23 -28 0 
-1 -23 -30 -31 -34 0 
-6 -10 -19 -24 0 
-18 -26 -27 0 
-17 -22 -23 -30 0 
-10 -12 -18 -27 -33 0 
-6 -7 -16 -20 -21 -26 0 
-4 -12 -20 -21 -25 0 
-9 -15 -25 -34 0 
-1 -3 -4 -5 -7 -8 -17 -21 -32 0 
-2 -3 -9 -22 -24 0 
-1 -16 -20 -22 -36 0 
-2 -3 -4 -10 -13 -17 -28 0 
-2 -10 -16 -19 -25 -27 0 
-3 -7 -8 -9 -16 -25 0 
-1 -6 -15 -19 -20 -23 -24 -36 0 
-1 -3 -11 -12 -15 -26 -28 -30 -33 0 
-2 -3 -8 -12 -14 -15 -26 -33 0 
-4 -7 -14 -16 -30 0 
-4 -5 -9 -11 -13 -21 -23 -24 -30 -33 0 
-2 -6 -9 -10 -11 -20 -22 -25 0 
-6 -7 -13 -22 -24 -26 -27 -29 -32 0 
-7 -9 -12 -29 -31 -36 0 
-20 -26 -29 -35 0 
-3 -4 -7 -8 -16 -23 -29 -36 0 
-18 -32 -34 -35 -36 0 
-1 -12 -26 -28 -33 0 
-4 -9 -15 -29 -31 0 
-4 -8 -9 -24 0 
-6 -12 -17 0 
-6 -8 -9 -18 -21 -27 -32 0 
-2 -5 -8 -18 -31 -36 0 
-16 -19 -23 -27 -34 -35 0 
-2 -11 -15 -24 -27 -28 -30 0 
-2 -10 -11 -21 -24 -27 -32 0 
-2 -3 -6 -10 -13 -14 -22 0 
-1 -3 -23 -33 -36 0 
-9 -15 -18 -19 -34 0 
-2 -12 -13 -17 -18 -19 -21 -23 -25 0 
-1 -4 -7 -9 -11 -14 -16 -21 0 
-4 -5 -12 -20 -25 -28 -32 -36 0 
-7 -15 -20 -25 -31 -36 0 
-9 -16 -19 -29 0 
-6 -14 -20 -24 -27 -30 0 
-20 -32 -35 -36 0 
-2 -8 -9 -13 -21 -23 -30 -31 0 
-26 -31 0 
-2 -3 -4 -6 -12 -17 -29 -30 0 
-6 -7 -12 -17 -18 -24 -25 -33 -34 0 
-2 -11 -13 -21 -27 -31 -33 -34 -35 0 
-3 -8 -9 -12 -15 -21 -26 -30 0 
-7 -8 -10 -11 -14 -22 -24 -34 0 
-1 -2 -7 -8 -11 -13 -19 -20 -23 -30 -36 0 
-4 -5 -11 -17 -18 -27 -28 -32 0 
-1 -2 -5 -12 -19 -20 0 
-2 -5 -8 -17 -18 -29 0 
-7 -10 -11 -16 -27 0 
-7 -15 -27 -29 0 
