p cnf 36 800
2 6 7 24 27 32 36 0 
16 17 25 27 28 0 
6 8 15 33 34 0 
4 9 11 15 34 0 
3 6 7 8 16 17 25 0 
8 9 15 24 30 0 
6 26 28 29 35 0 
6 13 14 15 23 27 28 0 
1 12 15 18 20 24 0 
6 11 19 0 
2 8 13 16 24 32 36 0 
9 10 16 26 31 35 0 
7 10 34 0 
13 16 20 27 31 33 36 0 
2 13 15 24 29 36 0 
10 11 22 23 25 29 33 0 
3 11 14 22 28 29 0 
4 12 16 32 33 0 
6 21 27 28 29 0 
11 15 30 31 36 0 
1 8 9 10 17 24 35 0 
1 2 5 8 13 16 18 23 27 33 34 36 0 
24 26 29 35 0 
1 2 9 18 19 31 33 0 
5 17 19 24 26 27 33 34 0 
3 10 13 16 28 31 0 
1 2 24 28 33 0 
14 22 30 33 0 
1 14 26 0 
5 7 14 17 22 29 30 32 0 
12 15 18 19 21 25 0 
11 20 22 25 28 35 0 
3 6 9 14 16 25 0 
15 27 28 34 0 
2 5 8 9 15 22 31 33 0 
5 10 14 17 21 24 26 0 
33 34 35 0 
4 19 22 0 
4 6 10 12 16 24 26 0 
12 13 15 16 23 25 28 34 36 0 
7 8 21 25 26 30 32 34 0 
7 12 14 17 33 0 
21 22 0 
8 10 15 18 22 0 
2 3 7 10 14 19 23 32 36 0 
3 4 11 15 24 28 0 
1 2 3 13 14 21 27 0 
2 9 12 13 17 28 0 
2 6 7 16 20 0 
6 10 11 14 16 21 22 31 32 35 36 0 
1 3 6 9 31 34 0 
3 5 11 12 19 23 24 26 30 31 0 
6 15 20 24 28 31 34 35 0 
1 8 17 19 23 26 34 0 
8 13 20 25 26 27 35 0 
5 9 16 17 18 25 27 0 
10 11 18 19 22 24 0 
3 16 30 31 0 
1 9 15 17 26 31 36 0 
9 15 16 19 30 0 
10 13 23 0 
1 14 19 24 30 33 0 
3 5 6 12 17 26 36 0 
7 10 11 14 17 19 21 23 26 31 35 0 
1 2 9 10 11 16 21 26 31 32 35 0 
3 5 10 11 12 13 17 18 20 22 26 28 29 30 33 0 
2 8 10 14 16 29 31 35 0 
13 21 23 28 29 30 0 
2 9 14 26 32 0 
6 9 17 19 23 26 0 
2 5 7 8 21 0 
1 14 28 30 0 
5 7 23 30 0 
3 10 13 24 26 30 0 
5 13 17 27 29 30 32 35 36 0 
1 26 29 35 0 
1 6 7 18 21 31 0 
2 6 10 13 22 36 0 
1 6 10 13 15 18 21 24 32 33 0 
11 19 20 27 29 30 32 0 
2 11 13 23 34 0 
11 13 15 18 24 25 31 36 0 
4 5 6 19 23 0 
2 7 14 16 23 31 34 36 0 
7 12 13 23 28 0 
1 2 3 14 22 25 30 0 
4 18 26 28 33 35 36 0 
2 17 18 20 26 30 36 0 
4 6 8 13 16 18 0 
8 10 20 27 0 
9 11 25 26 0 
7 8 10 17 25 26 28 31 33 0 
3 5 13 14 25 29 30 34 36 0 
2 4 7 11 14 15 25 31 0 
12 14 18 29 31 35 0 
3 10 15 16 35 0 
4 5 15 23 24 25 26 27 30 0 
8 11 15 0 
3 8 14 17 24 0 
1 2 3 7 14 24 0 
12 17 24 29 32 0 
1 7 20 21 30 32 33 0 
1 6 31 33 0 
1 16 18 21 27 28 33 0 
3 16 33 0 
8 12 13 24 28 0 
2 4 14 15 23 24 27 0 
1 11 17 18 19 24 25 27 33 0 
8 9 12 30 34 36 0 
6 15 16 17 20 21 30 33 0 
1 8 11 17 21 24 30 32 35 0 
5 13 14 26 29 30 33 35 0 
16 17 27 30 35 0 
3 6 23 25 30 32 0 
4 13 15 16 17 21 27 0 
15 21 35 0 
15 22 24 26 29 30 0 
7 12 19 20 24 0 
1 4 6 14 22 23 26 0 
6 12 14 16 20 24 25 0 
1 19 31 33 0 
6 26 32 34 36 0 
10 13 17 18 21 30 35 0 
4 17 18 24 34 0 
1 11 12 13 22 27 32 35 0 
10 12 19 20 23 24 26 0 
5 6 8 16 20 22 24 31 35 0 
1 15 20 21 26 27 0 
5 12 13 20 25 28 0 
1 2 3 5 7 11 14 15 16 31 0 
3 8 14 15 16 29 30 0 
3 10 16 18 0 
21 23 24 28 33 0 
9 14 16 17 23 28 35 0 
11 14 22 26 32 33 0 
9 33 35 0 
2 7 8 11 16 17 18 21 28 33 36 0 
1 3 9 10 22 28 33 36 0 
5 7 8 11 23 24 35 0 
2 12 16 19 25 29 30 35 36 0 
5 23 26 28 31 0 
3 11 23 24 0 
13 14 18 19 22 24 36 0 
10 30 0 
1 5 19 28 32 0 
8 11 22 25 33 34 0 
9 14 16 25 27 34 0 
1 2 10 15 25 27 30 31 36 0 
1 2 4 16 19 20 30 34 0 
4 7 8 10 12 19 20 24 0 
2 3 9 14 16 17 20 0 
1 3 5 7 9 15 28 0 
3 4 14 19 20 26 28 34 0 
10 21 27 29 33 34 0 
7 8 15 16 19 21 24 25 28 34 0 
6 12 20 33 35 0 
2 3 7 10 11 16 19 23 26 27 0 
6 18 19 21 22 0 
6 11 12 15 0 
18 22 23 31 34 0 
7 8 16 19 30 0 
9 19 27 28 0 
7 8 15 16 18 35 36 0 
3 5 6 8 24 25 29 35 0 
8 11 12 19 28 32 0 
3 8 11 13 26 28 31 0 
11 12 14 15 16 18 19 26 32 35 0 
1 6 15 16 25 29 33 36 0 
18 21 28 29 0 
5 15 19 24 26 34 36 0 
9 10 14 15 16 21 30 0 
5 6 10 18 26 27 35 0 
1 8 17 23 36 0 
8 9 13 23 28 35 0 
3 4 9 14 16 21 27 30 0 
2 4 8 14 15 18 23 27 28 32 0 
20 22 31 33 34 0 
6 17 33 0 
3 6 14 15 17 28 29 32 0 
3 29 30 0 
1 4 17 31 0 
3 9 14 21 22 26 27 34 36 0 
16 17 19 21 23 27 0 
1 4 7 11 12 15 19 20 24 31 35 0 
1 14 30 35 0 
5 8 19 23 26 27 31 0 
20 21 24 29 31 36 0 
8 27 34 35 0 
22 23 25 30 32 35 0 
15 18 19 23 32 35 36 0 
4 23 26 27 28 29 32 35 0 
1 4 10 12 17 27 0 
5 9 13 15 31 0 
2 4 8 9 15 22 27 35 0 
1 11 20 0 
2 5 16 18 26 35 0 
2 3 6 8 9 28 33 0 
3 10 20 31 0 
4 10 19 22 23 24 31 33 0 
4 20 25 34 0 
2 8 11 22 27 31 0 
5 7 9 13 20 21 24 26 27 35 0 
24 28 29 0 
5 8 11 12 15 20 26 35 0 
4 20 22 31 0 
14 17 18 20 25 28 33 36 0 
4 7 20 21 29 31 34 35 0 
8 11 16 19 25 32 33 0 
1 2 19 29 30 0 
6 10 16 19 26 33 0 
1 2 19 29 0 
1 17 30 0 
9 17 19 26 28 31 32 0 
1 2 6 19 22 31 33 35 0 
3 7 10 17 20 22 25 27 0 
5 15 17 22 31 0 
13 26 34 36 0 
22 23 27 31 0 
12 17 27 28 31 33 34 0 
2 8 15 18 20 31 0 
4 8 10 14 15 26 27 30 32 0 
1 9 25 33 34 0 
8 9 16 17 23 29 30 35 0 
1 3 5 6 16 24 31 0 
7 8 10 14 20 25 30 33 0 
7 14 15 17 19 36 0 
1 7 10 18 27 34 0 
7 13 17 18 22 26 31 0 
2 16 20 27 0 
1 11 15 16 20 26 31 0 
12 35 0 
10 17 19 21 32 0 
5 9 18 22 25 29 31 34 0 
4 9 10 13 20 36 0 
8 30 34 36 0 
11 14 19 20 26 34 0 
1 5 7 24 26 27 0 
3 12 14 20 30 35 0 
2 12 14 16 17 27 28 29 35 36 0 
5 6 29 0 
7 13 14 17 23 25 28 0 
2 28 31 0 
9 12 18 23 24 33 0 
1 6 10 21 24 31 33 35 36 0 
7 14 17 19 23 0 
1 4 15 20 22 25 0 
9 10 16 20 25 26 32 35 0 
1 4 5 19 22 26 27 36 0 
6 8 10 12 25 34 0 
2 4 9 13 15 24 0 
3 6 23 0 
8 9 26 0 
2 8 9 12 17 27 28 29 0 
2 3 6 8 12 13 30 32 36 0 
5 6 19 29 30 31 36 0 
6 12 17 21 22 23 24 28 30 0 
10 13 15 16 20 25 26 29 36 0 
5 21 24 30 32 33 0 
1 10 18 23 25 26 0 
13 16 26 29 36 0 
2 6 14 23 24 27 29 31 35 0 
2 12 21 24 26 32 0 
8 11 15 23 25 26 0 
12 13 17 36 0 
13 15 16 18 20 27 28 0 
2 11 25 28 30 31 36 0 
1 3 7 11 14 15 20 27 0 
1 10 11 14 19 28 31 0 
2 30 33 0 
4 12 18 25 29 30 33 0 
3 5 9 15 17 22 0 
5 8 9 10 11 14 17 19 23 31 0 
2 10 14 18 20 31 36 0 
8 17 19 30 33 0 
2 12 16 23 28 32 0 
1 13 21 22 26 0 
10 14 25 28 33 0 
9 13 14 22 25 26 27 29 34 0 
13 14 17 18 22 29 30 33 0 
5 6 14 0 
2 8 10 13 27 32 34 35 0 
14 15 21 22 24 26 28 31 0 
9 11 15 23 24 32 0 
3 10 16 17 24 33 0 
8 9 10 11 22 23 29 34 36 0 
10 11 13 14 19 27 32 33 0 
5 9 10 13 22 29 31 0 
1 4 6 11 22 24 33 35 36 0 
1 4 7 26 29 0 
6 11 12 21 22 26 0 
4 13 16 17 20 21 24 36 0 
5 6 12 22 23 29 30 33 34 36 0 
4 9 11 18 20 26 27 31 36 0 
4 5 6 8 15 33 34 0 
5 7 9 10 12 14 33 36 0 
3 4 11 12 18 26 30 36 0 
3 12 19 24 27 0 
3 17 23 0 
1 2 5 15 23 30 31 35 0 
4 12 15 22 30 32 33 0 
2 13 16 20 27 28 30 0 
2 4 11 12 18 22 26 28 34 0 
29 34 36 0 
6 10 13 29 31 32 35 0 
1 8 26 0 
6 10 19 29 0 
1 9 11 13 15 16 17 29 0 
5 6 10 16 17 35 0 
7 8 19 21 25 31 0 
2 6 7 17 20 22 25 34 35 0 
3 5 9 27 30 32 35 0 
7 9 22 27 29 32 35 0 
4 15 17 18 24 0 
4 31 32 35 0 
12 14 17 18 19 29 31 34 35 0 
5 25 34 35 0 
1 5 16 22 23 24 33 35 0 
10 11 16 19 23 33 34 0 
5 8 9 23 25 0 
1 2 5 18 21 24 27 29 30 34 0 
11 17 23 31 0 
3 15 20 27 33 0 
13 14 22 26 27 0 
3 9 16 20 26 30 0 
1 2 17 24 28 32 33 0 
2 7 15 18 21 35 0 
2 3 7 12 14 20 22 29 0 
11 22 32 0 
2 9 21 22 24 27 30 0 
4 33 35 0 
1 2 3 8 12 15 18 22 24 31 0 
1 4 6 13 18 22 30 32 33 0 
5 6 13 17 22 25 0 
1 14 18 27 29 30 33 0 
5 6 8 19 22 32 34 0 
1 6 8 12 14 15 20 30 0 
2 9 10 15 16 23 30 31 0 
5 6 7 8 10 15 0 
5 8 15 16 19 27 33 0 
11 14 15 18 21 22 27 31 33 34 0 
5 7 13 16 17 25 29 34 36 0 
4 18 21 23 31 32 0 
10 11 17 19 22 23 27 28 0 
1 3 11 12 20 35 0 
1 3 7 18 26 30 34 36 0 
16 19 24 27 34 35 0 
2 7 8 11 13 26 27 34 35 0 
2 4 6 7 21 27 28 0 
5 20 23 33 36 0 
8 17 20 25 34 0 
6 8 26 28 29 31 32 34 0 
1 11 26 27 29 0 
1 2 6 18 33 0 
12 31 34 0 
8 12 15 23 28 31 0 
11 16 27 28 31 33 0 
4 12 22 27 28 29 30 32 36 0 
9 14 15 17 29 32 0 
2 5 9 16 17 19 24 26 27 31 32 0 
1 6 9 14 19 34 0 
2 11 16 27 34 0 
4 6 8 19 21 29 33 0 
2 5 10 18 22 23 29 35 0 
4 10 20 26 29 36 0 
7 9 10 13 15 26 33 0 
1 25 33 35 0 
1 11 14 16 26 27 28 35 36 0 
3 5 14 16 20 24 28 31 0 
3 10 36 0 
7 9 11 13 17 18 30 33 0 
1 2 13 16 18 26 27 35 0 
1 4 15 18 27 0 
1 2 6 13 15 25 27 30 0 
9 15 31 32 34 35 36 0 
3 5 14 15 19 22 0 
5 10 11 14 16 21 32 33 0 
12 18 31 33 0 
3 6 21 24 32 36 0 
3 4 6 9 13 14 18 19 20 23 25 35 0 
1 14 15 23 24 30 0 
2 3 5 15 17 30 0 
1 5 7 11 12 19 23 31 0 
8 9 10 21 24 0 
1 3 5 9 18 22 0 
3 8 10 18 22 24 25 26 0 
5 6 9 15 20 33 34 0 
4 8 27 33 0 
3 4 8 12 27 29 31 0 
7 10 15 22 24 25 26 28 31 32 35 0 
2 16 23 34 0 
3 14 21 30 31 0 
3 14 17 21 25 27 0 
4 10 11 24 36 0 
14 25 29 0 
1 4 10 15 23 26 33 0 
2 14 18 20 23 35 0 
3 19 27 31 34 0 
4 6 12 20 21 22 30 35 0 
3 8 16 18 25 28 34 0 
1 13 14 18 23 29 32 35 36 0 
-2 -6 -7 -24 -27 -32 -36 0 
-16 -17 -25 -27 -28 0 
-6 -8 -15 -33 -34 0 
-4 -9 -11 -15 -34 0 
-3 -6 -7 -8 -16 -17 -25 0 
-8 -9 -15 -24 -30 0 
-6 -26 -28 -29 -35 0 
-6 -13 -14 -15 -23 -27 -28 0 
-1 -12 -15 -18 -20 -24 0 
-6 -11 -19 0 
-2 -8 -13 -16 -24 -32 -36 0 
-9 -10 -16 -26 -31 -35 0 
-7 -10 -34 0 
-13 -16 -20 -27 -31 -33 -36 0 
-2 -13 -15 -24 -29 -36 0 
-10 -11 -22 -23 -25 -29 -33 0 
-3 -11 -14 -22 -28 -29 0 
-4 -12 -16 -32 -33 0 
-6 -21 -27 -28 -29 0 
-11 -15 -30 -31 -36 0 
-1 -8 -9 -10 -17 -24 -35 0 
-1 -2 -5 -8 -13 -16 -18 -23 -27 -33 -34 -36 0 
-24 -26 -29 -35 0 
-1 -2 -9 -18 -19 -31 -33 0 
-5 -17 -19 -24 -26 -27 -33 -34 0 
-3 -10 -13 -16 -28 -31 0 
-1 -2 -24 -28 -33 0 
-14 -22 -30 -33 0 
-1 -14 -26 0 
-5 -7 -14 -17 -22 -29 -30 -32 0 
-12 -15 -18 -19 -21 -25 0 
-11 -20 -22 -25 -28 -35 0 
-3 -6 -9 -14 -16 -25 0 
-15 -27 -28 -34 0 
-2 -5 -8 -9 -15 -22 -31 -33 0 
-5 -10 -14 -17 -21 -24 -26 0 
-33 -34 -35 0 
-4 -19 -22 0 
-4 -6 -10 -12 -16 -24 -26 0 
-12 -13 -15 -16 -23 -25 -28 -34 -36 0 
-7 -8 -21 -25 -26 -30 -32 -34 0 
-7 -12 -14 -17 -33 0 
-21 -22 0 
-8 -10 -15 -18 -22 0 
-2 -3 -7 -10 -14 -19 -23 -32 -36 0 
-3 -4 -11 -15 -24 -28 0 
-1 -2 -3 -13 -14 -21 -27 0 
-2 -9 -12 -13 -17 -28 0 
-2 -6 -7 -16 -20 0 
-6 -10 -11 -14 -16 -21 -22 -31 -32 -35 -36 0 
-1 -3 -6 -9 -31 -34 0 
-3 -5 -11 -12 -19 -23 -24 -26 -30 -31 0 
-6 -15 -20 -24 -28 -31 -34 -35 0 
-1 -8 -17 -19 -23 -26 -34 0 
-8 -13 -20 -25 -26 -27 -35 0 
-5 -9 -16 -17 -18 -25 -27 0 
-10 -11 -18 -19 -22 -24 0 
-3 -16 -30 -31 0 
-1 -9 -15 -17 -26 -31 -36 0 
-9 -15 -16 -19 -30 0 
-10 -13 -23 0 
-1 -14 -19 -24 -30 -33 0 
-3 -5 -6 -12 -17 -26 -36 0 
-7 -10 -11 -14 -17 -19 -21 -23 -26 -31 -35 0 
-1 -2 -9 -10 -11 -16 -21 -26 -31 -32 -35 0 
-3 -5 -10 -11 -12 -13 -17 -18 -20 -22 -26 -28 -29 -30 -33 0 
-2 -8 -10 -14 -16 -29 -31 -35 0 
-13 -21 -23 -28 -29 -30 0 
-2 -9 -14 -26 -32 0 
-6 -9 -17 -19 -23 -26 0 
-2 -5 -7 -8 -21 0 
-1 -14 -28 -30 0 
-5 -7 -23 -30 0 
-3 -10 -13 -24 -26 -30 0 
-5 -13 -17 -27 -29 -30 -32 -35 -36 0 
-1 -26 -29 -35 0 
-1 -6 -7 -18 -21 -31 0 
-2 -6 -10 -13 -22 -36 0 
-1 -6 -10 -13 -15 -18 -21 -24 -32 -33 0 
-11 -19 -20 -27 -29 -30 -32 0 
-2 -11 -13 -23 -34 0 
-11 -13 -15 -18 -24 -25 -31 -36 0 
-4 -5 -6 -19 -23 0 
-2 -7 -14 -16 -23 -31 -34 -36 0 
-7 -12 -13 -23 -28 0 
-1 -2 -3 -14 -22 -25 -30 0 
-4 -18 -26 -28 -33 -35 -36 0 
-2 -17 -18 -20 -26 -30 -36 0 
-4 -6 -8 -13 -16 -18 0 
-8 -10 -20 -27 0 
-9 -11 -25 -26 0 
-7 -8 -10 -17 -25 -26 -28 -31 -33 0 
-3 -5 -13 -14 -25 -29 -30 -34 -36 0 
-2 -4 -7 -11 -14 -15 -25 -31 0 
-12 -14 -18 -29 -31 -35 0 
-3 -10 -15 -16 -35 0 
-4 -5 -15 -23 -24 -25 -26 -27 -30 0 
-8 -11 -15 0 
-3 -8 -14 -17 -24 0 
-1 -2 -3 -7 -14 -24 0 
-12 -17 -24 -29 -32 0 
-1 -7 -20 -21 -30 -32 -33 0 
-1 -6 -31 -33 0 
-1 -16 -18 -21 -27 -28 -33 0 
-3 -16 -33 0 
-8 -12 -13 -24 -28 0 
-2 -4 -14 -15 -23 -24 -27 0 
-1 -11 -17 -18 -19 -24 -25 -27 -33 0 
-8 -9 -12 -30 -34 -36 0 
-6 -15 -16 -17 -20 -21 -30 -33 0 
-1 -8 -11 -17 -21 -24 -30 -32 -35 0 
-5 -13 -14 -26 -29 -30 -33 -35 0 
-16 -17 -27 -30 -35 0 
-3 -6 -23 -25 -30 -32 0 
-4 -13 -15 -16 -17 -21 -27 0 
-15 -21 -35 0 
-15 -22 -24 -26 -29 -30 0 
-7 -12 -19 -20 -24 0 
-1 -4 -6 -14 -22 -23 -26 0 
-6 -12 -14 -16 -20 -24 -25 0 
-1 -19 -31 -33 0 
-6 -26 -32 -34 -36 0 
-10 -13 -17 -18 -21 -30 -35 0 
-4 -17 -18 -24 -34 0 
-1 -11 -12 -13 -22 -27 -32 -35 0 
-10 -12 -19 -20 -23 -24 -26 0 
-5 -6 -8 -16 -20 -22 -24 -31 -35 0 
-1 -15 -20 -21 -26 -27 0 
-5 -12 -13 -20 -25 -28 0 
-1 -2 -3 -5 -7 -11 -14 -15 -16 -31 0 
-3 -8 -14 -15 -16 -29 -30 0 
-3 -10 -16 -18 0 
-21 -23 -24 -28 -33 0 
-9 -14 -16 -17 -23 -28 -35 0 
-11 -14 -22 -26 -32 -33 0 
-9 -33 -35 0 
-2 -7 -8 -11 -16 -17 -18 -21 -28 -33 -36 0 
-1 -3 -9 -10 -22 -28 -33 -36 0 
-5 -7 -8 -11 -23 -24 -35 0 
-2 -12 -16 -19 -25 -29 -30 -35 -36 0 
-5 -23 -26 -28 -31 0 
-3 -11 -23 -24 0 
-13 -14 -18 -19 -22 -24 -36 0 
-10 -30 0 
-1 -5 -19 -28 -32 0 
-8 -11 -22 -25 -33 -34 0 
-9 -14 -16 -25 -27 -34 0 
-1 -2 -10 -15 -25 -27 -30 -31 -36 0 
-1 -2 -4 -16 -19 -20 -30 -34 0 
-4 -7 -8 -10 -12 -19 -20 -24 0 
-2 -3 -9 -14 -16 -17 -20 0 
-1 -3 -5 -7 -9 -15 -28 0 
-3 -4 -14 -19 -20 -26 -28 -34 0 
-10 -21 -27 -29 -33 -34 0 
-7 -8 -15 -16 -19 -21 -24 -25 -28 -34 0 
-6 -12 -20 -33 -35 0 
-2 -3 -7 -10 -11 -16 -19 -23 -26 -27 0 
-6 -18 -19 -21 -22 0 
-6 -11 -12 -15 0 
-18 -22 -23 -31 -34 0 
-7 -8 -16 -19 -30 0 
-9 -19 -27 -28 0 
-7 -8 -15 -16 -18 -35 -36 0 
-3 -5 -6 -8 -24 -25 -29 -35 0 
-8 -11 -12 -19 -28 -32 0 
-3 -8 -11 -13 -26 -28 -31 0 
-11 -12 -14 -15 -16 -18 -19 -26 -32 -35 0 
-1 -6 -15 -16 -25 -29 -33 -36 0 
-18 -21 -28 -29 0 
-5 -15 -19 -24 -26 -34 -36 0 
-9 -10 -14 -15 -16 -21 -30 0 
-5 -6 -10 -18 -26 -27 -35 0 
-1 -8 -17 -23 -36 0 
-8 -9 -13 -23 -28 -35 0 
-3 -4 -9 -14 -16 -21 -27 -30 0 
-2 -4 -8 -14 -15 -18 -23 -27 -28 -32 0 
-20 -22 -31 -33 -34 0 
-6 -17 -33 0 
-3 -6 -14 -15 -17 -28 -29 -32 0 
-3 -29 -30 0 
-1 -4 -17 -31 0 
-3 -9 -14 -21 -22 -26 -27 -34 -36 0 
-16 -17 -19 -21 -23 -27 0 
-1 -4 -7 -11 -12 -15 -19 -20 -24 -31 -35 0 
-1 -14 -30 -35 0 
-5 -8 -19 -23 -26 -27 -31 0 
-20 -21 -24 -29 -31 -36 0 
-8 -27 -34 -35 0 
-22 -23 -25 -30 -32 -35 0 
-15 -18 -19 -23 -32 -35 -36 0 
-4 -23 -26 -27 -28 -29 -32 -35 0 
-1 -4 -10 -12 -17 -27 0 
-5 -9 -13 -15 -31 0 
-2 -4 -8 -9 -15 -22 -27 -35 0 
-1 -11 -20 0 
-2 -5 -16 -18 -26 -35 0 
-2 -3 -6 -8 -9 -28 -33 0 
-3 -10 -20 -31 0 
-4 -10 -19 -22 -23 -24 -31 -33 0 
-4 -20 -25 -34 0 
-2 -8 -11 -22 -27 -31 0 
-5 -7 -9 -13 -20 -21 -24 -26 -27 -35 0 
-24 -28 -29 0 
-5 -8 -11 -12 -15 -20 -26 -35 0 
-4 -20 -22 -31 0 
-14 -17 -18 -20 -25 -28 -33 -36 0 
-4 -7 -20 -21 -29 -31 -34 -35 0 
-8 -11 -16 -19 -25 -32 -33 0 
-1 -2 -19 -29 -30 0 
-6 -10 -16 -19 -26 -33 0 
-1 -2 -19 -29 0 
-1 -17 -30 0 
-9 -17 -19 -26 -28 -31 -32 0 
-1 -2 -6 -19 -22 -31 -33 -35 0 
-3 -7 -10 -17 -20 -22 -25 -27 0 
-5 -15 -17 -22 -31 0 
-13 -26 -34 -36 0 
-22 -23 -27 -31 0 
-12 -17 -27 -28 -31 -33 -34 0 
-2 -8 -15 -18 -20 -31 0 
-4 -8 -10 -14 -15 -26 -27 -30 -32 0 
-1 -9 -25 -33 -34 0 
-8 -9 -16 -17 -23 -29 -30 -35 0 
-1 -3 -5 -6 -16 -24 -31 0 
-7 -8 -10 -14 -20 -25 -30 -33 0 
-7 -14 -15 -17 -19 -36 0 
-1 -7 -10 -18 -27 -34 0 
-7 -13 -17 -18 -22 -26 -31 0 
-2 -16 -20 -27 0 
-1 -11 -15 -16 -20 -26 -31 0 
-12 -35 0 
-10 -17 -19 -21 -32 0 
-5 -9 -18 -22 -25 -29 -31 -34 0 
-4 -9 -10 -13 -20 -36 0 
-8 -30 -34 -36 0 
-11 -14 -19 -20 -26 -34 0 
-1 -5 -7 -24 -26 -27 0 
-3 -12 -14 -20 -30 -35 0 
-2 -12 -14 -16 -17 -27 -28 -29 -35 -36 0 
-5 -6 -29 0 
-7 -13 -14 -17 -23 -25 -28 0 
-2 -28 -31 0 
-9 -12 -18 -23 -24 -33 0 
-1 -6 -10 -21 -24 -31 -33 -35 -36 0 
-7 -14 -17 -19 -23 0 
-1 -4 -15 -20 -22 -25 0 
-9 -10 -16 -20 -25 -26 -32 -35 0 
-1 -4 -5 -19 -22 -26 -27 -36 0 
-6 -8 -10 -12 -25 -34 0 
-2 -4 -9 -13 -15 -24 0 
-3 -6 -23 0 
-8 -9 -26 0 
-2 -8 -9 -12 -17 -27 -28 -29 0 
-2 -3 -6 -8 -12 -13 -30 -32 -36 0 
-5 -6 -19 -29 -30 -31 -36 0 
-6 -12 -17 -21 -22 -23 -24 -28 -30 0 
-10 -13 -15 -16 -20 -25 -26 -29 -36 0 
-5 -21 -24 -30 -32 -33 0 
-1 -10 -18 -23 -25 -26 0 
-13 -16 -26 -29 -36 0 
-2 -6 -14 -23 -24 -27 -29 -31 -35 0 
-2 -12 -21 -24 -26 -32 0 
-8 -11 -15 -23 -25 -26 0 
-12 -13 -17 -36 0 
-13 -15 -16 -18 -20 -27 -28 0 
-2 -11 -25 -28 -30 -31 -36 0 
-1 -3 -7 -11 -14 -15 -20 -27 0 
-1 -10 -11 -14 -19 -28 -31 0 
-2 -30 -33 0 
-4 -12 -18 -25 -29 -30 -33 0 
-3 -5 -9 -15 -17 -22 0 
-5 -8 -9 -10 -11 -14 -17 -19 -23 -31 0 
-2 -10 -14 -18 -20 -31 -36 0 
-8 -17 -19 -30 -33 0 
-2 -12 -16 -23 -28 -32 0 
-1 -13 -21 -22 -26 0 
-10 -14 -25 -28 -33 0 
-9 -13 -14 -22 -25 -26 -27 -29 -34 0 
-13 -14 -17 -18 -22 -29 -30 -33 0 
-5 -6 -14 0 
-2 -8 -10 -13 -27 -32 -34 -35 0 
-14 -15 -21 -22 -24 -26 -28 -31 0 
-9 -11 -15 -23 -24 -32 0 
-3 -10 -16 -17 -24 -33 0 
-8 -9 -10 -11 -22 -23 -29 -34 -36 0 
-10 -11 -13 -14 -19 -27 -32 -33 0 
-5 -9 -10 -13 -22 -29 -31 0 
-1 -4 -6 -11 -22 -24 -33 -35 -36 0 
-1 -4 -7 -26 -29 0 
-6 -11 -12 -21 -22 -26 0 
-4 -13 -16 -17 -20 -21 -24 -36 0 
-5 -6 -12 -22 -23 -29 -30 -33 -34 -36 0 
-4 -9 -11 -18 -20 -26 -27 -31 -36 0 
-4 -5 -6 -8 -15 -33 -34 0 
-5 -7 -9 -10 -12 -14 -33 -36 0 
-3 -4 -11 -12 -18 -26 -30 -36 0 
-3 -12 -19 -24 -27 0 
-3 -17 -23 0 
-1 -2 -5 -15 -23 -30 -31 -35 0 
-4 -12 -15 -22 -30 -32 -33 0 
-2 -13 -16 -20 -27 -28 -30 0 
-2 -4 -11 -12 -18 -22 -26 -28 -34 0 
-29 -34 -36 0 
-6 -10 -13 -29 -31 -32 -35 0 
-1 -8 -26 0 
-6 -10 -19 -29 0 
-1 -9 -11 -13 -15 -16 -17 -29 0 
-5 -6 -10 -16 -17 -35 0 
-7 -8 -19 -21 -25 -31 0 
-2 -6 -7 -17 -20 -22 -25 -34 -35 0 
-3 -5 -9 -27 -30 -32 -35 0 
-7 -9 -22 -27 -29 -32 -35 0 
-4 -15 -17 -18 -24 0 
-4 -31 -32 -35 0 
-12 -14 -17 -18 -19 -29 -31 -34 -35 0 
-5 -25 -34 -35 0 
-1 -5 -16 -22 -23 -24 -33 -35 0 
-10 -11 -16 -19 -23 -33 -34 0 
-5 -8 -9 -23 -25 0 
-1 -2 -5 -18 -21 -24 -27 -29 -30 -34 0 
-11 -17 -23 -31 0 
-3 -15 -20 -27 -33 0 
-13 -14 -22 -26 -27 0 
-3 -9 -16 -20 -26 -30 0 
-1 -2 -17 -24 -28 -32 -33 0 
-2 -7 -15 -18 -21 -35 0 
-2 -3 -7 -12 -14 -20 -22 -29 0 
-11 -22 -32 0 
-2 -9 -21 -22 -24 -27 -30 0 
-4 -33 -35 0 
-1 -2 -3 -8 -12 -15 -18 -22 -24 -31 0 
-1 -4 -6 -13 -18 -22 -30 -32 -33 0 
-5 -6 -13 -17 -22 -25 0 
-1 -14 -18 -27 -29 -30 -33 0 
-5 -6 -8 -19 -22 -32 -34 0 
-1 -6 -8 -12 -14 -15 -20 -30 0 
-2 -9 -10 -15 -16 -23 -30 -31 0 
-5 -6 -7 -8 -10 -15 0 
-5 -8 -15 -16 -19 -27 -33 0 
-11 -14 -15 -18 -21 -22 -27 -31 -33 -34 0 
-5 -7 -13 -16 -17 -25 -29 -34 -36 0 
-4 -18 -21 -23 -31 -32 0 
-10 -11 -17 -19 -22 -23 -27 -28 0 
-1 -3 -11 -12 -20 -35 0 
-1 -3 -7 -18 -26 -30 -34 -36 0 
-16 -19 -24 -27 -34 -35 0 
-2 -7 -8 -11 -13 -26 -27 -34 -35 0 
-2 -4 -6 -7 -21 -27 -28 0 
-5 -20 -23 -33 -36 0 
-8 -17 -20 -25 -34 0 
-6 -8 -26 -28 -29 -31 -32 -34 0 
-1 -11 -26 -27 -29 0 
-1 -2 -6 -18 -33 0 
-12 -31 -34 0 
-8 -12 -15 -23 -28 -31 0 
-11 -16 -27 -28 -31 -33 0 
-4 -12 -22 -27 -28 -29 -30 -32 -36 0 
-9 -14 -15 -17 -29 -32 0 
-2 -5 -9 -16 -17 -19 -24 -26 -27 -31 -32 0 
-1 -6 -9 -14 -19 -34 0 
-2 -11 -16 -27 -34 0 
-4 -6 -8 -19 -21 -29 -33 0 
-2 -5 -10 -18 -22 -23 -29 -35 0 
-4 -10 -20 -26 -29 -36 0 
-7 -9 -10 -13 -15 -26 -33 0 
-1 -25 -33 -35 0 
-1 -11 -14 -16 -26 -27 -28 -35 -36 0 
-3 -5 -14 -16 -20 -24 -28 -31 0 
-3 -10 -36 0 
-7 -9 -11 -13 -17 -18 -30 -33 0 
-1 -2 -13 -16 -18 -26 -27 -35 0 
-1 -4 -15 -18 -27 0 
-1 -2 -6 -13 -15 -25 -27 -30 0 
-9 -15 -31 -32 -34 -35 -36 0 
-3 -5 -14 -15 -19 -22 0 
-5 -10 -11 -14 -16 -21 -32 -33 0 
-12 -18 -31 -33 0 
-3 -6 -21 -24 -32 -36 0 
-3 -4 -6 -9 -13 -14 -18 -19 -20 -23 -25 -35 0 
-1 -14 -15 -23 -24 -30 0 
-2 -3 -5 -15 -17 -30 0 
-1 -5 -7 -11 -12 -19 -23 -31 0 
-8 -9 -10 -21 -24 0 
-1 -3 -5 -9 -18 -22 0 
-3 -8 -10 -18 -22 -24 -25 -26 0 
-5 -6 -9 -15 -20 -33 -34 0 
-4 -8 -27 -33 0 
-3 -4 -8 -12 -27 -29 -31 0 
-7 -10 -15 -22 -24 -25 -26 -28 -31 -32 -35 0 
-2 -16 -23 -34 0 
-3 -14 -21 -30 -31 0 
-3 -14 -17 -21 -25 -27 0 
-4 -10 -11 -24 -36 0 
-14 -25 -29 0 
-1 -4 -10 -15 -23 -26 -33 0 
-2 -14 -18 -20 -23 -35 0 
-3 -19 -27 -31 -34 0 
-4 -6 -12 -20 -21 -22 -30 -35 0 
-3 -8 -16 -18 -25 -28 -34 0 
-1 -13 -14 -18 -23 -29 -32 -35 -36 0 
