p cnf 36 800
2 4 5 6 10 22 23 24 26 35 0 
4 9 11 14 16 19 29 35 0 
5 14 17 29 35 0 
4 5 7 10 11 22 27 30 35 36 0 
6 15 16 18 21 24 31 34 0 
8 19 24 28 30 34 35 0 
1 2 3 7 8 13 19 21 24 32 0 
2 9 12 16 17 21 28 30 35 0 
1 2 16 17 22 31 32 0 
2 3 20 24 25 0 
10 11 15 22 24 27 31 34 0 
2 5 10 25 32 34 36 0 
6 12 16 17 26 35 0 
2 5 10 24 35 0 
3 9 10 12 26 31 34 0 
12 35 0 
4 12 20 27 36 0 
4 8 15 20 26 27 0 
6 11 28 32 34 0 
5 10 12 24 26 28 33 0 
4 5 14 24 29 0 
19 21 0 
3 11 15 20 22 29 31 0 
2 5 8 10 21 26 32 0 
4 14 19 24 36 0 
3 4 14 15 36 0 
10 11 12 28 31 0 
4 19 21 25 27 36 0 
1 14 15 23 36 0 
5 6 7 8 11 31 33 0 
21 22 0 
20 22 25 30 31 36 0 
5 13 32 34 0 
3 11 12 18 19 23 35 0 
7 12 19 28 0 
9 10 21 22 27 30 32 0 
8 12 17 27 30 36 0 
10 11 19 20 27 28 35 0 
10 13 29 0 
5 8 9 24 28 35 0 
5 9 13 25 29 30 35 0 
7 10 12 13 26 30 34 36 0 
3 8 17 19 24 28 36 0 
8 12 15 21 25 26 28 33 0 
6 20 22 28 0 
1 4 6 10 15 18 22 0 
11 19 29 30 0 
3 5 7 21 25 34 0 
3 7 15 24 26 0 
1 3 15 16 30 31 32 0 
4 9 15 22 32 0 
15 22 27 30 33 0 
2 5 10 11 18 19 21 24 25 29 0 
2 3 15 18 19 27 28 0 
8 23 27 28 0 
3 4 7 11 14 29 32 0 
1 3 4 18 21 22 26 32 36 0 
8 9 15 25 33 0 
1 2 8 16 21 24 29 0 
2 11 12 14 24 29 0 
11 21 25 26 28 0 
21 24 0 
8 9 24 34 0 
1 3 16 20 22 28 34 36 0 
6 13 27 28 0 
2 3 6 11 21 30 34 0 
4 5 9 13 16 22 26 31 34 36 0 
5 23 30 0 
3 7 12 21 27 0 
8 16 17 19 23 33 0 
13 18 34 0 
1 13 15 18 0 
6 14 22 23 24 28 32 36 0 
3 5 13 14 17 18 26 34 0 
6 17 23 24 27 28 0 
2 13 15 16 17 19 21 30 34 36 0 
11 12 19 22 28 0 
1 9 10 14 17 25 35 0 
7 12 22 0 
2 12 21 24 26 28 33 0 
3 14 15 18 34 0 
10 11 14 19 28 30 35 0 
3 13 20 21 23 25 29 32 33 0 
1 9 11 18 20 0 
12 17 20 24 27 33 0 
9 10 17 21 36 0 
1 5 9 12 13 15 19 21 35 0 
1 6 12 15 24 26 31 0 
6 11 14 21 34 0 
20 21 23 0 
1 6 7 15 27 29 34 0 
1 3 5 13 15 28 30 34 0 
2 3 9 15 33 0 
2 34 0 
1 2 8 12 13 18 21 25 26 27 0 
5 9 14 24 26 28 0 
3 5 6 7 8 13 17 23 34 0 
3 4 5 12 13 14 22 25 36 0 
2 9 18 19 25 0 
5 10 13 22 25 29 30 33 0 
2 3 8 17 24 35 0 
2 6 16 30 0 
3 11 14 15 23 25 31 0 
2 5 9 13 15 21 27 28 36 0 
13 18 19 29 0 
1 2 3 8 19 34 0 
6 10 18 21 22 26 31 33 0 
2 5 8 9 11 22 24 25 27 29 34 0 
2 9 13 27 28 32 36 0 
2 6 11 14 20 0 
7 20 24 28 31 36 0 
6 26 0 
11 18 21 24 28 29 0 
7 9 11 24 26 30 35 0 
6 22 29 0 
1 4 10 0 
8 11 17 18 22 25 26 28 36 0 
5 6 13 16 18 20 26 27 34 0 
5 19 23 31 34 0 
5 22 25 30 33 35 0 
5 8 11 14 17 20 24 28 31 36 0 
11 13 16 19 25 0 
6 13 24 25 28 31 0 
1 3 8 0 
6 12 13 19 29 30 35 0 
2 12 14 20 32 0 
8 9 17 23 33 34 0 
8 22 28 33 34 0 
19 27 34 0 
3 7 16 24 27 33 0 
6 12 22 27 32 33 0 
17 27 34 36 0 
5 14 15 17 31 35 36 0 
6 14 17 21 27 30 34 0 
6 12 18 23 29 31 32 34 0 
1 5 10 11 15 24 27 30 31 34 0 
7 23 25 33 34 0 
4 5 9 12 20 23 26 30 32 0 
1 7 8 10 26 27 36 0 
2 7 21 36 0 
26 30 31 35 0 
2 5 8 11 12 14 17 20 23 0 
11 16 21 31 35 0 
3 11 13 14 16 18 28 33 34 36 0 
12 13 17 24 27 33 0 
7 20 24 25 27 28 29 36 0 
4 5 8 9 10 19 20 21 24 32 0 
2 7 9 27 30 36 0 
7 16 19 20 29 31 32 0 
2 5 6 14 17 18 30 35 36 0 
6 8 10 11 18 20 21 23 29 31 32 0 
3 5 13 32 0 
2 6 9 12 18 29 33 34 0 
7 22 28 0 
17 24 28 36 0 
4 11 17 18 32 0 
3 4 8 17 21 35 0 
7 25 31 32 0 
3 5 9 16 28 29 36 0 
7 9 23 28 34 0 
1 4 8 9 10 12 16 25 30 31 0 
6 14 15 20 27 30 0 
1 3 7 9 12 17 22 23 30 0 
3 5 19 22 28 32 0 
4 11 21 22 23 26 32 0 
2 4 10 13 18 19 27 28 32 0 
3 8 28 30 0 
1 4 12 13 14 20 31 0 
6 7 14 15 26 28 29 34 0 
6 11 21 25 0 
6 11 16 19 23 24 29 32 33 0 
1 5 9 16 18 22 24 27 31 0 
1 6 13 19 28 30 34 0 
3 9 10 12 14 15 31 0 
2 4 7 17 21 36 0 
8 11 19 24 27 30 31 33 0 
2 6 9 12 15 21 32 36 0 
8 23 25 33 0 
3 15 18 20 25 29 35 0 
5 14 17 18 21 24 34 0 
2 4 7 11 14 27 36 0 
6 10 13 19 31 33 0 
1 3 11 14 23 29 0 
7 13 25 34 35 0 
9 18 19 21 24 26 28 29 32 34 0 
5 6 16 19 21 28 30 33 0 
4 9 17 18 19 33 0 
2 8 13 30 0 
2 20 24 34 0 
2 7 35 0 
1 5 11 13 29 33 0 
12 18 32 0 
1 4 10 19 24 29 36 0 
12 13 15 18 23 26 27 29 0 
9 18 20 21 23 26 27 0 
5 8 10 15 19 21 36 0 
8 15 18 20 29 33 0 
2 9 10 0 
5 6 14 17 21 27 0 
3 9 10 15 33 0 
6 8 11 15 32 36 0 
7 8 10 13 15 33 0 
2 3 4 6 16 17 19 20 21 23 31 0 
1 2 8 12 14 19 26 29 30 31 0 
6 12 13 14 25 29 30 0 
2 5 9 13 17 18 0 
1 6 10 11 16 22 24 32 0 
5 11 16 18 20 24 26 0 
13 24 0 
6 8 11 23 24 31 33 34 0 
1 11 15 23 28 0 
7 8 12 16 18 22 29 32 0 
4 11 13 18 36 0 
1 7 9 10 11 16 17 27 0 
4 7 10 13 18 29 31 0 
2 10 13 36 0 
1 4 14 15 17 19 28 0 
12 16 31 34 0 
1 3 11 14 18 0 
9 19 22 25 32 0 
1 5 6 16 25 27 0 
1 6 9 11 15 24 27 30 33 35 0 
4 12 13 14 16 18 24 31 33 0 
3 7 9 20 29 36 0 
2 3 6 7 23 0 
5 7 12 29 35 0 
1 4 15 16 19 20 24 33 0 
7 10 18 22 25 32 0 
2 17 21 27 33 0 
12 13 15 18 23 36 0 
5 7 19 0 
22 24 32 0 
1 13 15 19 21 23 32 0 
18 19 21 32 0 
5 7 15 16 19 20 22 26 27 31 36 0 
4 17 33 0 
14 17 21 23 35 0 
2 6 7 21 23 0 
5 6 8 14 15 0 
3 8 9 13 14 15 25 30 31 36 0 
3 8 19 21 22 26 0 
6 16 17 18 23 0 
5 6 8 12 21 27 34 0 
1 7 10 28 31 34 0 
4 18 21 30 33 35 0 
1 7 8 10 14 16 23 27 0 
4 9 17 26 34 36 0 
1 4 19 26 32 33 35 0 
10 14 23 24 35 0 
7 9 13 22 35 0 
5 10 18 19 21 25 30 31 36 0 
6 7 10 14 19 20 25 0 
7 21 25 29 34 0 
13 14 15 21 31 0 
5 7 12 15 19 27 28 35 0 
4 5 6 14 17 20 24 32 0 
3 6 9 19 24 25 27 28 0 
2 8 10 19 22 23 24 29 30 0 
6 8 9 15 36 0 
4 7 19 25 29 35 0 
7 17 25 31 32 34 35 0 
10 13 19 23 25 26 27 30 31 0 
8 20 29 0 
8 12 14 20 23 34 0 
12 26 30 32 0 
5 7 12 13 14 19 21 32 0 
1 4 5 9 21 22 0 
8 11 16 17 18 24 25 29 30 0 
10 12 17 18 24 31 36 0 
9 17 21 25 26 27 33 34 0 
3 9 11 12 19 24 25 27 30 0 
4 10 13 15 23 26 0 
1 12 18 24 25 26 31 0 
3 8 10 17 18 20 22 35 0 
1 11 14 19 21 27 34 0 
9 21 29 32 36 0 
1 8 14 20 29 31 0 
19 20 21 30 34 0 
6 8 12 16 21 22 25 31 34 0 
9 11 12 14 16 23 28 32 0 
3 5 7 13 14 21 28 31 0 
20 25 29 0 
4 19 20 23 28 0 
8 15 16 19 23 27 29 30 33 34 35 0 
4 16 19 28 30 31 34 0 
4 16 32 33 34 0 
2 3 5 14 31 33 0 
8 10 14 21 23 24 27 31 0 
2 10 20 23 27 29 0 
3 4 8 10 13 17 29 33 35 0 
3 8 11 21 22 32 34 0 
7 9 23 24 29 0 
4 8 11 18 19 24 25 26 29 0 
5 10 13 14 17 18 23 33 0 
1 10 12 24 28 35 36 0 
2 6 14 18 25 0 
1 5 7 13 20 33 0 
3 6 8 9 12 16 29 30 0 
2 6 7 8 27 0 
8 13 14 23 27 29 34 0 
5 7 10 14 17 20 21 36 0 
2 4 5 7 17 20 22 23 28 0 
11 19 0 
19 23 25 33 0 
1 10 30 0 
17 18 24 32 34 0 
2 9 13 16 26 31 0 
6 19 30 32 0 
1 2 9 11 13 21 28 0 
6 11 12 17 33 36 0 
4 7 17 20 23 24 28 34 35 36 0 
2 7 16 23 30 31 0 
10 14 18 25 35 0 
7 29 30 31 0 
6 12 13 17 19 36 0 
3 5 9 13 15 16 32 34 0 
15 19 36 0 
6 12 28 29 33 0 
2 7 12 21 36 0 
1 3 9 17 19 32 33 0 
7 17 25 0 
8 11 13 30 34 0 
7 13 15 23 29 31 0 
1 4 7 12 15 19 20 21 0 
1 9 15 16 20 28 31 34 0 
1 6 9 12 13 17 25 28 31 0 
1 11 16 22 23 36 0 
3 8 9 12 22 24 32 0 
7 12 20 21 23 29 33 0 
4 19 24 26 34 0 
12 14 17 18 21 23 28 31 36 0 
1 15 18 28 30 32 0 
1 2 3 7 13 14 16 22 24 35 0 
2 8 10 21 25 26 34 0 
2 10 11 12 13 18 19 32 36 0 
1 6 7 21 22 29 32 33 36 0 
3 18 23 26 34 35 0 
3 7 12 27 0 
1 2 11 13 21 25 27 30 0 
6 9 10 11 25 30 32 0 
1 6 8 11 15 18 23 28 30 32 0 
3 7 12 16 21 23 31 0 
3 6 20 24 25 26 27 29 34 0 
2 3 11 30 33 0 
7 8 9 11 12 17 18 19 25 27 28 0 
1 2 12 15 29 31 32 0 
22 32 33 35 0 
2 23 28 0 
1 3 24 30 31 0 
10 26 29 32 35 0 
5 7 9 10 17 19 22 26 0 
1 5 7 11 21 24 0 
5 8 9 10 11 18 0 
3 8 20 22 35 0 
8 11 15 18 21 23 34 0 
4 7 16 17 27 33 0 
7 9 10 27 0 
1 11 12 15 21 30 0 
13 16 20 30 0 
2 4 9 16 27 28 30 31 33 0 
2 8 16 33 34 0 
3 6 12 14 23 31 34 0 
9 12 23 31 33 35 36 0 
16 23 25 27 0 
4 5 10 11 16 18 25 27 36 0 
1 2 3 9 16 30 34 36 0 
2 4 6 7 11 14 20 21 23 24 31 0 
2 7 14 15 19 22 28 0 
2 8 15 19 24 26 29 31 36 0 
5 9 13 22 34 35 0 
5 17 18 19 23 36 0 
1 8 9 12 20 21 22 25 0 
3 12 14 16 17 18 19 21 22 30 0 
3 11 24 29 0 
4 7 19 26 29 33 34 35 0 
2 4 5 6 7 8 15 24 26 28 31 35 36 0 
1 4 7 9 21 33 35 0 
9 19 28 34 0 
8 12 22 23 34 36 0 
2 6 15 16 18 22 31 36 0 
2 3 5 8 11 15 18 22 0 
1 4 26 27 28 29 35 0 
15 18 26 33 36 0 
12 13 29 30 0 
5 13 16 18 25 27 33 0 
2 32 34 0 
2 33 0 
1 5 13 15 21 0 
2 4 11 16 17 19 20 35 0 
7 14 18 21 22 31 34 35 36 0 
3 5 6 17 22 28 30 0 
3 4 19 26 0 
11 25 35 0 
1 15 26 32 0 
15 17 18 23 29 31 34 35 0 
4 8 10 21 26 0 
2 4 12 17 22 26 27 0 
8 13 21 26 30 35 0 
11 13 23 24 26 34 0 
7 9 11 20 22 25 32 33 0 
-2 -4 -5 -6 -10 -22 -23 -24 -26 -35 0 
-4 -9 -11 -14 -16 -19 -29 -35 0 
-5 -14 -17 -29 -35 0 
-4 -5 -7 -10 -11 -22 -27 -30 -35 -36 0 
-6 -15 -16 -18 -21 -24 -31 -34 0 
-8 -19 -24 -28 -30 -34 -35 0 
-1 -2 -3 -7 -8 -13 -19 -21 -24 -32 0 
-2 -9 -12 -16 -17 -21 -28 -30 -35 0 
-1 -2 -16 -17 -22 -31 -32 0 
-2 -3 -20 -24 -25 0 
-10 -11 -15 -22 -24 -27 -31 -34 0 
-2 -5 -10 -25 -32 -34 -36 0 
-6 -12 -16 -17 -26 -35 0 
-2 -5 -10 -24 -35 0 
-3 -9 -10 -12 -26 -31 -34 0 
-12 -35 0 
-4 -12 -20 -27 -36 0 
-4 -8 -15 -20 -26 -27 0 
-6 -11 -28 -32 -34 0 
-5 -10 -12 -24 -26 -28 -33 0 
-4 -5 -14 -24 -29 0 
-19 -21 0 
-3 -11 -15 -20 -22 -29 -31 0 
-2 -5 -8 -10 -21 -26 -32 0 
-4 -14 -19 -24 -36 0 
-3 -4 -14 -15 -36 0 
-10 -11 -12 -28 -31 0 
-4 -19 -21 -25 -27 -36 0 
-1 -14 -15 -23 -36 0 
-5 -6 -7 -8 -11 -31 -33 0 
-21 -22 0 
-20 -22 -25 -30 -31 -36 0 
-5 -13 -32 -34 0 
-3 -11 -12 -18 -19 -23 -35 0 
-7 -12 -19 -28 0 
-9 -10 -21 -22 -27 -30 -32 0 
-8 -12 -17 -27 -30 -36 0 
-10 -11 -19 -20 -27 -28 -35 0 
-10 -13 -29 0 
-5 -8 -9 -24 -28 -35 0 
-5 -9 -13 -25 -29 -30 -35 0 
-7 -10 -12 -13 -26 -30 -34 -36 0 
-3 -8 -17 -19 -24 -28 -36 0 
-8 -12 -15 -21 -25 -26 -28 -33 0 
-6 -20 -22 -28 0 
-1 -4 -6 -10 -15 -18 -22 0 
-11 -19 -29 -30 0 
-3 -5 -7 -21 -25 -34 0 
-3 -7 -15 -24 -26 0 
-1 -3 -15 -16 -30 -31 -32 0 
-4 -9 -15 -22 -32 0 
-15 -22 -27 -30 -33 0 
-2 -5 -10 -11 -18 -19 -21 -24 -25 -29 0 
-2 -3 -15 -18 -19 -27 -28 0 
-8 -23 -27 -28 0 
-3 -4 -7 -11 -14 -29 -32 0 
-1 -3 -4 -18 -21 -22 -26 -32 -36 0 
-8 -9 -15 -25 -33 0 
-1 -2 -8 -16 -21 -24 -29 0 
-2 -11 -12 -14 -24 -29 0 
-11 -21 -25 -26 -28 0 
-21 -24 0 
-8 -9 -24 -34 0 
-1 -3 -16 -20 -22 -28 -34 -36 0 
-6 -13 -27 -28 0 
-2 -3 -6 -11 -21 -30 -34 0 
-4 -5 -9 -13 -16 -22 -26 -31 -34 -36 0 
-5 -23 -30 0 
-3 -7 -12 -21 -27 0 
-8 -16 -17 -19 -23 -33 0 
-13 -18 -34 0 
-1 -13 -15 -18 0 
-6 -14 -22 -23 -24 -28 -32 -36 0 
-3 -5 -13 -14 -17 -18 -26 -34 0 
-6 -17 -23 -24 -27 -28 0 
-2 -13 -15 -16 -17 -19 -21 -30 -34 -36 0 
-11 -12 -19 -22 -28 0 
-1 -9 -10 -14 -17 -25 -35 0 
-7 -12 -22 0 
-2 -12 -21 -24 -26 -28 -33 0 
-3 -14 -15 -18 -34 0 
-10 -11 -14 -19 -28 -30 -35 0 
-3 -13 -20 -21 -23 -25 -29 -32 -33 0 
-1 -9 -11 -18 -20 0 
-12 -17 -20 -24 -27 -33 0 
-9 -10 -17 -21 -36 0 
-1 -5 -9 -12 -13 -15 -19 -21 -35 0 
-1 -6 -12 -15 -24 -26 -31 0 
-6 -11 -14 -21 -34 0 
-20 -21 -23 0 
-1 -6 -7 -15 -27 -29 -34 0 
-1 -3 -5 -13 -15 -28 -30 -34 0 
-2 -3 -9 -15 -33 0 
-2 -34 0 
-1 -2 -8 -12 -13 -18 -21 -25 -26 -27 0 
-5 -9 -14 -24 -26 -28 0 
-3 -5 -6 -7 -8 -13 -17 -23 -34 0 
-3 -4 -5 -12 -13 -14 -22 -25 -36 0 
-2 -9 -18 -19 -25 0 
-5 -10 -13 -22 -25 -29 -30 -33 0 
-2 -3 -8 -17 -24 -35 0 
-2 -6 -16 -30 0 
-3 -11 -14 -15 -23 -25 -31 0 
-2 -5 -9 -13 -15 -21 -27 -28 -36 0 
-13 -18 -19 -29 0 
-1 -2 -3 -8 -19 -34 0 
-6 -10 -18 -21 -22 -26 -31 -33 0 
-2 -5 -8 -9 -11 -22 -24 -25 -27 -29 -34 0 
-2 -9 -13 -27 -28 -32 -36 0 
-2 -6 -11 -14 -20 0 
-7 -20 -24 -28 -31 -36 0 
-6 -26 0 
-11 -18 -21 -24 -28 -29 0 
-7 -9 -11 -24 -26 -30 -35 0 
-6 -22 -29 0 
-1 -4 -10 0 
-8 -11 -17 -18 -22 -25 -26 -28 -36 0 
-5 -6 -13 -16 -18 -20 -26 -27 -34 0 
-5 -19 -23 -31 -34 0 
-5 -22 -25 -30 -33 -35 0 
-5 -8 -11 -14 -17 -20 -24 -28 -31 -36 0 
-11 -13 -16 -19 -25 0 
-6 -13 -24 -25 -28 -31 0 
-1 -3 -8 0 
-6 -12 -13 -19 -29 -30 -35 0 
-2 -12 -14 -20 -32 0 
-8 -9 -17 -23 -33 -34 0 
-8 -22 -28 -33 -34 0 
-19 -27 -34 0 
-3 -7 -16 -24 -27 -33 0 
-6 -12 -22 -27 -32 -33 0 
-17 -27 -34 -36 0 
-5 -14 -15 -17 -31 -35 -36 0 
-6 -14 -17 -21 -27 -30 -34 0 
-6 -12 -18 -23 -29 -31 -32 -34 0 
-1 -5 -10 -11 -15 -24 -27 -30 -31 -34 0 
-7 -23 -25 -33 -34 0 
-4 -5 -9 -12 -20 -23 -26 -30 -32 0 
-1 -7 -8 -10 -26 -27 -36 0 
-2 -7 -21 -36 0 
-26 -30 -31 -35 0 
-2 -5 -8 -11 -12 -14 -17 -20 -23 0 
-11 -16 -21 -31 -35 0 
-3 -11 -13 -14 -16 -18 -28 -33 -34 -36 0 
-12 -13 -17 -24 -27 -33 0 
-7 -20 -24 -25 -27 -28 -29 -36 0 
-4 -5 -8 -9 -10 -19 -20 -21 -24 -32 0 
-2 -7 -9 -27 -30 -36 0 
-7 -16 -19 -20 -29 -31 -32 0 
-2 -5 -6 -14 -17 -18 -30 -35 -36 0 
-6 -8 -10 -11 -18 -20 -21 -23 -29 -31 -32 0 
-3 -5 -13 -32 0 
-2 -6 -9 -12 -18 -29 -33 -34 0 
-7 -22 -28 0 
-17 -24 -28 -36 0 
-4 -11 -17 -18 -32 0 
-3 -4 -8 -17 -21 -35 0 
-7 -25 -31 -32 0 
-3 -5 -9 -16 -28 -29 -36 0 
-7 -9 -23 -28 -34 0 
-1 -4 -8 -9 -10 -12 -16 -25 -30 -31 0 
-6 -14 -15 -20 -27 -30 0 
-1 -3 -7 -9 -12 -17 -22 -23 -30 0 
-3 -5 -19 -22 -28 -32 0 
-4 -11 -21 -22 -23 -26 -32 0 
-2 -4 -10 -13 -18 -19 -27 -28 -32 0 
-3 -8 -28 -30 0 
-1 -4 -12 -13 -14 -20 -31 0 
-6 -7 -14 -15 -26 -28 -29 -34 0 
-6 -11 -21 -25 0 
-6 -11 -16 -19 -23 -24 -29 -32 -33 0 
-1 -5 -9 -16 -18 -22 -24 -27 -31 0 
-1 -6 -13 -19 -28 -30 -34 0 
-3 -9 -10 -12 -14 -15 -31 0 
-2 -4 -7 -17 -21 -36 0 
-8 -11 -19 -24 -27 -30 -31 -33 0 
-2 -6 -9 -12 -15 -21 -32 -36 0 
-8 -23 -25 -33 0 
-3 -15 -18 -20 -25 -29 -35 0 
-5 -14 -17 -18 -21 -24 -34 0 
-2 -4 -7 -11 -14 -27 -36 0 
-6 -10 -13 -19 -31 -33 0 
-1 -3 -11 -14 -23 -29 0 
-7 -13 -25 -34 -35 0 
-9 -18 -19 -21 -24 -26 -28 -29 -32 -34 0 
-5 -6 -16 -19 -21 -28 -30 -33 0 
-4 -9 -17 -18 -19 -33 0 
-2 -8 -13 -30 0 
-2 -20 -24 -34 0 
-2 -7 -35 0 
-1 -5 -11 -13 -29 -33 0 
-12 -18 -32 0 
-1 -4 -10 -19 -24 -29 -36 0 
-12 -13 -15 -18 -23 -26 -27 -29 0 
-9 -18 -20 -21 -23 -26 -27 0 
-5 -8 -10 -15 -19 -21 -36 0 
-8 -15 -18 -20 -29 -33 0 
-2 -9 -10 0 
-5 -6 -14 -17 -21 -27 0 
-3 -9 -10 -15 -33 0 
-6 -8 -11 -15 -32 -36 0 
-7 -8 -10 -13 -15 -33 0 
-2 -3 -4 -6 -16 -17 -19 -20 -21 -23 -31 0 
-1 -2 -8 -12 -14 -19 -26 -29 -30 -31 0 
-6 -12 -13 -14 -25 -29 -30 0 
-2 -5 -9 -13 -17 -18 0 
-1 -6 -10 -11 -16 -22 -24 -32 0 
-5 -11 -16 -18 -20 -24 -26 0 
-13 -24 0 
-6 -8 -11 -23 -24 -31 -33 -34 0 
-1 -11 -15 -23 -28 0 
-7 -8 -12 -16 -18 -22 -29 -32 0 
-4 -11 -13 -18 -36 0 
-1 -7 -9 -10 -11 -16 -17 -27 0 
-4 -7 -10 -13 -18 -29 -31 0 
-2 -10 -13 -36 0 
-1 -4 -14 -15 -17 -19 -28 0 
-12 -16 -31 -34 0 
-1 -3 -11 -14 -18 0 
-9 -19 -22 -25 -32 0 
-1 -5 -6 -16 -25 -27 0 
-1 -6 -9 -11 -15 -24 -27 -30 -33 -35 0 
-4 -12 -13 -14 -16 -18 -24 -31 -33 0 
-3 -7 -9 -20 -29 -36 0 
-2 -3 -6 -7 -23 0 
-5 -7 -12 -29 -35 0 
-1 -4 -15 -16 -19 -20 -24 -33 0 
-7 -10 -18 -22 -25 -32 0 
-2 -17 -21 -27 -33 0 
-12 -13 -15 -18 -23 -36 0 
-5 -7 -19 0 
-22 -24 -32 0 
-1 -13 -15 -19 -21 -23 -32 0 
-18 -19 -21 -32 0 
-5 -7 -15 -16 -19 -20 -22 -26 -27 -31 -36 0 
-4 -17 -33 0 
-14 -17 -21 -23 -35 0 
-2 -6 -7 -21 -23 0 
-5 -6 -8 -14 -15 0 
-3 -8 -9 -13 -14 -15 -25 -30 -31 -36 0 
-3 -8 -19 -21 -22 -26 0 
-6 -16 -17 -18 -23 0 
-5 -6 -8 -12 -21 -27 -34 0 
-1 -7 -10 -28 -31 -34 0 
-4 -18 -21 -30 -33 -35 0 
-1 -7 -8 -10 -14 -16 -23 -27 0 
-4 -9 -17 -26 -34 -36 0 
-1 -4 -19 -26 -32 -33 -35 0 
-10 -14 -23 -24 -35 0 
-7 -9 -13 -22 -35 0 
-5 -10 -18 -19 -21 -25 -30 -31 -36 0 
-6 -7 -10 -14 -19 -20 -25 0 
-7 -21 -25 -29 -34 0 
-13 -14 -15 -21 -31 0 
-5 -7 -12 -15 -19 -27 -28 -35 0 
-4 -5 -6 -14 -17 -20 -24 -32 0 
-3 -6 -9 -19 -24 -25 -27 -28 0 
-2 -8 -10 -19 -22 -23 -24 -29 -30 0 
-6 -8 -9 -15 -36 0 
-4 -7 -19 -25 -29 -35 0 
-7 -17 -25 -31 -32 -34 -35 0 
-10 -13 -19 -23 -25 -26 -27 -30 -31 0 
-8 -20 -29 0 
-8 -12 -14 -20 -23 -34 0 
-12 -26 -30 -32 0 
-5 -7 -12 -13 -14 -19 -21 -32 0 
-1 -4 -5 -9 -21 -22 0 
-8 -11 -16 -17 -18 -24 -25 -29 -30 0 
-10 -12 -17 -18 -24 -31 -36 0 
-9 -17 -21 -25 -26 -27 -33 -34 0 
-3 -9 -11 -12 -19 -24 -25 -27 -30 0 
-4 -10 -13 -15 -23 -26 0 
-1 -12 -18 -24 -25 -26 -31 0 
-3 -8 -10 -17 -18 -20 -22 -35 0 
-1 -11 -14 -19 -21 -27 -34 0 
-9 -21 -29 -32 -36 0 
-1 -8 -14 -20 -29 -31 0 
-19 -20 -21 -30 -34 0 
-6 -8 -12 -16 -21 -22 -25 -31 -34 0 
-9 -11 -12 -14 -16 -23 -28 -32 0 
-3 -5 -7 -13 -14 -21 -28 -31 0 
-20 -25 -29 0 
-4 -19 -20 -23 -28 0 
-8 -15 -16 -19 -23 -27 -29 -30 -33 -34 -35 0 
-4 -16 -19 -28 -30 -31 -34 0 
-4 -16 -32 -33 -34 0 
-2 -3 -5 -14 -31 -33 0 
-8 -10 -14 -21 -23 -24 -27 -31 0 
-2 -10 -20 -23 -27 -29 0 
-3 -4 -8 -10 -13 -17 -29 -33 -35 0 
-3 -8 -11 -21 -22 -32 -34 0 
-7 -9 -23 -24 -29 0 
-4 -8 -11 -18 -19 -24 -25 -26 -29 0 
-5 -10 -13 -14 -17 -18 -23 -33 0 
-1 -10 -12 -24 -28 -35 -36 0 
-2 -6 -14 -18 -25 0 
-1 -5 -7 -13 -20 -33 0 
-3 -6 -8 -9 -12 -16 -29 -30 0 
-2 -6 -7 -8 -27 0 
-8 -13 -14 -23 -27 -29 -34 0 
-5 -7 -10 -14 -17 -20 -21 -36 0 
-2 -4 -5 -7 -17 -20 -22 -23 -28 0 
-11 -19 0 
-19 -23 -25 -33 0 
-1 -10 -30 0 
-17 -18 -24 -32 -34 0 
-2 -9 -13 -16 -26 -31 0 
-6 -19 -30 -32 0 
-1 -2 -9 -11 -13 -21 -28 0 
-6 -11 -12 -17 -33 -36 0 
-4 -7 -17 -20 -23 -24 -28 -34 -35 -36 0 
-2 -7 -16 -23 -30 -31 0 
-10 -14 -18 -25 -35 0 
-7 -29 -30 -31 0 
-6 -12 -13 -17 -19 -36 0 
-3 -5 -9 -13 -15 -16 -32 -34 0 
-15 -19 -36 0 
-6 -12 -28 -29 -33 0 
-2 -7 -12 -21 -36 0 
-1 -3 -9 -17 -19 -32 -33 0 
-7 -17 -25 0 
-8 -11 -13 -30 -34 0 
-7 -13 -15 -23 -29 -31 0 
-1 -4 -7 -12 -15 -19 -20 -21 0 
-1 -9 -15 -16 -20 -28 -31 -34 0 
-1 -6 -9 -12 -13 -17 -25 -28 -31 0 
-1 -11 -16 -22 -23 -36 0 
-3 -8 -9 -12 -22 -24 -32 0 
-7 -12 -20 -21 -23 -29 -33 0 
-4 -19 -24 -26 -34 0 
-12 -14 -17 -18 -21 -23 -28 -31 -36 0 
-1 -15 -18 -28 -30 -32 0 
-1 -2 -3 -7 -13 -14 -16 -22 -24 -35 0 
-2 -8 -10 -21 -25 -26 -34 0 
-2 -10 -11 -12 -13 -18 -19 -32 -36 0 
-1 -6 -7 -21 -22 -29 -32 -33 -36 0 
-3 -18 -23 -26 -34 -35 0 
-3 -7 -12 -27 0 
-1 -2 -11 -13 -21 -25 -27 -30 0 
-6 -9 -10 -11 -25 -30 -32 0 
-1 -6 -8 -11 -15 -18 -23 -28 -30 -32 0 
-3 -7 -12 -16 -21 -23 -31 0 
-3 -6 -20 -24 -25 -26 -27 -29 -34 0 
-2 -3 -11 -30 -33 0 
-7 -8 -9 -11 -12 -17 -18 -19 -25 -27 -28 0 
-1 -2 -12 -15 -29 -31 -32 0 
-22 -32 -33 -35 0 
-2 -23 -28 0 
-1 -3 -24 -30 -31 0 
-10 -26 -29 -32 -35 0 
-5 -7 -9 -10 -17 -19 -22 -26 0 
-1 -5 -7 -11 -21 -24 0 
-5 -8 -9 -10 -11 -18 0 
-3 -8 -20 -22 -35 0 
-8 -11 -15 -18 -21 -23 -34 0 
-4 -7 -16 -17 -27 -33 0 
-7 -9 -10 -27 0 
-1 -11 -12 -15 -21 -30 0 
-13 -16 -20 -30 0 
-2 -4 -9 -16 -27 -28 -30 -31 -33 0 
-2 -8 -16 -33 -34 0 
-3 -6 -12 -14 -23 -31 -34 0 
-9 -12 -23 -31 -33 -35 -36 0 
-16 -23 -25 -27 0 
-4 -5 -10 -11 -16 -18 -25 -27 -36 0 
-1 -2 -3 -9 -16 -30 -34 -36 0 
-2 -4 -6 -7 -11 -14 -20 -21 -23 -24 -31 0 
-2 -7 -14 -15 -19 -22 -28 0 
-2 -8 -15 -19 -24 -26 -29 -31 -36 0 
-5 -9 -13 -22 -34 -35 0 
-5 -17 -18 -19 -23 -36 0 
-1 -8 -9 -12 -20 -21 -22 -25 0 
-3 -12 -14 -16 -17 -18 -19 -21 -22 -30 0 
-3 -11 -24 -29 0 
-4 -7 -19 -26 -29 -33 -34 -35 0 
-2 -4 -5 -6 -7 -8 -15 -24 -26 -28 -31 -35 -36 0 
-1 -4 -7 -9 -21 -33 -35 0 
-9 -19 -28 -34 0 
-8 -12 -22 -23 -34 -36 0 
-2 -6 -15 -16 -18 -22 -31 -36 0 
-2 -3 -5 -8 -11 -15 -18 -22 0 
-1 -4 -26 -27 -28 -29 -35 0 
-15 -18 -26 -33 -36 0 
-12 -13 -29 -30 0 
-5 -13 -16 -18 -25 -27 -33 0 
-2 -32 -34 0 
-2 -33 0 
-1 -5 -13 -15 -21 0 
-2 -4 -11 -16 -17 -19 -20 -35 0 
-7 -14 -18 -21 -22 -31 -34 -35 -36 0 
-3 -5 -6 -17 -22 -28 -30 0 
-3 -4 -19 -26 0 
-11 -25 -35 0 
-1 -15 -26 -32 0 
-15 -17 -18 -23 -29 -31 -34 -35 0 
-4 -8 -10 -21 -26 0 
-2 -4 -12 -17 -22 -26 -27 0 
-8 -13 -21 -26 -30 -35 0 
-11 -13 -23 -24 -26 -34 0 
-7 -9 -11 -20 -22 -25 -32 -33 0 
