p cnf 36 800
5 11 12 18 31 0 
6 12 13 16 22 24 32 0 
1 5 8 13 15 17 19 34 0 
3 10 31 32 0 
4 5 16 23 24 26 29 30 0 
4 19 20 0 
1 3 5 6 8 12 13 30 36 0 
1 7 22 28 33 0 
6 9 11 20 23 26 34 0 
5 11 20 29 32 36 0 
4 10 27 30 31 0 
1 5 8 13 17 20 23 26 28 29 33 34 36 0 
1 11 20 21 22 32 33 0 
4 6 14 18 20 25 34 0 
1 10 20 0 
3 5 6 13 15 23 35 0 
7 11 19 34 0 
8 11 16 23 26 0 
4 6 14 18 22 26 27 32 33 0 
6 12 27 36 0 
11 19 20 27 28 36 0 
6 10 12 24 27 32 0 
3 22 28 0 
2 4 9 12 27 0 
3 15 17 22 34 0 
1 11 16 18 25 27 0 
10 11 16 25 35 36 0 
1 9 12 23 25 26 29 32 0 
1 6 9 11 14 19 31 0 
1 11 13 14 22 23 31 0 
2 8 20 21 29 35 0 
1 7 8 12 13 21 22 25 26 34 35 0 
3 10 12 17 19 20 26 30 0 
1 4 12 14 32 0 
11 12 23 30 0 
3 16 18 27 29 33 0 
9 12 16 24 0 
1 2 4 14 28 29 33 0 
3 12 14 25 31 34 0 
3 13 27 0 
1 13 19 21 24 27 29 0 
9 15 17 18 36 0 
3 5 6 16 18 22 33 36 0 
3 13 20 24 35 36 0 
3 12 15 27 31 33 0 
4 10 17 29 31 32 0 
1 9 24 29 33 0 
2 10 11 15 20 22 25 32 33 0 
4 8 10 12 13 18 0 
1 5 20 25 28 29 30 34 35 0 
3 12 23 24 25 35 0 
8 9 20 21 26 28 0 
2 4 7 18 23 24 27 32 33 35 36 0 
5 6 9 19 27 28 34 0 
1 6 10 11 24 30 0 
5 15 20 34 35 36 0 
29 31 0 
1 2 5 7 9 15 21 30 31 32 33 35 36 0 
1 6 17 26 27 32 0 
1 11 14 15 18 21 26 29 33 34 0 
7 8 17 26 35 0 
11 24 33 34 0 
1 2 5 7 10 26 31 0 
1 4 12 14 17 18 24 25 27 28 32 0 
3 4 16 18 36 0 
1 7 8 9 17 19 20 23 0 
8 9 0 
5 7 22 23 26 28 0 
4 7 8 14 15 17 26 29 0 
4 8 14 16 26 31 35 0 
12 22 24 26 28 29 30 0 
1 6 8 13 20 26 30 31 34 0 
8 15 24 26 29 0 
4 29 35 0 
4 5 12 16 20 29 0 
4 10 12 14 21 23 25 32 33 0 
1 2 3 4 7 24 25 35 0 
4 11 23 29 33 0 
8 10 14 33 0 
12 22 26 28 35 0 
2 6 9 10 13 14 20 21 27 34 0 
22 34 35 0 
5 9 22 31 36 0 
3 8 9 12 18 21 0 
5 6 12 15 19 24 34 36 0 
2 3 7 15 29 33 34 36 0 
5 6 13 31 33 36 0 
4 10 13 36 0 
4 12 14 16 23 29 30 0 
8 14 16 27 0 
4 15 17 20 23 28 0 
3 9 19 24 25 28 0 
1 5 6 7 10 33 0 
6 8 14 18 26 29 0 
15 27 34 0 
10 20 21 27 31 34 35 0 
8 10 11 12 18 20 23 25 28 31 35 36 0 
16 17 18 22 30 33 34 0 
4 19 20 0 
10 13 23 31 34 0 
12 14 30 31 36 0 
2 7 8 10 18 19 35 0 
7 9 12 24 27 31 35 36 0 
2 20 22 28 30 32 33 0 
11 12 20 23 31 33 34 0 
1 5 9 10 22 32 0 
6 7 15 21 27 0 
5 6 14 23 26 29 35 0 
2 11 12 14 16 23 0 
11 14 17 18 19 22 35 0 
6 7 13 20 34 0 
1 9 11 12 14 25 26 0 
8 11 16 22 26 30 0 
2 4 14 16 28 30 35 0 
2 4 5 6 23 25 27 29 30 36 0 
4 9 13 22 24 25 0 
3 5 7 19 29 31 0 
21 27 31 35 0 
1 10 12 27 30 0 
16 18 19 0 
16 23 24 25 26 27 30 0 
3 14 16 22 25 28 34 0 
5 11 20 28 29 35 36 0 
4 8 13 19 21 24 30 31 0 
14 22 29 31 35 0 
5 7 17 19 21 28 34 0 
2 4 8 13 18 35 0 
20 21 22 28 35 0 
9 15 19 20 29 34 0 
21 26 28 33 35 0 
7 23 34 0 
12 13 14 15 17 21 22 25 0 
5 8 12 17 20 29 32 0 
2 3 4 5 6 17 29 35 0 
2 3 7 8 9 29 0 
3 12 14 18 30 0 
8 10 11 23 24 36 0 
1 5 14 15 16 18 22 25 26 0 
14 29 35 0 
1 3 4 26 27 30 32 34 0 
6 13 20 27 29 30 33 0 
3 6 9 12 15 27 0 
3 4 10 12 14 17 20 22 23 24 28 36 0 
9 10 18 25 26 0 
16 20 21 23 24 32 33 0 
3 7 10 18 27 32 0 
3 10 17 25 27 28 32 0 
2 15 17 21 25 31 34 36 0 
5 14 15 22 25 26 32 35 0 
1 3 5 19 29 0 
3 9 18 22 25 33 0 
1 6 7 10 16 17 29 31 32 0 
7 9 11 24 26 29 0 
4 5 9 10 21 24 30 0 
4 6 18 26 32 33 0 
5 11 12 14 22 27 28 32 0 
1 4 6 26 33 0 
6 15 16 20 21 25 26 30 0 
3 11 19 22 0 
5 11 14 15 25 29 32 0 
16 19 20 21 0 
2 11 22 25 26 34 0 
5 6 8 9 14 19 28 31 0 
16 20 25 0 
9 17 20 26 28 35 0 
6 11 20 0 
2 3 5 20 24 35 0 
6 12 14 16 18 19 24 36 0 
2 9 19 25 30 0 
6 7 30 34 0 
6 12 14 17 32 33 0 
3 16 28 30 35 36 0 
2 5 16 21 29 33 35 0 
2 11 20 27 29 30 0 
5 8 10 11 13 23 34 0 
3 5 6 11 18 27 33 0 
14 28 32 34 36 0 
2 3 13 17 23 24 34 0 
4 18 19 23 24 35 0 
1 7 11 25 0 
2 19 27 35 0 
2 13 17 28 32 33 0 
7 14 30 36 0 
2 7 11 28 34 0 
1 2 4 6 9 20 28 0 
1 4 8 10 15 18 21 33 0 
2 30 31 32 35 36 0 
9 15 16 18 22 0 
5 7 11 13 14 17 0 
2 3 4 8 16 22 23 24 30 35 0 
5 8 12 14 15 36 0 
1 4 8 10 18 21 22 34 0 
14 24 31 0 
16 17 27 34 36 0 
3 6 14 24 36 0 
7 14 20 21 23 25 0 
5 6 17 21 30 0 
3 7 14 17 18 32 0 
1 13 26 30 34 35 0 
2 15 18 22 31 34 36 0 
14 25 26 27 29 30 33 0 
2 5 12 15 17 28 0 
7 14 16 19 26 34 0 
12 15 17 18 22 23 30 33 36 0 
2 28 34 36 0 
1 11 12 16 20 27 32 0 
8 17 19 26 28 0 
7 15 18 19 30 31 35 0 
18 27 35 36 0 
4 7 11 20 27 30 36 0 
3 6 7 16 23 27 29 35 0 
11 12 13 23 24 28 30 31 0 
3 4 6 11 33 0 
2 4 7 10 14 17 25 27 29 30 0 
14 16 24 34 35 0 
2 3 5 8 10 17 0 
1 7 10 15 17 21 27 0 
6 7 11 21 22 23 28 30 35 36 0 
2 10 12 19 21 22 34 0 
3 8 12 14 15 16 21 24 32 35 0 
2 4 5 10 27 33 0 
7 8 11 13 16 24 0 
5 9 25 27 30 34 0 
4 6 16 18 20 24 0 
4 7 10 21 22 28 31 0 
10 16 19 21 25 33 0 
6 19 20 32 0 
2 11 13 14 29 30 34 0 
2 3 12 15 20 23 29 30 32 0 
6 7 17 22 32 0 
18 23 26 27 34 0 
6 10 24 25 34 35 0 
1 10 31 32 33 34 35 0 
2 9 14 20 28 0 
7 8 11 12 13 19 21 23 35 36 0 
6 10 21 23 26 28 0 
7 10 18 23 25 0 
5 7 8 22 23 24 33 35 0 
7 20 22 27 28 31 0 
7 8 9 10 20 21 22 26 28 34 0 
11 22 23 26 31 32 0 
5 9 10 12 22 31 0 
11 13 21 22 35 0 
6 21 23 27 0 
5 16 22 25 26 27 34 0 
11 14 15 20 25 28 29 33 34 0 
6 11 18 19 20 25 33 0 
4 11 15 20 28 32 33 36 0 
11 20 25 27 31 33 34 36 0 
14 15 16 17 20 0 
2 6 7 14 17 27 0 
3 6 9 19 21 24 30 0 
7 8 10 11 15 17 21 32 36 0 
5 10 28 30 32 0 
5 6 7 18 31 36 0 
6 8 15 17 21 26 28 34 0 
14 16 17 18 20 23 29 35 0 
7 9 21 35 36 0 
1 5 10 18 21 24 25 26 28 30 34 0 
2 5 7 15 16 21 22 29 31 0 
10 15 18 23 25 28 36 0 
8 9 10 16 17 21 24 26 0 
2 9 11 12 13 18 27 32 33 0 
2 3 8 26 34 0 
2 8 14 24 28 35 0 
9 18 28 0 
17 29 36 0 
4 7 14 16 21 24 31 32 36 0 
4 7 9 16 22 27 29 35 0 
9 10 15 34 0 
4 5 19 0 
2 4 6 13 15 18 27 35 0 
2 4 5 10 18 31 0 
2 3 4 9 11 15 17 18 33 0 
2 6 13 14 19 21 24 26 27 0 
7 18 24 31 32 0 
2 8 10 15 28 29 31 34 35 0 
2 25 33 0 
4 8 9 15 20 24 29 34 36 0 
6 8 14 15 22 23 0 
1 4 6 15 22 25 31 32 34 0 
14 30 31 0 
6 24 29 30 0 
15 21 25 29 34 0 
2 3 7 9 23 25 31 0 
7 16 19 0 
3 5 12 14 19 0 
6 10 15 22 24 34 0 
3 8 20 22 25 0 
1 8 19 26 31 36 0 
12 23 34 0 
7 11 19 20 25 30 36 0 
2 6 11 13 25 0 
6 9 13 19 20 25 30 0 
20 21 25 34 0 
1 6 8 10 14 23 28 30 31 33 36 0 
3 4 12 17 20 26 27 30 32 0 
10 13 24 27 35 36 0 
9 15 21 27 28 29 31 34 0 
9 28 35 0 
11 12 13 18 29 0 
1 2 5 12 13 24 26 32 36 0 
5 8 9 10 13 20 28 34 36 0 
2 3 4 6 14 26 32 0 
2 3 5 8 15 18 27 31 32 36 0 
1 2 6 13 19 24 32 35 36 0 
1 4 6 17 22 29 31 35 0 
1 4 12 13 32 33 0 
2 3 10 11 13 21 24 0 
1 3 8 11 22 23 31 35 0 
2 8 10 14 29 31 34 35 0 
13 31 32 34 0 
6 13 17 24 26 34 36 0 
2 5 15 25 32 33 0 
3 9 25 26 34 0 
2 4 5 23 27 29 34 35 36 0 
11 17 20 24 27 0 
9 11 13 18 19 20 24 29 31 0 
23 29 31 0 
4 7 18 35 0 
1 10 14 20 23 34 0 
3 23 31 0 
6 9 10 13 17 19 32 33 35 0 
3 23 24 27 30 0 
25 26 35 0 
24 29 36 0 
2 9 16 18 26 31 33 34 35 0 
2 6 13 17 27 0 
8 10 12 15 27 32 0 
9 15 16 17 19 20 25 28 29 35 0 
4 7 12 18 19 24 29 34 36 0 
11 12 18 32 0 
8 15 16 0 
6 9 10 22 0 
5 8 12 16 19 30 36 0 
5 7 8 9 11 12 16 22 33 0 
2 21 24 26 31 0 
3 4 6 19 24 0 
4 10 14 19 20 23 24 27 34 0 
1 2 29 31 34 35 0 
3 4 9 11 12 26 28 32 0 
6 10 21 22 24 0 
11 13 17 24 31 32 34 0 
5 6 7 18 22 25 0 
2 3 4 5 8 22 31 0 
4 5 13 26 29 0 
2 11 14 22 23 0 
8 9 17 20 29 32 0 
5 8 10 13 27 28 0 
4 6 14 16 19 28 0 
2 4 5 8 10 12 24 26 28 30 35 0 
5 15 16 18 22 25 26 27 31 0 
1 7 8 23 34 0 
2 5 8 11 15 20 26 31 36 0 
14 19 25 34 36 0 
1 3 12 13 21 27 28 0 
6 9 10 11 12 13 14 23 25 26 0 
2 3 6 14 16 27 0 
2 3 5 13 31 34 0 
2 4 7 9 24 25 28 36 0 
8 21 24 32 34 36 0 
1 22 31 0 
24 27 28 31 34 0 
7 18 22 27 0 
3 12 13 23 24 36 0 
2 4 5 7 9 25 0 
3 7 20 31 34 0 
9 13 15 19 22 25 30 31 0 
5 6 17 26 35 36 0 
1 16 26 30 31 34 0 
10 17 28 29 35 0 
6 8 18 20 30 35 0 
1 7 19 20 22 24 25 35 36 0 
5 8 10 15 20 32 33 0 
6 16 17 18 23 28 0 
15 22 31 32 36 0 
1 2 8 12 14 19 21 27 28 0 
1 14 15 26 30 0 
10 14 15 18 0 
2 8 15 21 28 36 0 
1 19 20 21 23 25 0 
3 6 15 18 25 29 30 34 0 
3 8 10 12 18 19 20 22 24 27 0 
2 4 10 11 12 0 
1 3 4 6 19 20 21 25 34 0 
4 6 19 24 28 32 35 36 0 
6 9 19 20 22 23 24 0 
1 2 7 9 18 21 22 25 27 33 0 
1 7 15 18 23 29 30 31 0 
1 10 13 20 34 0 
3 7 8 10 19 23 26 27 28 33 36 0 
5 6 9 10 11 17 20 23 29 32 0 
1 9 24 30 0 
3 9 15 16 19 22 0 
10 12 22 27 31 32 0 
1 4 5 6 10 11 19 20 21 22 26 29 30 33 0 
7 16 17 23 26 31 36 0 
10 12 13 14 18 19 23 33 35 0 
6 9 13 19 26 27 28 34 0 
2 5 12 16 26 28 31 32 34 0 
-5 -11 -12 -18 -31 0 
-6 -12 -13 -16 -22 -24 -32 0 
-1 -5 -8 -13 -15 -17 -19 -34 0 
-3 -10 -31 -32 0 
-4 -5 -16 -23 -24 -26 -29 -30 0 
-4 -19 -20 0 
-1 -3 -5 -6 -8 -12 -13 -30 -36 0 
-1 -7 -22 -28 -33 0 
-6 -9 -11 -20 -23 -26 -34 0 
-5 -11 -20 -29 -32 -36 0 
-4 -10 -27 -30 -31 0 
-1 -5 -8 -13 -17 -20 -23 -26 -28 -29 -33 -34 -36 0 
-1 -11 -20 -21 -22 -32 -33 0 
-4 -6 -14 -18 -20 -25 -34 0 
-1 -10 -20 0 
-3 -5 -6 -13 -15 -23 -35 0 
-7 -11 -19 -34 0 
-8 -11 -16 -23 -26 0 
-4 -6 -14 -18 -22 -26 -27 -32 -33 0 
-6 -12 -27 -36 0 
-11 -19 -20 -27 -28 -36 0 
-6 -10 -12 -24 -27 -32 0 
-3 -22 -28 0 
-2 -4 -9 -12 -27 0 
-3 -15 -17 -22 -34 0 
-1 -11 -16 -18 -25 -27 0 
-10 -11 -16 -25 -35 -36 0 
-1 -9 -12 -23 -25 -26 -29 -32 0 
-1 -6 -9 -11 -14 -19 -31 0 
-1 -11 -13 -14 -22 -23 -31 0 
-2 -8 -20 -21 -29 -35 0 
-1 -7 -8 -12 -13 -21 -22 -25 -26 -34 -35 0 
-3 -10 -12 -17 -19 -20 -26 -30 0 
-1 -4 -12 -14 -32 0 
-11 -12 -23 -30 0 
-3 -16 -18 -27 -29 -33 0 
-9 -12 -16 -24 0 
-1 -2 -4 -14 -28 -29 -33 0 
-3 -12 -14 -25 -31 -34 0 
-3 -13 -27 0 
-1 -13 -19 -21 -24 -27 -29 0 
-9 -15 -17 -18 -36 0 
-3 -5 -6 -16 -18 -22 -33 -36 0 
-3 -13 -20 -24 -35 -36 0 
-3 -12 -15 -27 -31 -33 0 
-4 -10 -17 -29 -31 -32 0 
-1 -9 -24 -29 -33 0 
-2 -10 -11 -15 -20 -22 -25 -32 -33 0 
-4 -8 -10 -12 -13 -18 0 
-1 -5 -20 -25 -28 -29 -30 -34 -35 0 
-3 -12 -23 -24 -25 -35 0 
-8 -9 -20 -21 -26 -28 0 
-2 -4 -7 -18 -23 -24 -27 -32 -33 -35 -36 0 
-5 -6 -9 -19 -27 -28 -34 0 
-1 -6 -10 -11 -24 -30 0 
-5 -15 -20 -34 -35 -36 0 
-29 -31 0 
-1 -2 -5 -7 -9 -15 -21 -30 -31 -32 -33 -35 -36 0 
-1 -6 -17 -26 -27 -32 0 
-1 -11 -14 -15 -18 -21 -26 -29 -33 -34 0 
-7 -8 -17 -26 -35 0 
-11 -24 -33 -34 0 
-1 -2 -5 -7 -10 -26 -31 0 
-1 -4 -12 -14 -17 -18 -24 -25 -27 -28 -32 0 
-3 -4 -16 -18 -36 0 
-1 -7 -8 -9 -17 -19 -20 -23 0 
-8 -9 0 
-5 -7 -22 -23 -26 -28 0 
-4 -7 -8 -14 -15 -17 -26 -29 0 
-4 -8 -14 -16 -26 -31 -35 0 
-12 -22 -24 -26 -28 -29 -30 0 
-1 -6 -8 -13 -20 -26 -30 -31 -34 0 
-8 -15 -24 -26 -29 0 
-4 -29 -35 0 
-4 -5 -12 -16 -20 -29 0 
-4 -10 -12 -14 -21 -23 -25 -32 -33 0 
-1 -2 -3 -4 -7 -24 -25 -35 0 
-4 -11 -23 -29 -33 0 
-8 -10 -14 -33 0 
-12 -22 -26 -28 -35 0 
-2 -6 -9 -10 -13 -14 -20 -21 -27 -34 0 
-22 -34 -35 0 
-5 -9 -22 -31 -36 0 
-3 -8 -9 -12 -18 -21 0 
-5 -6 -12 -15 -19 -24 -34 -36 0 
-2 -3 -7 -15 -29 -33 -34 -36 0 
-5 -6 -13 -31 -33 -36 0 
-4 -10 -13 -36 0 
-4 -12 -14 -16 -23 -29 -30 0 
-8 -14 -16 -27 0 
-4 -15 -17 -20 -23 -28 0 
-3 -9 -19 -24 -25 -28 0 
-1 -5 -6 -7 -10 -33 0 
-6 -8 -14 -18 -26 -29 0 
-15 -27 -34 0 
-10 -20 -21 -27 -31 -34 -35 0 
-8 -10 -11 -12 -18 -20 -23 -25 -28 -31 -35 -36 0 
-16 -17 -18 -22 -30 -33 -34 0 
-4 -19 -20 0 
-10 -13 -23 -31 -34 0 
-12 -14 -30 -31 -36 0 
-2 -7 -8 -10 -18 -19 -35 0 
-7 -9 -12 -24 -27 -31 -35 -36 0 
-2 -20 -22 -28 -30 -32 -33 0 
-11 -12 -20 -23 -31 -33 -34 0 
-1 -5 -9 -10 -22 -32 0 
-6 -7 -15 -21 -27 0 
-5 -6 -14 -23 -26 -29 -35 0 
-2 -11 -12 -14 -16 -23 0 
-11 -14 -17 -18 -19 -22 -35 0 
-6 -7 -13 -20 -34 0 
-1 -9 -11 -12 -14 -25 -26 0 
-8 -11 -16 -22 -26 -30 0 
-2 -4 -14 -16 -28 -30 -35 0 
-2 -4 -5 -6 -23 -25 -27 -29 -30 -36 0 
-4 -9 -13 -22 -24 -25 0 
-3 -5 -7 -19 -29 -31 0 
-21 -27 -31 -35 0 
-1 -10 -12 -27 -30 0 
-16 -18 -19 0 
-16 -23 -24 -25 -26 -27 -30 0 
-3 -14 -16 -22 -25 -28 -34 0 
-5 -11 -20 -28 -29 -35 -36 0 
-4 -8 -13 -19 -21 -24 -30 -31 0 
-14 -22 -29 -31 -35 0 
-5 -7 -17 -19 -21 -28 -34 0 
-2 -4 -8 -13 -18 -35 0 
-20 -21 -22 -28 -35 0 
-9 -15 -19 -20 -29 -34 0 
-21 -26 -28 -33 -35 0 
-7 -23 -34 0 
-12 -13 -14 -15 -17 -21 -22 -25 0 
-5 -8 -12 -17 -20 -29 -32 0 
-2 -3 -4 -5 -6 -17 -29 -35 0 
-2 -3 -7 -8 -9 -29 0 
-3 -12 -14 -18 -30 0 
-8 -10 -11 -23 -24 -36 0 
-1 -5 -14 -15 -16 -18 -22 -25 -26 0 
-14 -29 -35 0 
-1 -3 -4 -26 -27 -30 -32 -34 0 
-6 -13 -20 -27 -29 -30 -33 0 
-3 -6 -9 -12 -15 -27 0 
-3 -4 -10 -12 -14 -17 -20 -22 -23 -24 -28 -36 0 
-9 -10 -18 -25 -26 0 
-16 -20 -21 -23 -24 -32 -33 0 
-3 -7 -10 -18 -27 -32 0 
-3 -10 -17 -25 -27 -28 -32 0 
-2 -15 -17 -21 -25 -31 -34 -36 0 
-5 -14 -15 -22 -25 -26 -32 -35 0 
-1 -3 -5 -19 -29 0 
-3 -9 -18 -22 -25 -33 0 
-1 -6 -7 -10 -16 -17 -29 -31 -32 0 
-7 -9 -11 -24 -26 -29 0 
-4 -5 -9 -10 -21 -24 -30 0 
-4 -6 -18 -26 -32 -33 0 
-5 -11 -12 -14 -22 -27 -28 -32 0 
-1 -4 -6 -26 -33 0 
-6 -15 -16 -20 -21 -25 -26 -30 0 
-3 -11 -19 -22 0 
-5 -11 -14 -15 -25 -29 -32 0 
-16 -19 -20 -21 0 
-2 -11 -22 -25 -26 -34 0 
-5 -6 -8 -9 -14 -19 -28 -31 0 
-16 -20 -25 0 
-9 -17 -20 -26 -28 -35 0 
-6 -11 -20 0 
-2 -3 -5 -20 -24 -35 0 
-6 -12 -14 -16 -18 -19 -24 -36 0 
-2 -9 -19 -25 -30 0 
-6 -7 -30 -34 0 
-6 -12 -14 -17 -32 -33 0 
-3 -16 -28 -30 -35 -36 0 
-2 -5 -16 -21 -29 -33 -35 0 
-2 -11 -20 -27 -29 -30 0 
-5 -8 -10 -11 -13 -23 -34 0 
-3 -5 -6 -11 -18 -27 -33 0 
-14 -28 -32 -34 -36 0 
-2 -3 -13 -17 -23 -24 -34 0 
-4 -18 -19 -23 -24 -35 0 
-1 -7 -11 -25 0 
-2 -19 -27 -35 0 
-2 -13 -17 -28 -32 -33 0 
-7 -14 -30 -36 0 
-2 -7 -11 -28 -34 0 
-1 -2 -4 -6 -9 -20 -28 0 
-1 -4 -8 -10 -15 -18 -21 -33 0 
-2 -30 -31 -32 -35 -36 0 
-9 -15 -16 -18 -22 0 
-5 -7 -11 -13 -14 -17 0 
-2 -3 -4 -8 -16 -22 -23 -24 -30 -35 0 
-5 -8 -12 -14 -15 -36 0 
-1 -4 -8 -10 -18 -21 -22 -34 0 
-14 -24 -31 0 
-16 -17 -27 -34 -36 0 
-3 -6 -14 -24 -36 0 
-7 -14 -20 -21 -23 -25 0 
-5 -6 -17 -21 -30 0 
-3 -7 -14 -17 -18 -32 0 
-1 -13 -26 -30 -34 -35 0 
-2 -15 -18 -22 -31 -34 -36 0 
-14 -25 -26 -27 -29 -30 -33 0 
-2 -5 -12 -15 -17 -28 0 
-7 -14 -16 -19 -26 -34 0 
-12 -15 -17 -18 -22 -23 -30 -33 -36 0 
-2 -28 -34 -36 0 
-1 -11 -12 -16 -20 -27 -32 0 
-8 -17 -19 -26 -28 0 
-7 -15 -18 -19 -30 -31 -35 0 
-18 -27 -35 -36 0 
-4 -7 -11 -20 -27 -30 -36 0 
-3 -6 -7 -16 -23 -27 -29 -35 0 
-11 -12 -13 -23 -24 -28 -30 -31 0 
-3 -4 -6 -11 -33 0 
-2 -4 -7 -10 -14 -17 -25 -27 -29 -30 0 
-14 -16 -24 -34 -35 0 
-2 -3 -5 -8 -10 -17 0 
-1 -7 -10 -15 -17 -21 -27 0 
-6 -7 -11 -21 -22 -23 -28 -30 -35 -36 0 
-2 -10 -12 -19 -21 -22 -34 0 
-3 -8 -12 -14 -15 -16 -21 -24 -32 -35 0 
-2 -4 -5 -10 -27 -33 0 
-7 -8 -11 -13 -16 -24 0 
-5 -9 -25 -27 -30 -34 0 
-4 -6 -16 -18 -20 -24 0 
-4 -7 -10 -21 -22 -28 -31 0 
-10 -16 -19 -21 -25 -33 0 
-6 -19 -20 -32 0 
-2 -11 -13 -14 -29 -30 -34 0 
-2 -3 -12 -15 -20 -23 -29 -30 -32 0 
-6 -7 -17 -22 -32 0 
-18 -23 -26 -27 -34 0 
-6 -10 -24 -25 -34 -35 0 
-1 -10 -31 -32 -33 -34 -35 0 
-2 -9 -14 -20 -28 0 
-7 -8 -11 -12 -13 -19 -21 -23 -35 -36 0 
-6 -10 -21 -23 -26 -28 0 
-7 -10 -18 -23 -25 0 
-5 -7 -8 -22 -23 -24 -33 -35 0 
-7 -20 -22 -27 -28 -31 0 
-7 -8 -9 -10 -20 -21 -22 -26 -28 -34 0 
-11 -22 -23 -26 -31 -32 0 
-5 -9 -10 -12 -22 -31 0 
-11 -13 -21 -22 -35 0 
-6 -21 -23 -27 0 
-5 -16 -22 -25 -26 -27 -34 0 
-11 -14 -15 -20 -25 -28 -29 -33 -34 0 
-6 -11 -18 -19 -20 -25 -33 0 
-4 -11 -15 -20 -28 -32 -33 -36 0 
-11 -20 -25 -27 -31 -33 -34 -36 0 
-14 -15 -16 -17 -20 0 
-2 -6 -7 -14 -17 -27 0 
-3 -6 -9 -19 -21 -24 -30 0 
-7 -8 -10 -11 -15 -17 -21 -32 -36 0 
-5 -10 -28 -30 -32 0 
-5 -6 -7 -18 -31 -36 0 
-6 -8 -15 -17 -21 -26 -28 -34 0 
-14 -16 -17 -18 -20 -23 -29 -35 0 
-7 -9 -21 -35 -36 0 
-1 -5 -10 -18 -21 -24 -25 -26 -28 -30 -34 0 
-2 -5 -7 -15 -16 -21 -22 -29 -31 0 
-10 -15 -18 -23 -25 -28 -36 0 
-8 -9 -10 -16 -17 -21 -24 -26 0 
-2 -9 -11 -12 -13 -18 -27 -32 -33 0 
-2 -3 -8 -26 -34 0 
-2 -8 -14 -24 -28 -35 0 
-9 -18 -28 0 
-17 -29 -36 0 
-4 -7 -14 -16 -21 -24 -31 -32 -36 0 
-4 -7 -9 -16 -22 -27 -29 -35 0 
-9 -10 -15 -34 0 
-4 -5 -19 0 
-2 -4 -6 -13 -15 -18 -27 -35 0 
-2 -4 -5 -10 -18 -31 0 
-2 -3 -4 -9 -11 -15 -17 -18 -33 0 
-2 -6 -13 -14 -19 -21 -24 -26 -27 0 
-7 -18 -24 -31 -32 0 
-2 -8 -10 -15 -28 -29 -31 -34 -35 0 
-2 -25 -33 0 
-4 -8 -9 -15 -20 -24 -29 -34 -36 0 
-6 -8 -14 -15 -22 -23 0 
-1 -4 -6 -15 -22 -25 -31 -32 -34 0 
-14 -30 -31 0 
-6 -24 -29 -30 0 
-15 -21 -25 -29 -34 0 
-2 -3 -7 -9 -23 -25 -31 0 
-7 -16 -19 0 
-3 -5 -12 -14 -19 0 
-6 -10 -15 -22 -24 -34 0 
-3 -8 -20 -22 -25 0 
-1 -8 -19 -26 -31 -36 0 
-12 -23 -34 0 
-7 -11 -19 -20 -25 -30 -36 0 
-2 -6 -11 -13 -25 0 
-6 -9 -13 -19 -20 -25 -30 0 
-20 -21 -25 -34 0 
-1 -6 -8 -10 -14 -23 -28 -30 -31 -33 -36 0 
-3 -4 -12 -17 -20 -26 -27 -30 -32 0 
-10 -13 -24 -27 -35 -36 0 
-9 -15 -21 -27 -28 -29 -31 -34 0 
-9 -28 -35 0 
-11 -12 -13 -18 -29 0 
-1 -2 -5 -12 -13 -24 -26 -32 -36 0 
-5 -8 -9 -10 -13 -20 -28 -34 -36 0 
-2 -3 -4 -6 -14 -26 -32 0 
-2 -3 -5 -8 -15 -18 -27 -31 -32 -36 0 
-1 -2 -6 -13 -19 -24 -32 -35 -36 0 
-1 -4 -6 -17 -22 -29 -31 -35 0 
-1 -4 -12 -13 -32 -33 0 
-2 -3 -10 -11 -13 -21 -24 0 
-1 -3 -8 -11 -22 -23 -31 -35 0 
-2 -8 -10 -14 -29 -31 -34 -35 0 
-13 -31 -32 -34 0 
-6 -13 -17 -24 -26 -34 -36 0 
-2 -5 -15 -25 -32 -33 0 
-3 -9 -25 -26 -34 0 
-2 -4 -5 -23 -27 -29 -34 -35 -36 0 
-11 -17 -20 -24 -27 0 
-9 -11 -13 -18 -19 -20 -24 -29 -31 0 
-23 -29 -31 0 
-4 -7 -18 -35 0 
-1 -10 -14 -20 -23 -34 0 
-3 -23 -31 0 
-6 -9 -10 -13 -17 -19 -32 -33 -35 0 
-3 -23 -24 -27 -30 0 
-25 -26 -35 0 
-24 -29 -36 0 
-2 -9 -16 -18 -26 -31 -33 -34 -35 0 
-2 -6 -13 -17 -27 0 
-8 -10 -12 -15 -27 -32 0 
-9 -15 -16 -17 -19 -20 -25 -28 -29 -35 0 
-4 -7 -12 -18 -19 -24 -29 -34 -36 0 
-11 -12 -18 -32 0 
-8 -15 -16 0 
-6 -9 -10 -22 0 
-5 -8 -12 -16 -19 -30 -36 0 
-5 -7 -8 -9 -11 -12 -16 -22 -33 0 
-2 -21 -24 -26 -31 0 
-3 -4 -6 -19 -24 0 
-4 -10 -14 -19 -20 -23 -24 -27 -34 0 
-1 -2 -29 -31 -34 -35 0 
-3 -4 -9 -11 -12 -26 -28 -32 0 
-6 -10 -21 -22 -24 0 
-11 -13 -17 -24 -31 -32 -34 0 
-5 -6 -7 -18 -22 -25 0 
-2 -3 -4 -5 -8 -22 -31 0 
-4 -5 -13 -26 -29 0 
-2 -11 -14 -22 -23 0 
-8 -9 -17 -20 -29 -32 0 
-5 -8 -10 -13 -27 -28 0 
-4 -6 -14 -16 -19 -28 0 
-2 -4 -5 -8 -10 -12 -24 -26 -28 -30 -35 0 
-5 -15 -16 -18 -22 -25 -26 -27 -31 0 
-1 -7 -8 -23 -34 0 
-2 -5 -8 -11 -15 -20 -26 -31 -36 0 
-14 -19 -25 -34 -36 0 
-1 -3 -12 -13 -21 -27 -28 0 
-6 -9 -10 -11 -12 -13 -14 -23 -25 -26 0 
-2 -3 -6 -14 -16 -27 0 
-2 -3 -5 -13 -31 -34 0 
-2 -4 -7 -9 -24 -25 -28 -36 0 
-8 -21 -24 -32 -34 -36 0 
-1 -22 -31 0 
-24 -27 -28 -31 -34 0 
-7 -18 -22 -27 0 
-3 -12 -13 -23 -24 -36 0 
-2 -4 -5 -7 -9 -25 0 
-3 -7 -20 -31 -34 0 
-9 -13 -15 -19 -22 -25 -30 -31 0 
-5 -6 -17 -26 -35 -36 0 
-1 -16 -26 -30 -31 -34 0 
-10 -17 -28 -29 -35 0 
-6 -8 -18 -20 -30 -35 0 
-1 -7 -19 -20 -22 -24 -25 -35 -36 0 
-5 -8 -10 -15 -20 -32 -33 0 
-6 -16 -17 -18 -23 -28 0 
-15 -22 -31 -32 -36 0 
-1 -2 -8 -12 -14 -19 -21 -27 -28 0 
-1 -14 -15 -26 -30 0 
-10 -14 -15 -18 0 
-2 -8 -15 -21 -28 -36 0 
-1 -19 -20 -21 -23 -25 0 
-3 -6 -15 -18 -25 -29 -30 -34 0 
-3 -8 -10 -12 -18 -19 -20 -22 -24 -27 0 
-2 -4 -10 -11 -12 0 
-1 -3 -4 -6 -19 -20 -21 -25 -34 0 
-4 -6 -19 -24 -28 -32 -35 -36 0 
-6 -9 -19 -20 -22 -23 -24 0 
-1 -2 -7 -9 -18 -21 -22 -25 -27 -33 0 
-1 -7 -15 -18 -23 -29 -30 -31 0 
-1 -10 -13 -20 -34 0 
-3 -7 -8 -10 -19 -23 -26 -27 -28 -33 -36 0 
-5 -6 -9 -10 -11 -17 -20 -23 -29 -32 0 
-1 -9 -24 -30 0 
-3 -9 -15 -16 -19 -22 0 
-10 -12 -22 -27 -31 -32 0 
-1 -4 -5 -6 -10 -11 -19 -20 -21 -22 -26 -29 -30 -33 0 
-7 -16 -17 -23 -26 -31 -36 0 
-10 -12 -13 -14 -18 -19 -23 -33 -35 0 
-6 -9 -13 -19 -26 -27 -28 -34 0 
-2 -5 -12 -16 -26 -28 -31 -32 -34 0 
