p cnf 36 800
6 7 31 33 36 0 
4 16 22 0 
4 7 11 16 31 0 
8 11 13 21 29 36 0 
1 15 17 21 25 26 0 
3 4 10 13 15 19 24 28 36 0 
22 29 0 
6 10 14 16 19 24 26 0 
11 20 32 0 
4 6 11 12 14 17 20 22 26 32 0 
3 13 17 20 24 36 0 
12 26 30 31 34 35 0 
2 11 15 17 23 28 34 0 
5 7 9 13 20 23 26 31 33 0 
9 16 18 23 24 31 34 0 
4 8 10 13 24 25 27 0 
8 14 15 17 22 26 27 28 0 
8 12 16 25 33 34 0 
7 19 21 33 35 0 
3 7 9 27 28 31 0 
5 8 15 25 29 0 
5 9 13 21 34 0 
5 15 25 33 34 35 36 0 
7 17 24 26 30 32 34 0 
8 11 0 
7 9 18 24 35 0 
5 7 8 10 13 16 18 19 25 33 34 36 0 
9 16 18 19 20 21 24 26 36 0 
1 3 15 20 21 24 27 0 
8 10 18 30 0 
13 14 24 32 33 0 
23 33 36 0 
13 14 16 18 21 23 30 0 
7 10 18 19 25 27 0 
8 10 21 25 28 30 34 0 
5 25 27 31 32 0 
9 24 32 0 
6 7 11 15 32 0 
12 32 36 0 
2 8 10 19 22 28 0 
1 3 8 11 19 25 26 31 32 34 0 
3 7 9 19 20 22 0 
2 14 16 20 24 27 30 0 
8 16 19 25 30 31 0 
11 24 27 30 34 0 
1 2 14 26 28 32 34 0 
1 10 11 19 21 23 27 31 0 
7 8 12 14 15 19 21 23 24 29 0 
3 6 9 12 14 20 21 26 33 0 
4 5 20 22 32 0 
8 10 15 24 25 0 
3 10 16 17 19 23 27 33 36 0 
4 9 10 17 18 19 20 22 23 0 
4 5 8 15 19 21 28 34 0 
3 8 9 16 17 22 36 0 
11 17 19 20 31 32 0 
8 11 19 35 0 
12 14 16 24 27 28 35 0 
6 8 13 24 27 31 34 0 
1 2 5 7 9 18 28 33 35 0 
3 9 26 27 28 30 31 34 0 
10 13 14 26 32 36 0 
4 5 14 15 17 27 33 0 
12 15 27 31 35 0 
2 13 14 19 20 23 28 0 
2 6 9 27 0 
1 2 7 22 28 29 35 0 
7 19 25 32 0 
4 5 6 10 13 25 27 0 
9 10 11 22 26 28 33 36 0 
11 14 20 21 25 27 34 0 
19 21 23 27 36 0 
2 4 7 19 31 0 
1 7 13 23 24 0 
9 21 28 29 0 
23 32 0 
5 7 22 0 
6 8 17 20 24 29 35 36 0 
3 13 21 33 36 0 
22 26 27 29 0 
5 6 13 14 22 35 36 0 
4 25 27 31 34 0 
1 2 20 22 23 25 29 0 
1 3 15 23 26 32 0 
9 22 27 35 0 
1 2 18 26 0 
2 3 4 6 8 12 17 19 22 0 
2 4 21 26 28 33 35 0 
2 6 11 27 0 
16 23 24 27 30 32 0 
13 14 15 17 25 26 29 32 33 0 
8 9 10 12 17 33 34 0 
2 4 22 25 26 29 0 
1 8 14 30 35 0 
6 9 18 24 0 
3 6 13 14 18 20 26 27 35 0 
3 6 9 16 24 27 30 0 
8 20 22 25 29 30 0 
4 5 9 16 18 21 33 0 
17 18 32 35 0 
4 8 15 19 25 29 36 0 
19 20 26 27 33 36 0 
5 19 25 26 32 33 36 0 
3 7 15 17 19 23 27 30 32 34 0 
1 8 25 26 35 0 
2 9 15 32 35 0 
4 8 16 21 27 36 0 
13 16 21 22 26 0 
1 9 10 17 20 28 29 0 
2 4 8 10 15 17 31 34 0 
7 8 16 22 30 34 0 
3 5 9 29 36 0 
2 4 5 12 13 15 25 26 29 0 
9 10 12 14 17 18 29 33 0 
1 6 11 31 0 
7 12 13 16 18 19 21 26 29 0 
1 8 10 15 29 0 
6 8 14 26 28 35 36 0 
1 3 5 8 10 15 18 19 21 22 23 24 32 0 
5 12 13 20 29 30 0 
10 19 20 25 36 0 
15 20 35 0 
2 3 15 17 30 0 
4 5 14 27 31 0 
1 7 9 22 23 25 26 33 0 
6 29 35 0 
6 9 11 13 14 24 26 28 0 
2 8 16 20 21 31 32 34 0 
13 15 17 29 31 36 0 
6 15 17 19 26 0 
3 7 11 12 18 19 26 29 0 
22 25 32 33 0 
6 18 21 23 28 35 0 
5 6 8 16 19 23 24 30 33 0 
8 10 14 17 29 32 0 
6 10 16 21 22 27 31 34 0 
12 14 16 30 0 
7 14 21 25 27 28 34 0 
14 17 21 34 35 0 
12 13 22 23 24 25 33 34 36 0 
5 11 20 31 33 0 
1 5 10 16 18 29 32 0 
1 2 6 0 
2 5 10 15 17 18 19 35 0 
7 8 17 23 27 34 35 0 
10 17 19 28 29 33 0 
1 2 5 11 13 14 20 29 34 35 0 
3 15 24 26 28 0 
3 6 7 13 17 19 25 32 36 0 
2 8 18 21 0 
13 31 32 34 0 
4 5 9 17 18 25 31 33 34 0 
5 6 11 12 17 20 25 28 32 0 
5 10 11 14 22 25 0 
2 4 8 11 18 25 27 0 
3 5 21 22 26 0 
6 8 10 11 17 30 33 34 0 
9 19 23 28 30 0 
4 7 8 15 17 23 0 
2 5 6 29 30 0 
1 6 10 17 23 26 0 
2 8 9 10 16 18 21 31 36 0 
14 33 36 0 
5 15 21 29 30 31 32 36 0 
15 16 21 26 0 
12 13 16 17 21 24 27 0 
13 16 17 18 27 34 0 
1 14 15 16 30 31 34 35 0 
2 9 10 11 25 26 0 
2 9 16 18 25 30 33 0 
1 14 18 19 27 28 34 36 0 
1 3 27 29 0 
1 2 7 19 30 31 0 
6 8 18 24 0 
9 11 14 35 0 
9 10 12 23 24 28 30 31 32 33 0 
8 15 16 20 29 35 0 
3 5 6 22 26 29 0 
8 10 33 0 
7 10 12 14 16 22 24 31 0 
6 14 18 22 23 28 31 33 34 0 
14 18 19 22 26 27 28 31 0 
1 2 9 12 14 25 27 32 0 
2 3 4 10 13 16 20 29 0 
4 12 15 27 28 0 
2 8 11 24 35 0 
1 15 19 28 0 
1 9 11 16 0 
6 7 13 14 15 20 25 26 33 0 
5 8 14 15 24 29 0 
3 23 32 33 34 0 
3 4 5 9 13 25 31 32 35 0 
4 10 15 16 22 27 33 35 0 
11 12 16 21 31 33 34 0 
1 3 8 11 13 14 24 34 0 
2 10 19 22 23 33 35 0 
1 19 20 23 24 26 28 36 0 
3 8 17 19 25 26 27 29 0 
3 6 9 11 12 16 25 26 31 34 0 
2 5 9 10 17 22 23 24 29 0 
6 8 9 22 24 0 
4 22 23 24 29 35 0 
5 8 9 12 30 0 
14 19 30 33 35 0 
2 13 16 18 32 35 0 
1 5 14 22 25 27 35 0 
6 9 20 30 32 33 0 
1 10 11 19 28 31 0 
3 9 22 0 
20 22 23 0 
2 4 12 15 25 27 0 
3 4 6 14 20 31 32 0 
3 4 9 12 23 36 0 
3 4 7 12 14 19 22 23 25 31 35 0 
4 6 15 23 26 30 32 0 
4 7 15 19 36 0 
6 10 12 13 15 17 24 27 0 
5 9 10 11 22 25 36 0 
1 3 10 14 15 18 32 0 
6 13 15 17 18 27 28 34 0 
13 20 30 0 
1 5 7 8 13 19 26 29 0 
20 26 29 31 32 0 
2 5 9 19 21 22 24 34 35 0 
3 5 7 11 20 0 
4 5 6 7 16 18 26 0 
2 9 16 18 25 26 34 0 
13 15 16 24 29 0 
1 8 9 15 16 18 21 25 26 32 36 0 
9 15 18 25 29 31 36 0 
3 13 14 15 27 30 0 
6 12 16 18 20 23 24 27 33 0 
1 13 19 21 23 26 27 34 0 
14 18 20 26 31 35 36 0 
7 13 33 34 35 0 
7 14 18 19 26 32 0 
1 24 26 32 35 36 0 
13 28 0 
7 10 11 36 0 
1 2 8 12 20 22 27 33 34 0 
13 16 17 18 22 30 34 0 
1 8 27 34 35 0 
4 6 9 10 27 29 0 
10 11 33 0 
4 14 16 17 19 25 28 0 
2 10 18 21 0 
8 9 12 13 14 18 22 30 32 0 
13 14 16 21 24 29 0 
5 11 19 20 26 27 28 0 
3 8 9 18 19 21 26 28 29 36 0 
9 11 13 16 24 27 31 0 
1 4 12 15 28 0 
4 7 21 26 31 0 
17 19 32 0 
10 13 14 18 21 26 32 0 
7 14 18 19 23 29 0 
9 17 19 25 26 28 0 
10 12 16 20 23 27 30 32 35 0 
5 9 12 13 17 19 24 0 
3 12 20 22 23 24 27 29 0 
4 8 11 12 13 16 33 0 
1 3 5 10 11 25 31 0 
7 13 14 16 18 25 28 30 0 
12 13 24 31 35 0 
5 6 8 0 
3 13 26 35 0 
3 4 8 10 25 32 34 36 0 
2 3 11 20 21 30 0 
1 22 27 28 34 36 0 
3 7 30 32 33 34 0 
1 7 10 18 24 33 0 
6 7 8 17 19 21 22 23 25 32 0 
7 11 18 23 31 32 33 0 
9 18 25 30 0 
3 8 11 12 14 15 19 22 35 0 
4 8 11 14 15 19 27 34 36 0 
2 9 22 23 28 29 0 
4 6 9 10 16 27 29 30 35 0 
3 14 16 20 21 0 
1 2 3 8 13 16 17 19 26 36 0 
1 6 8 9 19 20 36 0 
1 9 11 15 16 0 
1 11 14 21 30 31 35 0 
8 21 27 30 33 0 
7 8 15 20 26 34 0 
1 5 7 14 22 24 30 32 0 
1 2 8 13 27 31 0 
3 6 12 18 29 32 0 
5 10 21 23 26 35 0 
8 14 18 22 28 32 0 
5 17 18 20 25 29 30 32 0 
3 7 9 10 32 0 
5 7 9 16 17 19 20 34 0 
7 10 18 20 27 28 32 33 36 0 
6 7 18 24 32 0 
4 18 23 28 34 0 
13 17 18 22 31 34 0 
2 9 11 16 17 24 27 0 
14 19 30 31 33 35 0 
5 9 10 11 18 29 30 33 35 0 
2 4 15 16 19 27 29 0 
4 19 31 32 36 0 
2 5 8 12 21 24 32 0 
10 12 13 22 0 
19 29 35 0 
2 7 8 9 15 21 25 35 0 
11 12 13 19 27 31 34 36 0 
3 7 11 12 13 17 20 27 31 34 35 36 0 
9 10 12 14 19 21 22 27 31 0 
2 8 18 19 20 24 26 31 0 
5 11 22 24 25 27 31 32 0 
3 4 8 20 22 31 0 
13 25 31 0 
1 2 3 4 6 11 16 19 27 28 0 
1 2 6 10 15 19 27 33 0 
5 7 13 15 18 21 35 0 
2 8 9 11 18 35 0 
5 10 24 0 
5 6 19 23 27 33 0 
1 5 8 19 28 30 35 0 
3 10 11 21 34 35 0 
2 8 15 18 27 36 0 
3 9 13 18 25 26 29 0 
4 6 8 23 27 0 
6 11 24 27 29 0 
6 9 30 0 
8 10 14 15 25 0 
3 6 7 0 
4 8 25 27 30 31 0 
4 14 20 23 31 32 0 
7 20 26 0 
4 5 14 19 22 27 0 
10 17 18 25 33 0 
1 12 13 23 24 26 27 0 
14 21 28 29 31 0 
8 12 19 22 30 32 0 
7 9 10 11 20 27 28 35 0 
10 11 15 16 18 24 26 29 32 36 0 
9 18 20 26 29 32 0 
3 4 5 8 15 20 23 24 32 34 0 
5 7 8 14 16 30 32 36 0 
13 18 21 22 23 27 30 34 0 
2 5 8 20 27 36 0 
9 18 33 0 
3 4 6 20 22 23 29 34 36 0 
3 8 9 12 16 17 29 31 0 
4 8 11 22 25 36 0 
1 3 13 26 33 0 
18 21 24 31 35 0 
1 6 10 11 24 25 31 33 0 
1 8 17 25 27 29 0 
9 13 20 27 0 
6 13 19 20 25 28 29 0 
3 12 16 17 19 20 22 35 0 
2 3 7 8 9 13 16 0 
2 15 17 20 24 28 31 33 0 
3 14 16 18 19 21 23 31 0 
1 2 3 12 13 15 25 34 0 
12 22 24 25 26 36 0 
4 8 11 30 35 0 
13 25 33 0 
1 14 18 19 22 24 27 29 30 31 32 34 0 
4 12 24 26 29 30 36 0 
10 11 12 14 16 26 36 0 
2 6 11 26 28 29 35 0 
3 20 30 35 0 
2 8 12 18 20 23 31 0 
3 9 12 14 25 26 32 35 0 
1 11 17 20 28 0 
4 6 8 13 15 34 0 
3 4 8 9 15 24 29 30 35 36 0 
2 3 4 12 14 23 26 35 0 
2 4 25 27 33 0 
2 3 22 26 32 35 0 
1 4 5 8 9 11 14 25 0 
2 11 20 29 33 0 
1 3 4 7 19 20 29 30 33 35 0 
17 34 35 0 
2 13 28 29 31 0 
4 7 19 29 34 0 
1 6 10 21 24 30 32 0 
4 11 12 13 19 29 0 
4 8 19 20 21 28 33 34 0 
13 24 28 34 35 36 0 
8 22 26 27 29 33 0 
4 26 32 0 
2 8 15 25 27 34 35 0 
2 12 19 28 29 32 0 
13 21 29 31 33 34 35 0 
3 4 5 7 8 17 20 31 36 0 
1 2 12 29 32 35 0 
3 6 8 10 19 28 34 0 
1 2 5 8 9 26 30 0 
6 10 19 25 33 0 
12 13 19 20 22 24 0 
7 11 29 31 33 0 
2 3 4 13 27 33 34 35 0 
1 4 12 15 20 22 23 34 0 
21 24 29 33 34 0 
2 17 26 28 35 0 
-6 -7 -31 -33 -36 0 
-4 -16 -22 0 
-4 -7 -11 -16 -31 0 
-8 -11 -13 -21 -29 -36 0 
-1 -15 -17 -21 -25 -26 0 
-3 -4 -10 -13 -15 -19 -24 -28 -36 0 
-22 -29 0 
-6 -10 -14 -16 -19 -24 -26 0 
-11 -20 -32 0 
-4 -6 -11 -12 -14 -17 -20 -22 -26 -32 0 
-3 -13 -17 -20 -24 -36 0 
-12 -26 -30 -31 -34 -35 0 
-2 -11 -15 -17 -23 -28 -34 0 
-5 -7 -9 -13 -20 -23 -26 -31 -33 0 
-9 -16 -18 -23 -24 -31 -34 0 
-4 -8 -10 -13 -24 -25 -27 0 
-8 -14 -15 -17 -22 -26 -27 -28 0 
-8 -12 -16 -25 -33 -34 0 
-7 -19 -21 -33 -35 0 
-3 -7 -9 -27 -28 -31 0 
-5 -8 -15 -25 -29 0 
-5 -9 -13 -21 -34 0 
-5 -15 -25 -33 -34 -35 -36 0 
-7 -17 -24 -26 -30 -32 -34 0 
-8 -11 0 
-7 -9 -18 -24 -35 0 
-5 -7 -8 -10 -13 -16 -18 -19 -25 -33 -34 -36 0 
-9 -16 -18 -19 -20 -21 -24 -26 -36 0 
-1 -3 -15 -20 -21 -24 -27 0 
-8 -10 -18 -30 0 
-13 -14 -24 -32 -33 0 
-23 -33 -36 0 
-13 -14 -16 -18 -21 -23 -30 0 
-7 -10 -18 -19 -25 -27 0 
-8 -10 -21 -25 -28 -30 -34 0 
-5 -25 -27 -31 -32 0 
-9 -24 -32 0 
-6 -7 -11 -15 -32 0 
-12 -32 -36 0 
-2 -8 -10 -19 -22 -28 0 
-1 -3 -8 -11 -19 -25 -26 -31 -32 -34 0 
-3 -7 -9 -19 -20 -22 0 
-2 -14 -16 -20 -24 -27 -30 0 
-8 -16 -19 -25 -30 -31 0 
-11 -24 -27 -30 -34 0 
-1 -2 -14 -26 -28 -32 -34 0 
-1 -10 -11 -19 -21 -23 -27 -31 0 
-7 -8 -12 -14 -15 -19 -21 -23 -24 -29 0 
-3 -6 -9 -12 -14 -20 -21 -26 -33 0 
-4 -5 -20 -22 -32 0 
-8 -10 -15 -24 -25 0 
-3 -10 -16 -17 -19 -23 -27 -33 -36 0 
-4 -9 -10 -17 -18 -19 -20 -22 -23 0 
-4 -5 -8 -15 -19 -21 -28 -34 0 
-3 -8 -9 -16 -17 -22 -36 0 
-11 -17 -19 -20 -31 -32 0 
-8 -11 -19 -35 0 
-12 -14 -16 -24 -27 -28 -35 0 
-6 -8 -13 -24 -27 -31 -34 0 
-1 -2 -5 -7 -9 -18 -28 -33 -35 0 
-3 -9 -26 -27 -28 -30 -31 -34 0 
-10 -13 -14 -26 -32 -36 0 
-4 -5 -14 -15 -17 -27 -33 0 
-12 -15 -27 -31 -35 0 
-2 -13 -14 -19 -20 -23 -28 0 
-2 -6 -9 -27 0 
-1 -2 -7 -22 -28 -29 -35 0 
-7 -19 -25 -32 0 
-4 -5 -6 -10 -13 -25 -27 0 
-9 -10 -11 -22 -26 -28 -33 -36 0 
-11 -14 -20 -21 -25 -27 -34 0 
-19 -21 -23 -27 -36 0 
-2 -4 -7 -19 -31 0 
-1 -7 -13 -23 -24 0 
-9 -21 -28 -29 0 
-23 -32 0 
-5 -7 -22 0 
-6 -8 -17 -20 -24 -29 -35 -36 0 
-3 -13 -21 -33 -36 0 
-22 -26 -27 -29 0 
-5 -6 -13 -14 -22 -35 -36 0 
-4 -25 -27 -31 -34 0 
-1 -2 -20 -22 -23 -25 -29 0 
-1 -3 -15 -23 -26 -32 0 
-9 -22 -27 -35 0 
-1 -2 -18 -26 0 
-2 -3 -4 -6 -8 -12 -17 -19 -22 0 
-2 -4 -21 -26 -28 -33 -35 0 
-2 -6 -11 -27 0 
-16 -23 -24 -27 -30 -32 0 
-13 -14 -15 -17 -25 -26 -29 -32 -33 0 
-8 -9 -10 -12 -17 -33 -34 0 
-2 -4 -22 -25 -26 -29 0 
-1 -8 -14 -30 -35 0 
-6 -9 -18 -24 0 
-3 -6 -13 -14 -18 -20 -26 -27 -35 0 
-3 -6 -9 -16 -24 -27 -30 0 
-8 -20 -22 -25 -29 -30 0 
-4 -5 -9 -16 -18 -21 -33 0 
-17 -18 -32 -35 0 
-4 -8 -15 -19 -25 -29 -36 0 
-19 -20 -26 -27 -33 -36 0 
-5 -19 -25 -26 -32 -33 -36 0 
-3 -7 -15 -17 -19 -23 -27 -30 -32 -34 0 
-1 -8 -25 -26 -35 0 
-2 -9 -15 -32 -35 0 
-4 -8 -16 -21 -27 -36 0 
-13 -16 -21 -22 -26 0 
-1 -9 -10 -17 -20 -28 -29 0 
-2 -4 -8 -10 -15 -17 -31 -34 0 
-7 -8 -16 -22 -30 -34 0 
-3 -5 -9 -29 -36 0 
-2 -4 -5 -12 -13 -15 -25 -26 -29 0 
-9 -10 -12 -14 -17 -18 -29 -33 0 
-1 -6 -11 -31 0 
-7 -12 -13 -16 -18 -19 -21 -26 -29 0 
-1 -8 -10 -15 -29 0 
-6 -8 -14 -26 -28 -35 -36 0 
-1 -3 -5 -8 -10 -15 -18 -19 -21 -22 -23 -24 -32 0 
-5 -12 -13 -20 -29 -30 0 
-10 -19 -20 -25 -36 0 
-15 -20 -35 0 
-2 -3 -15 -17 -30 0 
-4 -5 -14 -27 -31 0 
-1 -7 -9 -22 -23 -25 -26 -33 0 
-6 -29 -35 0 
-6 -9 -11 -13 -14 -24 -26 -28 0 
-2 -8 -16 -20 -21 -31 -32 -34 0 
-13 -15 -17 -29 -31 -36 0 
-6 -15 -17 -19 -26 0 
-3 -7 -11 -12 -18 -19 -26 -29 0 
-22 -25 -32 -33 0 
-6 -18 -21 -23 -28 -35 0 
-5 -6 -8 -16 -19 -23 -24 -30 -33 0 
-8 -10 -14 -17 -29 -32 0 
-6 -10 -16 -21 -22 -27 -31 -34 0 
-12 -14 -16 -30 0 
-7 -14 -21 -25 -27 -28 -34 0 
-14 -17 -21 -34 -35 0 
-12 -13 -22 -23 -24 -25 -33 -34 -36 0 
-5 -11 -20 -31 -33 0 
-1 -5 -10 -16 -18 -29 -32 0 
-1 -2 -6 0 
-2 -5 -10 -15 -17 -18 -19 -35 0 
-7 -8 -17 -23 -27 -34 -35 0 
-10 -17 -19 -28 -29 -33 0 
-1 -2 -5 -11 -13 -14 -20 -29 -34 -35 0 
-3 -15 -24 -26 -28 0 
-3 -6 -7 -13 -17 -19 -25 -32 -36 0 
-2 -8 -18 -21 0 
-13 -31 -32 -34 0 
-4 -5 -9 -17 -18 -25 -31 -33 -34 0 
-5 -6 -11 -12 -17 -20 -25 -28 -32 0 
-5 -10 -11 -14 -22 -25 0 
-2 -4 -8 -11 -18 -25 -27 0 
-3 -5 -21 -22 -26 0 
-6 -8 -10 -11 -17 -30 -33 -34 0 
-9 -19 -23 -28 -30 0 
-4 -7 -8 -15 -17 -23 0 
-2 -5 -6 -29 -30 0 
-1 -6 -10 -17 -23 -26 0 
-2 -8 -9 -10 -16 -18 -21 -31 -36 0 
-14 -33 -36 0 
-5 -15 -21 -29 -30 -31 -32 -36 0 
-15 -16 -21 -26 0 
-12 -13 -16 -17 -21 -24 -27 0 
-13 -16 -17 -18 -27 -34 0 
-1 -14 -15 -16 -30 -31 -34 -35 0 
-2 -9 -10 -11 -25 -26 0 
-2 -9 -16 -18 -25 -30 -33 0 
-1 -14 -18 -19 -27 -28 -34 -36 0 
-1 -3 -27 -29 0 
-1 -2 -7 -19 -30 -31 0 
-6 -8 -18 -24 0 
-9 -11 -14 -35 0 
-9 -10 -12 -23 -24 -28 -30 -31 -32 -33 0 
-8 -15 -16 -20 -29 -35 0 
-3 -5 -6 -22 -26 -29 0 
-8 -10 -33 0 
-7 -10 -12 -14 -16 -22 -24 -31 0 
-6 -14 -18 -22 -23 -28 -31 -33 -34 0 
-14 -18 -19 -22 -26 -27 -28 -31 0 
-1 -2 -9 -12 -14 -25 -27 -32 0 
-2 -3 -4 -10 -13 -16 -20 -29 0 
-4 -12 -15 -27 -28 0 
-2 -8 -11 -24 -35 0 
-1 -15 -19 -28 0 
-1 -9 -11 -16 0 
-6 -7 -13 -14 -15 -20 -25 -26 -33 0 
-5 -8 -14 -15 -24 -29 0 
-3 -23 -32 -33 -34 0 
-3 -4 -5 -9 -13 -25 -31 -32 -35 0 
-4 -10 -15 -16 -22 -27 -33 -35 0 
-11 -12 -16 -21 -31 -33 -34 0 
-1 -3 -8 -11 -13 -14 -24 -34 0 
-2 -10 -19 -22 -23 -33 -35 0 
-1 -19 -20 -23 -24 -26 -28 -36 0 
-3 -8 -17 -19 -25 -26 -27 -29 0 
-3 -6 -9 -11 -12 -16 -25 -26 -31 -34 0 
-2 -5 -9 -10 -17 -22 -23 -24 -29 0 
-6 -8 -9 -22 -24 0 
-4 -22 -23 -24 -29 -35 0 
-5 -8 -9 -12 -30 0 
-14 -19 -30 -33 -35 0 
-2 -13 -16 -18 -32 -35 0 
-1 -5 -14 -22 -25 -27 -35 0 
-6 -9 -20 -30 -32 -33 0 
-1 -10 -11 -19 -28 -31 0 
-3 -9 -22 0 
-20 -22 -23 0 
-2 -4 -12 -15 -25 -27 0 
-3 -4 -6 -14 -20 -31 -32 0 
-3 -4 -9 -12 -23 -36 0 
-3 -4 -7 -12 -14 -19 -22 -23 -25 -31 -35 0 
-4 -6 -15 -23 -26 -30 -32 0 
-4 -7 -15 -19 -36 0 
-6 -10 -12 -13 -15 -17 -24 -27 0 
-5 -9 -10 -11 -22 -25 -36 0 
-1 -3 -10 -14 -15 -18 -32 0 
-6 -13 -15 -17 -18 -27 -28 -34 0 
-13 -20 -30 0 
-1 -5 -7 -8 -13 -19 -26 -29 0 
-20 -26 -29 -31 -32 0 
-2 -5 -9 -19 -21 -22 -24 -34 -35 0 
-3 -5 -7 -11 -20 0 
-4 -5 -6 -7 -16 -18 -26 0 
-2 -9 -16 -18 -25 -26 -34 0 
-13 -15 -16 -24 -29 0 
-1 -8 -9 -15 -16 -18 -21 -25 -26 -32 -36 0 
-9 -15 -18 -25 -29 -31 -36 0 
-3 -13 -14 -15 -27 -30 0 
-6 -12 -16 -18 -20 -23 -24 -27 -33 0 
-1 -13 -19 -21 -23 -26 -27 -34 0 
-14 -18 -20 -26 -31 -35 -36 0 
-7 -13 -33 -34 -35 0 
-7 -14 -18 -19 -26 -32 0 
-1 -24 -26 -32 -35 -36 0 
-13 -28 0 
-7 -10 -11 -36 0 
-1 -2 -8 -12 -20 -22 -27 -33 -34 0 
-13 -16 -17 -18 -22 -30 -34 0 
-1 -8 -27 -34 -35 0 
-4 -6 -9 -10 -27 -29 0 
-10 -11 -33 0 
-4 -14 -16 -17 -19 -25 -28 0 
-2 -10 -18 -21 0 
-8 -9 -12 -13 -14 -18 -22 -30 -32 0 
-13 -14 -16 -21 -24 -29 0 
-5 -11 -19 -20 -26 -27 -28 0 
-3 -8 -9 -18 -19 -21 -26 -28 -29 -36 0 
-9 -11 -13 -16 -24 -27 -31 0 
-1 -4 -12 -15 -28 0 
-4 -7 -21 -26 -31 0 
-17 -19 -32 0 
-10 -13 -14 -18 -21 -26 -32 0 
-7 -14 -18 -19 -23 -29 0 
-9 -17 -19 -25 -26 -28 0 
-10 -12 -16 -20 -23 -27 -30 -32 -35 0 
-5 -9 -12 -13 -17 -19 -24 0 
-3 -12 -20 -22 -23 -24 -27 -29 0 
-4 -8 -11 -12 -13 -16 -33 0 
-1 -3 -5 -10 -11 -25 -31 0 
-7 -13 -14 -16 -18 -25 -28 -30 0 
-12 -13 -24 -31 -35 0 
-5 -6 -8 0 
-3 -13 -26 -35 0 
-3 -4 -8 -10 -25 -32 -34 -36 0 
-2 -3 -11 -20 -21 -30 0 
-1 -22 -27 -28 -34 -36 0 
-3 -7 -30 -32 -33 -34 0 
-1 -7 -10 -18 -24 -33 0 
-6 -7 -8 -17 -19 -21 -22 -23 -25 -32 0 
-7 -11 -18 -23 -31 -32 -33 0 
-9 -18 -25 -30 0 
-3 -8 -11 -12 -14 -15 -19 -22 -35 0 
-4 -8 -11 -14 -15 -19 -27 -34 -36 0 
-2 -9 -22 -23 -28 -29 0 
-4 -6 -9 -10 -16 -27 -29 -30 -35 0 
-3 -14 -16 -20 -21 0 
-1 -2 -3 -8 -13 -16 -17 -19 -26 -36 0 
-1 -6 -8 -9 -19 -20 -36 0 
-1 -9 -11 -15 -16 0 
-1 -11 -14 -21 -30 -31 -35 0 
-8 -21 -27 -30 -33 0 
-7 -8 -15 -20 -26 -34 0 
-1 -5 -7 -14 -22 -24 -30 -32 0 
-1 -2 -8 -13 -27 -31 0 
-3 -6 -12 -18 -29 -32 0 
-5 -10 -21 -23 -26 -35 0 
-8 -14 -18 -22 -28 -32 0 
-5 -17 -18 -20 -25 -29 -30 -32 0 
-3 -7 -9 -10 -32 0 
-5 -7 -9 -16 -17 -19 -20 -34 0 
-7 -10 -18 -20 -27 -28 -32 -33 -36 0 
-6 -7 -18 -24 -32 0 
-4 -18 -23 -28 -34 0 
-13 -17 -18 -22 -31 -34 0 
-2 -9 -11 -16 -17 -24 -27 0 
-14 -19 -30 -31 -33 -35 0 
-5 -9 -10 -11 -18 -29 -30 -33 -35 0 
-2 -4 -15 -16 -19 -27 -29 0 
-4 -19 -31 -32 -36 0 
-2 -5 -8 -12 -21 -24 -32 0 
-10 -12 -13 -22 0 
-19 -29 -35 0 
-2 -7 -8 -9 -15 -21 -25 -35 0 
-11 -12 -13 -19 -27 -31 -34 -36 0 
-3 -7 -11 -12 -13 -17 -20 -27 -31 -34 -35 -36 0 
-9 -10 -12 -14 -19 -21 -22 -27 -31 0 
-2 -8 -18 -19 -20 -24 -26 -31 0 
-5 -11 -22 -24 -25 -27 -31 -32 0 
-3 -4 -8 -20 -22 -31 0 
-13 -25 -31 0 
-1 -2 -3 -4 -6 -11 -16 -19 -27 -28 0 
-1 -2 -6 -10 -15 -19 -27 -33 0 
-5 -7 -13 -15 -18 -21 -35 0 
-2 -8 -9 -11 -18 -35 0 
-5 -10 -24 0 
-5 -6 -19 -23 -27 -33 0 
-1 -5 -8 -19 -28 -30 -35 0 
-3 -10 -11 -21 -34 -35 0 
-2 -8 -15 -18 -27 -36 0 
-3 -9 -13 -18 -25 -26 -29 0 
-4 -6 -8 -23 -27 0 
-6 -11 -24 -27 -29 0 
-6 -9 -30 0 
-8 -10 -14 -15 -25 0 
-3 -6 -7 0 
-4 -8 -25 -27 -30 -31 0 
-4 -14 -20 -23 -31 -32 0 
-7 -20 -26 0 
-4 -5 -14 -19 -22 -27 0 
-10 -17 -18 -25 -33 0 
-1 -12 -13 -23 -24 -26 -27 0 
-14 -21 -28 -29 -31 0 
-8 -12 -19 -22 -30 -32 0 
-7 -9 -10 -11 -20 -27 -28 -35 0 
-10 -11 -15 -16 -18 -24 -26 -29 -32 -36 0 
-9 -18 -20 -26 -29 -32 0 
-3 -4 -5 -8 -15 -20 -23 -24 -32 -34 0 
-5 -7 -8 -14 -16 -30 -32 -36 0 
-13 -18 -21 -22 -23 -27 -30 -34 0 
-2 -5 -8 -20 -27 -36 0 
-9 -18 -33 0 
-3 -4 -6 -20 -22 -23 -29 -34 -36 0 
-3 -8 -9 -12 -16 -17 -29 -31 0 
-4 -8 -11 -22 -25 -36 0 
-1 -3 -13 -26 -33 0 
-18 -21 -24 -31 -35 0 
-1 -6 -10 -11 -24 -25 -31 -33 0 
-1 -8 -17 -25 -27 -29 0 
-9 -13 -20 -27 0 
-6 -13 -19 -20 -25 -28 -29 0 
-3 -12 -16 -17 -19 -20 -22 -35 0 
-2 -3 -7 -8 -9 -13 -16 0 
-2 -15 -17 -20 -24 -28 -31 -33 0 
-3 -14 -16 -18 -19 -21 -23 -31 0 
-1 -2 -3 -12 -13 -15 -25 -34 0 
-12 -22 -24 -25 -26 -36 0 
-4 -8 -11 -30 -35 0 
-13 -25 -33 0 
-1 -14 -18 -19 -22 -24 -27 -29 -30 -31 -32 -34 0 
-4 -12 -24 -26 -29 -30 -36 0 
-10 -11 -12 -14 -16 -26 -36 0 
-2 -6 -11 -26 -28 -29 -35 0 
-3 -20 -30 -35 0 
-2 -8 -12 -18 -20 -23 -31 0 
-3 -9 -12 -14 -25 -26 -32 -35 0 
-1 -11 -17 -20 -28 0 
-4 -6 -8 -13 -15 -34 0 
-3 -4 -8 -9 -15 -24 -29 -30 -35 -36 0 
-2 -3 -4 -12 -14 -23 -26 -35 0 
-2 -4 -25 -27 -33 0 
-2 -3 -22 -26 -32 -35 0 
-1 -4 -5 -8 -9 -11 -14 -25 0 
-2 -11 -20 -29 -33 0 
-1 -3 -4 -7 -19 -20 -29 -30 -33 -35 0 
-17 -34 -35 0 
-2 -13 -28 -29 -31 0 
-4 -7 -19 -29 -34 0 
-1 -6 -10 -21 -24 -30 -32 0 
-4 -11 -12 -13 -19 -29 0 
-4 -8 -19 -20 -21 -28 -33 -34 0 
-13 -24 -28 -34 -35 -36 0 
-8 -22 -26 -27 -29 -33 0 
-4 -26 -32 0 
-2 -8 -15 -25 -27 -34 -35 0 
-2 -12 -19 -28 -29 -32 0 
-13 -21 -29 -31 -33 -34 -35 0 
-3 -4 -5 -7 -8 -17 -20 -31 -36 0 
-1 -2 -12 -29 -32 -35 0 
-3 -6 -8 -10 -19 -28 -34 0 
-1 -2 -5 -8 -9 -26 -30 0 
-6 -10 -19 -25 -33 0 
-12 -13 -19 -20 -22 -24 0 
-7 -11 -29 -31 -33 0 
-2 -3 -4 -13 -27 -33 -34 -35 0 
-1 -4 -12 -15 -20 -22 -23 -34 0 
-21 -24 -29 -33 -34 0 
-2 -17 -26 -28 -35 0 
