p cnf 36 800
9 14 32 35 0 
5 12 14 18 19 27 28 34 36 0 
11 15 24 28 34 0 
10 23 26 32 0 
10 22 28 0 
1 4 6 8 11 25 0 
1 8 12 17 30 35 0 
3 4 18 22 30 0 
7 9 11 12 14 23 24 26 34 36 0 
8 9 11 0 
5 7 8 16 18 20 23 24 29 32 0 
6 14 19 20 29 34 0 
1 4 8 10 11 13 18 33 35 0 
8 11 12 14 17 25 27 31 36 0 
13 14 20 24 0 
1 12 16 17 0 
9 13 14 16 22 25 0 
4 9 11 12 24 25 30 31 36 0 
1 3 4 13 16 19 22 30 31 34 0 
7 9 17 29 34 35 0 
10 14 21 22 25 33 0 
3 10 20 26 30 34 0 
2 15 16 20 23 0 
1 6 7 9 18 23 27 35 0 
1 3 6 16 20 30 31 0 
2 6 7 11 14 17 20 21 25 28 33 34 0 
8 9 16 25 28 0 
3 8 11 13 20 0 
2 3 7 10 13 17 32 33 0 
3 10 21 29 33 35 0 
13 15 24 27 35 36 0 
3 12 17 18 23 24 25 27 32 0 
4 11 23 24 28 33 0 
9 18 19 28 33 0 
5 9 11 13 20 25 29 30 32 0 
2 11 15 18 19 25 26 31 0 
3 4 9 22 28 0 
8 26 0 
5 8 14 16 19 20 26 29 31 32 35 0 
2 13 15 18 19 30 0 
2 3 14 20 26 29 0 
5 13 17 18 20 27 35 0 
5 7 13 19 26 32 0 
8 29 0 
3 19 22 28 31 0 
6 14 16 24 26 29 31 0 
16 30 34 35 36 0 
3 9 12 13 17 18 20 26 27 0 
8 14 23 25 28 34 0 
6 8 9 10 13 15 16 34 36 0 
4 12 13 18 0 
1 2 4 21 26 34 0 
1 7 10 11 33 0 
3 8 9 19 28 29 0 
2 7 11 17 23 0 
2 16 19 26 32 36 0 
1 7 13 19 21 25 30 32 35 0 
3 4 9 13 19 32 33 0 
3 4 6 7 8 13 18 20 22 30 0 
12 16 19 20 24 35 0 
6 21 23 29 0 
9 17 20 23 29 34 0 
1 3 10 15 29 0 
7 9 12 17 22 29 0 
4 12 21 23 26 36 0 
7 13 25 28 32 35 0 
4 5 12 15 19 29 32 35 0 
8 11 13 15 17 26 33 0 
5 6 7 15 16 21 23 26 28 0 
2 8 11 15 0 
4 7 9 18 19 23 29 31 0 
6 7 10 21 27 33 0 
3 5 9 10 27 32 36 0 
12 20 21 23 26 31 34 0 
1 2 3 5 22 29 32 0 
6 12 22 24 35 36 0 
13 16 22 24 0 
4 21 28 0 
6 7 9 17 28 29 36 0 
1 6 10 16 25 26 33 36 0 
7 8 27 32 0 
3 5 11 13 14 20 26 27 28 0 
2 15 23 26 33 0 
10 12 13 23 32 0 
3 18 26 28 0 
3 4 6 9 21 27 34 0 
2 4 15 30 31 32 0 
9 10 12 31 32 0 
6 9 11 22 23 24 27 28 31 36 0 
1 3 4 9 23 26 28 29 35 0 
8 16 18 24 29 32 0 
2 8 35 0 
11 19 26 27 28 0 
2 5 12 17 20 21 22 31 34 0 
14 15 22 0 
1 8 12 16 19 33 0 
2 12 16 17 22 24 32 0 
5 9 13 16 20 21 24 29 0 
2 8 12 17 20 0 
1 14 27 28 29 34 0 
4 13 22 23 24 25 36 0 
20 30 31 32 0 
2 4 7 15 21 22 24 28 31 34 0 
1 3 4 16 21 28 34 0 
10 11 20 25 29 33 35 0 
1 7 14 16 18 22 0 
1 17 22 29 0 
6 8 13 17 22 28 34 0 
1 7 8 14 20 22 26 27 28 0 
4 22 24 29 0 
8 15 16 20 25 27 28 36 0 
2 27 33 0 
12 22 24 35 0 
10 19 27 32 36 0 
3 9 14 18 19 21 22 26 35 0 
4 9 12 16 17 18 20 27 33 36 0 
13 18 28 29 36 0 
2 5 32 33 34 35 0 
2 3 4 5 9 17 25 33 34 0 
2 5 6 33 0 
3 5 14 16 23 26 27 34 35 0 
7 12 13 21 24 29 33 0 
4 8 11 25 35 0 
5 6 7 18 29 0 
8 24 28 33 0 
3 8 9 12 21 25 26 36 0 
7 14 19 23 25 28 31 34 0 
2 3 5 6 14 32 35 0 
1 2 7 10 25 26 34 36 0 
1 6 21 25 28 30 0 
1 8 11 24 27 34 0 
8 10 11 23 32 36 0 
3 7 10 24 36 0 
2 8 11 13 28 29 30 32 36 0 
4 5 9 16 31 0 
11 12 13 14 26 31 32 0 
9 12 14 15 16 23 0 
3 17 29 32 0 
12 17 18 21 23 27 30 0 
10 12 16 17 35 0 
8 10 12 22 26 28 32 33 35 0 
1 8 9 10 17 19 33 0 
10 16 17 19 21 29 32 0 
1 7 12 22 23 27 28 30 36 0 
8 11 15 35 0 
1 4 7 14 18 0 
1 3 8 17 20 26 27 0 
3 4 13 30 0 
4 6 8 23 26 29 36 0 
3 10 24 36 0 
1 10 14 17 18 19 24 30 35 0 
3 4 5 33 34 0 
8 9 15 16 20 28 36 0 
3 8 22 25 0 
4 5 6 28 32 0 
7 10 11 25 30 31 0 
8 19 21 24 27 34 0 
4 12 14 15 0 
4 5 8 18 21 28 30 0 
18 25 34 0 
15 20 31 36 0 
16 18 19 28 0 
1 2 8 9 25 33 0 
8 10 19 24 30 33 35 0 
7 9 19 22 25 0 
10 28 32 0 
1 11 15 17 19 24 25 29 0 
5 8 17 19 27 34 0 
6 13 15 17 21 22 29 0 
8 18 19 22 24 32 34 36 0 
1 4 8 9 14 16 19 20 23 26 27 32 33 35 0 
7 20 31 32 34 36 0 
2 6 7 9 18 20 30 0 
1 10 12 13 17 26 27 35 0 
3 8 10 14 15 18 23 24 28 0 
4 10 17 22 24 27 30 0 
5 10 18 22 0 
5 17 24 29 33 0 
1 2 5 6 20 22 23 25 26 32 0 
3 4 5 15 20 33 0 
6 7 13 22 25 33 35 0 
6 16 19 32 0 
4 7 10 19 21 23 25 33 34 0 
18 29 31 36 0 
1 12 0 
5 13 20 29 35 0 
5 10 28 35 0 
1 3 6 7 11 22 24 32 0 
2 5 6 12 18 20 25 28 32 0 
3 7 9 24 29 31 0 
3 7 13 18 21 32 35 0 
4 8 24 26 32 35 0 
8 10 19 21 22 28 34 36 0 
5 14 17 20 0 
10 14 31 32 33 34 35 0 
1 9 25 26 30 0 
3 4 16 20 23 32 0 
1 5 7 18 22 25 0 
4 13 17 18 25 26 32 0 
2 8 15 17 21 26 27 0 
8 10 20 30 31 33 34 0 
2 5 17 26 28 29 0 
2 32 0 
3 10 16 29 31 0 
5 7 8 14 16 22 26 28 30 35 0 
4 6 10 12 17 18 21 29 36 0 
2 6 7 11 13 19 26 30 33 0 
6 10 13 26 31 32 33 34 0 
12 28 33 0 
9 10 14 15 20 22 35 0 
10 12 13 14 16 21 22 25 0 
2 4 5 7 11 14 18 20 25 28 34 0 
6 9 31 33 0 
3 12 22 30 0 
3 4 15 26 28 31 35 0 
5 7 9 10 21 29 35 0 
3 4 6 11 13 18 20 21 33 34 0 
2 10 14 17 26 27 29 34 35 0 
5 14 16 29 33 0 
10 14 15 16 21 25 31 33 0 
1 22 23 32 35 0 
8 12 16 20 21 31 0 
13 15 17 31 33 36 0 
6 8 9 15 24 27 34 0 
2 15 18 24 29 33 0 
3 15 23 24 28 0 
20 25 28 34 36 0 
4 7 10 12 13 15 16 26 28 35 0 
9 10 13 19 26 30 36 0 
3 4 6 9 21 22 29 33 34 36 0 
2 12 31 0 
5 23 24 26 35 0 
5 7 12 14 21 23 27 31 32 0 
8 13 19 20 21 27 0 
9 10 19 21 22 0 
1 4 24 25 29 36 0 
1 2 6 18 22 24 26 31 33 0 
5 13 19 21 22 25 30 31 33 0 
2 3 5 7 13 15 16 19 22 29 31 32 33 0 
15 25 27 0 
1 16 21 23 26 27 29 35 36 0 
11 12 18 22 32 0 
5 12 17 28 31 36 0 
1 7 21 26 27 29 31 33 0 
3 8 14 16 19 22 24 29 35 0 
1 4 9 11 22 30 31 35 0 
1 20 34 0 
1 2 10 15 30 0 
1 5 8 9 26 28 0 
9 11 12 14 19 24 34 0 
2 4 12 20 24 30 34 0 
9 10 12 0 
7 19 32 33 36 0 
5 14 27 31 33 35 0 
5 15 20 26 28 29 0 
1 12 24 28 31 0 
4 5 6 10 20 30 34 0 
2 10 16 28 33 0 
1 2 5 6 8 28 30 0 
4 5 10 17 23 0 
7 11 19 24 25 31 36 0 
3 14 23 29 30 36 0 
1 6 19 26 29 32 0 
6 13 14 19 20 32 0 
1 9 10 13 19 26 28 32 0 
4 10 14 21 24 0 
2 8 13 23 0 
1 3 5 8 13 24 28 30 0 
1 11 15 19 21 0 
2 5 8 13 16 24 35 0 
2 16 18 20 23 24 26 29 31 34 35 0 
1 3 4 7 16 17 19 24 27 28 36 0 
7 16 17 26 28 32 0 
1 12 14 22 26 33 0 
4 5 11 12 17 27 28 36 0 
8 9 10 12 13 15 29 32 0 
6 8 11 12 26 28 31 0 
16 22 26 28 33 0 
13 19 20 22 26 27 28 33 35 0 
14 18 29 30 32 0 
2 15 27 29 30 35 0 
3 6 12 13 18 29 30 0 
4 8 12 14 16 27 29 36 0 
13 18 27 32 34 0 
4 7 12 15 22 27 0 
4 12 23 34 0 
1 11 14 16 25 27 30 0 
15 25 26 27 31 33 0 
1 6 7 24 32 0 
1 3 10 15 34 35 0 
2 6 14 20 22 33 0 
7 11 0 
9 15 19 24 0 
5 6 14 21 23 36 0 
2 11 16 22 36 0 
9 13 17 19 20 0 
4 8 9 16 20 21 23 26 33 0 
14 15 28 30 36 0 
6 16 17 18 21 22 0 
1 8 33 0 
8 16 18 29 31 36 0 
3 4 10 19 22 34 0 
5 13 14 15 20 25 35 0 
4 8 14 25 26 32 36 0 
1 5 17 24 35 0 
2 3 4 5 13 17 20 21 32 0 
2 5 10 17 19 20 24 25 26 31 0 
2 12 17 24 28 33 35 36 0 
8 10 14 17 27 0 
3 20 21 28 34 0 
9 11 23 29 31 33 0 
3 7 8 9 13 17 25 32 34 0 
6 20 24 33 34 35 36 0 
16 18 24 27 33 34 0 
15 20 28 29 30 34 35 36 0 
15 21 28 29 30 0 
6 7 8 19 20 32 0 
9 18 25 26 28 35 0 
7 10 29 31 0 
1 8 27 29 33 0 
4 6 9 10 12 15 27 0 
1 13 18 22 24 34 0 
1 9 11 0 
4 7 11 15 25 27 30 36 0 
1 19 21 22 24 25 26 0 
9 10 13 14 15 17 20 27 30 0 
17 18 25 27 28 30 36 0 
7 9 15 23 34 35 0 
3 7 13 18 19 22 25 26 27 0 
1 3 13 26 0 
12 20 21 22 25 26 0 
4 6 8 13 29 30 35 0 
4 8 10 14 26 27 0 
3 5 7 18 21 24 26 27 29 0 
2 3 17 20 27 31 32 33 34 0 
12 16 25 30 33 0 
4 16 17 18 21 26 35 0 
2 7 8 10 13 14 27 34 0 
9 10 11 12 16 19 24 35 36 0 
1 6 9 19 23 25 0 
1 15 23 31 0 
6 21 25 31 36 0 
4 8 9 17 24 29 33 0 
8 11 16 19 27 0 
9 15 20 21 23 28 29 30 35 0 
3 7 8 11 13 18 0 
3 10 11 21 24 29 0 
2 3 5 6 9 10 11 12 0 
6 8 9 16 22 24 29 0 
7 9 15 21 26 27 34 0 
4 8 15 27 0 
6 15 23 24 29 35 0 
11 13 22 28 33 34 0 
5 9 15 23 27 36 0 
3 4 8 10 11 21 23 35 36 0 
1 4 5 7 21 24 33 0 
12 15 0 
3 13 14 19 20 31 0 
2 3 4 6 21 22 24 26 33 35 0 
3 9 14 17 18 27 29 0 
1 2 12 15 24 31 0 
2 11 18 32 36 0 
11 16 19 21 25 0 
4 6 18 21 34 0 
4 6 8 14 16 34 35 0 
4 12 14 19 22 27 0 
5 9 12 14 16 26 27 33 0 
4 7 18 21 24 33 35 0 
1 5 8 10 11 12 21 28 35 0 
4 9 11 16 25 26 27 29 0 
11 16 25 26 28 29 31 36 0 
10 20 23 25 36 0 
2 7 9 11 15 16 26 0 
9 14 22 24 26 33 36 0 
5 7 33 36 0 
15 30 31 35 0 
5 14 20 24 36 0 
2 9 21 23 25 26 27 34 0 
3 6 14 18 20 29 30 31 0 
2 3 7 11 17 31 32 35 36 0 
5 23 26 30 32 33 36 0 
10 13 17 24 25 34 0 
2 13 16 19 28 0 
17 19 22 27 29 0 
10 13 16 25 35 0 
9 12 17 19 20 25 26 36 0 
6 7 21 34 0 
1 7 12 21 24 26 30 36 0 
4 9 10 13 14 16 20 21 23 0 
1 8 10 12 13 16 18 20 0 
4 7 10 11 12 24 27 0 
4 18 19 21 23 34 0 
2 24 29 30 32 0 
2 7 23 26 28 31 0 
7 10 11 23 24 26 27 29 0 
4 6 12 26 0 
7 13 16 26 35 36 0 
7 13 16 29 35 36 0 
3 6 7 30 31 0 
2 5 6 10 24 25 35 0 
-9 -14 -32 -35 0 
-5 -12 -14 -18 -19 -27 -28 -34 -36 0 
-11 -15 -24 -28 -34 0 
-10 -23 -26 -32 0 
-10 -22 -28 0 
-1 -4 -6 -8 -11 -25 0 
-1 -8 -12 -17 -30 -35 0 
-3 -4 -18 -22 -30 0 
-7 -9 -11 -12 -14 -23 -24 -26 -34 -36 0 
-8 -9 -11 0 
-5 -7 -8 -16 -18 -20 -23 -24 -29 -32 0 
-6 -14 -19 -20 -29 -34 0 
-1 -4 -8 -10 -11 -13 -18 -33 -35 0 
-8 -11 -12 -14 -17 -25 -27 -31 -36 0 
-13 -14 -20 -24 0 
-1 -12 -16 -17 0 
-9 -13 -14 -16 -22 -25 0 
-4 -9 -11 -12 -24 -25 -30 -31 -36 0 
-1 -3 -4 -13 -16 -19 -22 -30 -31 -34 0 
-7 -9 -17 -29 -34 -35 0 
-10 -14 -21 -22 -25 -33 0 
-3 -10 -20 -26 -30 -34 0 
-2 -15 -16 -20 -23 0 
-1 -6 -7 -9 -18 -23 -27 -35 0 
-1 -3 -6 -16 -20 -30 -31 0 
-2 -6 -7 -11 -14 -17 -20 -21 -25 -28 -33 -34 0 
-8 -9 -16 -25 -28 0 
-3 -8 -11 -13 -20 0 
-2 -3 -7 -10 -13 -17 -32 -33 0 
-3 -10 -21 -29 -33 -35 0 
-13 -15 -24 -27 -35 -36 0 
-3 -12 -17 -18 -23 -24 -25 -27 -32 0 
-4 -11 -23 -24 -28 -33 0 
-9 -18 -19 -28 -33 0 
-5 -9 -11 -13 -20 -25 -29 -30 -32 0 
-2 -11 -15 -18 -19 -25 -26 -31 0 
-3 -4 -9 -22 -28 0 
-8 -26 0 
-5 -8 -14 -16 -19 -20 -26 -29 -31 -32 -35 0 
-2 -13 -15 -18 -19 -30 0 
-2 -3 -14 -20 -26 -29 0 
-5 -13 -17 -18 -20 -27 -35 0 
-5 -7 -13 -19 -26 -32 0 
-8 -29 0 
-3 -19 -22 -28 -31 0 
-6 -14 -16 -24 -26 -29 -31 0 
-16 -30 -34 -35 -36 0 
-3 -9 -12 -13 -17 -18 -20 -26 -27 0 
-8 -14 -23 -25 -28 -34 0 
-6 -8 -9 -10 -13 -15 -16 -34 -36 0 
-4 -12 -13 -18 0 
-1 -2 -4 -21 -26 -34 0 
-1 -7 -10 -11 -33 0 
-3 -8 -9 -19 -28 -29 0 
-2 -7 -11 -17 -23 0 
-2 -16 -19 -26 -32 -36 0 
-1 -7 -13 -19 -21 -25 -30 -32 -35 0 
-3 -4 -9 -13 -19 -32 -33 0 
-3 -4 -6 -7 -8 -13 -18 -20 -22 -30 0 
-12 -16 -19 -20 -24 -35 0 
-6 -21 -23 -29 0 
-9 -17 -20 -23 -29 -34 0 
-1 -3 -10 -15 -29 0 
-7 -9 -12 -17 -22 -29 0 
-4 -12 -21 -23 -26 -36 0 
-7 -13 -25 -28 -32 -35 0 
-4 -5 -12 -15 -19 -29 -32 -35 0 
-8 -11 -13 -15 -17 -26 -33 0 
-5 -6 -7 -15 -16 -21 -23 -26 -28 0 
-2 -8 -11 -15 0 
-4 -7 -9 -18 -19 -23 -29 -31 0 
-6 -7 -10 -21 -27 -33 0 
-3 -5 -9 -10 -27 -32 -36 0 
-12 -20 -21 -23 -26 -31 -34 0 
-1 -2 -3 -5 -22 -29 -32 0 
-6 -12 -22 -24 -35 -36 0 
-13 -16 -22 -24 0 
-4 -21 -28 0 
-6 -7 -9 -17 -28 -29 -36 0 
-1 -6 -10 -16 -25 -26 -33 -36 0 
-7 -8 -27 -32 0 
-3 -5 -11 -13 -14 -20 -26 -27 -28 0 
-2 -15 -23 -26 -33 0 
-10 -12 -13 -23 -32 0 
-3 -18 -26 -28 0 
-3 -4 -6 -9 -21 -27 -34 0 
-2 -4 -15 -30 -31 -32 0 
-9 -10 -12 -31 -32 0 
-6 -9 -11 -22 -23 -24 -27 -28 -31 -36 0 
-1 -3 -4 -9 -23 -26 -28 -29 -35 0 
-8 -16 -18 -24 -29 -32 0 
-2 -8 -35 0 
-11 -19 -26 -27 -28 0 
-2 -5 -12 -17 -20 -21 -22 -31 -34 0 
-14 -15 -22 0 
-1 -8 -12 -16 -19 -33 0 
-2 -12 -16 -17 -22 -24 -32 0 
-5 -9 -13 -16 -20 -21 -24 -29 0 
-2 -8 -12 -17 -20 0 
-1 -14 -27 -28 -29 -34 0 
-4 -13 -22 -23 -24 -25 -36 0 
-20 -30 -31 -32 0 
-2 -4 -7 -15 -21 -22 -24 -28 -31 -34 0 
-1 -3 -4 -16 -21 -28 -34 0 
-10 -11 -20 -25 -29 -33 -35 0 
-1 -7 -14 -16 -18 -22 0 
-1 -17 -22 -29 0 
-6 -8 -13 -17 -22 -28 -34 0 
-1 -7 -8 -14 -20 -22 -26 -27 -28 0 
-4 -22 -24 -29 0 
-8 -15 -16 -20 -25 -27 -28 -36 0 
-2 -27 -33 0 
-12 -22 -24 -35 0 
-10 -19 -27 -32 -36 0 
-3 -9 -14 -18 -19 -21 -22 -26 -35 0 
-4 -9 -12 -16 -17 -18 -20 -27 -33 -36 0 
-13 -18 -28 -29 -36 0 
-2 -5 -32 -33 -34 -35 0 
-2 -3 -4 -5 -9 -17 -25 -33 -34 0 
-2 -5 -6 -33 0 
-3 -5 -14 -16 -23 -26 -27 -34 -35 0 
-7 -12 -13 -21 -24 -29 -33 0 
-4 -8 -11 -25 -35 0 
-5 -6 -7 -18 -29 0 
-8 -24 -28 -33 0 
-3 -8 -9 -12 -21 -25 -26 -36 0 
-7 -14 -19 -23 -25 -28 -31 -34 0 
-2 -3 -5 -6 -14 -32 -35 0 
-1 -2 -7 -10 -25 -26 -34 -36 0 
-1 -6 -21 -25 -28 -30 0 
-1 -8 -11 -24 -27 -34 0 
-8 -10 -11 -23 -32 -36 0 
-3 -7 -10 -24 -36 0 
-2 -8 -11 -13 -28 -29 -30 -32 -36 0 
-4 -5 -9 -16 -31 0 
-11 -12 -13 -14 -26 -31 -32 0 
-9 -12 -14 -15 -16 -23 0 
-3 -17 -29 -32 0 
-12 -17 -18 -21 -23 -27 -30 0 
-10 -12 -16 -17 -35 0 
-8 -10 -12 -22 -26 -28 -32 -33 -35 0 
-1 -8 -9 -10 -17 -19 -33 0 
-10 -16 -17 -19 -21 -29 -32 0 
-1 -7 -12 -22 -23 -27 -28 -30 -36 0 
-8 -11 -15 -35 0 
-1 -4 -7 -14 -18 0 
-1 -3 -8 -17 -20 -26 -27 0 
-3 -4 -13 -30 0 
-4 -6 -8 -23 -26 -29 -36 0 
-3 -10 -24 -36 0 
-1 -10 -14 -17 -18 -19 -24 -30 -35 0 
-3 -4 -5 -33 -34 0 
-8 -9 -15 -16 -20 -28 -36 0 
-3 -8 -22 -25 0 
-4 -5 -6 -28 -32 0 
-7 -10 -11 -25 -30 -31 0 
-8 -19 -21 -24 -27 -34 0 
-4 -12 -14 -15 0 
-4 -5 -8 -18 -21 -28 -30 0 
-18 -25 -34 0 
-15 -20 -31 -36 0 
-16 -18 -19 -28 0 
-1 -2 -8 -9 -25 -33 0 
-8 -10 -19 -24 -30 -33 -35 0 
-7 -9 -19 -22 -25 0 
-10 -28 -32 0 
-1 -11 -15 -17 -19 -24 -25 -29 0 
-5 -8 -17 -19 -27 -34 0 
-6 -13 -15 -17 -21 -22 -29 0 
-8 -18 -19 -22 -24 -32 -34 -36 0 
-1 -4 -8 -9 -14 -16 -19 -20 -23 -26 -27 -32 -33 -35 0 
-7 -20 -31 -32 -34 -36 0 
-2 -6 -7 -9 -18 -20 -30 0 
-1 -10 -12 -13 -17 -26 -27 -35 0 
-3 -8 -10 -14 -15 -18 -23 -24 -28 0 
-4 -10 -17 -22 -24 -27 -30 0 
-5 -10 -18 -22 0 
-5 -17 -24 -29 -33 0 
-1 -2 -5 -6 -20 -22 -23 -25 -26 -32 0 
-3 -4 -5 -15 -20 -33 0 
-6 -7 -13 -22 -25 -33 -35 0 
-6 -16 -19 -32 0 
-4 -7 -10 -19 -21 -23 -25 -33 -34 0 
-18 -29 -31 -36 0 
-1 -12 0 
-5 -13 -20 -29 -35 0 
-5 -10 -28 -35 0 
-1 -3 -6 -7 -11 -22 -24 -32 0 
-2 -5 -6 -12 -18 -20 -25 -28 -32 0 
-3 -7 -9 -24 -29 -31 0 
-3 -7 -13 -18 -21 -32 -35 0 
-4 -8 -24 -26 -32 -35 0 
-8 -10 -19 -21 -22 -28 -34 -36 0 
-5 -14 -17 -20 0 
-10 -14 -31 -32 -33 -34 -35 0 
-1 -9 -25 -26 -30 0 
-3 -4 -16 -20 -23 -32 0 
-1 -5 -7 -18 -22 -25 0 
-4 -13 -17 -18 -25 -26 -32 0 
-2 -8 -15 -17 -21 -26 -27 0 
-8 -10 -20 -30 -31 -33 -34 0 
-2 -5 -17 -26 -28 -29 0 
-2 -32 0 
-3 -10 -16 -29 -31 0 
-5 -7 -8 -14 -16 -22 -26 -28 -30 -35 0 
-4 -6 -10 -12 -17 -18 -21 -29 -36 0 
-2 -6 -7 -11 -13 -19 -26 -30 -33 0 
-6 -10 -13 -26 -31 -32 -33 -34 0 
-12 -28 -33 0 
-9 -10 -14 -15 -20 -22 -35 0 
-10 -12 -13 -14 -16 -21 -22 -25 0 
-2 -4 -5 -7 -11 -14 -18 -20 -25 -28 -34 0 
-6 -9 -31 -33 0 
-3 -12 -22 -30 0 
-3 -4 -15 -26 -28 -31 -35 0 
-5 -7 -9 -10 -21 -29 -35 0 
-3 -4 -6 -11 -13 -18 -20 -21 -33 -34 0 
-2 -10 -14 -17 -26 -27 -29 -34 -35 0 
-5 -14 -16 -29 -33 0 
-10 -14 -15 -16 -21 -25 -31 -33 0 
-1 -22 -23 -32 -35 0 
-8 -12 -16 -20 -21 -31 0 
-13 -15 -17 -31 -33 -36 0 
-6 -8 -9 -15 -24 -27 -34 0 
-2 -15 -18 -24 -29 -33 0 
-3 -15 -23 -24 -28 0 
-20 -25 -28 -34 -36 0 
-4 -7 -10 -12 -13 -15 -16 -26 -28 -35 0 
-9 -10 -13 -19 -26 -30 -36 0 
-3 -4 -6 -9 -21 -22 -29 -33 -34 -36 0 
-2 -12 -31 0 
-5 -23 -24 -26 -35 0 
-5 -7 -12 -14 -21 -23 -27 -31 -32 0 
-8 -13 -19 -20 -21 -27 0 
-9 -10 -19 -21 -22 0 
-1 -4 -24 -25 -29 -36 0 
-1 -2 -6 -18 -22 -24 -26 -31 -33 0 
-5 -13 -19 -21 -22 -25 -30 -31 -33 0 
-2 -3 -5 -7 -13 -15 -16 -19 -22 -29 -31 -32 -33 0 
-15 -25 -27 0 
-1 -16 -21 -23 -26 -27 -29 -35 -36 0 
-11 -12 -18 -22 -32 0 
-5 -12 -17 -28 -31 -36 0 
-1 -7 -21 -26 -27 -29 -31 -33 0 
-3 -8 -14 -16 -19 -22 -24 -29 -35 0 
-1 -4 -9 -11 -22 -30 -31 -35 0 
-1 -20 -34 0 
-1 -2 -10 -15 -30 0 
-1 -5 -8 -9 -26 -28 0 
-9 -11 -12 -14 -19 -24 -34 0 
-2 -4 -12 -20 -24 -30 -34 0 
-9 -10 -12 0 
-7 -19 -32 -33 -36 0 
-5 -14 -27 -31 -33 -35 0 
-5 -15 -20 -26 -28 -29 0 
-1 -12 -24 -28 -31 0 
-4 -5 -6 -10 -20 -30 -34 0 
-2 -10 -16 -28 -33 0 
-1 -2 -5 -6 -8 -28 -30 0 
-4 -5 -10 -17 -23 0 
-7 -11 -19 -24 -25 -31 -36 0 
-3 -14 -23 -29 -30 -36 0 
-1 -6 -19 -26 -29 -32 0 
-6 -13 -14 -19 -20 -32 0 
-1 -9 -10 -13 -19 -26 -28 -32 0 
-4 -10 -14 -21 -24 0 
-2 -8 -13 -23 0 
-1 -3 -5 -8 -13 -24 -28 -30 0 
-1 -11 -15 -19 -21 0 
-2 -5 -8 -13 -16 -24 -35 0 
-2 -16 -18 -20 -23 -24 -26 -29 -31 -34 -35 0 
-1 -3 -4 -7 -16 -17 -19 -24 -27 -28 -36 0 
-7 -16 -17 -26 -28 -32 0 
-1 -12 -14 -22 -26 -33 0 
-4 -5 -11 -12 -17 -27 -28 -36 0 
-8 -9 -10 -12 -13 -15 -29 -32 0 
-6 -8 -11 -12 -26 -28 -31 0 
-16 -22 -26 -28 -33 0 
-13 -19 -20 -22 -26 -27 -28 -33 -35 0 
-14 -18 -29 -30 -32 0 
-2 -15 -27 -29 -30 -35 0 
-3 -6 -12 -13 -18 -29 -30 0 
-4 -8 -12 -14 -16 -27 -29 -36 0 
-13 -18 -27 -32 -34 0 
-4 -7 -12 -15 -22 -27 0 
-4 -12 -23 -34 0 
-1 -11 -14 -16 -25 -27 -30 0 
-15 -25 -26 -27 -31 -33 0 
-1 -6 -7 -24 -32 0 
-1 -3 -10 -15 -34 -35 0 
-2 -6 -14 -20 -22 -33 0 
-7 -11 0 
-9 -15 -19 -24 0 
-5 -6 -14 -21 -23 -36 0 
-2 -11 -16 -22 -36 0 
-9 -13 -17 -19 -20 0 
-4 -8 -9 -16 -20 -21 -23 -26 -33 0 
-14 -15 -28 -30 -36 0 
-6 -16 -17 -18 -21 -22 0 
-1 -8 -33 0 
-8 -16 -18 -29 -31 -36 0 
-3 -4 -10 -19 -22 -34 0 
-5 -13 -14 -15 -20 -25 -35 0 
-4 -8 -14 -25 -26 -32 -36 0 
-1 -5 -17 -24 -35 0 
-2 -3 -4 -5 -13 -17 -20 -21 -32 0 
-2 -5 -10 -17 -19 -20 -24 -25 -26 -31 0 
-2 -12 -17 -24 -28 -33 -35 -36 0 
-8 -10 -14 -17 -27 0 
-3 -20 -21 -28 -34 0 
-9 -11 -23 -29 -31 -33 0 
-3 -7 -8 -9 -13 -17 -25 -32 -34 0 
-6 -20 -24 -33 -34 -35 -36 0 
-16 -18 -24 -27 -33 -34 0 
-15 -20 -28 -29 -30 -34 -35 -36 0 
-15 -21 -28 -29 -30 0 
-6 -7 -8 -19 -20 -32 0 
-9 -18 -25 -26 -28 -35 0 
-7 -10 -29 -31 0 
-1 -8 -27 -29 -33 0 
-4 -6 -9 -10 -12 -15 -27 0 
-1 -13 -18 -22 -24 -34 0 
-1 -9 -11 0 
-4 -7 -11 -15 -25 -27 -30 -36 0 
-1 -19 -21 -22 -24 -25 -26 0 
-9 -10 -13 -14 -15 -17 -20 -27 -30 0 
-17 -18 -25 -27 -28 -30 -36 0 
-7 -9 -15 -23 -34 -35 0 
-3 -7 -13 -18 -19 -22 -25 -26 -27 0 
-1 -3 -13 -26 0 
-12 -20 -21 -22 -25 -26 0 
-4 -6 -8 -13 -29 -30 -35 0 
-4 -8 -10 -14 -26 -27 0 
-3 -5 -7 -18 -21 -24 -26 -27 -29 0 
-2 -3 -17 -20 -27 -31 -32 -33 -34 0 
-12 -16 -25 -30 -33 0 
-4 -16 -17 -18 -21 -26 -35 0 
-2 -7 -8 -10 -13 -14 -27 -34 0 
-9 -10 -11 -12 -16 -19 -24 -35 -36 0 
-1 -6 -9 -19 -23 -25 0 
-1 -15 -23 -31 0 
-6 -21 -25 -31 -36 0 
-4 -8 -9 -17 -24 -29 -33 0 
-8 -11 -16 -19 -27 0 
-9 -15 -20 -21 -23 -28 -29 -30 -35 0 
-3 -7 -8 -11 -13 -18 0 
-3 -10 -11 -21 -24 -29 0 
-2 -3 -5 -6 -9 -10 -11 -12 0 
-6 -8 -9 -16 -22 -24 -29 0 
-7 -9 -15 -21 -26 -27 -34 0 
-4 -8 -15 -27 0 
-6 -15 -23 -24 -29 -35 0 
-11 -13 -22 -28 -33 -34 0 
-5 -9 -15 -23 -27 -36 0 
-3 -4 -8 -10 -11 -21 -23 -35 -36 0 
-1 -4 -5 -7 -21 -24 -33 0 
-12 -15 0 
-3 -13 -14 -19 -20 -31 0 
-2 -3 -4 -6 -21 -22 -24 -26 -33 -35 0 
-3 -9 -14 -17 -18 -27 -29 0 
-1 -2 -12 -15 -24 -31 0 
-2 -11 -18 -32 -36 0 
-11 -16 -19 -21 -25 0 
-4 -6 -18 -21 -34 0 
-4 -6 -8 -14 -16 -34 -35 0 
-4 -12 -14 -19 -22 -27 0 
-5 -9 -12 -14 -16 -26 -27 -33 0 
-4 -7 -18 -21 -24 -33 -35 0 
-1 -5 -8 -10 -11 -12 -21 -28 -35 0 
-4 -9 -11 -16 -25 -26 -27 -29 0 
-11 -16 -25 -26 -28 -29 -31 -36 0 
-10 -20 -23 -25 -36 0 
-2 -7 -9 -11 -15 -16 -26 0 
-9 -14 -22 -24 -26 -33 -36 0 
-5 -7 -33 -36 0 
-15 -30 -31 -35 0 
-5 -14 -20 -24 -36 0 
-2 -9 -21 -23 -25 -26 -27 -34 0 
-3 -6 -14 -18 -20 -29 -30 -31 0 
-2 -3 -7 -11 -17 -31 -32 -35 -36 0 
-5 -23 -26 -30 -32 -33 -36 0 
-10 -13 -17 -24 -25 -34 0 
-2 -13 -16 -19 -28 0 
-17 -19 -22 -27 -29 0 
-10 -13 -16 -25 -35 0 
-9 -12 -17 -19 -20 -25 -26 -36 0 
-6 -7 -21 -34 0 
-1 -7 -12 -21 -24 -26 -30 -36 0 
-4 -9 -10 -13 -14 -16 -20 -21 -23 0 
-1 -8 -10 -12 -13 -16 -18 -20 0 
-4 -7 -10 -11 -12 -24 -27 0 
-4 -18 -19 -21 -23 -34 0 
-2 -24 -29 -30 -32 0 
-2 -7 -23 -26 -28 -31 0 
-7 -10 -11 -23 -24 -26 -27 -29 0 
-4 -6 -12 -26 0 
-7 -13 -16 -26 -35 -36 0 
-7 -13 -16 -29 -35 -36 0 
-3 -6 -7 -30 -31 0 
-2 -5 -6 -10 -24 -25 -35 0 
