p cnf 36 800
3 9 13 15 0 
2 16 22 33 0 
6 8 11 32 0 
2 5 6 7 13 21 25 31 35 0 
3 15 16 19 28 29 32 36 0 
3 4 8 10 26 0 
14 26 0 
7 8 12 16 0 
3 15 16 20 26 35 36 0 
6 7 18 22 23 26 29 30 0 
15 19 28 29 34 0 
8 11 13 18 19 24 32 0 
5 26 31 0 
7 9 10 20 30 0 
2 4 6 10 13 23 24 26 29 0 
3 7 17 25 28 32 35 0 
3 6 7 8 12 13 18 29 0 
3 10 11 15 18 19 21 22 25 27 0 
7 8 14 33 35 0 
2 15 22 0 
6 9 14 25 28 30 31 32 36 0 
11 19 24 33 36 0 
7 15 22 25 35 36 0 
2 6 18 21 27 28 35 0 
5 16 18 33 35 0 
7 8 10 11 21 27 28 0 
13 14 18 20 30 0 
3 7 12 26 35 0 
14 17 18 22 36 0 
4 6 19 20 29 35 0 
1 3 7 23 35 0 
2 6 16 24 28 36 0 
18 20 24 28 32 33 0 
2 4 5 25 28 36 0 
1 6 7 11 19 30 0 
4 24 35 0 
5 9 14 15 20 22 0 
17 30 31 33 34 35 0 
3 6 7 9 21 29 31 32 36 0 
3 4 8 9 14 19 22 32 0 
8 12 18 19 27 28 29 0 
10 16 17 22 28 32 35 36 0 
2 11 16 21 27 29 34 0 
2 10 20 28 34 0 
13 15 27 29 32 0 
21 26 27 31 0 
6 11 12 15 22 24 26 27 31 36 0 
1 4 7 8 18 22 31 35 0 
3 9 16 25 31 33 34 0 
7 9 15 16 26 29 32 34 36 0 
9 10 11 22 24 28 0 
1 3 8 15 19 20 27 0 
1 11 26 32 0 
10 12 15 18 20 29 35 0 
6 7 10 13 21 22 23 27 0 
1 5 8 9 14 21 28 33 0 
3 14 19 22 23 24 26 30 0 
2 14 15 19 21 23 32 34 0 
5 8 10 12 13 21 30 32 33 0 
1 11 24 31 0 
4 5 15 16 20 28 36 0 
18 31 0 
1 8 13 16 28 0 
3 10 13 26 32 34 35 0 
4 5 7 8 10 12 18 30 32 33 0 
7 10 21 22 28 0 
1 7 13 14 21 23 24 26 0 
9 14 18 19 22 28 35 0 
3 6 9 22 30 31 33 0 
7 24 27 28 0 
8 11 16 21 22 24 25 30 31 0 
3 5 15 17 30 36 0 
1 6 17 18 20 30 36 0 
1 25 26 27 29 34 36 0 
4 14 17 18 32 0 
4 5 6 14 18 28 0 
3 8 11 20 23 0 
3 4 5 6 29 34 0 
1 13 22 25 26 0 
3 5 11 19 20 0 
6 19 24 28 31 33 34 0 
9 20 23 27 0 
2 4 12 17 19 21 28 0 
7 9 11 14 24 25 28 30 0 
7 14 16 24 27 0 
11 16 17 22 29 31 0 
1 4 7 10 14 18 19 29 0 
3 8 16 22 0 
6 20 23 26 30 34 0 
1 3 8 10 12 17 25 27 31 33 36 0 
5 19 22 0 
2 7 8 15 25 29 35 36 0 
4 6 9 20 21 28 31 0 
2 3 10 15 16 25 0 
11 15 17 18 33 0 
6 8 18 23 29 34 0 
1 12 21 26 0 
6 10 13 21 28 29 0 
1 3 4 8 10 14 16 17 20 22 29 32 34 0 
1 2 12 28 30 32 0 
1 11 13 14 26 33 0 
6 12 16 26 31 32 34 0 
6 10 11 20 31 35 0 
3 8 11 14 15 16 33 34 0 
1 17 25 26 32 0 
1 14 23 0 
5 9 10 20 27 0 
1 22 26 31 0 
7 11 23 32 35 36 0 
1 5 16 26 0 
1 2 5 8 14 15 18 21 23 24 32 33 0 
2 6 8 17 22 25 28 0 
5 14 22 24 26 27 28 33 0 
1 2 5 8 14 29 0 
8 9 10 23 29 30 31 35 0 
2 7 14 21 26 36 0 
1 4 5 10 11 17 18 25 0 
1 2 3 16 28 33 36 0 
3 12 14 17 27 28 30 0 
6 12 13 15 24 26 27 29 34 0 
8 10 12 15 18 22 26 27 32 0 
2 7 8 11 15 20 28 34 0 
17 23 24 27 33 0 
4 7 17 23 27 0 
5 16 18 20 27 32 36 0 
1 3 11 27 35 0 
1 3 21 28 36 0 
1 8 10 13 14 0 
2 6 17 19 20 21 26 27 0 
3 4 6 7 13 19 31 32 33 0 
2 13 18 19 26 36 0 
2 5 7 16 25 26 30 0 
6 20 22 0 
1 15 20 24 26 27 30 32 34 36 0 
2 7 12 18 19 24 26 27 33 35 0 
11 15 18 20 34 0 
5 8 11 18 19 21 23 0 
3 22 27 28 0 
7 8 12 15 0 
6 11 13 25 26 27 34 0 
4 7 11 14 18 23 0 
4 22 31 0 
8 23 27 30 34 0 
2 7 8 11 12 14 15 19 23 28 32 0 
6 9 13 24 26 27 30 31 0 
1 7 11 15 16 18 21 23 28 35 0 
2 8 10 17 18 30 31 34 35 0 
16 20 24 32 0 
2 20 26 0 
10 22 23 24 32 33 35 0 
2 6 12 18 25 29 32 33 0 
1 9 15 17 23 25 29 36 0 
2 4 12 16 19 23 33 0 
1 12 22 24 25 0 
9 12 19 20 24 31 0 
2 3 5 7 22 23 26 28 36 0 
7 9 11 12 15 22 30 0 
1 3 12 17 23 29 34 35 36 0 
10 17 19 23 27 35 0 
3 6 8 14 21 31 32 36 0 
2 6 12 18 24 25 28 29 32 0 
4 5 6 28 34 0 
2 3 10 16 17 23 25 29 33 34 0 
1 5 17 27 32 0 
3 13 15 17 22 26 33 0 
7 10 21 24 29 0 
2 14 18 20 25 31 0 
7 15 16 19 24 25 34 0 
6 10 11 16 20 24 26 28 33 34 0 
3 11 12 14 21 23 30 0 
1 2 12 13 16 18 20 21 22 0 
9 23 28 31 33 36 0 
7 13 26 29 36 0 
2 5 17 21 24 34 35 0 
9 10 12 15 31 35 36 0 
6 10 18 19 26 30 0 
17 20 21 29 30 31 0 
11 30 31 32 0 
5 11 34 0 
10 15 20 24 28 31 36 0 
3 12 13 18 25 0 
6 7 14 33 0 
11 12 13 17 22 31 36 0 
4 15 26 32 36 0 
9 10 11 18 22 0 
8 10 12 18 19 26 27 0 
3 4 6 7 8 10 12 20 22 23 26 0 
3 7 8 14 21 27 30 34 0 
2 16 18 33 34 0 
15 16 19 22 23 26 36 0 
7 11 20 22 26 27 0 
13 14 24 29 0 
5 15 22 26 32 36 0 
15 16 19 30 31 32 34 0 
3 4 9 11 18 24 26 33 0 
8 15 17 30 34 0 
3 16 21 22 26 0 
4 7 10 13 15 17 18 23 36 0 
7 8 13 15 17 18 19 24 31 32 36 0 
7 9 17 23 27 36 0 
1 7 19 25 31 0 
7 13 14 19 22 27 35 0 
1 9 12 13 14 19 21 22 32 34 0 
1 2 4 9 10 11 19 20 22 23 25 30 32 0 
1 14 22 34 0 
6 9 19 20 21 27 28 0 
1 2 7 9 10 12 20 26 32 33 0 
13 14 23 32 0 
1 2 3 6 23 32 33 0 
10 11 12 20 26 27 34 0 
12 13 17 19 26 32 34 0 
8 14 32 33 35 0 
8 10 15 29 0 
8 13 24 25 27 31 33 35 0 
7 33 0 
3 5 7 13 27 31 0 
12 13 14 24 27 28 29 34 35 0 
7 9 18 20 25 26 27 29 30 0 
1 2 7 8 14 16 18 22 24 27 0 
1 14 16 17 18 23 28 31 0 
3 6 9 36 0 
1 15 17 20 22 23 0 
14 16 22 23 32 34 35 0 
7 14 16 23 29 35 0 
6 8 12 13 17 21 30 0 
10 13 19 0 
4 13 14 32 36 0 
5 10 14 20 24 27 30 32 0 
6 9 25 34 0 
21 29 31 32 0 
3 5 20 21 23 25 26 0 
8 9 26 30 34 0 
13 17 19 20 22 25 29 30 33 36 0 
4 10 13 14 15 16 18 19 21 27 33 0 
3 7 15 17 20 30 34 0 
1 8 17 18 21 25 29 36 0 
1 3 4 15 18 22 27 0 
3 11 16 17 24 31 36 0 
2 3 4 12 19 0 
6 11 21 22 23 32 0 
4 5 13 15 19 21 23 29 0 
2 9 12 23 24 29 0 
3 14 15 18 21 22 30 34 0 
13 19 25 28 35 36 0 
3 5 6 7 9 23 33 36 0 
14 24 28 31 35 0 
1 9 11 19 21 25 35 0 
7 17 26 32 33 35 0 
1 9 23 25 26 31 0 
11 19 21 35 0 
11 15 17 27 0 
4 7 11 12 29 31 33 0 
2 13 27 33 0 
1 9 13 24 31 36 0 
3 5 6 15 26 34 0 
15 16 20 25 28 0 
3 6 9 15 22 28 33 0 
4 8 12 22 34 0 
1 4 23 26 34 0 
5 6 11 15 26 33 0 
15 21 33 0 
12 15 24 29 31 33 35 0 
2 5 19 20 29 33 0 
1 5 7 16 34 0 
14 17 27 28 0 
2 14 16 23 32 34 0 
4 8 11 13 17 24 26 30 32 36 0 
12 16 29 33 0 
4 8 22 32 0 
4 9 10 12 25 26 27 28 29 30 33 0 
3 5 9 11 12 13 18 23 0 
1 13 14 0 
2 14 33 0 
5 14 18 25 26 29 30 0 
1 2 4 5 27 29 32 36 0 
1 8 11 23 27 30 34 0 
1 9 15 17 22 27 28 32 0 
2 11 13 18 33 0 
7 9 10 20 23 25 35 0 
1 2 4 5 9 12 14 15 32 0 
4 13 16 24 25 30 0 
3 18 26 27 33 0 
3 9 14 19 0 
7 14 19 25 26 27 31 32 0 
2 9 11 12 16 18 21 32 35 36 0 
10 14 18 23 25 0 
2 3 18 25 29 31 35 0 
12 13 18 27 32 34 0 
4 24 25 30 31 35 0 
2 24 27 0 
1 5 11 12 14 20 21 23 26 33 0 
4 7 12 21 30 0 
9 16 29 33 34 35 0 
2 3 9 16 27 0 
8 11 26 28 33 35 0 
2 10 13 15 18 21 23 29 0 
9 15 0 
4 5 12 16 32 34 0 
5 23 30 35 0 
13 14 17 24 30 32 0 
7 8 11 12 19 21 28 33 0 
8 9 11 14 22 34 0 
27 34 35 0 
3 8 11 16 18 20 28 29 0 
1 6 13 15 17 20 33 35 0 
1 4 7 16 20 29 34 35 0 
4 8 18 25 30 31 32 34 0 
13 14 20 26 29 36 0 
2 5 10 19 20 22 23 34 0 
3 8 18 25 28 33 0 
6 7 8 13 14 28 0 
17 21 22 23 33 35 0 
18 24 26 35 0 
1 18 19 23 28 29 30 31 0 
1 5 15 20 28 0 
20 35 36 0 
8 13 15 28 31 0 
2 5 7 14 16 17 23 28 33 35 0 
3 6 10 15 16 18 20 23 33 35 0 
2 31 33 36 0 
9 17 18 25 29 30 31 32 35 0 
7 10 16 18 19 33 0 
2 14 20 25 27 31 0 
3 9 14 21 36 0 
6 8 10 12 14 15 27 32 33 0 
9 21 31 33 0 
2 10 13 29 32 34 35 36 0 
2 5 6 21 29 36 0 
8 11 22 32 0 
10 23 32 36 0 
8 25 26 29 35 0 
1 15 21 31 32 34 0 
4 6 14 24 0 
9 12 21 22 24 30 33 34 35 0 
12 14 16 18 19 22 29 35 36 0 
6 8 10 19 22 23 32 0 
2 7 10 19 29 0 
13 24 28 33 34 36 0 
7 14 27 29 36 0 
15 17 19 22 24 36 0 
4 17 20 34 36 0 
6 7 10 17 30 0 
3 10 13 21 27 36 0 
1 8 16 28 29 0 
1 6 16 18 20 21 23 26 31 36 0 
12 15 19 25 29 30 35 0 
4 9 10 32 0 
7 8 14 15 18 20 26 34 36 0 
1 2 7 10 14 24 25 28 30 0 
7 18 24 25 27 0 
3 4 9 22 25 28 0 
16 19 22 25 29 0 
1 6 13 17 19 21 22 23 0 
7 8 13 27 0 
2 7 11 16 23 28 30 36 0 
4 7 11 18 24 32 35 0 
4 7 8 28 29 31 34 0 
4 21 25 26 27 28 0 
3 4 6 7 8 15 17 20 23 36 0 
7 12 15 16 19 31 34 0 
2 7 28 31 0 
10 17 27 0 
3 12 15 20 25 27 35 36 0 
3 10 21 22 24 27 32 34 0 
2 9 10 11 18 21 23 35 0 
1 3 4 10 20 23 24 0 
6 7 17 24 29 31 35 0 
18 23 25 36 0 
2 16 24 25 32 35 0 
10 16 26 0 
12 13 18 21 29 0 
4 21 24 26 0 
3 5 7 8 13 17 21 22 24 28 34 36 0 
1 3 10 13 21 30 0 
6 7 10 12 24 27 31 0 
2 3 13 18 19 32 36 0 
10 13 34 0 
2 4 5 13 15 21 24 27 31 32 33 0 
9 13 28 33 0 
6 11 15 17 21 22 24 29 31 36 0 
1 16 22 27 31 34 36 0 
2 13 14 17 24 28 32 35 0 
5 16 21 26 29 36 0 
2 4 24 27 35 0 
3 10 29 31 36 0 
2 15 27 28 29 0 
3 9 14 32 33 0 
3 4 10 19 22 26 0 
1 3 10 23 26 27 34 0 
4 9 10 12 24 26 29 31 35 0 
3 5 13 21 22 23 34 0 
1 4 5 7 9 10 11 13 21 26 30 0 
2 7 23 24 28 30 0 
1 3 6 9 0 
7 11 16 0 
4 8 13 20 21 22 25 29 31 0 
3 5 6 7 12 16 22 0 
2 5 6 7 9 13 17 0 
1 6 24 32 0 
2 3 6 8 17 22 24 30 31 0 
-3 -9 -13 -15 0 
-2 -16 -22 -33 0 
-6 -8 -11 -32 0 
-2 -5 -6 -7 -13 -21 -25 -31 -35 0 
-3 -15 -16 -19 -28 -29 -32 -36 0 
-3 -4 -8 -10 -26 0 
-14 -26 0 
-7 -8 -12 -16 0 
-3 -15 -16 -20 -26 -35 -36 0 
-6 -7 -18 -22 -23 -26 -29 -30 0 
-15 -19 -28 -29 -34 0 
-8 -11 -13 -18 -19 -24 -32 0 
-5 -26 -31 0 
-7 -9 -10 -20 -30 0 
-2 -4 -6 -10 -13 -23 -24 -26 -29 0 
-3 -7 -17 -25 -28 -32 -35 0 
-3 -6 -7 -8 -12 -13 -18 -29 0 
-3 -10 -11 -15 -18 -19 -21 -22 -25 -27 0 
-7 -8 -14 -33 -35 0 
-2 -15 -22 0 
-6 -9 -14 -25 -28 -30 -31 -32 -36 0 
-11 -19 -24 -33 -36 0 
-7 -15 -22 -25 -35 -36 0 
-2 -6 -18 -21 -27 -28 -35 0 
-5 -16 -18 -33 -35 0 
-7 -8 -10 -11 -21 -27 -28 0 
-13 -14 -18 -20 -30 0 
-3 -7 -12 -26 -35 0 
-14 -17 -18 -22 -36 0 
-4 -6 -19 -20 -29 -35 0 
-1 -3 -7 -23 -35 0 
-2 -6 -16 -24 -28 -36 0 
-18 -20 -24 -28 -32 -33 0 
-2 -4 -5 -25 -28 -36 0 
-1 -6 -7 -11 -19 -30 0 
-4 -24 -35 0 
-5 -9 -14 -15 -20 -22 0 
-17 -30 -31 -33 -34 -35 0 
-3 -6 -7 -9 -21 -29 -31 -32 -36 0 
-3 -4 -8 -9 -14 -19 -22 -32 0 
-8 -12 -18 -19 -27 -28 -29 0 
-10 -16 -17 -22 -28 -32 -35 -36 0 
-2 -11 -16 -21 -27 -29 -34 0 
-2 -10 -20 -28 -34 0 
-13 -15 -27 -29 -32 0 
-21 -26 -27 -31 0 
-6 -11 -12 -15 -22 -24 -26 -27 -31 -36 0 
-1 -4 -7 -8 -18 -22 -31 -35 0 
-3 -9 -16 -25 -31 -33 -34 0 
-7 -9 -15 -16 -26 -29 -32 -34 -36 0 
-9 -10 -11 -22 -24 -28 0 
-1 -3 -8 -15 -19 -20 -27 0 
-1 -11 -26 -32 0 
-10 -12 -15 -18 -20 -29 -35 0 
-6 -7 -10 -13 -21 -22 -23 -27 0 
-1 -5 -8 -9 -14 -21 -28 -33 0 
-3 -14 -19 -22 -23 -24 -26 -30 0 
-2 -14 -15 -19 -21 -23 -32 -34 0 
-5 -8 -10 -12 -13 -21 -30 -32 -33 0 
-1 -11 -24 -31 0 
-4 -5 -15 -16 -20 -28 -36 0 
-18 -31 0 
-1 -8 -13 -16 -28 0 
-3 -10 -13 -26 -32 -34 -35 0 
-4 -5 -7 -8 -10 -12 -18 -30 -32 -33 0 
-7 -10 -21 -22 -28 0 
-1 -7 -13 -14 -21 -23 -24 -26 0 
-9 -14 -18 -19 -22 -28 -35 0 
-3 -6 -9 -22 -30 -31 -33 0 
-7 -24 -27 -28 0 
-8 -11 -16 -21 -22 -24 -25 -30 -31 0 
-3 -5 -15 -17 -30 -36 0 
-1 -6 -17 -18 -20 -30 -36 0 
-1 -25 -26 -27 -29 -34 -36 0 
-4 -14 -17 -18 -32 0 
-4 -5 -6 -14 -18 -28 0 
-3 -8 -11 -20 -23 0 
-3 -4 -5 -6 -29 -34 0 
-1 -13 -22 -25 -26 0 
-3 -5 -11 -19 -20 0 
-6 -19 -24 -28 -31 -33 -34 0 
-9 -20 -23 -27 0 
-2 -4 -12 -17 -19 -21 -28 0 
-7 -9 -11 -14 -24 -25 -28 -30 0 
-7 -14 -16 -24 -27 0 
-11 -16 -17 -22 -29 -31 0 
-1 -4 -7 -10 -14 -18 -19 -29 0 
-3 -8 -16 -22 0 
-6 -20 -23 -26 -30 -34 0 
-1 -3 -8 -10 -12 -17 -25 -27 -31 -33 -36 0 
-5 -19 -22 0 
-2 -7 -8 -15 -25 -29 -35 -36 0 
-4 -6 -9 -20 -21 -28 -31 0 
-2 -3 -10 -15 -16 -25 0 
-11 -15 -17 -18 -33 0 
-6 -8 -18 -23 -29 -34 0 
-1 -12 -21 -26 0 
-6 -10 -13 -21 -28 -29 0 
-1 -3 -4 -8 -10 -14 -16 -17 -20 -22 -29 -32 -34 0 
-1 -2 -12 -28 -30 -32 0 
-1 -11 -13 -14 -26 -33 0 
-6 -12 -16 -26 -31 -32 -34 0 
-6 -10 -11 -20 -31 -35 0 
-3 -8 -11 -14 -15 -16 -33 -34 0 
-1 -17 -25 -26 -32 0 
-1 -14 -23 0 
-5 -9 -10 -20 -27 0 
-1 -22 -26 -31 0 
-7 -11 -23 -32 -35 -36 0 
-1 -5 -16 -26 0 
-1 -2 -5 -8 -14 -15 -18 -21 -23 -24 -32 -33 0 
-2 -6 -8 -17 -22 -25 -28 0 
-5 -14 -22 -24 -26 -27 -28 -33 0 
-1 -2 -5 -8 -14 -29 0 
-8 -9 -10 -23 -29 -30 -31 -35 0 
-2 -7 -14 -21 -26 -36 0 
-1 -4 -5 -10 -11 -17 -18 -25 0 
-1 -2 -3 -16 -28 -33 -36 0 
-3 -12 -14 -17 -27 -28 -30 0 
-6 -12 -13 -15 -24 -26 -27 -29 -34 0 
-8 -10 -12 -15 -18 -22 -26 -27 -32 0 
-2 -7 -8 -11 -15 -20 -28 -34 0 
-17 -23 -24 -27 -33 0 
-4 -7 -17 -23 -27 0 
-5 -16 -18 -20 -27 -32 -36 0 
-1 -3 -11 -27 -35 0 
-1 -3 -21 -28 -36 0 
-1 -8 -10 -13 -14 0 
-2 -6 -17 -19 -20 -21 -26 -27 0 
-3 -4 -6 -7 -13 -19 -31 -32 -33 0 
-2 -13 -18 -19 -26 -36 0 
-2 -5 -7 -16 -25 -26 -30 0 
-6 -20 -22 0 
-1 -15 -20 -24 -26 -27 -30 -32 -34 -36 0 
-2 -7 -12 -18 -19 -24 -26 -27 -33 -35 0 
-11 -15 -18 -20 -34 0 
-5 -8 -11 -18 -19 -21 -23 0 
-3 -22 -27 -28 0 
-7 -8 -12 -15 0 
-6 -11 -13 -25 -26 -27 -34 0 
-4 -7 -11 -14 -18 -23 0 
-4 -22 -31 0 
-8 -23 -27 -30 -34 0 
-2 -7 -8 -11 -12 -14 -15 -19 -23 -28 -32 0 
-6 -9 -13 -24 -26 -27 -30 -31 0 
-1 -7 -11 -15 -16 -18 -21 -23 -28 -35 0 
-2 -8 -10 -17 -18 -30 -31 -34 -35 0 
-16 -20 -24 -32 0 
-2 -20 -26 0 
-10 -22 -23 -24 -32 -33 -35 0 
-2 -6 -12 -18 -25 -29 -32 -33 0 
-1 -9 -15 -17 -23 -25 -29 -36 0 
-2 -4 -12 -16 -19 -23 -33 0 
-1 -12 -22 -24 -25 0 
-9 -12 -19 -20 -24 -31 0 
-2 -3 -5 -7 -22 -23 -26 -28 -36 0 
-7 -9 -11 -12 -15 -22 -30 0 
-1 -3 -12 -17 -23 -29 -34 -35 -36 0 
-10 -17 -19 -23 -27 -35 0 
-3 -6 -8 -14 -21 -31 -32 -36 0 
-2 -6 -12 -18 -24 -25 -28 -29 -32 0 
-4 -5 -6 -28 -34 0 
-2 -3 -10 -16 -17 -23 -25 -29 -33 -34 0 
-1 -5 -17 -27 -32 0 
-3 -13 -15 -17 -22 -26 -33 0 
-7 -10 -21 -24 -29 0 
-2 -14 -18 -20 -25 -31 0 
-7 -15 -16 -19 -24 -25 -34 0 
-6 -10 -11 -16 -20 -24 -26 -28 -33 -34 0 
-3 -11 -12 -14 -21 -23 -30 0 
-1 -2 -12 -13 -16 -18 -20 -21 -22 0 
-9 -23 -28 -31 -33 -36 0 
-7 -13 -26 -29 -36 0 
-2 -5 -17 -21 -24 -34 -35 0 
-9 -10 -12 -15 -31 -35 -36 0 
-6 -10 -18 -19 -26 -30 0 
-17 -20 -21 -29 -30 -31 0 
-11 -30 -31 -32 0 
-5 -11 -34 0 
-10 -15 -20 -24 -28 -31 -36 0 
-3 -12 -13 -18 -25 0 
-6 -7 -14 -33 0 
-11 -12 -13 -17 -22 -31 -36 0 
-4 -15 -26 -32 -36 0 
-9 -10 -11 -18 -22 0 
-8 -10 -12 -18 -19 -26 -27 0 
-3 -4 -6 -7 -8 -10 -12 -20 -22 -23 -26 0 
-3 -7 -8 -14 -21 -27 -30 -34 0 
-2 -16 -18 -33 -34 0 
-15 -16 -19 -22 -23 -26 -36 0 
-7 -11 -20 -22 -26 -27 0 
-13 -14 -24 -29 0 
-5 -15 -22 -26 -32 -36 0 
-15 -16 -19 -30 -31 -32 -34 0 
-3 -4 -9 -11 -18 -24 -26 -33 0 
-8 -15 -17 -30 -34 0 
-3 -16 -21 -22 -26 0 
-4 -7 -10 -13 -15 -17 -18 -23 -36 0 
-7 -8 -13 -15 -17 -18 -19 -24 -31 -32 -36 0 
-7 -9 -17 -23 -27 -36 0 
-1 -7 -19 -25 -31 0 
-7 -13 -14 -19 -22 -27 -35 0 
-1 -9 -12 -13 -14 -19 -21 -22 -32 -34 0 
-1 -2 -4 -9 -10 -11 -19 -20 -22 -23 -25 -30 -32 0 
-1 -14 -22 -34 0 
-6 -9 -19 -20 -21 -27 -28 0 
-1 -2 -7 -9 -10 -12 -20 -26 -32 -33 0 
-13 -14 -23 -32 0 
-1 -2 -3 -6 -23 -32 -33 0 
-10 -11 -12 -20 -26 -27 -34 0 
-12 -13 -17 -19 -26 -32 -34 0 
-8 -14 -32 -33 -35 0 
-8 -10 -15 -29 0 
-8 -13 -24 -25 -27 -31 -33 -35 0 
-7 -33 0 
-3 -5 -7 -13 -27 -31 0 
-12 -13 -14 -24 -27 -28 -29 -34 -35 0 
-7 -9 -18 -20 -25 -26 -27 -29 -30 0 
-1 -2 -7 -8 -14 -16 -18 -22 -24 -27 0 
-1 -14 -16 -17 -18 -23 -28 -31 0 
-3 -6 -9 -36 0 
-1 -15 -17 -20 -22 -23 0 
-14 -16 -22 -23 -32 -34 -35 0 
-7 -14 -16 -23 -29 -35 0 
-6 -8 -12 -13 -17 -21 -30 0 
-10 -13 -19 0 
-4 -13 -14 -32 -36 0 
-5 -10 -14 -20 -24 -27 -30 -32 0 
-6 -9 -25 -34 0 
-21 -29 -31 -32 0 
-3 -5 -20 -21 -23 -25 -26 0 
-8 -9 -26 -30 -34 0 
-13 -17 -19 -20 -22 -25 -29 -30 -33 -36 0 
-4 -10 -13 -14 -15 -16 -18 -19 -21 -27 -33 0 
-3 -7 -15 -17 -20 -30 -34 0 
-1 -8 -17 -18 -21 -25 -29 -36 0 
-1 -3 -4 -15 -18 -22 -27 0 
-3 -11 -16 -17 -24 -31 -36 0 
-2 -3 -4 -12 -19 0 
-6 -11 -21 -22 -23 -32 0 
-4 -5 -13 -15 -19 -21 -23 -29 0 
-2 -9 -12 -23 -24 -29 0 
-3 -14 -15 -18 -21 -22 -30 -34 0 
-13 -19 -25 -28 -35 -36 0 
-3 -5 -6 -7 -9 -23 -33 -36 0 
-14 -24 -28 -31 -35 0 
-1 -9 -11 -19 -21 -25 -35 0 
-7 -17 -26 -32 -33 -35 0 
-1 -9 -23 -25 -26 -31 0 
-11 -19 -21 -35 0 
-11 -15 -17 -27 0 
-4 -7 -11 -12 -29 -31 -33 0 
-2 -13 -27 -33 0 
-1 -9 -13 -24 -31 -36 0 
-3 -5 -6 -15 -26 -34 0 
-15 -16 -20 -25 -28 0 
-3 -6 -9 -15 -22 -28 -33 0 
-4 -8 -12 -22 -34 0 
-1 -4 -23 -26 -34 0 
-5 -6 -11 -15 -26 -33 0 
-15 -21 -33 0 
-12 -15 -24 -29 -31 -33 -35 0 
-2 -5 -19 -20 -29 -33 0 
-1 -5 -7 -16 -34 0 
-14 -17 -27 -28 0 
-2 -14 -16 -23 -32 -34 0 
-4 -8 -11 -13 -17 -24 -26 -30 -32 -36 0 
-12 -16 -29 -33 0 
-4 -8 -22 -32 0 
-4 -9 -10 -12 -25 -26 -27 -28 -29 -30 -33 0 
-3 -5 -9 -11 -12 -13 -18 -23 0 
-1 -13 -14 0 
-2 -14 -33 0 
-5 -14 -18 -25 -26 -29 -30 0 
-1 -2 -4 -5 -27 -29 -32 -36 0 
-1 -8 -11 -23 -27 -30 -34 0 
-1 -9 -15 -17 -22 -27 -28 -32 0 
-2 -11 -13 -18 -33 0 
-7 -9 -10 -20 -23 -25 -35 0 
-1 -2 -4 -5 -9 -12 -14 -15 -32 0 
-4 -13 -16 -24 -25 -30 0 
-3 -18 -26 -27 -33 0 
-3 -9 -14 -19 0 
-7 -14 -19 -25 -26 -27 -31 -32 0 
-2 -9 -11 -12 -16 -18 -21 -32 -35 -36 0 
-10 -14 -18 -23 -25 0 
-2 -3 -18 -25 -29 -31 -35 0 
-12 -13 -18 -27 -32 -34 0 
-4 -24 -25 -30 -31 -35 0 
-2 -24 -27 0 
-1 -5 -11 -12 -14 -20 -21 -23 -26 -33 0 
-4 -7 -12 -21 -30 0 
-9 -16 -29 -33 -34 -35 0 
-2 -3 -9 -16 -27 0 
-8 -11 -26 -28 -33 -35 0 
-2 -10 -13 -15 -18 -21 -23 -29 0 
-9 -15 0 
-4 -5 -12 -16 -32 -34 0 
-5 -23 -30 -35 0 
-13 -14 -17 -24 -30 -32 0 
-7 -8 -11 -12 -19 -21 -28 -33 0 
-8 -9 -11 -14 -22 -34 0 
-27 -34 -35 0 
-3 -8 -11 -16 -18 -20 -28 -29 0 
-1 -6 -13 -15 -17 -20 -33 -35 0 
-1 -4 -7 -16 -20 -29 -34 -35 0 
-4 -8 -18 -25 -30 -31 -32 -34 0 
-13 -14 -20 -26 -29 -36 0 
-2 -5 -10 -19 -20 -22 -23 -34 0 
-3 -8 -18 -25 -28 -33 0 
-6 -7 -8 -13 -14 -28 0 
-17 -21 -22 -23 -33 -35 0 
-18 -24 -26 -35 0 
-1 -18 -19 -23 -28 -29 -30 -31 0 
-1 -5 -15 -20 -28 0 
-20 -35 -36 0 
-8 -13 -15 -28 -31 0 
-2 -5 -7 -14 -16 -17 -23 -28 -33 -35 0 
-3 -6 -10 -15 -16 -18 -20 -23 -33 -35 0 
-2 -31 -33 -36 0 
-9 -17 -18 -25 -29 -30 -31 -32 -35 0 
-7 -10 -16 -18 -19 -33 0 
-2 -14 -20 -25 -27 -31 0 
-3 -9 -14 -21 -36 0 
-6 -8 -10 -12 -14 -15 -27 -32 -33 0 
-9 -21 -31 -33 0 
-2 -10 -13 -29 -32 -34 -35 -36 0 
-2 -5 -6 -21 -29 -36 0 
-8 -11 -22 -32 0 
-10 -23 -32 -36 0 
-8 -25 -26 -29 -35 0 
-1 -15 -21 -31 -32 -34 0 
-4 -6 -14 -24 0 
-9 -12 -21 -22 -24 -30 -33 -34 -35 0 
-12 -14 -16 -18 -19 -22 -29 -35 -36 0 
-6 -8 -10 -19 -22 -23 -32 0 
-2 -7 -10 -19 -29 0 
-13 -24 -28 -33 -34 -36 0 
-7 -14 -27 -29 -36 0 
-15 -17 -19 -22 -24 -36 0 
-4 -17 -20 -34 -36 0 
-6 -7 -10 -17 -30 0 
-3 -10 -13 -21 -27 -36 0 
-1 -8 -16 -28 -29 0 
-1 -6 -16 -18 -20 -21 -23 -26 -31 -36 0 
-12 -15 -19 -25 -29 -30 -35 0 
-4 -9 -10 -32 0 
-7 -8 -14 -15 -18 -20 -26 -34 -36 0 
-1 -2 -7 -10 -14 -24 -25 -28 -30 0 
-7 -18 -24 -25 -27 0 
-3 -4 -9 -22 -25 -28 0 
-16 -19 -22 -25 -29 0 
-1 -6 -13 -17 -19 -21 -22 -23 0 
-7 -8 -13 -27 0 
-2 -7 -11 -16 -23 -28 -30 -36 0 
-4 -7 -11 -18 -24 -32 -35 0 
-4 -7 -8 -28 -29 -31 -34 0 
-4 -21 -25 -26 -27 -28 0 
-3 -4 -6 -7 -8 -15 -17 -20 -23 -36 0 
-7 -12 -15 -16 -19 -31 -34 0 
-2 -7 -28 -31 0 
-10 -17 -27 0 
-3 -12 -15 -20 -25 -27 -35 -36 0 
-3 -10 -21 -22 -24 -27 -32 -34 0 
-2 -9 -10 -11 -18 -21 -23 -35 0 
-1 -3 -4 -10 -20 -23 -24 0 
-6 -7 -17 -24 -29 -31 -35 0 
-18 -23 -25 -36 0 
-2 -16 -24 -25 -32 -35 0 
-10 -16 -26 0 
-12 -13 -18 -21 -29 0 
-4 -21 -24 -26 0 
-3 -5 -7 -8 -13 -17 -21 -22 -24 -28 -34 -36 0 
-1 -3 -10 -13 -21 -30 0 
-6 -7 -10 -12 -24 -27 -31 0 
-2 -3 -13 -18 -19 -32 -36 0 
-10 -13 -34 0 
-2 -4 -5 -13 -15 -21 -24 -27 -31 -32 -33 0 
-9 -13 -28 -33 0 
-6 -11 -15 -17 -21 -22 -24 -29 -31 -36 0 
-1 -16 -22 -27 -31 -34 -36 0 
-2 -13 -14 -17 -24 -28 -32 -35 0 
-5 -16 -21 -26 -29 -36 0 
-2 -4 -24 -27 -35 0 
-3 -10 -29 -31 -36 0 
-2 -15 -27 -28 -29 0 
-3 -9 -14 -32 -33 0 
-3 -4 -10 -19 -22 -26 0 
-1 -3 -10 -23 -26 -27 -34 0 
-4 -9 -10 -12 -24 -26 -29 -31 -35 0 
-3 -5 -13 -21 -22 -23 -34 0 
-1 -4 -5 -7 -9 -10 -11 -13 -21 -26 -30 0 
-2 -7 -23 -24 -28 -30 0 
-1 -3 -6 -9 0 
-7 -11 -16 0 
-4 -8 -13 -20 -21 -22 -25 -29 -31 0 
-3 -5 -6 -7 -12 -16 -22 0 
-2 -5 -6 -7 -9 -13 -17 0 
-1 -6 -24 -32 0 
-2 -3 -6 -8 -17 -22 -24 -30 -31 0 
