p cnf 36 800
3 8 16 18 21 24 36 0 
5 19 23 27 31 0 
2 16 21 22 25 26 34 0 
1 6 7 10 14 25 31 34 0 
2 9 11 14 30 32 0 
9 10 11 20 22 26 35 36 0 
6 9 11 19 28 33 0 
1 4 8 16 29 34 0 
10 15 19 20 26 27 28 0 
6 8 9 16 0 
7 10 12 19 20 25 26 31 32 0 
5 10 12 17 21 28 32 33 36 0 
5 10 15 18 19 26 33 35 0 
5 7 11 13 19 21 23 27 29 33 35 0 
2 4 10 17 32 0 
19 20 32 33 0 
5 13 20 21 22 24 30 31 36 0 
4 5 15 20 31 0 
19 22 24 28 0 
5 11 12 13 17 29 32 33 0 
2 33 0 
5 7 8 10 13 15 27 33 34 0 
3 8 11 19 34 0 
11 23 24 30 34 36 0 
3 19 28 29 32 33 0 
5 10 13 14 26 33 0 
9 13 14 18 19 25 0 
17 18 33 0 
1 4 8 20 23 24 33 0 
3 7 21 28 34 0 
1 3 5 10 22 31 0 
4 6 15 20 22 32 33 0 
4 10 14 19 20 26 28 31 32 33 0 
3 18 30 31 32 34 0 
6 10 11 23 0 
5 9 25 28 32 0 
3 4 8 9 14 16 19 25 29 30 36 0 
10 12 19 20 29 30 0 
8 11 14 19 25 30 33 0 
28 35 0 
1 3 7 26 29 31 32 0 
7 17 23 25 32 0 
1 13 17 29 30 0 
4 21 22 35 0 
12 15 20 21 35 0 
2 4 5 7 10 16 18 25 26 32 34 0 
1 2 6 10 16 28 29 32 36 0 
9 12 13 14 15 26 34 0 
2 4 5 7 18 28 31 0 
1 3 13 18 19 26 0 
10 14 15 29 0 
3 9 11 19 20 22 31 33 35 0 
2 13 18 20 22 29 0 
3 14 19 31 0 
1 7 8 14 30 0 
7 13 14 24 26 27 29 32 0 
4 5 8 14 16 24 25 33 0 
2 11 18 21 27 31 0 
5 16 31 34 35 36 0 
2 15 23 24 30 35 0 
8 14 22 27 0 
16 17 21 22 30 32 35 36 0 
4 8 15 17 19 20 22 25 27 0 
8 14 16 19 20 25 29 32 0 
5 11 18 23 27 31 36 0 
6 7 9 14 16 23 0 
14 17 18 23 0 
4 10 11 12 14 33 0 
6 7 9 19 27 35 0 
4 6 9 13 19 25 0 
8 17 18 21 23 24 27 0 
16 26 28 30 32 34 0 
4 6 10 11 12 13 21 25 35 36 0 
13 19 23 27 30 35 0 
5 9 10 12 13 16 17 32 0 
2 13 16 17 28 34 0 
8 11 14 20 23 25 28 29 31 0 
4 5 11 12 16 33 0 
15 19 0 
7 8 9 16 18 22 32 35 0 
5 18 23 27 35 0 
7 10 16 19 21 25 26 31 0 
18 19 24 27 32 0 
7 26 32 35 0 
1 5 10 28 30 0 
5 28 32 0 
10 14 15 33 36 0 
20 24 29 31 35 0 
10 12 15 21 22 24 27 30 0 
1 16 17 25 27 35 36 0 
3 5 15 20 27 30 36 0 
3 6 19 20 22 29 34 0 
2 3 4 10 17 22 0 
2 4 7 19 25 27 32 0 
6 9 20 22 27 34 0 
6 10 13 16 22 26 34 0 
3 8 18 29 35 0 
1 5 7 11 13 20 23 29 30 0 
3 5 6 14 20 29 30 33 0 
16 19 20 29 30 35 0 
2 12 18 19 20 36 0 
3 4 14 22 25 26 27 31 35 0 
13 19 21 25 35 0 
7 20 22 26 34 0 
4 7 13 32 34 36 0 
5 23 25 27 36 0 
3 7 18 19 27 34 0 
12 13 26 32 33 0 
8 11 12 15 16 19 21 28 0 
2 6 11 12 19 36 0 
6 9 13 14 17 18 27 28 30 0 
13 23 25 32 0 
1 3 7 14 32 36 0 
5 9 13 20 25 28 29 34 35 36 0 
8 9 12 22 23 24 31 32 33 0 
1 11 17 23 24 30 34 0 
5 6 8 17 22 0 
12 15 22 23 0 
5 14 21 23 25 0 
4 5 12 15 19 21 36 0 
1 21 29 34 0 
11 15 16 23 34 0 
3 8 16 18 23 31 36 0 
10 15 17 19 22 27 0 
2 24 26 36 0 
6 26 27 34 36 0 
1 14 18 25 35 0 
3 6 15 17 18 24 0 
3 8 9 13 16 19 22 23 33 34 0 
8 13 25 27 29 30 31 33 35 0 
2 7 11 14 20 0 
14 18 21 22 29 33 34 0 
6 16 25 0 
2 7 16 19 20 28 34 36 0 
4 30 31 0 
2 15 16 20 22 31 35 0 
1 4 24 30 33 35 36 0 
21 32 36 0 
7 9 18 26 0 
1 2 9 25 0 
5 11 15 31 0 
12 15 22 27 36 0 
2 8 10 13 22 25 28 33 0 
9 12 17 36 0 
8 11 15 18 20 27 31 33 36 0 
2 3 5 17 19 21 25 27 0 
9 15 17 18 21 24 26 35 0 
6 14 0 
1 14 26 34 35 0 
1 26 30 35 36 0 
4 5 7 19 21 26 27 33 34 36 0 
1 4 7 10 18 0 
1 4 5 10 17 32 0 
20 26 31 0 
6 11 14 17 19 21 28 29 0 
20 25 34 35 0 
9 11 14 15 23 29 31 0 
3 4 13 15 19 35 0 
9 22 30 0 
1 7 12 15 20 22 25 30 0 
6 9 11 14 17 20 23 32 34 35 36 0 
4 5 6 8 10 33 0 
1 2 6 13 17 18 20 26 0 
7 13 24 26 27 0 
1 8 12 23 30 0 
1 2 3 7 9 14 28 29 31 34 0 
6 16 18 19 25 27 0 
1 2 5 7 10 15 19 21 23 25 26 33 34 0 
1 5 6 7 10 15 19 20 36 0 
7 16 18 30 0 
5 8 20 23 26 29 0 
2 4 7 11 14 36 0 
1 15 17 29 31 33 36 0 
1 8 12 18 22 29 31 0 
1 5 22 23 33 0 
4 9 15 22 23 27 30 33 35 0 
3 7 13 20 36 0 
1 3 13 14 17 20 0 
10 15 18 20 29 30 0 
6 7 16 17 18 25 32 33 34 0 
20 29 35 0 
8 10 11 16 18 21 28 34 0 
2 10 14 19 22 31 35 36 0 
2 6 7 9 14 19 20 26 36 0 
3 7 8 10 13 18 21 24 33 0 
11 14 17 22 26 0 
14 17 21 26 28 0 
1 6 18 20 25 28 30 31 33 34 0 
2 5 6 7 28 32 33 0 
6 7 10 13 0 
1 4 16 0 
2 6 7 13 21 22 24 31 0 
2 3 5 10 14 18 21 26 36 0 
11 17 18 31 0 
8 21 22 28 31 36 0 
5 13 15 17 18 31 33 0 
6 8 27 30 34 35 36 0 
7 18 21 28 0 
7 8 24 27 28 0 
1 6 18 26 28 29 0 
2 16 27 0 
5 15 16 20 24 31 0 
4 17 20 21 33 0 
2 8 25 26 36 0 
2 6 12 18 32 33 35 36 0 
8 11 13 14 19 32 0 
5 8 10 12 15 33 35 0 
3 4 18 21 27 0 
4 8 10 11 12 20 21 27 29 33 0 
4 20 21 30 31 0 
2 5 11 12 13 19 29 34 0 
1 4 8 14 0 
1 4 6 12 16 17 21 25 26 30 31 0 
1 14 17 25 26 33 0 
15 16 18 19 28 30 33 0 
2 6 16 22 23 25 32 33 0 
2 17 20 26 31 0 
5 10 14 29 32 0 
3 7 10 19 24 30 33 36 0 
4 10 11 12 36 0 
10 11 21 0 
2 3 4 11 12 21 22 26 35 0 
21 23 25 32 0 
2 3 28 32 0 
2 20 31 34 36 0 
1 3 6 9 21 24 27 29 31 0 
2 7 8 9 11 17 18 27 29 35 0 
3 6 9 10 13 21 31 32 0 
1 2 9 13 16 20 25 36 0 
2 6 14 0 
1 7 10 12 0 
18 19 23 33 35 0 
1 4 25 34 0 
2 4 10 13 19 24 26 36 0 
1 4 5 12 21 25 28 31 35 0 
4 6 11 22 29 30 33 36 0 
1 7 9 11 12 14 21 24 25 0 
3 11 16 20 23 32 0 
2 3 9 12 18 27 29 0 
6 7 9 25 29 32 0 
1 2 7 8 15 16 19 21 29 30 35 0 
3 8 9 13 23 30 35 0 
9 11 17 22 26 27 30 32 33 0 
5 8 14 22 24 26 27 32 0 
1 4 14 16 17 22 24 33 34 0 
6 7 8 17 18 23 0 
12 20 25 31 0 
2 3 8 9 10 11 17 23 36 0 
5 12 25 35 0 
2 15 16 21 32 0 
11 13 14 18 23 34 0 
9 11 17 20 30 34 35 0 
5 6 7 11 15 21 22 26 28 31 0 
2 3 5 9 10 11 12 20 23 0 
16 17 21 34 35 36 0 
2 10 17 25 31 33 0 
3 5 11 14 25 28 0 
1 6 11 16 23 35 0 
2 4 9 13 28 32 35 0 
4 5 9 11 29 31 34 0 
6 7 8 9 24 27 0 
18 20 33 0 
5 7 17 30 36 0 
4 9 11 18 25 27 30 34 0 
6 12 14 18 21 27 30 34 0 
2 6 9 21 33 36 0 
1 2 9 13 21 25 26 28 34 36 0 
17 21 26 34 0 
10 11 13 24 30 35 0 
2 4 6 7 11 13 19 25 33 0 
8 12 13 19 21 23 26 36 0 
4 13 14 17 0 
4 6 7 9 14 23 29 31 0 
6 11 12 25 27 30 0 
3 4 9 14 18 29 34 36 0 
3 13 15 17 18 19 29 33 36 0 
1 6 7 8 9 12 15 16 32 33 36 0 
11 12 13 23 25 27 31 0 
4 13 21 22 23 24 28 32 36 0 
4 8 14 18 22 24 25 34 0 
4 8 12 16 25 0 
7 9 21 22 0 
2 10 30 0 
3 13 17 18 21 27 29 0 
8 15 17 18 22 30 35 0 
2 10 16 25 28 29 30 32 33 0 
12 20 21 25 28 32 0 
10 12 14 18 22 25 0 
9 12 13 23 27 0 
14 36 0 
1 4 6 8 9 27 29 0 
2 4 6 28 0 
2 8 16 22 23 32 34 0 
7 14 18 19 32 34 35 0 
2 18 19 23 0 
13 16 18 20 27 28 33 36 0 
3 20 25 31 33 35 0 
1 6 7 11 31 33 0 
2 5 8 11 18 22 27 0 
2 12 17 23 26 30 32 35 0 
7 11 31 33 35 0 
5 6 17 19 20 22 33 34 0 
6 9 15 18 21 27 32 0 
1 3 10 11 15 16 19 0 
5 13 24 30 0 
9 14 16 18 22 28 32 33 34 0 
2 11 12 20 21 23 24 28 36 0 
2 3 4 8 10 16 32 36 0 
6 12 13 23 25 31 0 
4 15 23 25 28 34 0 
14 15 30 32 34 0 
4 8 19 20 23 0 
4 8 13 16 28 0 
9 14 15 21 33 36 0 
8 12 17 20 21 24 26 0 
1 11 25 30 36 0 
15 17 22 24 30 36 0 
1 2 20 22 32 0 
5 10 19 21 23 35 0 
5 6 7 8 20 25 27 35 36 0 
1 6 8 20 23 27 29 31 33 36 0 
10 17 19 22 25 27 0 
3 6 8 12 14 16 20 26 29 31 33 34 0 
2 4 17 24 28 31 0 
1 8 9 22 28 0 
2 4 19 28 0 
1 5 8 9 17 19 22 23 26 27 35 0 
2 3 12 14 26 33 36 0 
1 6 7 15 17 27 0 
5 7 10 24 0 
6 10 18 21 25 29 30 0 
16 18 25 29 33 0 
6 9 16 31 0 
3 11 16 28 29 31 32 34 0 
7 13 24 25 27 30 32 0 
1 10 14 15 29 30 34 0 
1 2 4 11 12 14 28 35 0 
17 19 23 24 26 28 29 0 
8 10 18 20 22 33 36 0 
7 8 11 18 24 0 
5 10 14 15 27 30 31 35 0 
2 7 25 30 0 
3 5 12 15 21 26 30 35 0 
1 18 19 20 22 28 29 34 0 
4 10 15 32 34 0 
10 17 24 27 31 33 34 36 0 
6 11 20 25 29 31 0 
3 7 15 19 29 34 35 0 
6 10 11 12 26 28 34 0 
4 5 17 19 0 
12 15 23 25 31 34 0 
3 16 20 34 0 
16 19 20 24 27 30 31 0 
5 13 15 21 22 25 28 0 
9 11 17 18 19 22 31 0 
3 8 12 17 18 22 23 31 35 0 
3 5 9 11 13 19 21 22 0 
1 6 14 21 27 33 35 0 
2 3 8 12 27 29 0 
6 7 25 36 0 
10 20 24 27 34 0 
4 5 16 20 23 29 30 32 0 
7 10 13 14 16 22 33 34 0 
3 4 5 6 7 8 12 17 20 33 0 
4 11 18 22 26 29 31 33 0 
3 4 11 14 16 18 29 34 0 
11 13 16 17 18 28 29 0 
1 6 11 16 29 33 0 
1 7 14 16 18 20 28 0 
3 8 9 20 31 35 0 
3 6 10 16 20 34 0 
1 9 10 22 0 
1 10 15 17 19 0 
2 3 5 8 9 25 27 0 
5 6 7 8 9 21 23 28 31 0 
2 13 20 26 30 32 0 
2 3 7 21 23 25 26 27 36 0 
1 4 16 18 36 0 
20 22 24 29 30 32 0 
1 13 14 15 18 26 29 35 0 
2 6 29 32 33 0 
4 9 15 18 20 34 0 
1 8 13 19 20 34 35 0 
3 7 30 31 32 33 0 
9 11 14 15 32 0 
1 4 6 18 19 28 32 36 0 
1 8 13 15 16 27 29 0 
25 30 32 33 0 
3 15 20 0 
10 13 15 18 22 0 
27 29 33 0 
3 10 15 18 24 26 0 
2 4 10 12 19 22 24 26 32 36 0 
2 17 18 34 0 
6 9 11 15 19 28 29 0 
14 18 23 34 0 
1 5 6 7 18 29 34 0 
5 18 26 34 0 
11 14 15 17 19 20 23 24 25 29 31 32 36 0 
1 12 18 24 32 34 0 
-3 -8 -16 -18 -21 -24 -36 0 
-5 -19 -23 -27 -31 0 
-2 -16 -21 -22 -25 -26 -34 0 
-1 -6 -7 -10 -14 -25 -31 -34 0 
-2 -9 -11 -14 -30 -32 0 
-9 -10 -11 -20 -22 -26 -35 -36 0 
-6 -9 -11 -19 -28 -33 0 
-1 -4 -8 -16 -29 -34 0 
-10 -15 -19 -20 -26 -27 -28 0 
-6 -8 -9 -16 0 
-7 -10 -12 -19 -20 -25 -26 -31 -32 0 
-5 -10 -12 -17 -21 -28 -32 -33 -36 0 
-5 -10 -15 -18 -19 -26 -33 -35 0 
-5 -7 -11 -13 -19 -21 -23 -27 -29 -33 -35 0 
-2 -4 -10 -17 -32 0 
-19 -20 -32 -33 0 
-5 -13 -20 -21 -22 -24 -30 -31 -36 0 
-4 -5 -15 -20 -31 0 
-19 -22 -24 -28 0 
-5 -11 -12 -13 -17 -29 -32 -33 0 
-2 -33 0 
-5 -7 -8 -10 -13 -15 -27 -33 -34 0 
-3 -8 -11 -19 -34 0 
-11 -23 -24 -30 -34 -36 0 
-3 -19 -28 -29 -32 -33 0 
-5 -10 -13 -14 -26 -33 0 
-9 -13 -14 -18 -19 -25 0 
-17 -18 -33 0 
-1 -4 -8 -20 -23 -24 -33 0 
-3 -7 -21 -28 -34 0 
-1 -3 -5 -10 -22 -31 0 
-4 -6 -15 -20 -22 -32 -33 0 
-4 -10 -14 -19 -20 -26 -28 -31 -32 -33 0 
-3 -18 -30 -31 -32 -34 0 
-6 -10 -11 -23 0 
-5 -9 -25 -28 -32 0 
-3 -4 -8 -9 -14 -16 -19 -25 -29 -30 -36 0 
-10 -12 -19 -20 -29 -30 0 
-8 -11 -14 -19 -25 -30 -33 0 
-28 -35 0 
-1 -3 -7 -26 -29 -31 -32 0 
-7 -17 -23 -25 -32 0 
-1 -13 -17 -29 -30 0 
-4 -21 -22 -35 0 
-12 -15 -20 -21 -35 0 
-2 -4 -5 -7 -10 -16 -18 -25 -26 -32 -34 0 
-1 -2 -6 -10 -16 -28 -29 -32 -36 0 
-9 -12 -13 -14 -15 -26 -34 0 
-2 -4 -5 -7 -18 -28 -31 0 
-1 -3 -13 -18 -19 -26 0 
-10 -14 -15 -29 0 
-3 -9 -11 -19 -20 -22 -31 -33 -35 0 
-2 -13 -18 -20 -22 -29 0 
-3 -14 -19 -31 0 
-1 -7 -8 -14 -30 0 
-7 -13 -14 -24 -26 -27 -29 -32 0 
-4 -5 -8 -14 -16 -24 -25 -33 0 
-2 -11 -18 -21 -27 -31 0 
-5 -16 -31 -34 -35 -36 0 
-2 -15 -23 -24 -30 -35 0 
-8 -14 -22 -27 0 
-16 -17 -21 -22 -30 -32 -35 -36 0 
-4 -8 -15 -17 -19 -20 -22 -25 -27 0 
-8 -14 -16 -19 -20 -25 -29 -32 0 
-5 -11 -18 -23 -27 -31 -36 0 
-6 -7 -9 -14 -16 -23 0 
-14 -17 -18 -23 0 
-4 -10 -11 -12 -14 -33 0 
-6 -7 -9 -19 -27 -35 0 
-4 -6 -9 -13 -19 -25 0 
-8 -17 -18 -21 -23 -24 -27 0 
-16 -26 -28 -30 -32 -34 0 
-4 -6 -10 -11 -12 -13 -21 -25 -35 -36 0 
-13 -19 -23 -27 -30 -35 0 
-5 -9 -10 -12 -13 -16 -17 -32 0 
-2 -13 -16 -17 -28 -34 0 
-8 -11 -14 -20 -23 -25 -28 -29 -31 0 
-4 -5 -11 -12 -16 -33 0 
-15 -19 0 
-7 -8 -9 -16 -18 -22 -32 -35 0 
-5 -18 -23 -27 -35 0 
-7 -10 -16 -19 -21 -25 -26 -31 0 
-18 -19 -24 -27 -32 0 
-7 -26 -32 -35 0 
-1 -5 -10 -28 -30 0 
-5 -28 -32 0 
-10 -14 -15 -33 -36 0 
-20 -24 -29 -31 -35 0 
-10 -12 -15 -21 -22 -24 -27 -30 0 
-1 -16 -17 -25 -27 -35 -36 0 
-3 -5 -15 -20 -27 -30 -36 0 
-3 -6 -19 -20 -22 -29 -34 0 
-2 -3 -4 -10 -17 -22 0 
-2 -4 -7 -19 -25 -27 -32 0 
-6 -9 -20 -22 -27 -34 0 
-6 -10 -13 -16 -22 -26 -34 0 
-3 -8 -18 -29 -35 0 
-1 -5 -7 -11 -13 -20 -23 -29 -30 0 
-3 -5 -6 -14 -20 -29 -30 -33 0 
-16 -19 -20 -29 -30 -35 0 
-2 -12 -18 -19 -20 -36 0 
-3 -4 -14 -22 -25 -26 -27 -31 -35 0 
-13 -19 -21 -25 -35 0 
-7 -20 -22 -26 -34 0 
-4 -7 -13 -32 -34 -36 0 
-5 -23 -25 -27 -36 0 
-3 -7 -18 -19 -27 -34 0 
-12 -13 -26 -32 -33 0 
-8 -11 -12 -15 -16 -19 -21 -28 0 
-2 -6 -11 -12 -19 -36 0 
-6 -9 -13 -14 -17 -18 -27 -28 -30 0 
-13 -23 -25 -32 0 
-1 -3 -7 -14 -32 -36 0 
-5 -9 -13 -20 -25 -28 -29 -34 -35 -36 0 
-8 -9 -12 -22 -23 -24 -31 -32 -33 0 
-1 -11 -17 -23 -24 -30 -34 0 
-5 -6 -8 -17 -22 0 
-12 -15 -22 -23 0 
-5 -14 -21 -23 -25 0 
-4 -5 -12 -15 -19 -21 -36 0 
-1 -21 -29 -34 0 
-11 -15 -16 -23 -34 0 
-3 -8 -16 -18 -23 -31 -36 0 
-10 -15 -17 -19 -22 -27 0 
-2 -24 -26 -36 0 
-6 -26 -27 -34 -36 0 
-1 -14 -18 -25 -35 0 
-3 -6 -15 -17 -18 -24 0 
-3 -8 -9 -13 -16 -19 -22 -23 -33 -34 0 
-8 -13 -25 -27 -29 -30 -31 -33 -35 0 
-2 -7 -11 -14 -20 0 
-14 -18 -21 -22 -29 -33 -34 0 
-6 -16 -25 0 
-2 -7 -16 -19 -20 -28 -34 -36 0 
-4 -30 -31 0 
-2 -15 -16 -20 -22 -31 -35 0 
-1 -4 -24 -30 -33 -35 -36 0 
-21 -32 -36 0 
-7 -9 -18 -26 0 
-1 -2 -9 -25 0 
-5 -11 -15 -31 0 
-12 -15 -22 -27 -36 0 
-2 -8 -10 -13 -22 -25 -28 -33 0 
-9 -12 -17 -36 0 
-8 -11 -15 -18 -20 -27 -31 -33 -36 0 
-2 -3 -5 -17 -19 -21 -25 -27 0 
-9 -15 -17 -18 -21 -24 -26 -35 0 
-6 -14 0 
-1 -14 -26 -34 -35 0 
-1 -26 -30 -35 -36 0 
-4 -5 -7 -19 -21 -26 -27 -33 -34 -36 0 
-1 -4 -7 -10 -18 0 
-1 -4 -5 -10 -17 -32 0 
-20 -26 -31 0 
-6 -11 -14 -17 -19 -21 -28 -29 0 
-20 -25 -34 -35 0 
-9 -11 -14 -15 -23 -29 -31 0 
-3 -4 -13 -15 -19 -35 0 
-9 -22 -30 0 
-1 -7 -12 -15 -20 -22 -25 -30 0 
-6 -9 -11 -14 -17 -20 -23 -32 -34 -35 -36 0 
-4 -5 -6 -8 -10 -33 0 
-1 -2 -6 -13 -17 -18 -20 -26 0 
-7 -13 -24 -26 -27 0 
-1 -8 -12 -23 -30 0 
-1 -2 -3 -7 -9 -14 -28 -29 -31 -34 0 
-6 -16 -18 -19 -25 -27 0 
-1 -2 -5 -7 -10 -15 -19 -21 -23 -25 -26 -33 -34 0 
-1 -5 -6 -7 -10 -15 -19 -20 -36 0 
-7 -16 -18 -30 0 
-5 -8 -20 -23 -26 -29 0 
-2 -4 -7 -11 -14 -36 0 
-1 -15 -17 -29 -31 -33 -36 0 
-1 -8 -12 -18 -22 -29 -31 0 
-1 -5 -22 -23 -33 0 
-4 -9 -15 -22 -23 -27 -30 -33 -35 0 
-3 -7 -13 -20 -36 0 
-1 -3 -13 -14 -17 -20 0 
-10 -15 -18 -20 -29 -30 0 
-6 -7 -16 -17 -18 -25 -32 -33 -34 0 
-20 -29 -35 0 
-8 -10 -11 -16 -18 -21 -28 -34 0 
-2 -10 -14 -19 -22 -31 -35 -36 0 
-2 -6 -7 -9 -14 -19 -20 -26 -36 0 
-3 -7 -8 -10 -13 -18 -21 -24 -33 0 
-11 -14 -17 -22 -26 0 
-14 -17 -21 -26 -28 0 
-1 -6 -18 -20 -25 -28 -30 -31 -33 -34 0 
-2 -5 -6 -7 -28 -32 -33 0 
-6 -7 -10 -13 0 
-1 -4 -16 0 
-2 -6 -7 -13 -21 -22 -24 -31 0 
-2 -3 -5 -10 -14 -18 -21 -26 -36 0 
-11 -17 -18 -31 0 
-8 -21 -22 -28 -31 -36 0 
-5 -13 -15 -17 -18 -31 -33 0 
-6 -8 -27 -30 -34 -35 -36 0 
-7 -18 -21 -28 0 
-7 -8 -24 -27 -28 0 
-1 -6 -18 -26 -28 -29 0 
-2 -16 -27 0 
-5 -15 -16 -20 -24 -31 0 
-4 -17 -20 -21 -33 0 
-2 -8 -25 -26 -36 0 
-2 -6 -12 -18 -32 -33 -35 -36 0 
-8 -11 -13 -14 -19 -32 0 
-5 -8 -10 -12 -15 -33 -35 0 
-3 -4 -18 -21 -27 0 
-4 -8 -10 -11 -12 -20 -21 -27 -29 -33 0 
-4 -20 -21 -30 -31 0 
-2 -5 -11 -12 -13 -19 -29 -34 0 
-1 -4 -8 -14 0 
-1 -4 -6 -12 -16 -17 -21 -25 -26 -30 -31 0 
-1 -14 -17 -25 -26 -33 0 
-15 -16 -18 -19 -28 -30 -33 0 
-2 -6 -16 -22 -23 -25 -32 -33 0 
-2 -17 -20 -26 -31 0 
-5 -10 -14 -29 -32 0 
-3 -7 -10 -19 -24 -30 -33 -36 0 
-4 -10 -11 -12 -36 0 
-10 -11 -21 0 
-2 -3 -4 -11 -12 -21 -22 -26 -35 0 
-21 -23 -25 -32 0 
-2 -3 -28 -32 0 
-2 -20 -31 -34 -36 0 
-1 -3 -6 -9 -21 -24 -27 -29 -31 0 
-2 -7 -8 -9 -11 -17 -18 -27 -29 -35 0 
-3 -6 -9 -10 -13 -21 -31 -32 0 
-1 -2 -9 -13 -16 -20 -25 -36 0 
-2 -6 -14 0 
-1 -7 -10 -12 0 
-18 -19 -23 -33 -35 0 
-1 -4 -25 -34 0 
-2 -4 -10 -13 -19 -24 -26 -36 0 
-1 -4 -5 -12 -21 -25 -28 -31 -35 0 
-4 -6 -11 -22 -29 -30 -33 -36 0 
-1 -7 -9 -11 -12 -14 -21 -24 -25 0 
-3 -11 -16 -20 -23 -32 0 
-2 -3 -9 -12 -18 -27 -29 0 
-6 -7 -9 -25 -29 -32 0 
-1 -2 -7 -8 -15 -16 -19 -21 -29 -30 -35 0 
-3 -8 -9 -13 -23 -30 -35 0 
-9 -11 -17 -22 -26 -27 -30 -32 -33 0 
-5 -8 -14 -22 -24 -26 -27 -32 0 
-1 -4 -14 -16 -17 -22 -24 -33 -34 0 
-6 -7 -8 -17 -18 -23 0 
-12 -20 -25 -31 0 
-2 -3 -8 -9 -10 -11 -17 -23 -36 0 
-5 -12 -25 -35 0 
-2 -15 -16 -21 -32 0 
-11 -13 -14 -18 -23 -34 0 
-9 -11 -17 -20 -30 -34 -35 0 
-5 -6 -7 -11 -15 -21 -22 -26 -28 -31 0 
-2 -3 -5 -9 -10 -11 -12 -20 -23 0 
-16 -17 -21 -34 -35 -36 0 
-2 -10 -17 -25 -31 -33 0 
-3 -5 -11 -14 -25 -28 0 
-1 -6 -11 -16 -23 -35 0 
-2 -4 -9 -13 -28 -32 -35 0 
-4 -5 -9 -11 -29 -31 -34 0 
-6 -7 -8 -9 -24 -27 0 
-18 -20 -33 0 
-5 -7 -17 -30 -36 0 
-4 -9 -11 -18 -25 -27 -30 -34 0 
-6 -12 -14 -18 -21 -27 -30 -34 0 
-2 -6 -9 -21 -33 -36 0 
-1 -2 -9 -13 -21 -25 -26 -28 -34 -36 0 
-17 -21 -26 -34 0 
-10 -11 -13 -24 -30 -35 0 
-2 -4 -6 -7 -11 -13 -19 -25 -33 0 
-8 -12 -13 -19 -21 -23 -26 -36 0 
-4 -13 -14 -17 0 
-4 -6 -7 -9 -14 -23 -29 -31 0 
-6 -11 -12 -25 -27 -30 0 
-3 -4 -9 -14 -18 -29 -34 -36 0 
-3 -13 -15 -17 -18 -19 -29 -33 -36 0 
-1 -6 -7 -8 -9 -12 -15 -16 -32 -33 -36 0 
-11 -12 -13 -23 -25 -27 -31 0 
-4 -13 -21 -22 -23 -24 -28 -32 -36 0 
-4 -8 -14 -18 -22 -24 -25 -34 0 
-4 -8 -12 -16 -25 0 
-7 -9 -21 -22 0 
-2 -10 -30 0 
-3 -13 -17 -18 -21 -27 -29 0 
-8 -15 -17 -18 -22 -30 -35 0 
-2 -10 -16 -25 -28 -29 -30 -32 -33 0 
-12 -20 -21 -25 -28 -32 0 
-10 -12 -14 -18 -22 -25 0 
-9 -12 -13 -23 -27 0 
-14 -36 0 
-1 -4 -6 -8 -9 -27 -29 0 
-2 -4 -6 -28 0 
-2 -8 -16 -22 -23 -32 -34 0 
-7 -14 -18 -19 -32 -34 -35 0 
-2 -18 -19 -23 0 
-13 -16 -18 -20 -27 -28 -33 -36 0 
-3 -20 -25 -31 -33 -35 0 
-1 -6 -7 -11 -31 -33 0 
-2 -5 -8 -11 -18 -22 -27 0 
-2 -12 -17 -23 -26 -30 -32 -35 0 
-7 -11 -31 -33 -35 0 
-5 -6 -17 -19 -20 -22 -33 -34 0 
-6 -9 -15 -18 -21 -27 -32 0 
-1 -3 -10 -11 -15 -16 -19 0 
-5 -13 -24 -30 0 
-9 -14 -16 -18 -22 -28 -32 -33 -34 0 
-2 -11 -12 -20 -21 -23 -24 -28 -36 0 
-2 -3 -4 -8 -10 -16 -32 -36 0 
-6 -12 -13 -23 -25 -31 0 
-4 -15 -23 -25 -28 -34 0 
-14 -15 -30 -32 -34 0 
-4 -8 -19 -20 -23 0 
-4 -8 -13 -16 -28 0 
-9 -14 -15 -21 -33 -36 0 
-8 -12 -17 -20 -21 -24 -26 0 
-1 -11 -25 -30 -36 0 
-15 -17 -22 -24 -30 -36 0 
-1 -2 -20 -22 -32 0 
-5 -10 -19 -21 -23 -35 0 
-5 -6 -7 -8 -20 -25 -27 -35 -36 0 
-1 -6 -8 -20 -23 -27 -29 -31 -33 -36 0 
-10 -17 -19 -22 -25 -27 0 
-3 -6 -8 -12 -14 -16 -20 -26 -29 -31 -33 -34 0 
-2 -4 -17 -24 -28 -31 0 
-1 -8 -9 -22 -28 0 
-2 -4 -19 -28 0 
-1 -5 -8 -9 -17 -19 -22 -23 -26 -27 -35 0 
-2 -3 -12 -14 -26 -33 -36 0 
-1 -6 -7 -15 -17 -27 0 
-5 -7 -10 -24 0 
-6 -10 -18 -21 -25 -29 -30 0 
-16 -18 -25 -29 -33 0 
-6 -9 -16 -31 0 
-3 -11 -16 -28 -29 -31 -32 -34 0 
-7 -13 -24 -25 -27 -30 -32 0 
-1 -10 -14 -15 -29 -30 -34 0 
-1 -2 -4 -11 -12 -14 -28 -35 0 
-17 -19 -23 -24 -26 -28 -29 0 
-8 -10 -18 -20 -22 -33 -36 0 
-7 -8 -11 -18 -24 0 
-5 -10 -14 -15 -27 -30 -31 -35 0 
-2 -7 -25 -30 0 
-3 -5 -12 -15 -21 -26 -30 -35 0 
-1 -18 -19 -20 -22 -28 -29 -34 0 
-4 -10 -15 -32 -34 0 
-10 -17 -24 -27 -31 -33 -34 -36 0 
-6 -11 -20 -25 -29 -31 0 
-3 -7 -15 -19 -29 -34 -35 0 
-6 -10 -11 -12 -26 -28 -34 0 
-4 -5 -17 -19 0 
-12 -15 -23 -25 -31 -34 0 
-3 -16 -20 -34 0 
-16 -19 -20 -24 -27 -30 -31 0 
-5 -13 -15 -21 -22 -25 -28 0 
-9 -11 -17 -18 -19 -22 -31 0 
-3 -8 -12 -17 -18 -22 -23 -31 -35 0 
-3 -5 -9 -11 -13 -19 -21 -22 0 
-1 -6 -14 -21 -27 -33 -35 0 
-2 -3 -8 -12 -27 -29 0 
-6 -7 -25 -36 0 
-10 -20 -24 -27 -34 0 
-4 -5 -16 -20 -23 -29 -30 -32 0 
-7 -10 -13 -14 -16 -22 -33 -34 0 
-3 -4 -5 -6 -7 -8 -12 -17 -20 -33 0 
-4 -11 -18 -22 -26 -29 -31 -33 0 
-3 -4 -11 -14 -16 -18 -29 -34 0 
-11 -13 -16 -17 -18 -28 -29 0 
-1 -6 -11 -16 -29 -33 0 
-1 -7 -14 -16 -18 -20 -28 0 
-3 -8 -9 -20 -31 -35 0 
-3 -6 -10 -16 -20 -34 0 
-1 -9 -10 -22 0 
-1 -10 -15 -17 -19 0 
-2 -3 -5 -8 -9 -25 -27 0 
-5 -6 -7 -8 -9 -21 -23 -28 -31 0 
-2 -13 -20 -26 -30 -32 0 
-2 -3 -7 -21 -23 -25 -26 -27 -36 0 
-1 -4 -16 -18 -36 0 
-20 -22 -24 -29 -30 -32 0 
-1 -13 -14 -15 -18 -26 -29 -35 0 
-2 -6 -29 -32 -33 0 
-4 -9 -15 -18 -20 -34 0 
-1 -8 -13 -19 -20 -34 -35 0 
-3 -7 -30 -31 -32 -33 0 
-9 -11 -14 -15 -32 0 
-1 -4 -6 -18 -19 -28 -32 -36 0 
-1 -8 -13 -15 -16 -27 -29 0 
-25 -30 -32 -33 0 
-3 -15 -20 0 
-10 -13 -15 -18 -22 0 
-27 -29 -33 0 
-3 -10 -15 -18 -24 -26 0 
-2 -4 -10 -12 -19 -22 -24 -26 -32 -36 0 
-2 -17 -18 -34 0 
-6 -9 -11 -15 -19 -28 -29 0 
-14 -18 -23 -34 0 
-1 -5 -6 -7 -18 -29 -34 0 
-5 -18 -26 -34 0 
-11 -14 -15 -17 -19 -20 -23 -24 -25 -29 -31 -32 -36 0 
-1 -12 -18 -24 -32 -34 0 
