p cnf 37 800
9 10 12 15 17 23 27 30 35 37 0 
12 19 23 29 31 0 
11 13 14 18 19 23 24 25 32 34 37 0 
4 11 25 31 37 0 
9 22 28 0 
7 18 28 31 0 
13 15 18 23 32 0 
3 4 16 18 23 37 0 
5 7 13 18 22 24 31 33 37 0 
7 19 23 28 30 34 0 
5 9 10 13 18 19 20 23 34 35 0 
17 25 0 
2 7 8 18 20 21 27 29 31 33 0 
8 9 14 15 16 24 37 0 
1 11 13 18 29 30 33 36 0 
2 11 15 20 32 0 
5 6 16 18 28 0 
13 14 22 29 37 0 
6 15 16 18 0 
2 4 7 19 0 
2 20 25 0 
2 7 11 29 32 37 0 
1 11 12 14 15 17 26 27 28 35 0 
9 11 14 15 25 32 0 
16 21 30 0 
3 7 12 13 16 26 31 36 37 0 
2 14 18 25 35 0 
6 19 21 22 27 34 0 
12 15 21 25 28 34 0 
4 5 28 32 33 35 0 
5 15 21 25 34 0 
3 9 25 0 
5 9 14 17 23 24 28 33 0 
9 11 12 14 16 35 0 
1 15 29 0 
7 10 16 18 20 25 27 32 36 0 
6 7 9 17 18 28 0 
9 11 12 36 0 
20 21 26 28 29 0 
8 9 12 17 18 21 22 30 0 
5 11 24 29 35 0 
1 8 14 20 32 0 
7 21 24 36 37 0 
3 10 11 24 25 32 0 
3 6 11 22 0 
6 7 18 27 28 35 0 
3 8 11 20 21 26 32 34 35 0 
16 17 24 25 0 
2 14 17 22 33 35 0 
5 17 22 28 36 37 0 
2 4 9 18 20 25 26 29 32 36 0 
19 21 37 0 
7 11 12 14 26 0 
6 8 19 20 25 26 27 32 0 
2 3 7 15 20 21 26 29 30 0 
1 10 15 16 20 21 33 34 0 
3 7 10 14 15 24 31 36 0 
12 17 18 21 24 32 37 0 
13 14 24 30 37 0 
1 2 7 8 10 17 20 24 34 0 
3 10 11 16 17 19 24 28 30 35 0 
1 5 7 9 16 19 23 31 33 34 36 0 
1 4 16 19 25 27 35 36 0 
22 25 30 32 0 
6 13 14 15 20 25 30 34 35 0 
2 6 11 16 20 22 29 37 0 
1 3 5 6 25 36 37 0 
4 7 23 34 0 
11 13 24 30 0 
4 5 6 7 10 18 20 35 37 0 
3 24 31 34 0 
1 14 17 20 34 0 
5 8 11 12 16 17 20 23 31 37 0 
2 19 21 25 34 35 0 
5 7 14 36 0 
2 3 17 24 27 35 36 0 
4 14 22 25 0 
8 9 14 17 21 22 33 36 0 
9 14 17 20 25 28 0 
3 8 19 20 25 0 
1 22 34 0 
4 8 9 19 22 24 0 
2 11 12 16 20 23 27 33 34 36 0 
6 9 12 19 22 25 37 0 
1 4 15 16 20 22 30 0 
16 24 29 30 0 
3 4 9 32 33 0 
5 6 7 8 12 13 22 0 
5 9 14 19 26 28 30 33 0 
2 3 8 9 11 16 27 29 37 0 
3 17 25 30 33 35 0 
3 22 26 30 34 0 
10 11 13 18 28 31 32 0 
1 6 13 33 37 0 
10 14 27 35 36 0 
5 9 16 20 29 33 0 
4 7 8 11 13 15 18 28 29 31 32 35 0 
8 18 29 30 33 0 
19 23 35 0 
17 23 25 28 30 0 
12 23 25 27 32 0 
1 6 21 25 29 30 34 0 
6 11 31 32 35 0 
3 13 19 22 29 34 0 
8 12 14 18 25 26 28 29 0 
1 4 11 14 16 29 0 
7 10 12 24 28 33 0 
1 2 4 16 21 35 0 
4 17 0 
10 13 17 22 25 0 
5 7 14 15 17 34 36 0 
10 11 20 26 31 36 0 
15 16 18 23 25 26 27 32 0 
2 10 16 25 31 32 0 
2 8 15 16 19 23 30 0 
7 11 18 19 20 22 27 29 35 0 
1 5 7 9 10 12 13 14 18 24 0 
11 21 35 0 
14 23 25 26 27 31 32 36 0 
6 18 20 35 0 
3 13 14 17 27 0 
3 7 11 15 24 25 30 34 0 
3 9 10 17 31 34 36 0 
2 12 19 21 22 30 34 35 36 0 
4 10 22 26 30 0 
2 14 20 29 0 
1 2 4 17 22 34 36 0 
11 14 15 20 22 23 31 36 37 0 
20 25 29 32 35 0 
1 2 6 9 15 22 27 0 
8 10 12 20 22 23 33 37 0 
1 10 14 17 37 0 
3 13 16 28 33 36 0 
2 3 6 10 33 37 0 
1 5 17 19 29 34 0 
1 4 8 10 22 23 24 26 34 37 0 
2 9 11 17 21 25 26 0 
5 7 10 12 15 19 24 0 
29 30 32 0 
3 6 30 31 33 35 36 37 0 
1 20 22 27 30 32 35 0 
5 16 18 23 28 29 0 
9 10 11 14 20 28 37 0 
6 13 35 36 0 
1 11 12 21 22 24 28 32 37 0 
9 25 31 35 0 
1 3 26 27 31 0 
1 2 4 7 14 21 26 31 0 
22 23 36 0 
13 19 24 26 27 37 0 
4 9 20 21 22 27 34 35 37 0 
6 10 12 14 16 19 25 33 37 0 
2 13 16 20 23 30 32 35 0 
8 20 21 23 32 37 0 
1 2 7 15 16 23 29 32 0 
1 10 11 12 15 29 32 0 
10 12 14 15 28 32 36 0 
2 6 13 21 27 30 37 0 
2 11 13 19 25 37 0 
13 17 19 26 28 34 37 0 
3 8 12 15 16 19 20 21 34 0 
2 5 13 25 26 0 
1 30 0 
2 16 22 24 30 33 34 0 
5 7 9 15 21 24 28 29 30 33 36 37 0 
10 18 20 31 37 0 
3 11 13 29 30 32 36 0 
2 15 16 18 21 22 31 35 0 
14 15 22 25 26 0 
4 8 15 25 28 34 0 
3 13 14 17 18 21 27 0 
5 7 13 28 36 0 
3 12 22 24 28 0 
15 24 0 
3 13 16 22 26 32 34 36 0 
9 18 32 33 0 
1 5 11 13 19 20 21 30 31 0 
9 12 14 17 23 33 37 0 
14 21 28 34 0 
6 19 29 31 0 
6 21 0 
20 21 34 37 0 
2 13 19 22 26 36 0 
4 22 26 34 36 0 
1 4 17 21 26 31 0 
4 7 16 17 20 28 33 34 0 
5 6 32 33 0 
9 12 21 25 31 37 0 
1 8 13 20 21 24 26 30 36 0 
17 23 37 0 
1 3 8 12 31 32 33 0 
8 12 19 20 32 0 
6 9 12 15 18 23 0 
7 19 29 34 0 
2 3 4 12 13 18 21 23 26 37 0 
6 12 23 33 0 
1 2 9 11 19 24 27 29 31 33 34 35 37 0 
5 14 20 27 37 0 
5 8 9 11 14 15 16 20 29 35 0 
2 8 11 17 23 0 
4 6 8 28 29 32 35 37 0 
8 12 13 19 24 29 0 
1 4 8 12 19 22 25 0 
1 5 8 10 13 14 22 25 31 34 0 
8 9 27 30 34 35 0 
7 9 28 29 34 0 
4 7 10 14 24 27 33 35 37 0 
5 6 27 35 36 37 0 
1 7 15 20 22 25 28 34 0 
1 3 16 17 21 27 29 31 32 36 37 0 
9 17 21 33 0 
6 9 16 19 25 30 0 
3 4 9 11 14 16 20 24 33 0 
2 7 15 16 21 22 28 33 37 0 
1 7 14 20 22 25 28 34 0 
6 7 14 27 0 
15 17 19 20 22 24 27 31 37 0 
8 17 28 31 33 35 36 0 
2 24 33 35 37 0 
4 10 14 17 31 32 35 0 
6 25 33 34 37 0 
6 21 24 27 30 0 
6 8 18 20 24 34 0 
2 6 12 24 30 32 0 
4 25 0 
2 4 5 12 0 
3 8 21 23 25 35 0 
8 13 15 23 27 29 0 
3 6 8 13 17 23 33 0 
17 23 27 35 36 37 0 
7 14 17 0 
3 9 13 15 16 19 25 27 35 36 0 
7 9 14 18 19 22 0 
2 3 4 5 12 19 23 24 25 29 34 0 
4 10 11 12 18 19 27 31 33 34 0 
11 12 14 0 
1 31 34 37 0 
1 2 8 18 20 26 34 35 36 0 
3 8 20 25 36 0 
5 9 20 22 23 31 34 36 0 
5 8 19 25 0 
3 4 13 25 27 0 
18 22 30 31 34 0 
3 5 7 26 29 30 0 
1 8 12 14 21 24 30 0 
6 11 25 33 36 0 
16 17 29 33 0 
2 9 17 24 27 0 
9 12 17 24 27 32 0 
3 13 22 24 29 32 33 34 0 
11 19 21 22 26 28 0 
2 5 7 15 18 20 22 23 29 34 0 
3 4 11 19 24 35 0 
1 22 34 0 
2 12 18 20 21 0 
2 23 24 25 35 0 
1 6 10 13 14 0 
8 11 14 16 19 21 27 28 29 34 0 
9 13 17 27 31 36 0 
2 3 7 8 9 20 37 0 
4 8 9 18 20 26 30 33 35 37 0 
5 6 7 15 17 30 31 0 
1 8 12 14 23 28 31 37 0 
2 23 29 32 0 
1 7 11 21 27 33 34 0 
2 7 10 12 14 22 25 37 0 
19 24 29 30 31 33 0 
5 6 8 11 13 16 35 0 
4 6 8 9 16 20 21 22 25 28 0 
1 3 4 11 14 20 21 28 30 35 0 
3 20 24 27 30 35 0 
10 23 27 30 35 36 0 
7 10 13 23 0 
1 12 13 14 24 36 37 0 
4 7 9 14 19 23 25 29 32 34 0 
1 5 10 15 24 26 31 34 36 0 
2 4 9 24 30 0 
2 4 7 10 15 24 27 36 0 
2 4 7 9 15 17 20 33 37 0 
2 10 12 14 16 23 32 37 0 
3 9 12 23 25 30 33 34 0 
2 7 10 21 25 29 34 0 
2 10 13 25 27 34 35 0 
4 11 17 30 35 0 
1 5 7 18 23 25 27 28 34 0 
1 4 5 16 31 36 0 
2 6 8 23 27 31 35 37 0 
2 7 10 11 32 0 
3 8 11 16 22 29 30 33 0 
9 13 24 26 27 28 29 34 0 
6 27 37 0 
1 7 20 35 0 
1 11 16 17 19 23 32 34 0 
4 10 11 14 18 26 31 33 0 
12 17 22 0 
8 12 14 21 23 24 32 0 
9 10 20 24 26 27 0 
5 9 10 14 17 20 22 28 29 33 35 0 
1 17 21 24 25 27 35 0 
1 8 21 22 27 34 0 
18 20 30 32 0 
4 5 7 27 0 
1 24 27 0 
1 8 13 18 22 23 27 30 33 34 36 0 
1 8 14 23 0 
4 11 20 23 29 0 
2 4 7 9 21 30 0 
9 15 17 21 32 37 0 
3 22 26 28 34 36 0 
6 8 15 18 21 28 29 35 0 
9 15 16 17 29 33 36 37 0 
10 17 26 29 32 37 0 
2 5 12 18 21 24 26 31 33 0 
6 11 15 17 18 28 34 0 
6 15 19 22 31 0 
11 13 15 20 27 33 35 0 
5 11 12 17 26 35 37 0 
2 4 16 18 29 37 0 
5 8 13 26 32 35 0 
1 2 10 22 31 32 0 
3 13 18 19 0 
5 16 18 20 35 37 0 
1 5 6 12 20 29 0 
2 3 8 12 16 18 19 24 35 0 
4 9 22 29 32 36 37 0 
4 12 13 20 0 
1 3 11 13 16 17 19 21 22 29 32 33 35 0 
13 15 19 29 31 0 
1 5 6 14 18 24 36 0 
6 10 13 14 22 27 0 
5 20 24 31 0 
3 4 12 20 21 24 31 37 0 
18 21 36 0 
3 5 6 7 8 21 23 30 32 0 
10 15 16 23 27 30 36 0 
1 3 11 17 22 31 37 0 
3 9 10 14 24 32 0 
2 4 8 23 24 27 0 
9 15 22 26 0 
3 5 9 19 21 36 0 
5 14 20 26 27 37 0 
8 10 18 23 30 36 0 
2 5 14 24 27 32 35 0 
1 2 6 21 0 
4 5 7 8 14 16 28 29 37 0 
2 4 14 28 32 33 0 
6 11 22 24 26 29 36 0 
1 11 12 17 22 23 28 33 34 0 
2 4 6 18 20 26 28 33 0 
6 15 17 24 36 0 
4 6 18 23 29 37 0 
9 21 29 30 37 0 
21 24 30 32 35 37 0 
6 10 17 20 26 37 0 
9 21 31 35 0 
32 33 37 0 
2 3 5 10 11 14 21 33 37 0 
2 11 20 21 23 28 0 
5 10 11 19 23 0 
2 9 18 19 24 25 28 32 0 
1 5 8 18 19 26 37 0 
3 8 17 22 28 32 34 0 
4 32 34 0 
5 9 13 21 36 0 
1 6 13 26 27 35 0 
3 5 6 12 22 23 28 35 0 
2 5 6 7 9 20 22 0 
4 8 20 21 26 30 31 36 0 
2 3 4 6 7 9 18 23 29 0 
10 15 21 24 0 
1 10 14 18 22 24 26 27 32 0 
1 3 23 24 27 28 0 
3 14 25 31 33 37 0 
8 9 11 12 13 14 16 27 34 0 
6 11 12 14 19 25 0 
6 10 11 12 23 29 31 32 33 0 
5 16 24 29 32 36 0 
2 4 10 13 19 20 26 27 33 0 
9 10 18 34 36 0 
3 6 14 33 36 0 
15 18 20 27 30 0 
14 19 25 29 32 36 0 
4 14 23 25 30 33 34 35 0 
1 2 4 14 19 21 25 27 29 0 
2 3 7 13 21 23 27 32 0 
7 11 16 18 22 0 
5 11 15 30 36 0 
1 18 0 
6 12 14 19 26 27 31 32 33 0 
2 4 23 26 0 
5 16 17 28 0 
1 11 15 16 18 19 20 29 0 
1 4 5 8 14 16 17 31 37 0 
2 12 15 18 19 23 25 29 30 0 
6 18 20 23 28 33 0 
3 9 11 13 19 28 37 0 
20 22 23 27 0 
8 16 20 26 34 0 
5 14 17 30 31 0 
4 12 18 20 26 34 37 0 
-9 -10 -12 -15 -17 -23 -27 -30 -35 -37 0 
-12 -19 -23 -29 -31 0 
-11 -13 -14 -18 -19 -23 -24 -25 -32 -34 -37 0 
-4 -11 -25 -31 -37 0 
-9 -22 -28 0 
-7 -18 -28 -31 0 
-13 -15 -18 -23 -32 0 
-3 -4 -16 -18 -23 -37 0 
-5 -7 -13 -18 -22 -24 -31 -33 -37 0 
-7 -19 -23 -28 -30 -34 0 
-5 -9 -10 -13 -18 -19 -20 -23 -34 -35 0 
-17 -25 0 
-2 -7 -8 -18 -20 -21 -27 -29 -31 -33 0 
-8 -9 -14 -15 -16 -24 -37 0 
-1 -11 -13 -18 -29 -30 -33 -36 0 
-2 -11 -15 -20 -32 0 
-5 -6 -16 -18 -28 0 
-13 -14 -22 -29 -37 0 
-6 -15 -16 -18 0 
-2 -4 -7 -19 0 
-2 -20 -25 0 
-2 -7 -11 -29 -32 -37 0 
-1 -11 -12 -14 -15 -17 -26 -27 -28 -35 0 
-9 -11 -14 -15 -25 -32 0 
-16 -21 -30 0 
-3 -7 -12 -13 -16 -26 -31 -36 -37 0 
-2 -14 -18 -25 -35 0 
-6 -19 -21 -22 -27 -34 0 
-12 -15 -21 -25 -28 -34 0 
-4 -5 -28 -32 -33 -35 0 
-5 -15 -21 -25 -34 0 
-3 -9 -25 0 
-5 -9 -14 -17 -23 -24 -28 -33 0 
-9 -11 -12 -14 -16 -35 0 
-1 -15 -29 0 
-7 -10 -16 -18 -20 -25 -27 -32 -36 0 
-6 -7 -9 -17 -18 -28 0 
-9 -11 -12 -36 0 
-20 -21 -26 -28 -29 0 
-8 -9 -12 -17 -18 -21 -22 -30 0 
-5 -11 -24 -29 -35 0 
-1 -8 -14 -20 -32 0 
-7 -21 -24 -36 -37 0 
-3 -10 -11 -24 -25 -32 0 
-3 -6 -11 -22 0 
-6 -7 -18 -27 -28 -35 0 
-3 -8 -11 -20 -21 -26 -32 -34 -35 0 
-16 -17 -24 -25 0 
-2 -14 -17 -22 -33 -35 0 
-5 -17 -22 -28 -36 -37 0 
-2 -4 -9 -18 -20 -25 -26 -29 -32 -36 0 
-19 -21 -37 0 
-7 -11 -12 -14 -26 0 
-6 -8 -19 -20 -25 -26 -27 -32 0 
-2 -3 -7 -15 -20 -21 -26 -29 -30 0 
-1 -10 -15 -16 -20 -21 -33 -34 0 
-3 -7 -10 -14 -15 -24 -31 -36 0 
-12 -17 -18 -21 -24 -32 -37 0 
-13 -14 -24 -30 -37 0 
-1 -2 -7 -8 -10 -17 -20 -24 -34 0 
-3 -10 -11 -16 -17 -19 -24 -28 -30 -35 0 
-1 -5 -7 -9 -16 -19 -23 -31 -33 -34 -36 0 
-1 -4 -16 -19 -25 -27 -35 -36 0 
-22 -25 -30 -32 0 
-6 -13 -14 -15 -20 -25 -30 -34 -35 0 
-2 -6 -11 -16 -20 -22 -29 -37 0 
-1 -3 -5 -6 -25 -36 -37 0 
-4 -7 -23 -34 0 
-11 -13 -24 -30 0 
-4 -5 -6 -7 -10 -18 -20 -35 -37 0 
-3 -24 -31 -34 0 
-1 -14 -17 -20 -34 0 
-5 -8 -11 -12 -16 -17 -20 -23 -31 -37 0 
-2 -19 -21 -25 -34 -35 0 
-5 -7 -14 -36 0 
-2 -3 -17 -24 -27 -35 -36 0 
-4 -14 -22 -25 0 
-8 -9 -14 -17 -21 -22 -33 -36 0 
-9 -14 -17 -20 -25 -28 0 
-3 -8 -19 -20 -25 0 
-1 -22 -34 0 
-4 -8 -9 -19 -22 -24 0 
-2 -11 -12 -16 -20 -23 -27 -33 -34 -36 0 
-6 -9 -12 -19 -22 -25 -37 0 
-1 -4 -15 -16 -20 -22 -30 0 
-16 -24 -29 -30 0 
-3 -4 -9 -32 -33 0 
-5 -6 -7 -8 -12 -13 -22 0 
-5 -9 -14 -19 -26 -28 -30 -33 0 
-2 -3 -8 -9 -11 -16 -27 -29 -37 0 
-3 -17 -25 -30 -33 -35 0 
-3 -22 -26 -30 -34 0 
-10 -11 -13 -18 -28 -31 -32 0 
-1 -6 -13 -33 -37 0 
-10 -14 -27 -35 -36 0 
-5 -9 -16 -20 -29 -33 0 
-4 -7 -8 -11 -13 -15 -18 -28 -29 -31 -32 -35 0 
-8 -18 -29 -30 -33 0 
-19 -23 -35 0 
-17 -23 -25 -28 -30 0 
-12 -23 -25 -27 -32 0 
-1 -6 -21 -25 -29 -30 -34 0 
-6 -11 -31 -32 -35 0 
-3 -13 -19 -22 -29 -34 0 
-8 -12 -14 -18 -25 -26 -28 -29 0 
-1 -4 -11 -14 -16 -29 0 
-7 -10 -12 -24 -28 -33 0 
-1 -2 -4 -16 -21 -35 0 
-4 -17 0 
-10 -13 -17 -22 -25 0 
-5 -7 -14 -15 -17 -34 -36 0 
-10 -11 -20 -26 -31 -36 0 
-15 -16 -18 -23 -25 -26 -27 -32 0 
-2 -10 -16 -25 -31 -32 0 
-2 -8 -15 -16 -19 -23 -30 0 
-7 -11 -18 -19 -20 -22 -27 -29 -35 0 
-1 -5 -7 -9 -10 -12 -13 -14 -18 -24 0 
-11 -21 -35 0 
-14 -23 -25 -26 -27 -31 -32 -36 0 
-6 -18 -20 -35 0 
-3 -13 -14 -17 -27 0 
-3 -7 -11 -15 -24 -25 -30 -34 0 
-3 -9 -10 -17 -31 -34 -36 0 
-2 -12 -19 -21 -22 -30 -34 -35 -36 0 
-4 -10 -22 -26 -30 0 
-2 -14 -20 -29 0 
-1 -2 -4 -17 -22 -34 -36 0 
-11 -14 -15 -20 -22 -23 -31 -36 -37 0 
-20 -25 -29 -32 -35 0 
-1 -2 -6 -9 -15 -22 -27 0 
-8 -10 -12 -20 -22 -23 -33 -37 0 
-1 -10 -14 -17 -37 0 
-3 -13 -16 -28 -33 -36 0 
-2 -3 -6 -10 -33 -37 0 
-1 -5 -17 -19 -29 -34 0 
-1 -4 -8 -10 -22 -23 -24 -26 -34 -37 0 
-2 -9 -11 -17 -21 -25 -26 0 
-5 -7 -10 -12 -15 -19 -24 0 
-29 -30 -32 0 
-3 -6 -30 -31 -33 -35 -36 -37 0 
-1 -20 -22 -27 -30 -32 -35 0 
-5 -16 -18 -23 -28 -29 0 
-9 -10 -11 -14 -20 -28 -37 0 
-6 -13 -35 -36 0 
-1 -11 -12 -21 -22 -24 -28 -32 -37 0 
-9 -25 -31 -35 0 
-1 -3 -26 -27 -31 0 
-1 -2 -4 -7 -14 -21 -26 -31 0 
-22 -23 -36 0 
-13 -19 -24 -26 -27 -37 0 
-4 -9 -20 -21 -22 -27 -34 -35 -37 0 
-6 -10 -12 -14 -16 -19 -25 -33 -37 0 
-2 -13 -16 -20 -23 -30 -32 -35 0 
-8 -20 -21 -23 -32 -37 0 
-1 -2 -7 -15 -16 -23 -29 -32 0 
-1 -10 -11 -12 -15 -29 -32 0 
-10 -12 -14 -15 -28 -32 -36 0 
-2 -6 -13 -21 -27 -30 -37 0 
-2 -11 -13 -19 -25 -37 0 
-13 -17 -19 -26 -28 -34 -37 0 
-3 -8 -12 -15 -16 -19 -20 -21 -34 0 
-2 -5 -13 -25 -26 0 
-1 -30 0 
-2 -16 -22 -24 -30 -33 -34 0 
-5 -7 -9 -15 -21 -24 -28 -29 -30 -33 -36 -37 0 
-10 -18 -20 -31 -37 0 
-3 -11 -13 -29 -30 -32 -36 0 
-2 -15 -16 -18 -21 -22 -31 -35 0 
-14 -15 -22 -25 -26 0 
-4 -8 -15 -25 -28 -34 0 
-3 -13 -14 -17 -18 -21 -27 0 
-5 -7 -13 -28 -36 0 
-3 -12 -22 -24 -28 0 
-15 -24 0 
-3 -13 -16 -22 -26 -32 -34 -36 0 
-9 -18 -32 -33 0 
-1 -5 -11 -13 -19 -20 -21 -30 -31 0 
-9 -12 -14 -17 -23 -33 -37 0 
-14 -21 -28 -34 0 
-6 -19 -29 -31 0 
-6 -21 0 
-20 -21 -34 -37 0 
-2 -13 -19 -22 -26 -36 0 
-4 -22 -26 -34 -36 0 
-1 -4 -17 -21 -26 -31 0 
-4 -7 -16 -17 -20 -28 -33 -34 0 
-5 -6 -32 -33 0 
-9 -12 -21 -25 -31 -37 0 
-1 -8 -13 -20 -21 -24 -26 -30 -36 0 
-17 -23 -37 0 
-1 -3 -8 -12 -31 -32 -33 0 
-8 -12 -19 -20 -32 0 
-6 -9 -12 -15 -18 -23 0 
-7 -19 -29 -34 0 
-2 -3 -4 -12 -13 -18 -21 -23 -26 -37 0 
-6 -12 -23 -33 0 
-1 -2 -9 -11 -19 -24 -27 -29 -31 -33 -34 -35 -37 0 
-5 -14 -20 -27 -37 0 
-5 -8 -9 -11 -14 -15 -16 -20 -29 -35 0 
-2 -8 -11 -17 -23 0 
-4 -6 -8 -28 -29 -32 -35 -37 0 
-8 -12 -13 -19 -24 -29 0 
-1 -4 -8 -12 -19 -22 -25 0 
-1 -5 -8 -10 -13 -14 -22 -25 -31 -34 0 
-8 -9 -27 -30 -34 -35 0 
-7 -9 -28 -29 -34 0 
-4 -7 -10 -14 -24 -27 -33 -35 -37 0 
-5 -6 -27 -35 -36 -37 0 
-1 -7 -15 -20 -22 -25 -28 -34 0 
-1 -3 -16 -17 -21 -27 -29 -31 -32 -36 -37 0 
-9 -17 -21 -33 0 
-6 -9 -16 -19 -25 -30 0 
-3 -4 -9 -11 -14 -16 -20 -24 -33 0 
-2 -7 -15 -16 -21 -22 -28 -33 -37 0 
-1 -7 -14 -20 -22 -25 -28 -34 0 
-6 -7 -14 -27 0 
-15 -17 -19 -20 -22 -24 -27 -31 -37 0 
-8 -17 -28 -31 -33 -35 -36 0 
-2 -24 -33 -35 -37 0 
-4 -10 -14 -17 -31 -32 -35 0 
-6 -25 -33 -34 -37 0 
-6 -21 -24 -27 -30 0 
-6 -8 -18 -20 -24 -34 0 
-2 -6 -12 -24 -30 -32 0 
-4 -25 0 
-2 -4 -5 -12 0 
-3 -8 -21 -23 -25 -35 0 
-8 -13 -15 -23 -27 -29 0 
-3 -6 -8 -13 -17 -23 -33 0 
-17 -23 -27 -35 -36 -37 0 
-7 -14 -17 0 
-3 -9 -13 -15 -16 -19 -25 -27 -35 -36 0 
-7 -9 -14 -18 -19 -22 0 
-2 -3 -4 -5 -12 -19 -23 -24 -25 -29 -34 0 
-4 -10 -11 -12 -18 -19 -27 -31 -33 -34 0 
-11 -12 -14 0 
-1 -31 -34 -37 0 
-1 -2 -8 -18 -20 -26 -34 -35 -36 0 
-3 -8 -20 -25 -36 0 
-5 -9 -20 -22 -23 -31 -34 -36 0 
-5 -8 -19 -25 0 
-3 -4 -13 -25 -27 0 
-18 -22 -30 -31 -34 0 
-3 -5 -7 -26 -29 -30 0 
-1 -8 -12 -14 -21 -24 -30 0 
-6 -11 -25 -33 -36 0 
-16 -17 -29 -33 0 
-2 -9 -17 -24 -27 0 
-9 -12 -17 -24 -27 -32 0 
-3 -13 -22 -24 -29 -32 -33 -34 0 
-11 -19 -21 -22 -26 -28 0 
-2 -5 -7 -15 -18 -20 -22 -23 -29 -34 0 
-3 -4 -11 -19 -24 -35 0 
-1 -22 -34 0 
-2 -12 -18 -20 -21 0 
-2 -23 -24 -25 -35 0 
-1 -6 -10 -13 -14 0 
-8 -11 -14 -16 -19 -21 -27 -28 -29 -34 0 
-9 -13 -17 -27 -31 -36 0 
-2 -3 -7 -8 -9 -20 -37 0 
-4 -8 -9 -18 -20 -26 -30 -33 -35 -37 0 
-5 -6 -7 -15 -17 -30 -31 0 
-1 -8 -12 -14 -23 -28 -31 -37 0 
-2 -23 -29 -32 0 
-1 -7 -11 -21 -27 -33 -34 0 
-2 -7 -10 -12 -14 -22 -25 -37 0 
-19 -24 -29 -30 -31 -33 0 
-5 -6 -8 -11 -13 -16 -35 0 
-4 -6 -8 -9 -16 -20 -21 -22 -25 -28 0 
-1 -3 -4 -11 -14 -20 -21 -28 -30 -35 0 
-3 -20 -24 -27 -30 -35 0 
-10 -23 -27 -30 -35 -36 0 
-7 -10 -13 -23 0 
-1 -12 -13 -14 -24 -36 -37 0 
-4 -7 -9 -14 -19 -23 -25 -29 -32 -34 0 
-1 -5 -10 -15 -24 -26 -31 -34 -36 0 
-2 -4 -9 -24 -30 0 
-2 -4 -7 -10 -15 -24 -27 -36 0 
-2 -4 -7 -9 -15 -17 -20 -33 -37 0 
-2 -10 -12 -14 -16 -23 -32 -37 0 
-3 -9 -12 -23 -25 -30 -33 -34 0 
-2 -7 -10 -21 -25 -29 -34 0 
-2 -10 -13 -25 -27 -34 -35 0 
-4 -11 -17 -30 -35 0 
-1 -5 -7 -18 -23 -25 -27 -28 -34 0 
-1 -4 -5 -16 -31 -36 0 
-2 -6 -8 -23 -27 -31 -35 -37 0 
-2 -7 -10 -11 -32 0 
-3 -8 -11 -16 -22 -29 -30 -33 0 
-9 -13 -24 -26 -27 -28 -29 -34 0 
-6 -27 -37 0 
-1 -7 -20 -35 0 
-1 -11 -16 -17 -19 -23 -32 -34 0 
-4 -10 -11 -14 -18 -26 -31 -33 0 
-12 -17 -22 0 
-8 -12 -14 -21 -23 -24 -32 0 
-9 -10 -20 -24 -26 -27 0 
-5 -9 -10 -14 -17 -20 -22 -28 -29 -33 -35 0 
-1 -17 -21 -24 -25 -27 -35 0 
-1 -8 -21 -22 -27 -34 0 
-18 -20 -30 -32 0 
-4 -5 -7 -27 0 
-1 -24 -27 0 
-1 -8 -13 -18 -22 -23 -27 -30 -33 -34 -36 0 
-1 -8 -14 -23 0 
-4 -11 -20 -23 -29 0 
-2 -4 -7 -9 -21 -30 0 
-9 -15 -17 -21 -32 -37 0 
-3 -22 -26 -28 -34 -36 0 
-6 -8 -15 -18 -21 -28 -29 -35 0 
-9 -15 -16 -17 -29 -33 -36 -37 0 
-10 -17 -26 -29 -32 -37 0 
-2 -5 -12 -18 -21 -24 -26 -31 -33 0 
-6 -11 -15 -17 -18 -28 -34 0 
-6 -15 -19 -22 -31 0 
-11 -13 -15 -20 -27 -33 -35 0 
-5 -11 -12 -17 -26 -35 -37 0 
-2 -4 -16 -18 -29 -37 0 
-5 -8 -13 -26 -32 -35 0 
-1 -2 -10 -22 -31 -32 0 
-3 -13 -18 -19 0 
-5 -16 -18 -20 -35 -37 0 
-1 -5 -6 -12 -20 -29 0 
-2 -3 -8 -12 -16 -18 -19 -24 -35 0 
-4 -9 -22 -29 -32 -36 -37 0 
-4 -12 -13 -20 0 
-1 -3 -11 -13 -16 -17 -19 -21 -22 -29 -32 -33 -35 0 
-13 -15 -19 -29 -31 0 
-1 -5 -6 -14 -18 -24 -36 0 
-6 -10 -13 -14 -22 -27 0 
-5 -20 -24 -31 0 
-3 -4 -12 -20 -21 -24 -31 -37 0 
-18 -21 -36 0 
-3 -5 -6 -7 -8 -21 -23 -30 -32 0 
-10 -15 -16 -23 -27 -30 -36 0 
-1 -3 -11 -17 -22 -31 -37 0 
-3 -9 -10 -14 -24 -32 0 
-2 -4 -8 -23 -24 -27 0 
-9 -15 -22 -26 0 
-3 -5 -9 -19 -21 -36 0 
-5 -14 -20 -26 -27 -37 0 
-8 -10 -18 -23 -30 -36 0 
-2 -5 -14 -24 -27 -32 -35 0 
-1 -2 -6 -21 0 
-4 -5 -7 -8 -14 -16 -28 -29 -37 0 
-2 -4 -14 -28 -32 -33 0 
-6 -11 -22 -24 -26 -29 -36 0 
-1 -11 -12 -17 -22 -23 -28 -33 -34 0 
-2 -4 -6 -18 -20 -26 -28 -33 0 
-6 -15 -17 -24 -36 0 
-4 -6 -18 -23 -29 -37 0 
-9 -21 -29 -30 -37 0 
-21 -24 -30 -32 -35 -37 0 
-6 -10 -17 -20 -26 -37 0 
-9 -21 -31 -35 0 
-32 -33 -37 0 
-2 -3 -5 -10 -11 -14 -21 -33 -37 0 
-2 -11 -20 -21 -23 -28 0 
-5 -10 -11 -19 -23 0 
-2 -9 -18 -19 -24 -25 -28 -32 0 
-1 -5 -8 -18 -19 -26 -37 0 
-3 -8 -17 -22 -28 -32 -34 0 
-4 -32 -34 0 
-5 -9 -13 -21 -36 0 
-1 -6 -13 -26 -27 -35 0 
-3 -5 -6 -12 -22 -23 -28 -35 0 
-2 -5 -6 -7 -9 -20 -22 0 
-4 -8 -20 -21 -26 -30 -31 -36 0 
-2 -3 -4 -6 -7 -9 -18 -23 -29 0 
-10 -15 -21 -24 0 
-1 -10 -14 -18 -22 -24 -26 -27 -32 0 
-1 -3 -23 -24 -27 -28 0 
-3 -14 -25 -31 -33 -37 0 
-8 -9 -11 -12 -13 -14 -16 -27 -34 0 
-6 -11 -12 -14 -19 -25 0 
-6 -10 -11 -12 -23 -29 -31 -32 -33 0 
-5 -16 -24 -29 -32 -36 0 
-2 -4 -10 -13 -19 -20 -26 -27 -33 0 
-9 -10 -18 -34 -36 0 
-3 -6 -14 -33 -36 0 
-15 -18 -20 -27 -30 0 
-14 -19 -25 -29 -32 -36 0 
-4 -14 -23 -25 -30 -33 -34 -35 0 
-1 -2 -4 -14 -19 -21 -25 -27 -29 0 
-2 -3 -7 -13 -21 -23 -27 -32 0 
-7 -11 -16 -18 -22 0 
-5 -11 -15 -30 -36 0 
-1 -18 0 
-6 -12 -14 -19 -26 -27 -31 -32 -33 0 
-2 -4 -23 -26 0 
-5 -16 -17 -28 0 
-1 -11 -15 -16 -18 -19 -20 -29 0 
-1 -4 -5 -8 -14 -16 -17 -31 -37 0 
-2 -12 -15 -18 -19 -23 -25 -29 -30 0 
-6 -18 -20 -23 -28 -33 0 
-3 -9 -11 -13 -19 -28 -37 0 
-20 -22 -23 -27 0 
-8 -16 -20 -26 -34 0 
-5 -14 -17 -30 -31 0 
-4 -12 -18 -20 -26 -34 -37 0 
