p cnf 37 800
4 9 11 14 24 25 36 0 
6 12 26 27 34 0 
6 7 11 23 25 32 0 
1 17 23 30 32 0 
1 3 18 20 26 28 31 35 0 
9 11 13 20 24 0 
4 6 8 11 13 30 36 0 
2 6 7 34 0 
4 12 14 22 29 33 0 
12 16 17 20 29 0 
6 12 22 26 0 
5 7 12 13 19 30 32 0 
1 11 15 19 22 29 30 32 34 0 
2 3 16 17 22 23 29 35 37 0 
10 12 13 18 23 27 31 0 
4 5 6 12 16 29 34 0 
1 3 9 21 23 33 34 37 0 
1 10 11 18 21 23 31 37 0 
8 14 21 26 32 36 0 
4 25 27 36 0 
1 2 7 17 19 22 33 0 
14 25 30 0 
3 10 15 19 27 28 29 32 37 0 
2 14 20 21 23 24 36 0 
9 14 26 29 33 34 35 0 
1 14 15 0 
6 17 28 33 36 37 0 
4 10 14 32 33 0 
9 18 24 25 28 32 0 
7 8 19 23 24 34 37 0 
1 6 18 25 26 33 0 
12 16 19 31 37 0 
4 6 9 16 17 21 26 27 28 30 31 36 0 
1 9 15 34 35 37 0 
8 22 27 36 37 0 
2 13 15 20 21 22 26 29 36 0 
8 18 20 29 31 32 34 35 0 
7 22 24 27 29 33 35 0 
8 17 27 37 0 
5 9 10 17 34 37 0 
3 5 9 11 15 18 20 23 31 33 36 0 
9 10 27 30 34 0 
4 5 12 29 33 36 0 
1 3 4 5 11 29 0 
2 6 11 15 24 25 27 0 
1 6 10 18 23 0 
7 9 10 17 23 24 27 30 33 0 
8 10 16 21 30 34 0 
2 3 7 18 20 29 0 
3 8 11 20 27 28 32 0 
6 24 25 33 37 0 
1 10 17 21 24 27 30 0 
5 6 9 13 28 29 0 
1 3 5 8 16 19 23 24 33 34 0 
11 12 21 35 0 
15 17 19 20 22 24 29 30 31 34 0 
1 12 15 17 23 30 33 37 0 
4 11 12 15 22 28 31 33 0 
1 4 12 20 30 33 36 37 0 
5 10 17 26 0 
1 11 26 27 30 0 
4 10 18 32 0 
2 8 16 22 25 35 0 
3 19 22 23 28 31 33 35 0 
5 10 13 15 19 22 26 28 34 35 36 0 
7 11 15 29 31 32 36 37 0 
14 21 25 32 0 
7 27 29 34 0 
1 11 15 16 19 21 32 0 
1 4 10 22 25 26 27 34 0 
9 10 12 14 16 23 33 34 35 0 
9 16 17 24 25 26 37 0 
1 4 6 12 13 19 29 33 34 36 0 
4 12 16 20 21 27 37 0 
7 12 15 17 21 22 26 28 30 0 
6 15 20 33 0 
4 8 14 17 18 22 0 
10 11 13 20 21 23 29 36 0 
15 22 31 0 
1 3 4 7 12 18 23 29 0 
1 13 22 23 28 30 32 34 0 
1 11 19 21 24 25 31 32 37 0 
1 10 13 15 23 27 35 0 
10 23 0 
11 14 15 18 26 36 0 
2 4 6 10 11 23 28 37 0 
1 2 3 14 15 26 0 
3 25 26 29 31 33 36 0 
1 3 5 15 19 20 31 35 0 
3 4 6 11 25 30 36 37 0 
2 4 15 20 29 33 34 0 
5 13 14 29 0 
14 18 21 23 24 29 35 0 
8 19 22 32 0 
2 20 25 29 0 
1 2 5 9 25 33 37 0 
2 7 26 29 31 0 
6 15 0 
3 16 29 34 36 0 
3 10 16 28 30 31 0 
9 11 13 14 20 23 25 27 30 33 34 0 
3 19 28 29 30 33 0 
3 4 9 21 31 0 
6 8 14 23 26 31 37 0 
16 17 29 36 0 
8 14 15 19 33 34 0 
5 8 9 13 16 31 32 35 0 
7 14 18 19 29 30 0 
1 4 6 10 28 31 33 36 0 
10 12 15 25 35 0 
1 2 7 11 13 19 21 25 30 31 0 
1 6 23 27 29 30 0 
15 18 26 33 34 0 
8 13 27 28 32 0 
1 15 30 36 0 
7 11 15 17 18 24 32 0 
2 8 9 10 23 0 
12 18 24 0 
2 8 9 10 12 21 23 0 
3 8 12 13 21 22 29 34 0 
5 14 29 30 0 
1 10 24 29 33 0 
3 6 7 10 26 28 34 37 0 
1 2 3 5 10 12 21 23 28 34 0 
9 12 24 31 0 
1 3 6 18 20 33 0 
7 14 16 22 23 26 27 30 31 32 33 0 
3 4 5 29 0 
8 19 27 30 32 0 
1 2 5 16 33 35 0 
4 7 10 12 17 21 34 35 36 0 
18 21 22 30 0 
3 9 18 19 26 28 33 0 
5 7 17 19 21 24 37 0 
3 4 23 26 30 31 34 37 0 
4 10 14 17 27 32 37 0 
1 5 13 16 26 27 32 0 
3 5 7 27 0 
1 11 13 27 32 34 0 
6 10 22 32 0 
3 5 17 21 32 37 0 
1 6 11 13 14 17 20 27 0 
2 31 34 36 0 
6 12 14 17 20 22 23 0 
6 7 9 19 22 27 35 0 
1 3 6 11 12 26 28 30 33 35 36 0 
1 2 5 6 9 11 12 15 26 31 32 34 36 0 
1 5 10 13 21 25 32 33 0 
1 4 6 13 14 19 22 25 28 34 0 
5 25 28 37 0 
6 8 10 12 23 28 31 32 35 36 0 
20 28 29 30 31 32 35 37 0 
9 19 21 23 30 33 35 0 
1 2 3 6 10 32 0 
8 20 22 31 0 
1 7 10 14 17 31 32 35 0 
5 12 18 21 26 0 
7 11 18 22 0 
1 8 17 22 23 25 37 0 
2 5 6 10 17 18 19 21 29 0 
5 6 7 30 0 
2 4 21 22 27 30 0 
2 8 15 18 23 24 31 36 0 
4 27 0 
7 13 20 31 32 0 
4 6 12 26 36 0 
4 12 18 20 21 35 0 
2 3 19 22 23 24 25 26 31 35 37 0 
4 5 12 23 25 27 0 
5 13 24 30 32 33 0 
5 6 27 37 0 
4 9 15 19 22 26 31 0 
15 19 30 32 0 
5 7 20 22 24 25 29 32 0 
6 12 17 35 37 0 
2 5 10 18 27 37 0 
5 8 15 18 27 0 
2 5 7 12 23 25 0 
2 11 19 30 34 0 
6 20 30 31 32 0 
6 12 25 31 32 0 
9 10 16 22 32 34 0 
1 11 14 15 20 25 29 0 
10 23 25 30 0 
1 2 14 18 21 23 28 33 0 
6 7 14 16 18 31 34 37 0 
2 3 5 10 21 31 33 35 0 
4 7 8 10 15 31 0 
2 8 12 15 19 34 0 
1 3 4 24 27 37 0 
1 15 17 26 29 31 34 0 
4 6 10 13 17 29 0 
5 11 14 16 18 24 26 27 29 0 
4 13 14 33 34 0 
6 10 22 24 26 34 35 0 
1 2 4 5 9 10 14 25 36 0 
1 3 14 21 24 30 33 37 0 
3 5 16 17 19 22 24 28 37 0 
15 16 19 37 0 
1 3 5 9 16 25 32 0 
13 17 26 34 36 0 
15 22 24 0 
5 7 14 15 17 25 29 33 35 0 
18 23 24 33 0 
1 3 8 10 22 28 37 0 
4 9 12 20 21 26 0 
4 6 22 23 27 0 
13 15 16 17 20 24 28 31 0 
2 8 10 11 13 17 21 23 26 33 37 0 
7 15 19 24 28 32 35 0 
14 18 24 27 29 35 0 
1 6 8 12 14 22 30 0 
4 5 7 20 26 0 
3 6 11 20 21 27 0 
1 4 5 18 23 25 0 
9 10 19 24 26 37 0 
16 21 31 36 0 
4 9 10 11 12 18 20 23 28 33 0 
4 6 12 13 16 25 30 32 0 
6 7 20 21 23 25 27 0 
5 27 35 37 0 
10 20 24 26 27 32 0 
12 15 17 20 21 33 36 0 
9 14 22 25 32 0 
4 21 22 27 37 0 
8 12 21 27 31 34 36 0 
2 4 8 22 23 24 26 32 0 
1 2 11 13 17 20 27 33 34 0 
2 6 9 11 14 16 17 25 35 0 
19 20 31 35 0 
1 7 8 11 22 0 
9 28 36 0 
6 11 16 29 37 0 
4 17 29 31 0 
7 10 14 23 27 30 31 0 
10 13 15 18 24 36 0 
1 5 6 16 19 27 0 
5 18 22 29 35 0 
8 14 15 20 21 24 25 33 34 35 0 
4 7 21 24 25 31 33 37 0 
12 13 19 23 30 31 36 0 
5 10 12 20 23 24 30 37 0 
1 8 10 12 18 30 33 34 0 
4 19 20 22 0 
3 8 15 17 22 30 32 0 
8 11 16 17 20 23 27 0 
1 23 24 0 
4 7 12 21 35 0 
8 10 29 30 35 0 
16 22 32 37 0 
2 14 18 20 28 30 31 32 0 
5 12 23 29 30 32 34 36 0 
6 7 9 11 13 21 22 0 
4 6 11 15 22 25 26 36 0 
7 14 15 23 34 0 
3 9 10 17 18 20 34 0 
1 9 14 22 24 25 30 31 32 0 
4 7 9 12 15 35 0 
5 7 10 24 29 30 0 
1 17 19 21 31 32 0 
1 3 12 15 17 22 36 0 
17 29 35 37 0 
1 4 9 12 21 27 30 0 
3 9 12 19 21 30 0 
7 11 15 19 25 26 27 33 34 36 0 
2 6 36 0 
8 13 25 26 32 0 
1 14 15 17 21 26 27 29 33 0 
6 10 12 17 19 20 25 26 29 34 0 
8 10 34 0 
2 27 28 30 31 0 
6 8 13 36 37 0 
10 12 15 17 28 30 0 
1 2 9 15 20 28 0 
5 9 12 22 32 0 
6 9 20 29 31 0 
2 3 8 15 16 25 0 
3 5 14 17 21 22 29 32 0 
1 2 6 10 14 18 22 27 29 30 0 
4 10 28 0 
1 7 37 0 
10 13 0 
4 5 11 12 14 15 23 29 0 
4 6 10 13 15 18 37 0 
9 18 24 26 31 32 34 0 
5 7 12 17 23 35 37 0 
3 25 26 33 37 0 
8 10 12 20 22 0 
7 12 17 19 22 26 29 33 0 
1 14 27 31 36 0 
3 5 9 11 14 19 22 0 
3 16 24 33 35 0 
6 7 10 27 28 31 34 0 
10 12 13 21 26 36 37 0 
4 12 20 23 25 27 28 31 36 37 0 
2 3 5 23 25 31 32 36 37 0 
3 4 6 7 10 11 12 18 19 21 22 36 0 
3 7 12 17 19 21 23 29 30 31 37 0 
4 7 10 13 15 19 22 26 30 33 35 0 
1 11 17 27 31 36 37 0 
9 14 23 28 29 36 0 
7 13 19 24 29 35 36 0 
8 10 15 27 36 0 
8 16 20 21 32 33 0 
6 19 21 35 0 
2 6 15 30 32 0 
3 5 16 0 
1 2 5 6 7 9 12 26 34 37 0 
7 15 25 29 37 0 
2 4 19 23 35 36 0 
17 30 32 33 35 37 0 
1 5 9 11 33 35 0 
3 22 25 26 28 32 35 0 
1 5 9 11 26 0 
3 4 9 15 21 24 25 30 37 0 
5 22 25 33 34 0 
13 15 20 21 24 25 0 
1 8 24 27 29 0 
18 21 36 0 
6 16 23 27 34 36 0 
5 21 22 30 35 37 0 
2 4 17 22 36 0 
15 30 33 36 0 
5 12 13 19 27 28 29 36 0 
6 7 25 29 0 
2 19 25 33 0 
4 11 15 17 32 35 36 0 
3 6 7 15 27 29 31 35 0 
6 26 28 32 34 35 0 
10 14 15 23 27 30 32 34 0 
9 12 18 30 32 34 35 36 0 
3 4 5 10 11 15 27 36 0 
3 8 15 29 31 33 37 0 
7 14 20 24 34 0 
2 5 8 19 27 0 
3 5 7 15 16 28 32 35 0 
4 5 10 11 33 0 
4 7 9 21 22 0 
8 14 16 20 22 27 35 0 
3 13 23 26 30 32 0 
5 6 15 17 27 33 37 0 
6 9 13 24 25 28 33 37 0 
8 27 30 32 36 0 
1 9 11 33 0 
11 12 14 17 19 25 33 0 
1 5 6 10 16 22 33 0 
12 18 23 24 29 33 0 
2 8 12 20 31 34 0 
7 11 14 17 18 25 31 35 0 
2 10 13 24 33 36 0 
1 3 14 16 24 26 28 31 32 34 35 37 0 
1 6 12 18 37 0 
5 13 15 22 24 35 0 
3 4 8 21 27 32 0 
20 25 31 36 0 
4 5 11 12 28 29 30 36 0 
3 4 15 17 23 25 35 0 
9 11 26 28 0 
2 4 7 8 9 16 24 26 27 29 0 
2 6 7 9 13 18 23 0 
7 23 24 26 27 29 0 
2 14 20 23 24 25 29 30 0 
5 8 15 18 27 29 32 0 
3 6 13 20 25 0 
1 4 20 22 27 30 35 0 
10 12 24 25 26 33 0 
10 14 20 35 0 
2 5 9 18 26 27 33 37 0 
5 6 7 12 21 29 34 35 0 
5 13 19 37 0 
3 8 13 18 20 28 32 37 0 
2 12 15 18 23 28 36 0 
11 21 23 26 0 
3 5 7 11 20 28 33 35 36 0 
8 9 12 18 34 0 
5 11 14 17 31 37 0 
2 3 22 30 33 0 
1 4 5 9 17 0 
23 29 35 0 
6 15 26 34 0 
1 9 12 13 15 17 23 0 
1 2 11 12 27 29 32 36 0 
5 6 17 18 19 23 0 
5 19 24 28 0 
1 4 19 24 26 30 32 37 0 
21 23 25 26 30 35 36 0 
4 5 9 14 16 24 25 37 0 
3 4 5 7 11 21 24 29 30 0 
3 7 8 10 17 19 31 0 
6 14 17 29 30 32 0 
3 20 22 33 0 
15 23 27 32 33 35 37 0 
2 8 10 11 18 20 26 28 0 
16 18 21 26 27 0 
15 23 27 32 0 
6 9 15 16 36 0 
8 10 20 21 26 29 31 32 0 
1 10 15 18 24 27 0 
14 15 19 21 0 
1 9 13 15 27 29 0 
-4 -9 -11 -14 -24 -25 -36 0 
-6 -12 -26 -27 -34 0 
-6 -7 -11 -23 -25 -32 0 
-1 -17 -23 -30 -32 0 
-1 -3 -18 -20 -26 -28 -31 -35 0 
-9 -11 -13 -20 -24 0 
-4 -6 -8 -11 -13 -30 -36 0 
-2 -6 -7 -34 0 
-4 -12 -14 -22 -29 -33 0 
-12 -16 -17 -20 -29 0 
-6 -12 -22 -26 0 
-5 -7 -12 -13 -19 -30 -32 0 
-1 -11 -15 -19 -22 -29 -30 -32 -34 0 
-2 -3 -16 -17 -22 -23 -29 -35 -37 0 
-10 -12 -13 -18 -23 -27 -31 0 
-4 -5 -6 -12 -16 -29 -34 0 
-1 -3 -9 -21 -23 -33 -34 -37 0 
-1 -10 -11 -18 -21 -23 -31 -37 0 
-8 -14 -21 -26 -32 -36 0 
-4 -25 -27 -36 0 
-1 -2 -7 -17 -19 -22 -33 0 
-14 -25 -30 0 
-3 -10 -15 -19 -27 -28 -29 -32 -37 0 
-2 -14 -20 -21 -23 -24 -36 0 
-9 -14 -26 -29 -33 -34 -35 0 
-1 -14 -15 0 
-6 -17 -28 -33 -36 -37 0 
-4 -10 -14 -32 -33 0 
-9 -18 -24 -25 -28 -32 0 
-7 -8 -19 -23 -24 -34 -37 0 
-1 -6 -18 -25 -26 -33 0 
-12 -16 -19 -31 -37 0 
-4 -6 -9 -16 -17 -21 -26 -27 -28 -30 -31 -36 0 
-1 -9 -15 -34 -35 -37 0 
-8 -22 -27 -36 -37 0 
-2 -13 -15 -20 -21 -22 -26 -29 -36 0 
-8 -18 -20 -29 -31 -32 -34 -35 0 
-7 -22 -24 -27 -29 -33 -35 0 
-8 -17 -27 -37 0 
-5 -9 -10 -17 -34 -37 0 
-3 -5 -9 -11 -15 -18 -20 -23 -31 -33 -36 0 
-9 -10 -27 -30 -34 0 
-4 -5 -12 -29 -33 -36 0 
-1 -3 -4 -5 -11 -29 0 
-2 -6 -11 -15 -24 -25 -27 0 
-1 -6 -10 -18 -23 0 
-7 -9 -10 -17 -23 -24 -27 -30 -33 0 
-8 -10 -16 -21 -30 -34 0 
-2 -3 -7 -18 -20 -29 0 
-3 -8 -11 -20 -27 -28 -32 0 
-6 -24 -25 -33 -37 0 
-1 -10 -17 -21 -24 -27 -30 0 
-5 -6 -9 -13 -28 -29 0 
-1 -3 -5 -8 -16 -19 -23 -24 -33 -34 0 
-11 -12 -21 -35 0 
-15 -17 -19 -20 -22 -24 -29 -30 -31 -34 0 
-1 -12 -15 -17 -23 -30 -33 -37 0 
-4 -11 -12 -15 -22 -28 -31 -33 0 
-1 -4 -12 -20 -30 -33 -36 -37 0 
-5 -10 -17 -26 0 
-1 -11 -26 -27 -30 0 
-4 -10 -18 -32 0 
-2 -8 -16 -22 -25 -35 0 
-3 -19 -22 -23 -28 -31 -33 -35 0 
-5 -10 -13 -15 -19 -22 -26 -28 -34 -35 -36 0 
-7 -11 -15 -29 -31 -32 -36 -37 0 
-14 -21 -25 -32 0 
-7 -27 -29 -34 0 
-1 -11 -15 -16 -19 -21 -32 0 
-1 -4 -10 -22 -25 -26 -27 -34 0 
-9 -10 -12 -14 -16 -23 -33 -34 -35 0 
-9 -16 -17 -24 -25 -26 -37 0 
-1 -4 -6 -12 -13 -19 -29 -33 -34 -36 0 
-4 -12 -16 -20 -21 -27 -37 0 
-7 -12 -15 -17 -21 -22 -26 -28 -30 0 
-6 -15 -20 -33 0 
-4 -8 -14 -17 -18 -22 0 
-10 -11 -13 -20 -21 -23 -29 -36 0 
-15 -22 -31 0 
-1 -3 -4 -7 -12 -18 -23 -29 0 
-1 -13 -22 -23 -28 -30 -32 -34 0 
-1 -11 -19 -21 -24 -25 -31 -32 -37 0 
-1 -10 -13 -15 -23 -27 -35 0 
-10 -23 0 
-11 -14 -15 -18 -26 -36 0 
-2 -4 -6 -10 -11 -23 -28 -37 0 
-1 -2 -3 -14 -15 -26 0 
-3 -25 -26 -29 -31 -33 -36 0 
-1 -3 -5 -15 -19 -20 -31 -35 0 
-3 -4 -6 -11 -25 -30 -36 -37 0 
-2 -4 -15 -20 -29 -33 -34 0 
-5 -13 -14 -29 0 
-14 -18 -21 -23 -24 -29 -35 0 
-8 -19 -22 -32 0 
-2 -20 -25 -29 0 
-1 -2 -5 -9 -25 -33 -37 0 
-2 -7 -26 -29 -31 0 
-6 -15 0 
-3 -16 -29 -34 -36 0 
-3 -10 -16 -28 -30 -31 0 
-9 -11 -13 -14 -20 -23 -25 -27 -30 -33 -34 0 
-3 -19 -28 -29 -30 -33 0 
-3 -4 -9 -21 -31 0 
-6 -8 -14 -23 -26 -31 -37 0 
-16 -17 -29 -36 0 
-8 -14 -15 -19 -33 -34 0 
-5 -8 -9 -13 -16 -31 -32 -35 0 
-7 -14 -18 -19 -29 -30 0 
-1 -4 -6 -10 -28 -31 -33 -36 0 
-10 -12 -15 -25 -35 0 
-1 -2 -7 -11 -13 -19 -21 -25 -30 -31 0 
-1 -6 -23 -27 -29 -30 0 
-15 -18 -26 -33 -34 0 
-8 -13 -27 -28 -32 0 
-1 -15 -30 -36 0 
-7 -11 -15 -17 -18 -24 -32 0 
-2 -8 -9 -10 -23 0 
-12 -18 -24 0 
-2 -8 -9 -10 -12 -21 -23 0 
-3 -8 -12 -13 -21 -22 -29 -34 0 
-5 -14 -29 -30 0 
-1 -10 -24 -29 -33 0 
-3 -6 -7 -10 -26 -28 -34 -37 0 
-1 -2 -3 -5 -10 -12 -21 -23 -28 -34 0 
-9 -12 -24 -31 0 
-1 -3 -6 -18 -20 -33 0 
-7 -14 -16 -22 -23 -26 -27 -30 -31 -32 -33 0 
-3 -4 -5 -29 0 
-8 -19 -27 -30 -32 0 
-1 -2 -5 -16 -33 -35 0 
-4 -7 -10 -12 -17 -21 -34 -35 -36 0 
-18 -21 -22 -30 0 
-3 -9 -18 -19 -26 -28 -33 0 
-5 -7 -17 -19 -21 -24 -37 0 
-3 -4 -23 -26 -30 -31 -34 -37 0 
-4 -10 -14 -17 -27 -32 -37 0 
-1 -5 -13 -16 -26 -27 -32 0 
-3 -5 -7 -27 0 
-1 -11 -13 -27 -32 -34 0 
-6 -10 -22 -32 0 
-3 -5 -17 -21 -32 -37 0 
-1 -6 -11 -13 -14 -17 -20 -27 0 
-2 -31 -34 -36 0 
-6 -12 -14 -17 -20 -22 -23 0 
-6 -7 -9 -19 -22 -27 -35 0 
-1 -3 -6 -11 -12 -26 -28 -30 -33 -35 -36 0 
-1 -2 -5 -6 -9 -11 -12 -15 -26 -31 -32 -34 -36 0 
-1 -5 -10 -13 -21 -25 -32 -33 0 
-1 -4 -6 -13 -14 -19 -22 -25 -28 -34 0 
-5 -25 -28 -37 0 
-6 -8 -10 -12 -23 -28 -31 -32 -35 -36 0 
-20 -28 -29 -30 -31 -32 -35 -37 0 
-9 -19 -21 -23 -30 -33 -35 0 
-1 -2 -3 -6 -10 -32 0 
-8 -20 -22 -31 0 
-1 -7 -10 -14 -17 -31 -32 -35 0 
-5 -12 -18 -21 -26 0 
-7 -11 -18 -22 0 
-1 -8 -17 -22 -23 -25 -37 0 
-2 -5 -6 -10 -17 -18 -19 -21 -29 0 
-5 -6 -7 -30 0 
-2 -4 -21 -22 -27 -30 0 
-2 -8 -15 -18 -23 -24 -31 -36 0 
-4 -27 0 
-7 -13 -20 -31 -32 0 
-4 -6 -12 -26 -36 0 
-4 -12 -18 -20 -21 -35 0 
-2 -3 -19 -22 -23 -24 -25 -26 -31 -35 -37 0 
-4 -5 -12 -23 -25 -27 0 
-5 -13 -24 -30 -32 -33 0 
-5 -6 -27 -37 0 
-4 -9 -15 -19 -22 -26 -31 0 
-15 -19 -30 -32 0 
-5 -7 -20 -22 -24 -25 -29 -32 0 
-6 -12 -17 -35 -37 0 
-2 -5 -10 -18 -27 -37 0 
-5 -8 -15 -18 -27 0 
-2 -5 -7 -12 -23 -25 0 
-2 -11 -19 -30 -34 0 
-6 -20 -30 -31 -32 0 
-6 -12 -25 -31 -32 0 
-9 -10 -16 -22 -32 -34 0 
-1 -11 -14 -15 -20 -25 -29 0 
-10 -23 -25 -30 0 
-1 -2 -14 -18 -21 -23 -28 -33 0 
-6 -7 -14 -16 -18 -31 -34 -37 0 
-2 -3 -5 -10 -21 -31 -33 -35 0 
-4 -7 -8 -10 -15 -31 0 
-2 -8 -12 -15 -19 -34 0 
-1 -3 -4 -24 -27 -37 0 
-1 -15 -17 -26 -29 -31 -34 0 
-4 -6 -10 -13 -17 -29 0 
-5 -11 -14 -16 -18 -24 -26 -27 -29 0 
-4 -13 -14 -33 -34 0 
-6 -10 -22 -24 -26 -34 -35 0 
-1 -2 -4 -5 -9 -10 -14 -25 -36 0 
-1 -3 -14 -21 -24 -30 -33 -37 0 
-3 -5 -16 -17 -19 -22 -24 -28 -37 0 
-15 -16 -19 -37 0 
-1 -3 -5 -9 -16 -25 -32 0 
-13 -17 -26 -34 -36 0 
-15 -22 -24 0 
-5 -7 -14 -15 -17 -25 -29 -33 -35 0 
-18 -23 -24 -33 0 
-1 -3 -8 -10 -22 -28 -37 0 
-4 -9 -12 -20 -21 -26 0 
-4 -6 -22 -23 -27 0 
-13 -15 -16 -17 -20 -24 -28 -31 0 
-2 -8 -10 -11 -13 -17 -21 -23 -26 -33 -37 0 
-7 -15 -19 -24 -28 -32 -35 0 
-14 -18 -24 -27 -29 -35 0 
-1 -6 -8 -12 -14 -22 -30 0 
-4 -5 -7 -20 -26 0 
-3 -6 -11 -20 -21 -27 0 
-1 -4 -5 -18 -23 -25 0 
-9 -10 -19 -24 -26 -37 0 
-16 -21 -31 -36 0 
-4 -9 -10 -11 -12 -18 -20 -23 -28 -33 0 
-4 -6 -12 -13 -16 -25 -30 -32 0 
-6 -7 -20 -21 -23 -25 -27 0 
-5 -27 -35 -37 0 
-10 -20 -24 -26 -27 -32 0 
-12 -15 -17 -20 -21 -33 -36 0 
-9 -14 -22 -25 -32 0 
-4 -21 -22 -27 -37 0 
-8 -12 -21 -27 -31 -34 -36 0 
-2 -4 -8 -22 -23 -24 -26 -32 0 
-1 -2 -11 -13 -17 -20 -27 -33 -34 0 
-2 -6 -9 -11 -14 -16 -17 -25 -35 0 
-19 -20 -31 -35 0 
-1 -7 -8 -11 -22 0 
-9 -28 -36 0 
-6 -11 -16 -29 -37 0 
-4 -17 -29 -31 0 
-7 -10 -14 -23 -27 -30 -31 0 
-10 -13 -15 -18 -24 -36 0 
-1 -5 -6 -16 -19 -27 0 
-5 -18 -22 -29 -35 0 
-8 -14 -15 -20 -21 -24 -25 -33 -34 -35 0 
-4 -7 -21 -24 -25 -31 -33 -37 0 
-12 -13 -19 -23 -30 -31 -36 0 
-5 -10 -12 -20 -23 -24 -30 -37 0 
-1 -8 -10 -12 -18 -30 -33 -34 0 
-4 -19 -20 -22 0 
-3 -8 -15 -17 -22 -30 -32 0 
-8 -11 -16 -17 -20 -23 -27 0 
-1 -23 -24 0 
-4 -7 -12 -21 -35 0 
-8 -10 -29 -30 -35 0 
-16 -22 -32 -37 0 
-2 -14 -18 -20 -28 -30 -31 -32 0 
-5 -12 -23 -29 -30 -32 -34 -36 0 
-6 -7 -9 -11 -13 -21 -22 0 
-4 -6 -11 -15 -22 -25 -26 -36 0 
-7 -14 -15 -23 -34 0 
-3 -9 -10 -17 -18 -20 -34 0 
-1 -9 -14 -22 -24 -25 -30 -31 -32 0 
-4 -7 -9 -12 -15 -35 0 
-5 -7 -10 -24 -29 -30 0 
-1 -17 -19 -21 -31 -32 0 
-1 -3 -12 -15 -17 -22 -36 0 
-17 -29 -35 -37 0 
-1 -4 -9 -12 -21 -27 -30 0 
-3 -9 -12 -19 -21 -30 0 
-7 -11 -15 -19 -25 -26 -27 -33 -34 -36 0 
-2 -6 -36 0 
-8 -13 -25 -26 -32 0 
-1 -14 -15 -17 -21 -26 -27 -29 -33 0 
-6 -10 -12 -17 -19 -20 -25 -26 -29 -34 0 
-8 -10 -34 0 
-2 -27 -28 -30 -31 0 
-6 -8 -13 -36 -37 0 
-10 -12 -15 -17 -28 -30 0 
-1 -2 -9 -15 -20 -28 0 
-5 -9 -12 -22 -32 0 
-6 -9 -20 -29 -31 0 
-2 -3 -8 -15 -16 -25 0 
-3 -5 -14 -17 -21 -22 -29 -32 0 
-1 -2 -6 -10 -14 -18 -22 -27 -29 -30 0 
-4 -10 -28 0 
-1 -7 -37 0 
-10 -13 0 
-4 -5 -11 -12 -14 -15 -23 -29 0 
-4 -6 -10 -13 -15 -18 -37 0 
-9 -18 -24 -26 -31 -32 -34 0 
-5 -7 -12 -17 -23 -35 -37 0 
-3 -25 -26 -33 -37 0 
-8 -10 -12 -20 -22 0 
-7 -12 -17 -19 -22 -26 -29 -33 0 
-1 -14 -27 -31 -36 0 
-3 -5 -9 -11 -14 -19 -22 0 
-3 -16 -24 -33 -35 0 
-6 -7 -10 -27 -28 -31 -34 0 
-10 -12 -13 -21 -26 -36 -37 0 
-4 -12 -20 -23 -25 -27 -28 -31 -36 -37 0 
-2 -3 -5 -23 -25 -31 -32 -36 -37 0 
-3 -4 -6 -7 -10 -11 -12 -18 -19 -21 -22 -36 0 
-3 -7 -12 -17 -19 -21 -23 -29 -30 -31 -37 0 
-4 -7 -10 -13 -15 -19 -22 -26 -30 -33 -35 0 
-1 -11 -17 -27 -31 -36 -37 0 
-9 -14 -23 -28 -29 -36 0 
-7 -13 -19 -24 -29 -35 -36 0 
-8 -10 -15 -27 -36 0 
-8 -16 -20 -21 -32 -33 0 
-6 -19 -21 -35 0 
-2 -6 -15 -30 -32 0 
-3 -5 -16 0 
-1 -2 -5 -6 -7 -9 -12 -26 -34 -37 0 
-7 -15 -25 -29 -37 0 
-2 -4 -19 -23 -35 -36 0 
-17 -30 -32 -33 -35 -37 0 
-1 -5 -9 -11 -33 -35 0 
-3 -22 -25 -26 -28 -32 -35 0 
-1 -5 -9 -11 -26 0 
-3 -4 -9 -15 -21 -24 -25 -30 -37 0 
-5 -22 -25 -33 -34 0 
-13 -15 -20 -21 -24 -25 0 
-1 -8 -24 -27 -29 0 
-18 -21 -36 0 
-6 -16 -23 -27 -34 -36 0 
-5 -21 -22 -30 -35 -37 0 
-2 -4 -17 -22 -36 0 
-15 -30 -33 -36 0 
-5 -12 -13 -19 -27 -28 -29 -36 0 
-6 -7 -25 -29 0 
-2 -19 -25 -33 0 
-4 -11 -15 -17 -32 -35 -36 0 
-3 -6 -7 -15 -27 -29 -31 -35 0 
-6 -26 -28 -32 -34 -35 0 
-10 -14 -15 -23 -27 -30 -32 -34 0 
-9 -12 -18 -30 -32 -34 -35 -36 0 
-3 -4 -5 -10 -11 -15 -27 -36 0 
-3 -8 -15 -29 -31 -33 -37 0 
-7 -14 -20 -24 -34 0 
-2 -5 -8 -19 -27 0 
-3 -5 -7 -15 -16 -28 -32 -35 0 
-4 -5 -10 -11 -33 0 
-4 -7 -9 -21 -22 0 
-8 -14 -16 -20 -22 -27 -35 0 
-3 -13 -23 -26 -30 -32 0 
-5 -6 -15 -17 -27 -33 -37 0 
-6 -9 -13 -24 -25 -28 -33 -37 0 
-8 -27 -30 -32 -36 0 
-1 -9 -11 -33 0 
-11 -12 -14 -17 -19 -25 -33 0 
-1 -5 -6 -10 -16 -22 -33 0 
-12 -18 -23 -24 -29 -33 0 
-2 -8 -12 -20 -31 -34 0 
-7 -11 -14 -17 -18 -25 -31 -35 0 
-2 -10 -13 -24 -33 -36 0 
-1 -3 -14 -16 -24 -26 -28 -31 -32 -34 -35 -37 0 
-1 -6 -12 -18 -37 0 
-5 -13 -15 -22 -24 -35 0 
-3 -4 -8 -21 -27 -32 0 
-20 -25 -31 -36 0 
-4 -5 -11 -12 -28 -29 -30 -36 0 
-3 -4 -15 -17 -23 -25 -35 0 
-9 -11 -26 -28 0 
-2 -4 -7 -8 -9 -16 -24 -26 -27 -29 0 
-2 -6 -7 -9 -13 -18 -23 0 
-7 -23 -24 -26 -27 -29 0 
-2 -14 -20 -23 -24 -25 -29 -30 0 
-5 -8 -15 -18 -27 -29 -32 0 
-3 -6 -13 -20 -25 0 
-1 -4 -20 -22 -27 -30 -35 0 
-10 -12 -24 -25 -26 -33 0 
-10 -14 -20 -35 0 
-2 -5 -9 -18 -26 -27 -33 -37 0 
-5 -6 -7 -12 -21 -29 -34 -35 0 
-5 -13 -19 -37 0 
-3 -8 -13 -18 -20 -28 -32 -37 0 
-2 -12 -15 -18 -23 -28 -36 0 
-11 -21 -23 -26 0 
-3 -5 -7 -11 -20 -28 -33 -35 -36 0 
-8 -9 -12 -18 -34 0 
-5 -11 -14 -17 -31 -37 0 
-2 -3 -22 -30 -33 0 
-1 -4 -5 -9 -17 0 
-23 -29 -35 0 
-6 -15 -26 -34 0 
-1 -9 -12 -13 -15 -17 -23 0 
-1 -2 -11 -12 -27 -29 -32 -36 0 
-5 -6 -17 -18 -19 -23 0 
-5 -19 -24 -28 0 
-1 -4 -19 -24 -26 -30 -32 -37 0 
-21 -23 -25 -26 -30 -35 -36 0 
-4 -5 -9 -14 -16 -24 -25 -37 0 
-3 -4 -5 -7 -11 -21 -24 -29 -30 0 
-3 -7 -8 -10 -17 -19 -31 0 
-6 -14 -17 -29 -30 -32 0 
-3 -20 -22 -33 0 
-15 -23 -27 -32 -33 -35 -37 0 
-2 -8 -10 -11 -18 -20 -26 -28 0 
-16 -18 -21 -26 -27 0 
-15 -23 -27 -32 0 
-6 -9 -15 -16 -36 0 
-8 -10 -20 -21 -26 -29 -31 -32 0 
-1 -10 -15 -18 -24 -27 0 
-14 -15 -19 -21 0 
-1 -9 -13 -15 -27 -29 0 
