p cnf 37 800
1 10 12 27 29 30 33 0 
2 3 5 6 9 11 17 20 23 29 33 0 
10 13 37 0 
1 3 5 10 26 32 34 0 
10 24 27 30 0 
5 11 12 22 24 30 0 
5 11 21 33 35 0 
5 7 9 10 21 24 29 34 0 
2 27 32 0 
24 25 27 0 
7 9 10 11 12 21 26 27 29 0 
7 9 12 19 20 28 32 0 
1 6 8 24 32 33 34 0 
5 8 10 25 34 36 0 
8 18 25 28 31 33 37 0 
19 29 31 32 33 0 
4 17 20 23 28 30 32 35 0 
2 6 8 10 12 14 17 28 35 36 0 
3 16 19 21 22 29 31 0 
13 15 30 0 
6 7 9 14 34 0 
19 21 34 37 0 
5 11 12 23 31 32 0 
2 3 10 12 14 18 21 26 0 
7 20 35 37 0 
9 14 19 23 28 29 32 34 37 0 
6 11 20 28 30 33 35 0 
3 5 7 20 28 0 
5 26 27 0 
4 13 19 20 30 31 35 0 
1 14 15 20 23 30 34 37 0 
17 20 22 24 0 
1 11 12 20 33 0 
2 5 12 13 19 27 0 
17 19 29 32 0 
3 11 13 26 30 32 34 0 
3 4 9 16 17 19 26 29 0 
3 4 10 12 30 34 0 
1 2 20 29 35 36 37 0 
1 11 14 24 34 0 
6 15 18 20 33 0 
10 17 19 22 33 34 0 
2 12 13 16 17 23 0 
6 15 18 22 29 32 0 
2 3 6 9 19 22 29 0 
2 3 7 9 11 18 21 26 37 0 
6 16 17 25 29 31 0 
6 7 16 19 27 28 35 0 
2 7 15 16 19 22 31 36 0 
2 14 24 33 35 0 
13 17 18 25 27 0 
1 5 15 21 26 31 0 
4 5 6 8 18 33 35 0 
3 5 6 10 15 34 0 
3 4 5 14 0 
3 12 16 18 21 25 26 28 31 34 36 0 
3 5 11 13 17 20 21 23 35 0 
7 23 26 29 31 0 
4 17 20 24 27 0 
1 4 9 10 37 0 
1 3 12 27 29 0 
3 7 8 16 23 29 0 
5 6 18 24 33 0 
3 4 11 14 23 31 32 0 
9 13 16 18 23 33 0 
1 3 7 10 15 24 29 30 37 0 
7 14 15 20 27 29 0 
22 25 0 
12 18 24 32 0 
2 7 8 13 20 22 24 25 30 31 32 36 0 
11 14 16 34 37 0 
3 10 15 17 25 26 33 0 
11 22 23 28 30 36 37 0 
11 12 18 25 29 35 0 
2 5 9 16 18 0 
6 10 24 35 0 
5 7 8 13 19 24 25 0 
1 6 9 13 16 25 27 0 
2 12 15 16 19 33 34 0 
1 7 8 15 23 24 25 27 30 0 
7 24 25 33 35 0 
15 17 26 30 35 0 
4 10 18 21 25 27 28 30 35 37 0 
11 12 17 21 29 36 37 0 
3 6 8 10 13 19 24 26 37 0 
2 6 7 23 26 29 31 33 0 
2 11 15 28 29 30 34 0 
3 4 5 11 15 18 19 30 0 
12 15 18 24 25 36 0 
2 9 10 14 17 22 23 28 0 
2 6 15 30 0 
9 18 28 33 34 0 
1 13 18 28 32 0 
1 2 7 21 27 33 0 
8 15 16 23 27 30 37 0 
2 3 7 11 16 23 36 0 
4 6 10 19 20 30 34 0 
12 13 19 20 21 22 31 35 0 
8 10 22 24 26 0 
1 5 10 11 16 23 30 31 36 37 0 
12 20 22 33 0 
1 2 6 9 16 18 21 32 0 
4 10 18 23 35 0 
16 17 18 21 37 0 
3 7 19 24 28 0 
5 6 8 22 36 0 
1 3 4 17 21 24 0 
3 4 11 16 17 28 32 0 
9 19 37 0 
4 6 10 14 17 27 29 0 
4 7 13 16 23 31 0 
8 14 16 21 27 31 33 0 
1 4 9 11 13 19 28 0 
4 6 14 29 31 0 
4 6 34 37 0 
8 11 13 16 18 20 21 22 23 25 0 
14 20 21 30 32 36 0 
3 16 17 21 27 28 0 
4 5 11 14 17 21 26 29 34 36 0 
10 12 13 16 18 26 27 34 0 
3 7 8 12 19 26 29 30 0 
1 13 20 28 35 36 0 
2 22 27 32 36 0 
13 27 29 0 
4 8 13 14 20 24 31 0 
7 10 16 17 21 22 27 30 31 0 
9 23 29 0 
13 17 28 0 
1 6 7 11 19 33 36 37 0 
4 7 11 29 0 
2 17 37 0 
15 27 28 29 30 37 0 
1 11 15 18 21 30 32 0 
14 16 17 23 25 27 33 0 
6 8 12 17 18 20 22 27 0 
8 13 15 19 23 35 0 
4 9 30 32 34 37 0 
6 11 12 17 18 20 26 0 
3 4 9 12 17 18 23 32 0 
3 8 21 22 25 33 37 0 
1 13 24 35 0 
1 11 13 15 16 17 18 21 31 32 0 
8 15 21 23 0 
11 34 0 
1 14 16 17 19 29 31 33 0 
3 4 9 25 28 29 31 33 35 37 0 
6 10 13 20 28 30 31 0 
3 6 9 10 20 26 28 32 34 0 
4 14 19 30 0 
3 11 15 20 24 25 26 27 29 36 0 
1 10 13 15 23 24 33 34 0 
9 18 23 0 
11 25 29 35 36 0 
3 11 13 24 27 28 33 35 0 
5 18 25 26 27 28 31 0 
10 16 17 30 33 37 0 
4 5 8 9 15 20 24 25 31 32 33 35 0 
5 6 14 28 29 31 0 
2 5 9 10 25 26 29 0 
2 4 11 22 26 27 29 33 34 0 
19 20 29 30 31 0 
1 3 16 20 0 
8 11 13 17 24 28 0 
9 33 37 0 
2 4 10 11 34 0 
4 14 16 19 20 23 24 28 36 0 
6 9 11 18 19 22 34 37 0 
1 6 10 13 21 30 31 32 0 
4 5 16 24 27 32 0 
3 8 12 13 15 16 25 32 0 
1 4 9 12 32 34 0 
2 17 25 26 27 30 0 
1 6 8 11 15 17 20 25 27 35 0 
3 8 20 31 36 37 0 
3 11 13 17 20 22 23 26 32 34 0 
2 12 16 20 21 22 28 30 0 
8 18 26 29 0 
2 18 26 27 35 0 
5 15 17 21 26 32 0 
1 3 18 23 29 33 0 
2 21 23 26 27 29 34 0 
1 2 8 10 17 20 0 
6 12 18 22 26 30 31 32 34 0 
16 24 34 0 
1 17 21 22 28 0 
8 9 11 12 16 21 0 
1 13 16 21 34 37 0 
3 6 7 15 20 21 24 29 0 
6 9 13 19 28 0 
2 3 12 17 21 23 30 37 0 
13 16 19 34 0 
12 15 16 23 24 26 31 0 
4 9 16 23 31 0 
3 5 11 13 25 30 33 34 35 0 
10 19 20 22 29 33 34 0 
3 4 8 15 26 34 35 0 
13 17 20 23 24 28 29 0 
5 13 21 22 30 32 0 
1 8 25 32 0 
4 11 17 19 32 35 0 
5 7 13 16 17 30 32 0 
2 13 20 30 0 
1 2 3 9 15 21 22 36 0 
5 12 13 21 30 36 0 
5 7 16 18 28 29 30 0 
16 20 21 26 29 30 33 0 
8 9 10 16 18 21 30 34 0 
2 11 17 26 29 30 32 0 
6 8 10 12 19 25 31 35 37 0 
7 16 33 36 0 
2 6 7 11 16 34 37 0 
14 28 29 30 0 
22 25 32 34 0 
1 28 33 36 0 
1 19 23 29 34 0 
4 7 11 20 21 23 31 34 35 0 
1 4 8 12 15 19 33 34 35 0 
5 10 19 22 24 25 26 0 
3 6 7 20 22 29 0 
7 10 14 19 36 37 0 
1 13 16 27 33 35 36 0 
8 13 17 24 0 
5 6 7 8 23 24 28 0 
5 10 14 16 31 36 0 
7 13 15 25 27 31 34 0 
18 20 30 31 33 37 0 
1 6 15 25 27 29 32 37 0 
7 10 14 21 24 28 30 31 0 
6 13 19 25 0 
1 4 27 32 35 0 
6 8 11 13 21 29 32 36 0 
1 2 3 9 24 28 31 33 0 
7 10 11 22 0 
1 3 5 6 8 27 0 
1 4 6 10 13 26 31 32 0 
9 10 19 22 26 34 36 0 
1 2 4 6 12 13 15 24 30 0 
4 7 10 14 21 24 0 
1 3 14 21 25 26 37 0 
7 25 31 32 33 0 
2 13 15 17 22 23 26 34 0 
1 3 6 14 18 0 
4 7 9 18 28 30 34 0 
7 15 18 25 26 30 32 0 
2 5 6 9 10 12 22 26 37 0 
2 8 9 11 12 13 24 27 30 0 
6 8 9 26 27 32 33 37 0 
4 7 12 16 17 20 25 32 0 
1 2 13 14 19 20 21 23 25 34 0 
7 22 23 34 0 
7 8 9 16 17 33 36 0 
4 9 10 23 36 0 
3 4 8 9 12 21 27 29 35 0 
7 14 17 25 29 31 35 0 
7 20 22 24 25 33 34 37 0 
15 23 24 28 36 0 
5 10 13 33 36 0 
1 4 9 10 13 15 18 22 27 0 
4 5 6 11 13 15 19 30 37 0 
4 11 18 31 34 0 
1 3 10 11 14 15 21 24 27 32 33 0 
4 15 16 17 23 0 
18 19 21 35 0 
4 12 21 30 0 
2 11 23 26 31 0 
2 3 5 12 17 20 23 0 
6 8 17 18 20 23 29 36 0 
1 2 4 10 21 24 25 26 30 0 
3 6 17 21 24 34 0 
3 5 11 13 23 25 32 34 35 0 
4 11 21 22 28 0 
3 6 8 10 12 16 33 35 37 0 
6 15 20 28 35 37 0 
5 9 10 25 28 31 32 0 
10 15 17 19 35 0 
3 4 7 9 16 21 30 33 37 0 
10 11 12 14 22 26 0 
15 17 19 21 33 35 36 0 
3 17 26 30 0 
3 9 11 12 13 18 34 35 0 
1 6 15 27 28 29 33 0 
1 11 12 23 28 37 0 
6 10 14 20 21 22 24 27 0 
1 4 6 11 15 18 25 37 0 
5 9 12 37 0 
1 10 28 30 32 33 0 
15 17 21 32 36 0 
4 8 10 16 19 22 23 27 0 
9 16 20 27 32 0 
2 5 7 15 21 24 29 32 35 0 
7 20 25 28 30 35 0 
4 9 18 19 28 30 33 35 0 
18 19 22 24 27 32 36 0 
3 5 6 12 31 36 0 
2 16 29 37 0 
2 5 6 19 22 24 31 32 34 36 37 0 
20 23 27 30 35 0 
4 6 12 22 30 31 35 0 
4 5 22 24 25 36 0 
3 4 11 19 21 23 36 0 
11 26 31 0 
2 10 14 17 20 23 24 25 29 31 0 
4 7 9 15 16 18 32 33 35 0 
6 8 11 20 23 29 31 33 36 37 0 
4 6 7 8 22 0 
4 5 6 22 24 27 29 30 0 
6 10 15 18 20 28 29 30 0 
6 18 30 0 
12 14 16 22 0 
5 6 14 32 0 
2 5 15 21 27 31 33 35 37 0 
2 5 10 17 30 35 0 
8 13 14 20 28 0 
17 23 27 32 37 0 
3 7 30 35 0 
4 6 9 28 0 
13 19 22 27 29 0 
17 20 26 30 0 
7 8 17 26 35 37 0 
2 5 7 11 13 19 20 22 25 27 30 32 35 0 
4 7 9 14 17 30 33 0 
2 3 5 18 24 36 0 
10 11 22 29 32 33 0 
2 7 9 14 21 31 36 0 
14 21 31 32 35 0 
10 12 14 27 33 35 0 
13 15 22 30 36 0 
9 18 21 23 26 0 
2 8 11 15 31 33 0 
2 12 14 19 22 31 33 0 
1 2 3 7 12 14 25 26 32 0 
10 20 23 30 0 
7 8 10 24 29 30 0 
5 6 8 22 24 0 
1 3 14 22 24 27 30 36 0 
1 2 10 18 22 35 0 
3 8 9 11 25 28 36 0 
3 15 16 18 30 35 0 
2 7 17 18 21 23 24 37 0 
2 9 11 13 18 19 21 25 0 
6 11 26 30 36 0 
6 8 10 14 20 24 31 33 0 
5 6 9 14 31 34 0 
2 9 11 20 23 26 34 37 0 
8 15 24 27 36 37 0 
2 6 7 8 10 16 18 24 30 0 
2 5 7 8 10 19 23 25 37 0 
9 17 20 22 25 30 0 
17 20 21 30 32 0 
4 14 15 17 28 29 32 34 35 36 37 0 
3 5 8 10 16 0 
18 21 26 32 0 
7 9 17 19 26 30 36 0 
6 10 12 15 16 30 0 
12 15 31 34 0 
3 8 28 32 0 
1 4 9 13 15 21 27 31 35 0 
2 10 13 25 32 0 
5 7 11 13 17 28 35 36 0 
1 9 14 16 18 26 29 31 32 33 0 
1 4 10 15 18 19 23 37 0 
24 29 31 0 
2 4 8 29 32 0 
6 13 15 27 33 0 
12 16 0 
5 12 14 26 30 36 0 
6 17 18 19 25 35 0 
4 5 12 14 18 23 0 
7 16 27 29 37 0 
1 11 12 25 29 30 35 0 
1 4 5 9 11 20 21 23 28 37 0 
7 8 15 21 26 32 33 0 
1 9 23 31 35 0 
4 23 24 30 31 37 0 
2 26 29 30 31 37 0 
5 19 22 26 27 0 
2 5 9 13 20 23 28 31 0 
4 16 25 27 28 0 
1 6 10 12 16 19 29 0 
3 7 8 13 15 18 20 28 0 
11 12 23 25 35 0 
10 18 23 24 0 
3 6 17 20 23 27 0 
1 10 13 27 33 34 0 
2 5 6 8 22 26 33 34 0 
10 11 24 27 28 0 
2 18 19 28 31 32 37 0 
3 4 6 7 10 16 0 
7 26 0 
8 13 14 33 36 0 
10 13 27 35 0 
2 4 15 27 34 37 0 
3 9 14 19 22 0 
1 2 7 10 27 33 36 0 
5 13 15 24 25 0 
2 8 9 11 14 30 36 0 
10 11 20 24 27 0 
5 9 10 19 34 35 37 0 
3 7 10 21 25 27 28 29 0 
2 7 9 11 22 0 
-1 -10 -12 -27 -29 -30 -33 0 
-2 -3 -5 -6 -9 -11 -17 -20 -23 -29 -33 0 
-10 -13 -37 0 
-1 -3 -5 -10 -26 -32 -34 0 
-10 -24 -27 -30 0 
-5 -11 -12 -22 -24 -30 0 
-5 -11 -21 -33 -35 0 
-5 -7 -9 -10 -21 -24 -29 -34 0 
-2 -27 -32 0 
-24 -25 -27 0 
-7 -9 -10 -11 -12 -21 -26 -27 -29 0 
-7 -9 -12 -19 -20 -28 -32 0 
-1 -6 -8 -24 -32 -33 -34 0 
-5 -8 -10 -25 -34 -36 0 
-8 -18 -25 -28 -31 -33 -37 0 
-19 -29 -31 -32 -33 0 
-4 -17 -20 -23 -28 -30 -32 -35 0 
-2 -6 -8 -10 -12 -14 -17 -28 -35 -36 0 
-3 -16 -19 -21 -22 -29 -31 0 
-13 -15 -30 0 
-6 -7 -9 -14 -34 0 
-19 -21 -34 -37 0 
-5 -11 -12 -23 -31 -32 0 
-2 -3 -10 -12 -14 -18 -21 -26 0 
-7 -20 -35 -37 0 
-9 -14 -19 -23 -28 -29 -32 -34 -37 0 
-6 -11 -20 -28 -30 -33 -35 0 
-3 -5 -7 -20 -28 0 
-5 -26 -27 0 
-4 -13 -19 -20 -30 -31 -35 0 
-1 -14 -15 -20 -23 -30 -34 -37 0 
-17 -20 -22 -24 0 
-1 -11 -12 -20 -33 0 
-2 -5 -12 -13 -19 -27 0 
-17 -19 -29 -32 0 
-3 -11 -13 -26 -30 -32 -34 0 
-3 -4 -9 -16 -17 -19 -26 -29 0 
-3 -4 -10 -12 -30 -34 0 
-1 -2 -20 -29 -35 -36 -37 0 
-1 -11 -14 -24 -34 0 
-6 -15 -18 -20 -33 0 
-10 -17 -19 -22 -33 -34 0 
-2 -12 -13 -16 -17 -23 0 
-6 -15 -18 -22 -29 -32 0 
-2 -3 -6 -9 -19 -22 -29 0 
-2 -3 -7 -9 -11 -18 -21 -26 -37 0 
-6 -16 -17 -25 -29 -31 0 
-6 -7 -16 -19 -27 -28 -35 0 
-2 -7 -15 -16 -19 -22 -31 -36 0 
-2 -14 -24 -33 -35 0 
-13 -17 -18 -25 -27 0 
-1 -5 -15 -21 -26 -31 0 
-4 -5 -6 -8 -18 -33 -35 0 
-3 -5 -6 -10 -15 -34 0 
-3 -4 -5 -14 0 
-3 -12 -16 -18 -21 -25 -26 -28 -31 -34 -36 0 
-3 -5 -11 -13 -17 -20 -21 -23 -35 0 
-7 -23 -26 -29 -31 0 
-4 -17 -20 -24 -27 0 
-1 -4 -9 -10 -37 0 
-1 -3 -12 -27 -29 0 
-3 -7 -8 -16 -23 -29 0 
-5 -6 -18 -24 -33 0 
-3 -4 -11 -14 -23 -31 -32 0 
-9 -13 -16 -18 -23 -33 0 
-1 -3 -7 -10 -15 -24 -29 -30 -37 0 
-7 -14 -15 -20 -27 -29 0 
-22 -25 0 
-12 -18 -24 -32 0 
-2 -7 -8 -13 -20 -22 -24 -25 -30 -31 -32 -36 0 
-11 -14 -16 -34 -37 0 
-3 -10 -15 -17 -25 -26 -33 0 
-11 -22 -23 -28 -30 -36 -37 0 
-11 -12 -18 -25 -29 -35 0 
-2 -5 -9 -16 -18 0 
-6 -10 -24 -35 0 
-5 -7 -8 -13 -19 -24 -25 0 
-1 -6 -9 -13 -16 -25 -27 0 
-2 -12 -15 -16 -19 -33 -34 0 
-1 -7 -8 -15 -23 -24 -25 -27 -30 0 
-7 -24 -25 -33 -35 0 
-15 -17 -26 -30 -35 0 
-4 -10 -18 -21 -25 -27 -28 -30 -35 -37 0 
-11 -12 -17 -21 -29 -36 -37 0 
-3 -6 -8 -10 -13 -19 -24 -26 -37 0 
-2 -6 -7 -23 -26 -29 -31 -33 0 
-2 -11 -15 -28 -29 -30 -34 0 
-3 -4 -5 -11 -15 -18 -19 -30 0 
-12 -15 -18 -24 -25 -36 0 
-2 -9 -10 -14 -17 -22 -23 -28 0 
-2 -6 -15 -30 0 
-9 -18 -28 -33 -34 0 
-1 -13 -18 -28 -32 0 
-1 -2 -7 -21 -27 -33 0 
-8 -15 -16 -23 -27 -30 -37 0 
-2 -3 -7 -11 -16 -23 -36 0 
-4 -6 -10 -19 -20 -30 -34 0 
-12 -13 -19 -20 -21 -22 -31 -35 0 
-8 -10 -22 -24 -26 0 
-1 -5 -10 -11 -16 -23 -30 -31 -36 -37 0 
-12 -20 -22 -33 0 
-1 -2 -6 -9 -16 -18 -21 -32 0 
-4 -10 -18 -23 -35 0 
-16 -17 -18 -21 -37 0 
-3 -7 -19 -24 -28 0 
-5 -6 -8 -22 -36 0 
-1 -3 -4 -17 -21 -24 0 
-3 -4 -11 -16 -17 -28 -32 0 
-9 -19 -37 0 
-4 -6 -10 -14 -17 -27 -29 0 
-4 -7 -13 -16 -23 -31 0 
-8 -14 -16 -21 -27 -31 -33 0 
-1 -4 -9 -11 -13 -19 -28 0 
-4 -6 -14 -29 -31 0 
-4 -6 -34 -37 0 
-8 -11 -13 -16 -18 -20 -21 -22 -23 -25 0 
-14 -20 -21 -30 -32 -36 0 
-3 -16 -17 -21 -27 -28 0 
-4 -5 -11 -14 -17 -21 -26 -29 -34 -36 0 
-10 -12 -13 -16 -18 -26 -27 -34 0 
-3 -7 -8 -12 -19 -26 -29 -30 0 
-1 -13 -20 -28 -35 -36 0 
-2 -22 -27 -32 -36 0 
-13 -27 -29 0 
-4 -8 -13 -14 -20 -24 -31 0 
-7 -10 -16 -17 -21 -22 -27 -30 -31 0 
-9 -23 -29 0 
-13 -17 -28 0 
-1 -6 -7 -11 -19 -33 -36 -37 0 
-4 -7 -11 -29 0 
-2 -17 -37 0 
-15 -27 -28 -29 -30 -37 0 
-1 -11 -15 -18 -21 -30 -32 0 
-14 -16 -17 -23 -25 -27 -33 0 
-6 -8 -12 -17 -18 -20 -22 -27 0 
-8 -13 -15 -19 -23 -35 0 
-4 -9 -30 -32 -34 -37 0 
-6 -11 -12 -17 -18 -20 -26 0 
-3 -4 -9 -12 -17 -18 -23 -32 0 
-3 -8 -21 -22 -25 -33 -37 0 
-1 -13 -24 -35 0 
-1 -11 -13 -15 -16 -17 -18 -21 -31 -32 0 
-8 -15 -21 -23 0 
-11 -34 0 
-1 -14 -16 -17 -19 -29 -31 -33 0 
-3 -4 -9 -25 -28 -29 -31 -33 -35 -37 0 
-6 -10 -13 -20 -28 -30 -31 0 
-3 -6 -9 -10 -20 -26 -28 -32 -34 0 
-4 -14 -19 -30 0 
-3 -11 -15 -20 -24 -25 -26 -27 -29 -36 0 
-1 -10 -13 -15 -23 -24 -33 -34 0 
-9 -18 -23 0 
-11 -25 -29 -35 -36 0 
-3 -11 -13 -24 -27 -28 -33 -35 0 
-5 -18 -25 -26 -27 -28 -31 0 
-10 -16 -17 -30 -33 -37 0 
-4 -5 -8 -9 -15 -20 -24 -25 -31 -32 -33 -35 0 
-5 -6 -14 -28 -29 -31 0 
-2 -5 -9 -10 -25 -26 -29 0 
-2 -4 -11 -22 -26 -27 -29 -33 -34 0 
-19 -20 -29 -30 -31 0 
-1 -3 -16 -20 0 
-8 -11 -13 -17 -24 -28 0 
-9 -33 -37 0 
-2 -4 -10 -11 -34 0 
-4 -14 -16 -19 -20 -23 -24 -28 -36 0 
-6 -9 -11 -18 -19 -22 -34 -37 0 
-1 -6 -10 -13 -21 -30 -31 -32 0 
-4 -5 -16 -24 -27 -32 0 
-3 -8 -12 -13 -15 -16 -25 -32 0 
-1 -4 -9 -12 -32 -34 0 
-2 -17 -25 -26 -27 -30 0 
-1 -6 -8 -11 -15 -17 -20 -25 -27 -35 0 
-3 -8 -20 -31 -36 -37 0 
-3 -11 -13 -17 -20 -22 -23 -26 -32 -34 0 
-2 -12 -16 -20 -21 -22 -28 -30 0 
-8 -18 -26 -29 0 
-2 -18 -26 -27 -35 0 
-5 -15 -17 -21 -26 -32 0 
-1 -3 -18 -23 -29 -33 0 
-2 -21 -23 -26 -27 -29 -34 0 
-1 -2 -8 -10 -17 -20 0 
-6 -12 -18 -22 -26 -30 -31 -32 -34 0 
-16 -24 -34 0 
-1 -17 -21 -22 -28 0 
-8 -9 -11 -12 -16 -21 0 
-1 -13 -16 -21 -34 -37 0 
-3 -6 -7 -15 -20 -21 -24 -29 0 
-6 -9 -13 -19 -28 0 
-2 -3 -12 -17 -21 -23 -30 -37 0 
-13 -16 -19 -34 0 
-12 -15 -16 -23 -24 -26 -31 0 
-4 -9 -16 -23 -31 0 
-3 -5 -11 -13 -25 -30 -33 -34 -35 0 
-10 -19 -20 -22 -29 -33 -34 0 
-3 -4 -8 -15 -26 -34 -35 0 
-13 -17 -20 -23 -24 -28 -29 0 
-5 -13 -21 -22 -30 -32 0 
-1 -8 -25 -32 0 
-4 -11 -17 -19 -32 -35 0 
-5 -7 -13 -16 -17 -30 -32 0 
-2 -13 -20 -30 0 
-1 -2 -3 -9 -15 -21 -22 -36 0 
-5 -12 -13 -21 -30 -36 0 
-5 -7 -16 -18 -28 -29 -30 0 
-16 -20 -21 -26 -29 -30 -33 0 
-8 -9 -10 -16 -18 -21 -30 -34 0 
-2 -11 -17 -26 -29 -30 -32 0 
-6 -8 -10 -12 -19 -25 -31 -35 -37 0 
-7 -16 -33 -36 0 
-2 -6 -7 -11 -16 -34 -37 0 
-14 -28 -29 -30 0 
-22 -25 -32 -34 0 
-1 -28 -33 -36 0 
-1 -19 -23 -29 -34 0 
-4 -7 -11 -20 -21 -23 -31 -34 -35 0 
-1 -4 -8 -12 -15 -19 -33 -34 -35 0 
-5 -10 -19 -22 -24 -25 -26 0 
-3 -6 -7 -20 -22 -29 0 
-7 -10 -14 -19 -36 -37 0 
-1 -13 -16 -27 -33 -35 -36 0 
-8 -13 -17 -24 0 
-5 -6 -7 -8 -23 -24 -28 0 
-5 -10 -14 -16 -31 -36 0 
-7 -13 -15 -25 -27 -31 -34 0 
-18 -20 -30 -31 -33 -37 0 
-1 -6 -15 -25 -27 -29 -32 -37 0 
-7 -10 -14 -21 -24 -28 -30 -31 0 
-6 -13 -19 -25 0 
-1 -4 -27 -32 -35 0 
-6 -8 -11 -13 -21 -29 -32 -36 0 
-1 -2 -3 -9 -24 -28 -31 -33 0 
-7 -10 -11 -22 0 
-1 -3 -5 -6 -8 -27 0 
-1 -4 -6 -10 -13 -26 -31 -32 0 
-9 -10 -19 -22 -26 -34 -36 0 
-1 -2 -4 -6 -12 -13 -15 -24 -30 0 
-4 -7 -10 -14 -21 -24 0 
-1 -3 -14 -21 -25 -26 -37 0 
-7 -25 -31 -32 -33 0 
-2 -13 -15 -17 -22 -23 -26 -34 0 
-1 -3 -6 -14 -18 0 
-4 -7 -9 -18 -28 -30 -34 0 
-7 -15 -18 -25 -26 -30 -32 0 
-2 -5 -6 -9 -10 -12 -22 -26 -37 0 
-2 -8 -9 -11 -12 -13 -24 -27 -30 0 
-6 -8 -9 -26 -27 -32 -33 -37 0 
-4 -7 -12 -16 -17 -20 -25 -32 0 
-1 -2 -13 -14 -19 -20 -21 -23 -25 -34 0 
-7 -22 -23 -34 0 
-7 -8 -9 -16 -17 -33 -36 0 
-4 -9 -10 -23 -36 0 
-3 -4 -8 -9 -12 -21 -27 -29 -35 0 
-7 -14 -17 -25 -29 -31 -35 0 
-7 -20 -22 -24 -25 -33 -34 -37 0 
-15 -23 -24 -28 -36 0 
-5 -10 -13 -33 -36 0 
-1 -4 -9 -10 -13 -15 -18 -22 -27 0 
-4 -5 -6 -11 -13 -15 -19 -30 -37 0 
-4 -11 -18 -31 -34 0 
-1 -3 -10 -11 -14 -15 -21 -24 -27 -32 -33 0 
-4 -15 -16 -17 -23 0 
-18 -19 -21 -35 0 
-4 -12 -21 -30 0 
-2 -11 -23 -26 -31 0 
-2 -3 -5 -12 -17 -20 -23 0 
-6 -8 -17 -18 -20 -23 -29 -36 0 
-1 -2 -4 -10 -21 -24 -25 -26 -30 0 
-3 -6 -17 -21 -24 -34 0 
-3 -5 -11 -13 -23 -25 -32 -34 -35 0 
-4 -11 -21 -22 -28 0 
-3 -6 -8 -10 -12 -16 -33 -35 -37 0 
-6 -15 -20 -28 -35 -37 0 
-5 -9 -10 -25 -28 -31 -32 0 
-10 -15 -17 -19 -35 0 
-3 -4 -7 -9 -16 -21 -30 -33 -37 0 
-10 -11 -12 -14 -22 -26 0 
-15 -17 -19 -21 -33 -35 -36 0 
-3 -17 -26 -30 0 
-3 -9 -11 -12 -13 -18 -34 -35 0 
-1 -6 -15 -27 -28 -29 -33 0 
-1 -11 -12 -23 -28 -37 0 
-6 -10 -14 -20 -21 -22 -24 -27 0 
-1 -4 -6 -11 -15 -18 -25 -37 0 
-5 -9 -12 -37 0 
-1 -10 -28 -30 -32 -33 0 
-15 -17 -21 -32 -36 0 
-4 -8 -10 -16 -19 -22 -23 -27 0 
-9 -16 -20 -27 -32 0 
-2 -5 -7 -15 -21 -24 -29 -32 -35 0 
-7 -20 -25 -28 -30 -35 0 
-4 -9 -18 -19 -28 -30 -33 -35 0 
-18 -19 -22 -24 -27 -32 -36 0 
-3 -5 -6 -12 -31 -36 0 
-2 -16 -29 -37 0 
-2 -5 -6 -19 -22 -24 -31 -32 -34 -36 -37 0 
-20 -23 -27 -30 -35 0 
-4 -6 -12 -22 -30 -31 -35 0 
-4 -5 -22 -24 -25 -36 0 
-3 -4 -11 -19 -21 -23 -36 0 
-11 -26 -31 0 
-2 -10 -14 -17 -20 -23 -24 -25 -29 -31 0 
-4 -7 -9 -15 -16 -18 -32 -33 -35 0 
-6 -8 -11 -20 -23 -29 -31 -33 -36 -37 0 
-4 -6 -7 -8 -22 0 
-4 -5 -6 -22 -24 -27 -29 -30 0 
-6 -10 -15 -18 -20 -28 -29 -30 0 
-6 -18 -30 0 
-12 -14 -16 -22 0 
-5 -6 -14 -32 0 
-2 -5 -15 -21 -27 -31 -33 -35 -37 0 
-2 -5 -10 -17 -30 -35 0 
-8 -13 -14 -20 -28 0 
-17 -23 -27 -32 -37 0 
-3 -7 -30 -35 0 
-4 -6 -9 -28 0 
-13 -19 -22 -27 -29 0 
-17 -20 -26 -30 0 
-7 -8 -17 -26 -35 -37 0 
-2 -5 -7 -11 -13 -19 -20 -22 -25 -27 -30 -32 -35 0 
-4 -7 -9 -14 -17 -30 -33 0 
-2 -3 -5 -18 -24 -36 0 
-10 -11 -22 -29 -32 -33 0 
-2 -7 -9 -14 -21 -31 -36 0 
-14 -21 -31 -32 -35 0 
-10 -12 -14 -27 -33 -35 0 
-13 -15 -22 -30 -36 0 
-9 -18 -21 -23 -26 0 
-2 -8 -11 -15 -31 -33 0 
-2 -12 -14 -19 -22 -31 -33 0 
-1 -2 -3 -7 -12 -14 -25 -26 -32 0 
-10 -20 -23 -30 0 
-7 -8 -10 -24 -29 -30 0 
-5 -6 -8 -22 -24 0 
-1 -3 -14 -22 -24 -27 -30 -36 0 
-1 -2 -10 -18 -22 -35 0 
-3 -8 -9 -11 -25 -28 -36 0 
-3 -15 -16 -18 -30 -35 0 
-2 -7 -17 -18 -21 -23 -24 -37 0 
-2 -9 -11 -13 -18 -19 -21 -25 0 
-6 -11 -26 -30 -36 0 
-6 -8 -10 -14 -20 -24 -31 -33 0 
-5 -6 -9 -14 -31 -34 0 
-2 -9 -11 -20 -23 -26 -34 -37 0 
-8 -15 -24 -27 -36 -37 0 
-2 -6 -7 -8 -10 -16 -18 -24 -30 0 
-2 -5 -7 -8 -10 -19 -23 -25 -37 0 
-9 -17 -20 -22 -25 -30 0 
-17 -20 -21 -30 -32 0 
-4 -14 -15 -17 -28 -29 -32 -34 -35 -36 -37 0 
-3 -5 -8 -10 -16 0 
-18 -21 -26 -32 0 
-7 -9 -17 -19 -26 -30 -36 0 
-6 -10 -12 -15 -16 -30 0 
-12 -15 -31 -34 0 
-3 -8 -28 -32 0 
-1 -4 -9 -13 -15 -21 -27 -31 -35 0 
-2 -10 -13 -25 -32 0 
-5 -7 -11 -13 -17 -28 -35 -36 0 
-1 -9 -14 -16 -18 -26 -29 -31 -32 -33 0 
-1 -4 -10 -15 -18 -19 -23 -37 0 
-24 -29 -31 0 
-2 -4 -8 -29 -32 0 
-6 -13 -15 -27 -33 0 
-12 -16 0 
-5 -12 -14 -26 -30 -36 0 
-6 -17 -18 -19 -25 -35 0 
-4 -5 -12 -14 -18 -23 0 
-7 -16 -27 -29 -37 0 
-1 -11 -12 -25 -29 -30 -35 0 
-1 -4 -5 -9 -11 -20 -21 -23 -28 -37 0 
-7 -8 -15 -21 -26 -32 -33 0 
-1 -9 -23 -31 -35 0 
-4 -23 -24 -30 -31 -37 0 
-2 -26 -29 -30 -31 -37 0 
-5 -19 -22 -26 -27 0 
-2 -5 -9 -13 -20 -23 -28 -31 0 
-4 -16 -25 -27 -28 0 
-1 -6 -10 -12 -16 -19 -29 0 
-3 -7 -8 -13 -15 -18 -20 -28 0 
-11 -12 -23 -25 -35 0 
-10 -18 -23 -24 0 
-3 -6 -17 -20 -23 -27 0 
-1 -10 -13 -27 -33 -34 0 
-2 -5 -6 -8 -22 -26 -33 -34 0 
-10 -11 -24 -27 -28 0 
-2 -18 -19 -28 -31 -32 -37 0 
-3 -4 -6 -7 -10 -16 0 
-7 -26 0 
-8 -13 -14 -33 -36 0 
-10 -13 -27 -35 0 
-2 -4 -15 -27 -34 -37 0 
-3 -9 -14 -19 -22 0 
-1 -2 -7 -10 -27 -33 -36 0 
-5 -13 -15 -24 -25 0 
-2 -8 -9 -11 -14 -30 -36 0 
-10 -11 -20 -24 -27 0 
-5 -9 -10 -19 -34 -35 -37 0 
-3 -7 -10 -21 -25 -27 -28 -29 0 
-2 -7 -9 -11 -22 0 
