p cnf 37 800
6 7 15 20 21 24 25 30 34 0 
3 7 10 12 13 20 33 36 0 
3 4 5 8 9 13 29 36 0 
2 11 17 22 31 35 36 0 
13 18 20 22 23 32 0 
20 22 27 33 36 0 
2 6 12 18 24 36 0 
9 11 12 20 25 27 0 
2 3 6 9 10 12 17 28 0 
12 16 30 33 0 
4 10 11 13 35 0 
10 37 0 
4 7 10 15 21 34 0 
8 10 30 37 0 
3 15 27 31 34 0 
7 13 14 32 0 
9 12 14 15 29 30 0 
4 5 16 18 19 21 28 0 
5 13 20 23 27 34 0 
1 2 3 18 23 29 37 0 
14 19 23 25 35 0 
11 16 19 26 30 31 36 37 0 
5 10 18 21 24 27 28 37 0 
4 13 20 35 37 0 
3 4 25 28 36 0 
8 12 13 20 28 34 36 0 
4 16 18 20 21 25 30 31 32 36 0 
5 6 9 13 18 30 36 37 0 
12 13 36 37 0 
4 10 12 14 30 32 33 0 
3 4 6 25 26 29 31 36 0 
19 21 26 27 37 0 
6 7 9 14 16 29 31 32 0 
2 3 12 14 15 18 22 0 
10 19 21 0 
5 18 32 35 37 0 
2 11 19 34 37 0 
1 9 16 18 25 26 0 
3 9 13 15 18 20 22 29 34 0 
13 33 35 36 0 
3 12 15 21 26 31 32 0 
1 10 12 16 20 0 
1 2 25 36 0 
8 11 14 25 35 0 
11 22 24 28 30 36 0 
1 9 18 20 21 22 27 28 33 35 0 
19 21 24 30 0 
12 13 18 19 25 37 0 
5 14 21 30 33 37 0 
4 31 33 37 0 
4 5 6 8 13 18 20 25 29 0 
2 10 15 18 24 27 28 34 0 
1 7 13 15 23 24 27 28 30 0 
11 29 30 33 37 0 
26 27 28 33 0 
18 25 28 36 0 
1 4 6 15 17 33 34 0 
5 14 16 17 18 21 25 26 28 0 
4 17 18 25 28 33 37 0 
1 2 6 9 12 32 0 
6 20 21 24 25 29 0 
14 17 18 23 32 0 
2 6 15 28 31 33 36 0 
7 8 10 12 21 33 0 
2 6 8 12 23 27 0 
3 4 11 13 18 19 22 26 28 29 30 31 32 33 34 35 0 
8 14 16 18 25 26 27 34 0 
2 5 7 8 12 15 24 26 33 34 35 36 0 
3 6 15 24 0 
1 12 13 19 23 26 33 36 0 
3 6 20 21 36 37 0 
1 7 21 28 29 32 0 
3 6 8 9 16 21 0 
3 8 19 23 24 28 29 0 
4 11 23 28 32 0 
10 13 16 18 21 22 24 26 37 0 
6 10 11 14 15 24 26 31 35 0 
21 23 26 30 32 37 0 
5 12 21 23 0 
1 5 6 15 0 
12 16 24 26 34 37 0 
16 23 24 25 26 27 33 0 
3 7 17 24 31 0 
1 6 19 22 25 32 0 
3 11 12 13 18 20 23 30 31 37 0 
8 13 37 0 
2 6 8 18 26 0 
1 6 10 14 15 25 28 37 0 
4 28 29 30 33 36 0 
13 19 20 22 29 34 0 
1 6 11 15 17 28 31 32 34 0 
8 12 15 23 24 27 30 37 0 
3 5 11 17 22 23 25 32 0 
1 5 6 9 23 28 29 31 34 36 0 
1 3 17 19 23 25 26 36 0 
2 3 5 8 14 17 20 29 36 0 
1 8 9 10 16 24 0 
1 2 5 16 22 25 0 
2 4 7 10 13 21 25 36 37 0 
7 8 14 17 18 22 32 0 
11 20 25 30 35 0 
4 9 16 26 27 0 
4 8 17 18 30 32 0 
1 10 20 21 25 29 30 37 0 
26 28 0 
16 17 18 25 32 0 
13 22 32 37 0 
12 14 17 24 25 0 
7 8 9 10 14 32 33 34 37 0 
12 18 19 22 24 29 32 33 0 
3 4 6 10 12 24 32 0 
3 11 14 16 18 20 23 24 27 34 0 
10 12 16 19 35 0 
7 20 23 25 35 0 
7 8 9 11 14 24 0 
11 31 34 35 0 
8 11 14 15 23 26 36 0 
6 11 24 26 31 33 37 0 
4 9 12 16 23 24 32 36 0 
1 7 18 27 30 0 
2 3 10 15 19 30 0 
18 19 22 25 27 36 0 
3 4 6 12 14 16 34 0 
1 5 7 23 29 0 
15 19 22 33 36 0 
5 13 21 29 31 34 0 
3 4 5 7 11 16 17 18 19 21 33 0 
5 8 14 21 34 0 
15 17 18 24 27 0 
4 10 11 28 36 37 0 
13 20 21 22 29 0 
2 21 23 27 32 33 36 0 
6 10 14 18 22 28 33 35 0 
2 4 6 8 14 16 19 32 0 
1 8 11 26 27 28 29 31 0 
8 14 18 23 26 28 29 0 
10 28 32 0 
4 11 17 19 25 0 
3 5 8 17 25 30 31 0 
2 3 4 22 32 37 0 
11 13 22 31 33 0 
7 8 12 13 16 17 25 28 30 0 
1 7 11 18 33 35 36 0 
1 2 7 8 11 21 22 26 31 0 
1 4 15 18 22 24 35 0 
6 13 14 32 0 
2 8 10 13 17 27 30 0 
2 14 18 0 
4 14 15 27 31 33 0 
16 27 29 30 33 36 0 
2 5 9 16 21 30 32 0 
3 4 5 7 8 36 0 
2 4 8 10 12 13 14 28 0 
1 4 10 14 24 35 0 
3 6 22 24 26 33 34 0 
2 9 12 13 23 24 27 30 32 36 0 
9 16 25 26 33 34 35 0 
4 6 7 8 12 18 26 28 30 0 
8 20 23 25 28 0 
4 12 22 23 25 33 0 
4 6 9 12 13 23 32 36 0 
5 18 21 22 23 26 29 34 35 0 
7 10 15 16 24 27 32 35 0 
9 13 16 24 25 28 0 
4 5 10 27 28 30 31 0 
8 26 28 29 31 0 
8 10 18 24 34 35 36 0 
2 14 17 20 33 36 0 
1 24 0 
10 15 20 0 
2 4 6 9 21 35 37 0 
1 4 8 18 28 32 35 0 
12 19 0 
9 13 16 18 24 0 
2 6 9 10 15 24 27 28 29 37 0 
4 5 7 12 20 21 28 33 0 
2 8 9 33 0 
13 14 19 20 23 24 26 28 29 31 0 
23 31 0 
1 19 27 28 31 36 0 
13 20 23 24 30 34 0 
8 10 11 24 28 31 34 35 0 
2 9 11 15 28 30 0 
1 11 18 32 0 
11 29 32 37 0 
19 23 26 29 37 0 
2 5 9 12 18 29 35 0 
4 8 23 27 30 0 
15 16 18 31 0 
11 14 32 0 
2 13 25 27 34 35 0 
10 14 15 21 24 25 29 31 0 
1 2 17 22 25 33 0 
3 4 15 17 18 20 23 24 30 33 35 36 0 
1 8 14 19 27 0 
16 21 23 29 0 
1 5 8 10 11 16 19 22 25 33 0 
1 8 9 28 33 35 0 
10 13 15 18 24 25 29 34 0 
4 6 17 26 0 
15 23 24 33 0 
9 10 11 16 18 19 26 28 0 
4 9 16 17 18 20 21 24 30 32 0 
9 10 11 23 27 34 0 
1 9 10 13 18 25 30 36 37 0 
3 7 13 20 23 25 31 34 36 0 
4 5 7 11 13 23 27 0 
9 12 14 18 24 27 30 0 
2 3 4 14 17 19 23 35 0 
1 2 3 8 10 13 14 34 0 
4 7 13 22 24 27 33 34 35 36 0 
4 21 35 36 0 
4 8 17 21 22 32 35 0 
1 9 14 21 24 25 26 0 
2 13 14 23 34 37 0 
1 26 32 33 35 37 0 
16 18 19 20 29 32 0 
8 17 19 28 35 0 
2 9 13 14 16 21 22 31 34 35 0 
2 12 15 16 20 30 33 34 0 
1 12 16 20 21 33 0 
6 7 8 16 25 34 35 0 
1 2 5 11 22 33 0 
12 13 14 16 18 27 30 0 
16 20 26 27 36 37 0 
6 21 26 33 35 37 0 
9 23 24 33 37 0 
2 5 11 23 24 28 31 0 
7 10 12 18 24 0 
2 14 20 26 29 37 0 
15 17 24 28 30 0 
2 4 5 7 9 14 35 36 0 
1 14 25 31 32 33 36 0 
7 8 18 20 24 30 31 0 
1 14 20 32 0 
8 20 21 26 27 0 
1 2 5 11 17 23 25 35 37 0 
8 14 17 18 23 27 33 36 0 
6 28 29 30 0 
4 5 11 12 13 17 18 19 23 27 30 33 35 0 
6 7 8 13 16 17 21 24 29 36 0 
3 7 8 21 0 
9 14 19 25 27 37 0 
8 19 26 30 34 0 
9 18 21 24 0 
2 18 20 27 29 30 0 
7 13 14 16 17 23 25 31 35 36 37 0 
5 14 18 19 34 0 
4 11 19 22 32 0 
4 5 14 16 26 29 30 32 33 37 0 
5 7 17 22 26 31 34 0 
3 4 8 9 13 16 17 20 26 28 32 33 35 36 0 
4 6 10 23 25 0 
12 15 20 22 23 0 
1 2 5 10 11 20 21 25 32 37 0 
2 5 12 17 19 23 31 32 35 0 
5 9 13 16 25 27 36 0 
11 16 24 27 34 36 0 
13 16 21 26 28 30 35 0 
2 15 25 32 37 0 
6 14 21 25 33 36 0 
9 14 17 18 20 26 0 
7 8 14 16 20 27 30 37 0 
4 10 12 24 27 37 0 
3 5 10 18 19 35 0 
3 12 20 23 28 30 34 0 
2 5 15 23 24 31 0 
3 5 17 19 24 0 
9 11 19 20 21 24 32 0 
1 3 10 11 22 28 32 34 0 
2 4 14 16 19 25 26 30 32 0 
5 6 12 14 24 28 31 33 0 
18 23 25 27 30 31 35 37 0 
3 7 16 23 29 0 
5 9 12 13 19 22 0 
9 12 13 14 23 31 33 35 0 
11 15 17 20 22 24 29 34 0 
3 11 35 0 
1 13 24 29 35 0 
3 6 7 11 16 28 36 0 
7 8 9 19 32 36 0 
1 3 6 8 10 22 33 0 
5 9 15 26 28 29 34 0 
9 12 18 21 24 33 0 
4 12 20 26 37 0 
24 25 27 0 
4 8 16 17 23 0 
7 17 20 23 29 37 0 
1 4 5 8 10 18 27 34 36 0 
2 4 10 11 19 20 26 37 0 
3 5 9 12 31 0 
13 17 19 20 21 23 24 33 35 0 
15 27 32 33 34 0 
10 18 29 31 32 35 0 
3 10 12 15 25 28 35 0 
4 11 14 23 34 0 
2 4 14 20 23 25 26 27 37 0 
2 13 18 22 30 35 0 
12 13 17 27 0 
5 6 8 15 28 33 36 37 0 
1 4 6 11 12 21 31 35 37 0 
4 10 11 17 18 23 28 30 0 
3 13 24 25 37 0 
1 9 13 16 17 18 26 28 0 
5 11 16 28 31 35 36 0 
10 34 0 
2 4 15 28 32 0 
5 6 9 12 22 24 25 28 0 
3 14 22 23 25 30 0 
2 18 19 23 34 0 
1 2 4 31 34 0 
2 4 5 16 33 0 
3 5 13 15 24 29 0 
2 8 11 19 20 0 
2 4 11 17 25 28 29 30 34 0 
1 8 11 13 26 34 0 
3 4 24 37 0 
3 5 10 12 18 21 0 
2 3 11 27 31 37 0 
9 11 12 15 19 23 24 0 
3 6 10 16 21 0 
18 19 23 25 35 37 0 
13 16 36 0 
14 18 25 28 34 0 
8 13 18 32 0 
1 3 7 10 11 24 31 34 35 0 
9 12 15 18 30 36 37 0 
4 5 12 14 31 33 0 
1 13 18 21 24 25 0 
9 33 37 0 
2 10 22 24 26 35 0 
16 26 29 36 37 0 
4 6 8 21 0 
10 16 32 0 
8 9 10 18 27 28 32 34 0 
11 15 17 0 
5 8 12 14 26 30 34 0 
7 11 16 18 25 32 0 
9 19 20 21 26 28 0 
1 7 13 25 27 0 
7 32 0 
1 3 28 32 34 36 0 
3 6 15 18 19 21 25 33 36 0 
5 6 14 18 23 26 27 0 
2 8 9 13 22 0 
2 10 17 20 22 24 26 33 0 
14 18 21 24 29 32 35 37 0 
17 18 0 
11 19 28 32 0 
8 11 13 15 24 34 0 
3 4 7 10 15 20 26 29 31 36 0 
6 11 14 15 20 23 27 28 0 
2 9 14 15 17 21 27 0 
1 14 32 0 
6 8 13 14 21 27 32 34 0 
6 7 10 12 23 26 28 30 32 0 
8 23 24 28 30 34 36 0 
9 24 27 28 0 
13 15 21 28 0 
2 24 27 28 32 0 
2 5 7 9 24 25 31 37 0 
3 14 16 21 24 0 
14 16 26 30 31 0 
5 13 15 25 0 
3 5 9 10 21 27 30 0 
3 8 15 19 28 31 36 0 
4 5 8 16 19 27 33 34 36 0 
3 4 7 13 32 36 0 
7 10 13 24 25 28 37 0 
1 19 27 29 35 0 
2 3 4 5 17 22 31 36 0 
3 4 5 7 11 28 0 
9 12 14 23 32 35 0 
2 11 13 19 20 21 28 30 31 32 0 
3 4 17 25 28 35 36 0 
4 8 18 20 25 27 0 
5 17 26 29 31 33 34 37 0 
4 10 17 21 0 
2 7 11 16 36 0 
1 15 18 23 29 31 36 0 
2 4 10 20 22 23 30 36 0 
4 8 13 25 28 30 36 0 
4 9 10 17 19 21 27 30 31 0 
3 17 31 34 0 
6 20 22 26 27 28 0 
15 21 22 27 29 31 34 37 0 
3 4 7 22 37 0 
7 13 16 22 23 31 0 
4 6 16 17 22 27 34 0 
2 6 20 27 28 31 36 0 
7 13 17 19 26 29 36 0 
1 2 7 23 30 32 36 0 
6 11 16 25 27 32 36 0 
2 5 14 18 29 36 0 
3 9 15 18 22 27 0 
5 7 16 17 21 23 29 31 34 0 
3 7 11 17 19 33 0 
2 3 10 15 31 34 0 
6 12 15 18 27 31 33 0 
7 27 32 35 0 
-6 -7 -15 -20 -21 -24 -25 -30 -34 0 
-3 -7 -10 -12 -13 -20 -33 -36 0 
-3 -4 -5 -8 -9 -13 -29 -36 0 
-2 -11 -17 -22 -31 -35 -36 0 
-13 -18 -20 -22 -23 -32 0 
-20 -22 -27 -33 -36 0 
-2 -6 -12 -18 -24 -36 0 
-9 -11 -12 -20 -25 -27 0 
-2 -3 -6 -9 -10 -12 -17 -28 0 
-12 -16 -30 -33 0 
-4 -10 -11 -13 -35 0 
-10 -37 0 
-4 -7 -10 -15 -21 -34 0 
-8 -10 -30 -37 0 
-3 -15 -27 -31 -34 0 
-7 -13 -14 -32 0 
-9 -12 -14 -15 -29 -30 0 
-4 -5 -16 -18 -19 -21 -28 0 
-5 -13 -20 -23 -27 -34 0 
-1 -2 -3 -18 -23 -29 -37 0 
-14 -19 -23 -25 -35 0 
-11 -16 -19 -26 -30 -31 -36 -37 0 
-5 -10 -18 -21 -24 -27 -28 -37 0 
-4 -13 -20 -35 -37 0 
-3 -4 -25 -28 -36 0 
-8 -12 -13 -20 -28 -34 -36 0 
-4 -16 -18 -20 -21 -25 -30 -31 -32 -36 0 
-5 -6 -9 -13 -18 -30 -36 -37 0 
-12 -13 -36 -37 0 
-4 -10 -12 -14 -30 -32 -33 0 
-3 -4 -6 -25 -26 -29 -31 -36 0 
-19 -21 -26 -27 -37 0 
-6 -7 -9 -14 -16 -29 -31 -32 0 
-2 -3 -12 -14 -15 -18 -22 0 
-10 -19 -21 0 
-5 -18 -32 -35 -37 0 
-2 -11 -19 -34 -37 0 
-1 -9 -16 -18 -25 -26 0 
-3 -9 -13 -15 -18 -20 -22 -29 -34 0 
-13 -33 -35 -36 0 
-3 -12 -15 -21 -26 -31 -32 0 
-1 -10 -12 -16 -20 0 
-1 -2 -25 -36 0 
-8 -11 -14 -25 -35 0 
-11 -22 -24 -28 -30 -36 0 
-1 -9 -18 -20 -21 -22 -27 -28 -33 -35 0 
-19 -21 -24 -30 0 
-12 -13 -18 -19 -25 -37 0 
-5 -14 -21 -30 -33 -37 0 
-4 -31 -33 -37 0 
-4 -5 -6 -8 -13 -18 -20 -25 -29 0 
-2 -10 -15 -18 -24 -27 -28 -34 0 
-1 -7 -13 -15 -23 -24 -27 -28 -30 0 
-11 -29 -30 -33 -37 0 
-26 -27 -28 -33 0 
-18 -25 -28 -36 0 
-1 -4 -6 -15 -17 -33 -34 0 
-5 -14 -16 -17 -18 -21 -25 -26 -28 0 
-4 -17 -18 -25 -28 -33 -37 0 
-1 -2 -6 -9 -12 -32 0 
-6 -20 -21 -24 -25 -29 0 
-14 -17 -18 -23 -32 0 
-2 -6 -15 -28 -31 -33 -36 0 
-7 -8 -10 -12 -21 -33 0 
-2 -6 -8 -12 -23 -27 0 
-3 -4 -11 -13 -18 -19 -22 -26 -28 -29 -30 -31 -32 -33 -34 -35 0 
-8 -14 -16 -18 -25 -26 -27 -34 0 
-2 -5 -7 -8 -12 -15 -24 -26 -33 -34 -35 -36 0 
-3 -6 -15 -24 0 
-1 -12 -13 -19 -23 -26 -33 -36 0 
-3 -6 -20 -21 -36 -37 0 
-1 -7 -21 -28 -29 -32 0 
-3 -6 -8 -9 -16 -21 0 
-3 -8 -19 -23 -24 -28 -29 0 
-4 -11 -23 -28 -32 0 
-10 -13 -16 -18 -21 -22 -24 -26 -37 0 
-6 -10 -11 -14 -15 -24 -26 -31 -35 0 
-21 -23 -26 -30 -32 -37 0 
-5 -12 -21 -23 0 
-1 -5 -6 -15 0 
-12 -16 -24 -26 -34 -37 0 
-16 -23 -24 -25 -26 -27 -33 0 
-3 -7 -17 -24 -31 0 
-1 -6 -19 -22 -25 -32 0 
-3 -11 -12 -13 -18 -20 -23 -30 -31 -37 0 
-8 -13 -37 0 
-2 -6 -8 -18 -26 0 
-1 -6 -10 -14 -15 -25 -28 -37 0 
-4 -28 -29 -30 -33 -36 0 
-13 -19 -20 -22 -29 -34 0 
-1 -6 -11 -15 -17 -28 -31 -32 -34 0 
-8 -12 -15 -23 -24 -27 -30 -37 0 
-3 -5 -11 -17 -22 -23 -25 -32 0 
-1 -5 -6 -9 -23 -28 -29 -31 -34 -36 0 
-1 -3 -17 -19 -23 -25 -26 -36 0 
-2 -3 -5 -8 -14 -17 -20 -29 -36 0 
-1 -8 -9 -10 -16 -24 0 
-1 -2 -5 -16 -22 -25 0 
-2 -4 -7 -10 -13 -21 -25 -36 -37 0 
-7 -8 -14 -17 -18 -22 -32 0 
-11 -20 -25 -30 -35 0 
-4 -9 -16 -26 -27 0 
-4 -8 -17 -18 -30 -32 0 
-1 -10 -20 -21 -25 -29 -30 -37 0 
-26 -28 0 
-16 -17 -18 -25 -32 0 
-13 -22 -32 -37 0 
-12 -14 -17 -24 -25 0 
-7 -8 -9 -10 -14 -32 -33 -34 -37 0 
-12 -18 -19 -22 -24 -29 -32 -33 0 
-3 -4 -6 -10 -12 -24 -32 0 
-3 -11 -14 -16 -18 -20 -23 -24 -27 -34 0 
-10 -12 -16 -19 -35 0 
-7 -20 -23 -25 -35 0 
-7 -8 -9 -11 -14 -24 0 
-11 -31 -34 -35 0 
-8 -11 -14 -15 -23 -26 -36 0 
-6 -11 -24 -26 -31 -33 -37 0 
-4 -9 -12 -16 -23 -24 -32 -36 0 
-1 -7 -18 -27 -30 0 
-2 -3 -10 -15 -19 -30 0 
-18 -19 -22 -25 -27 -36 0 
-3 -4 -6 -12 -14 -16 -34 0 
-1 -5 -7 -23 -29 0 
-15 -19 -22 -33 -36 0 
-5 -13 -21 -29 -31 -34 0 
-3 -4 -5 -7 -11 -16 -17 -18 -19 -21 -33 0 
-5 -8 -14 -21 -34 0 
-15 -17 -18 -24 -27 0 
-4 -10 -11 -28 -36 -37 0 
-13 -20 -21 -22 -29 0 
-2 -21 -23 -27 -32 -33 -36 0 
-6 -10 -14 -18 -22 -28 -33 -35 0 
-2 -4 -6 -8 -14 -16 -19 -32 0 
-1 -8 -11 -26 -27 -28 -29 -31 0 
-8 -14 -18 -23 -26 -28 -29 0 
-10 -28 -32 0 
-4 -11 -17 -19 -25 0 
-3 -5 -8 -17 -25 -30 -31 0 
-2 -3 -4 -22 -32 -37 0 
-11 -13 -22 -31 -33 0 
-7 -8 -12 -13 -16 -17 -25 -28 -30 0 
-1 -7 -11 -18 -33 -35 -36 0 
-1 -2 -7 -8 -11 -21 -22 -26 -31 0 
-1 -4 -15 -18 -22 -24 -35 0 
-6 -13 -14 -32 0 
-2 -8 -10 -13 -17 -27 -30 0 
-2 -14 -18 0 
-4 -14 -15 -27 -31 -33 0 
-16 -27 -29 -30 -33 -36 0 
-2 -5 -9 -16 -21 -30 -32 0 
-3 -4 -5 -7 -8 -36 0 
-2 -4 -8 -10 -12 -13 -14 -28 0 
-1 -4 -10 -14 -24 -35 0 
-3 -6 -22 -24 -26 -33 -34 0 
-2 -9 -12 -13 -23 -24 -27 -30 -32 -36 0 
-9 -16 -25 -26 -33 -34 -35 0 
-4 -6 -7 -8 -12 -18 -26 -28 -30 0 
-8 -20 -23 -25 -28 0 
-4 -12 -22 -23 -25 -33 0 
-4 -6 -9 -12 -13 -23 -32 -36 0 
-5 -18 -21 -22 -23 -26 -29 -34 -35 0 
-7 -10 -15 -16 -24 -27 -32 -35 0 
-9 -13 -16 -24 -25 -28 0 
-4 -5 -10 -27 -28 -30 -31 0 
-8 -26 -28 -29 -31 0 
-8 -10 -18 -24 -34 -35 -36 0 
-2 -14 -17 -20 -33 -36 0 
-1 -24 0 
-10 -15 -20 0 
-2 -4 -6 -9 -21 -35 -37 0 
-1 -4 -8 -18 -28 -32 -35 0 
-12 -19 0 
-9 -13 -16 -18 -24 0 
-2 -6 -9 -10 -15 -24 -27 -28 -29 -37 0 
-4 -5 -7 -12 -20 -21 -28 -33 0 
-2 -8 -9 -33 0 
-13 -14 -19 -20 -23 -24 -26 -28 -29 -31 0 
-23 -31 0 
-1 -19 -27 -28 -31 -36 0 
-13 -20 -23 -24 -30 -34 0 
-8 -10 -11 -24 -28 -31 -34 -35 0 
-2 -9 -11 -15 -28 -30 0 
-1 -11 -18 -32 0 
-11 -29 -32 -37 0 
-19 -23 -26 -29 -37 0 
-2 -5 -9 -12 -18 -29 -35 0 
-4 -8 -23 -27 -30 0 
-15 -16 -18 -31 0 
-11 -14 -32 0 
-2 -13 -25 -27 -34 -35 0 
-10 -14 -15 -21 -24 -25 -29 -31 0 
-1 -2 -17 -22 -25 -33 0 
-3 -4 -15 -17 -18 -20 -23 -24 -30 -33 -35 -36 0 
-1 -8 -14 -19 -27 0 
-16 -21 -23 -29 0 
-1 -5 -8 -10 -11 -16 -19 -22 -25 -33 0 
-1 -8 -9 -28 -33 -35 0 
-10 -13 -15 -18 -24 -25 -29 -34 0 
-4 -6 -17 -26 0 
-15 -23 -24 -33 0 
-9 -10 -11 -16 -18 -19 -26 -28 0 
-4 -9 -16 -17 -18 -20 -21 -24 -30 -32 0 
-9 -10 -11 -23 -27 -34 0 
-1 -9 -10 -13 -18 -25 -30 -36 -37 0 
-3 -7 -13 -20 -23 -25 -31 -34 -36 0 
-4 -5 -7 -11 -13 -23 -27 0 
-9 -12 -14 -18 -24 -27 -30 0 
-2 -3 -4 -14 -17 -19 -23 -35 0 
-1 -2 -3 -8 -10 -13 -14 -34 0 
-4 -7 -13 -22 -24 -27 -33 -34 -35 -36 0 
-4 -21 -35 -36 0 
-4 -8 -17 -21 -22 -32 -35 0 
-1 -9 -14 -21 -24 -25 -26 0 
-2 -13 -14 -23 -34 -37 0 
-1 -26 -32 -33 -35 -37 0 
-16 -18 -19 -20 -29 -32 0 
-8 -17 -19 -28 -35 0 
-2 -9 -13 -14 -16 -21 -22 -31 -34 -35 0 
-2 -12 -15 -16 -20 -30 -33 -34 0 
-1 -12 -16 -20 -21 -33 0 
-6 -7 -8 -16 -25 -34 -35 0 
-1 -2 -5 -11 -22 -33 0 
-12 -13 -14 -16 -18 -27 -30 0 
-16 -20 -26 -27 -36 -37 0 
-6 -21 -26 -33 -35 -37 0 
-9 -23 -24 -33 -37 0 
-2 -5 -11 -23 -24 -28 -31 0 
-7 -10 -12 -18 -24 0 
-2 -14 -20 -26 -29 -37 0 
-15 -17 -24 -28 -30 0 
-2 -4 -5 -7 -9 -14 -35 -36 0 
-1 -14 -25 -31 -32 -33 -36 0 
-7 -8 -18 -20 -24 -30 -31 0 
-1 -14 -20 -32 0 
-8 -20 -21 -26 -27 0 
-1 -2 -5 -11 -17 -23 -25 -35 -37 0 
-8 -14 -17 -18 -23 -27 -33 -36 0 
-6 -28 -29 -30 0 
-4 -5 -11 -12 -13 -17 -18 -19 -23 -27 -30 -33 -35 0 
-6 -7 -8 -13 -16 -17 -21 -24 -29 -36 0 
-3 -7 -8 -21 0 
-9 -14 -19 -25 -27 -37 0 
-8 -19 -26 -30 -34 0 
-9 -18 -21 -24 0 
-2 -18 -20 -27 -29 -30 0 
-7 -13 -14 -16 -17 -23 -25 -31 -35 -36 -37 0 
-5 -14 -18 -19 -34 0 
-4 -11 -19 -22 -32 0 
-4 -5 -14 -16 -26 -29 -30 -32 -33 -37 0 
-5 -7 -17 -22 -26 -31 -34 0 
-3 -4 -8 -9 -13 -16 -17 -20 -26 -28 -32 -33 -35 -36 0 
-4 -6 -10 -23 -25 0 
-12 -15 -20 -22 -23 0 
-1 -2 -5 -10 -11 -20 -21 -25 -32 -37 0 
-2 -5 -12 -17 -19 -23 -31 -32 -35 0 
-5 -9 -13 -16 -25 -27 -36 0 
-11 -16 -24 -27 -34 -36 0 
-13 -16 -21 -26 -28 -30 -35 0 
-2 -15 -25 -32 -37 0 
-6 -14 -21 -25 -33 -36 0 
-9 -14 -17 -18 -20 -26 0 
-7 -8 -14 -16 -20 -27 -30 -37 0 
-4 -10 -12 -24 -27 -37 0 
-3 -5 -10 -18 -19 -35 0 
-3 -12 -20 -23 -28 -30 -34 0 
-2 -5 -15 -23 -24 -31 0 
-3 -5 -17 -19 -24 0 
-9 -11 -19 -20 -21 -24 -32 0 
-1 -3 -10 -11 -22 -28 -32 -34 0 
-2 -4 -14 -16 -19 -25 -26 -30 -32 0 
-5 -6 -12 -14 -24 -28 -31 -33 0 
-18 -23 -25 -27 -30 -31 -35 -37 0 
-3 -7 -16 -23 -29 0 
-5 -9 -12 -13 -19 -22 0 
-9 -12 -13 -14 -23 -31 -33 -35 0 
-11 -15 -17 -20 -22 -24 -29 -34 0 
-3 -11 -35 0 
-1 -13 -24 -29 -35 0 
-3 -6 -7 -11 -16 -28 -36 0 
-7 -8 -9 -19 -32 -36 0 
-1 -3 -6 -8 -10 -22 -33 0 
-5 -9 -15 -26 -28 -29 -34 0 
-9 -12 -18 -21 -24 -33 0 
-4 -12 -20 -26 -37 0 
-24 -25 -27 0 
-4 -8 -16 -17 -23 0 
-7 -17 -20 -23 -29 -37 0 
-1 -4 -5 -8 -10 -18 -27 -34 -36 0 
-2 -4 -10 -11 -19 -20 -26 -37 0 
-3 -5 -9 -12 -31 0 
-13 -17 -19 -20 -21 -23 -24 -33 -35 0 
-15 -27 -32 -33 -34 0 
-10 -18 -29 -31 -32 -35 0 
-3 -10 -12 -15 -25 -28 -35 0 
-4 -11 -14 -23 -34 0 
-2 -4 -14 -20 -23 -25 -26 -27 -37 0 
-2 -13 -18 -22 -30 -35 0 
-12 -13 -17 -27 0 
-5 -6 -8 -15 -28 -33 -36 -37 0 
-1 -4 -6 -11 -12 -21 -31 -35 -37 0 
-4 -10 -11 -17 -18 -23 -28 -30 0 
-3 -13 -24 -25 -37 0 
-1 -9 -13 -16 -17 -18 -26 -28 0 
-5 -11 -16 -28 -31 -35 -36 0 
-10 -34 0 
-2 -4 -15 -28 -32 0 
-5 -6 -9 -12 -22 -24 -25 -28 0 
-3 -14 -22 -23 -25 -30 0 
-2 -18 -19 -23 -34 0 
-1 -2 -4 -31 -34 0 
-2 -4 -5 -16 -33 0 
-3 -5 -13 -15 -24 -29 0 
-2 -8 -11 -19 -20 0 
-2 -4 -11 -17 -25 -28 -29 -30 -34 0 
-1 -8 -11 -13 -26 -34 0 
-3 -4 -24 -37 0 
-3 -5 -10 -12 -18 -21 0 
-2 -3 -11 -27 -31 -37 0 
-9 -11 -12 -15 -19 -23 -24 0 
-3 -6 -10 -16 -21 0 
-18 -19 -23 -25 -35 -37 0 
-13 -16 -36 0 
-14 -18 -25 -28 -34 0 
-8 -13 -18 -32 0 
-1 -3 -7 -10 -11 -24 -31 -34 -35 0 
-9 -12 -15 -18 -30 -36 -37 0 
-4 -5 -12 -14 -31 -33 0 
-1 -13 -18 -21 -24 -25 0 
-9 -33 -37 0 
-2 -10 -22 -24 -26 -35 0 
-16 -26 -29 -36 -37 0 
-4 -6 -8 -21 0 
-10 -16 -32 0 
-8 -9 -10 -18 -27 -28 -32 -34 0 
-11 -15 -17 0 
-5 -8 -12 -14 -26 -30 -34 0 
-7 -11 -16 -18 -25 -32 0 
-9 -19 -20 -21 -26 -28 0 
-1 -7 -13 -25 -27 0 
-7 -32 0 
-1 -3 -28 -32 -34 -36 0 
-3 -6 -15 -18 -19 -21 -25 -33 -36 0 
-5 -6 -14 -18 -23 -26 -27 0 
-2 -8 -9 -13 -22 0 
-2 -10 -17 -20 -22 -24 -26 -33 0 
-14 -18 -21 -24 -29 -32 -35 -37 0 
-17 -18 0 
-11 -19 -28 -32 0 
-8 -11 -13 -15 -24 -34 0 
-3 -4 -7 -10 -15 -20 -26 -29 -31 -36 0 
-6 -11 -14 -15 -20 -23 -27 -28 0 
-2 -9 -14 -15 -17 -21 -27 0 
-1 -14 -32 0 
-6 -8 -13 -14 -21 -27 -32 -34 0 
-6 -7 -10 -12 -23 -26 -28 -30 -32 0 
-8 -23 -24 -28 -30 -34 -36 0 
-9 -24 -27 -28 0 
-13 -15 -21 -28 0 
-2 -24 -27 -28 -32 0 
-2 -5 -7 -9 -24 -25 -31 -37 0 
-3 -14 -16 -21 -24 0 
-14 -16 -26 -30 -31 0 
-5 -13 -15 -25 0 
-3 -5 -9 -10 -21 -27 -30 0 
-3 -8 -15 -19 -28 -31 -36 0 
-4 -5 -8 -16 -19 -27 -33 -34 -36 0 
-3 -4 -7 -13 -32 -36 0 
-7 -10 -13 -24 -25 -28 -37 0 
-1 -19 -27 -29 -35 0 
-2 -3 -4 -5 -17 -22 -31 -36 0 
-3 -4 -5 -7 -11 -28 0 
-9 -12 -14 -23 -32 -35 0 
-2 -11 -13 -19 -20 -21 -28 -30 -31 -32 0 
-3 -4 -17 -25 -28 -35 -36 0 
-4 -8 -18 -20 -25 -27 0 
-5 -17 -26 -29 -31 -33 -34 -37 0 
-4 -10 -17 -21 0 
-2 -7 -11 -16 -36 0 
-1 -15 -18 -23 -29 -31 -36 0 
-2 -4 -10 -20 -22 -23 -30 -36 0 
-4 -8 -13 -25 -28 -30 -36 0 
-4 -9 -10 -17 -19 -21 -27 -30 -31 0 
-3 -17 -31 -34 0 
-6 -20 -22 -26 -27 -28 0 
-15 -21 -22 -27 -29 -31 -34 -37 0 
-3 -4 -7 -22 -37 0 
-7 -13 -16 -22 -23 -31 0 
-4 -6 -16 -17 -22 -27 -34 0 
-2 -6 -20 -27 -28 -31 -36 0 
-7 -13 -17 -19 -26 -29 -36 0 
-1 -2 -7 -23 -30 -32 -36 0 
-6 -11 -16 -25 -27 -32 -36 0 
-2 -5 -14 -18 -29 -36 0 
-3 -9 -15 -18 -22 -27 0 
-5 -7 -16 -17 -21 -23 -29 -31 -34 0 
-3 -7 -11 -17 -19 -33 0 
-2 -3 -10 -15 -31 -34 0 
-6 -12 -15 -18 -27 -31 -33 0 
-7 -27 -32 -35 0 
