p cnf 37 800
2 9 12 22 32 35 0 
15 16 17 20 23 24 28 29 31 37 0 
10 11 16 19 33 34 37 0 
2 7 12 13 14 18 19 20 29 33 0 
3 5 6 21 22 25 31 32 0 
8 11 19 24 27 0 
2 3 15 16 17 19 0 
3 19 24 29 30 0 
1 9 13 24 32 37 0 
3 14 21 32 33 0 
5 6 11 13 23 24 29 34 36 0 
4 8 9 10 15 16 20 22 29 37 0 
5 8 15 17 20 37 0 
12 15 24 25 26 32 0 
6 37 0 
1 3 6 15 17 22 36 0 
20 30 36 0 
3 7 9 17 24 25 26 29 32 35 0 
4 10 11 14 21 26 30 34 0 
1 4 6 22 23 33 37 0 
3 18 23 24 29 0 
5 12 17 20 23 27 32 33 0 
2 8 11 23 35 37 0 
11 12 17 20 26 34 35 0 
1 9 10 14 22 28 34 35 36 0 
1 8 10 17 26 30 37 0 
2 14 15 24 29 0 
4 6 7 8 9 13 15 18 21 28 29 31 33 36 0 
9 11 12 13 16 30 36 0 
1 8 18 19 20 27 33 35 36 0 
1 3 7 14 17 28 30 34 0 
3 7 13 15 18 21 26 27 28 31 0 
10 13 19 21 25 33 37 0 
4 13 25 30 31 37 0 
1 5 10 22 25 26 30 0 
1 3 7 11 14 27 37 0 
4 5 15 18 21 24 27 32 34 36 0 
3 9 11 12 15 20 33 37 0 
4 8 10 17 18 29 0 
6 12 15 21 31 0 
8 19 27 31 35 0 
4 14 19 22 25 34 0 
7 10 18 34 0 
7 8 9 17 21 23 0 
2 11 14 15 18 19 20 21 31 33 36 37 0 
1 4 5 16 19 25 26 29 36 37 0 
3 4 6 11 32 0 
1 6 19 29 30 0 
7 15 27 28 29 34 37 0 
5 13 17 28 30 0 
4 16 18 28 32 33 34 37 0 
5 17 20 27 31 0 
3 6 7 12 23 27 28 33 34 36 0 
10 32 34 37 0 
8 9 11 18 24 28 35 36 0 
2 10 11 21 25 27 32 0 
2 4 10 15 18 21 23 25 26 0 
13 16 17 19 25 0 
1 2 7 9 11 21 27 0 
8 9 11 14 20 25 28 35 0 
11 22 23 26 33 0 
1 4 6 11 13 23 27 29 0 
2 4 6 14 20 29 0 
3 6 12 16 21 0 
2 3 8 11 20 26 27 30 0 
6 14 19 23 29 34 37 0 
17 22 26 30 0 
1 4 8 24 28 30 35 36 37 0 
6 7 12 14 16 26 34 0 
1 2 22 24 25 31 34 35 0 
1 5 6 11 14 24 27 33 36 37 0 
2 4 8 11 19 25 28 34 36 0 
1 5 6 9 22 32 0 
1 7 14 21 31 34 37 0 
8 10 15 18 19 21 24 0 
10 12 15 17 20 0 
19 20 26 28 34 37 0 
2 3 10 17 21 25 0 
2 10 12 13 19 22 24 29 0 
8 9 11 22 33 35 37 0 
2 3 7 11 13 14 23 0 
3 9 35 0 
1 3 8 17 27 28 31 0 
12 15 19 25 34 0 
4 8 12 18 25 29 36 0 
8 14 22 31 34 0 
1 2 4 5 11 25 0 
3 13 16 25 31 0 
2 6 18 24 29 30 31 33 0 
3 4 5 7 8 12 16 25 0 
1 6 18 28 30 0 
1 6 17 18 30 0 
8 12 18 20 25 27 32 34 0 
6 14 17 22 24 29 33 36 0 
1 7 10 13 14 15 0 
1 8 24 25 27 29 36 0 
10 13 16 25 29 36 0 
21 23 28 33 0 
8 15 21 23 0 
4 7 22 25 30 0 
7 18 20 21 23 28 31 35 37 0 
5 13 14 16 24 30 37 0 
7 19 22 23 25 33 0 
3 5 15 17 25 26 27 29 35 0 
2 7 14 16 18 20 21 32 0 
12 14 16 17 29 30 33 0 
1 5 11 14 17 24 27 30 31 35 0 
4 9 17 21 24 27 34 0 
15 18 26 28 32 0 
4 5 10 19 22 26 30 0 
3 5 15 28 31 32 35 0 
5 19 24 28 0 
6 14 22 26 35 0 
3 10 12 15 18 31 34 36 0 
3 9 12 16 22 23 24 32 33 0 
3 4 9 12 20 24 26 35 0 
13 14 15 17 20 21 27 0 
1 2 3 7 11 15 23 0 
2 3 4 13 16 24 25 37 0 
2 6 33 34 0 
2 3 4 10 16 37 0 
8 16 22 24 0 
2 7 11 18 20 0 
4 5 16 23 35 37 0 
1 4 29 33 0 
2 9 12 13 19 34 36 0 
3 10 14 29 32 0 
3 17 18 25 27 28 32 35 0 
6 21 25 31 33 36 0 
8 12 13 20 29 0 
1 8 14 18 26 28 29 30 0 
2 3 10 11 12 17 26 31 0 
2 21 24 30 33 0 
7 8 12 18 30 0 
9 12 13 16 19 22 0 
11 12 18 22 23 24 26 0 
5 16 18 29 31 36 37 0 
10 21 25 0 
9 14 23 29 34 0 
3 15 17 19 37 0 
1 11 0 
3 11 14 15 25 0 
4 5 6 9 12 16 30 34 35 36 0 
8 11 15 16 21 29 30 31 33 0 
9 10 19 21 24 36 37 0 
4 16 34 0 
16 29 30 32 33 0 
2 18 22 36 0 
5 11 19 23 31 34 0 
1 17 31 0 
3 4 5 6 32 37 0 
22 36 37 0 
3 9 22 23 35 0 
1 4 7 20 25 26 32 34 35 0 
3 30 37 0 
5 7 11 15 17 30 33 0 
17 22 24 26 28 31 37 0 
3 7 11 21 27 37 0 
7 15 20 35 0 
5 18 19 23 34 36 37 0 
4 12 14 15 0 
5 7 21 32 35 37 0 
9 35 0 
5 6 18 23 28 29 34 0 
5 15 19 33 35 36 0 
1 4 5 21 27 37 0 
3 16 19 27 28 33 37 0 
1 4 5 6 10 14 21 23 25 28 30 0 
4 16 23 26 27 28 30 37 0 
1 2 6 7 16 20 27 28 37 0 
12 13 19 25 34 0 
1 2 10 12 13 17 20 22 26 33 34 0 
3 4 6 14 18 23 24 32 0 
9 19 22 32 33 36 0 
5 12 14 18 19 22 23 32 0 
3 8 10 15 16 28 0 
2 3 8 13 28 30 32 33 0 
10 16 23 26 30 31 35 0 
5 13 28 31 33 37 0 
7 23 25 26 0 
12 13 14 15 27 0 
3 9 22 29 32 33 0 
16 19 25 30 31 32 33 35 0 
2 5 34 36 0 
8 9 12 17 21 26 33 34 35 0 
3 12 25 0 
3 8 11 14 19 30 0 
10 11 13 0 
5 15 34 0 
3 5 17 21 27 29 33 0 
5 11 16 18 19 29 30 0 
3 20 24 31 33 37 0 
23 30 31 34 0 
1 5 6 12 16 17 19 0 
9 15 18 23 24 26 28 37 0 
4 9 15 25 28 37 0 
7 9 16 22 34 37 0 
2 3 16 20 31 35 0 
1 10 13 15 25 27 31 36 0 
1 5 6 11 12 16 21 24 27 31 36 0 
1 7 8 21 36 0 
4 7 9 11 14 17 0 
7 10 11 19 26 0 
2 7 8 11 12 14 23 0 
14 27 0 
18 24 25 26 32 37 0 
2 8 15 36 0 
1 6 8 9 11 15 21 0 
2 7 23 25 33 0 
2 3 5 9 13 23 24 31 32 36 37 0 
2 14 26 29 0 
8 24 29 33 37 0 
11 14 15 24 26 28 29 30 0 
1 10 19 26 27 32 36 0 
4 5 11 21 34 35 0 
4 19 21 24 25 34 0 
3 7 10 16 30 32 36 0 
2 9 12 18 21 26 0 
10 19 20 22 24 29 34 35 0 
9 19 24 25 26 32 33 0 
3 6 7 8 17 20 23 26 0 
1 2 18 26 30 34 0 
11 12 21 23 32 37 0 
3 4 9 14 23 0 
1 3 6 12 13 30 36 0 
16 19 20 21 25 30 31 0 
6 10 13 14 31 32 37 0 
8 18 22 33 37 0 
14 15 24 25 28 0 
6 15 19 27 0 
5 6 7 17 20 36 37 0 
1 3 14 20 28 30 0 
1 4 6 9 10 16 17 19 0 
7 15 19 22 27 28 31 34 0 
12 16 18 22 27 29 33 34 36 0 
2 14 18 26 27 29 34 35 36 0 
17 35 36 0 
6 12 16 32 33 37 0 
2 3 23 31 34 0 
12 16 22 28 33 0 
2 7 15 21 26 28 29 31 0 
10 21 26 30 31 35 0 
2 10 21 30 0 
2 5 19 20 24 26 31 36 37 0 
9 15 16 21 27 32 0 
4 18 19 27 30 35 37 0 
12 14 16 21 29 34 37 0 
4 7 11 31 34 0 
15 18 20 23 27 34 35 0 
11 12 13 26 29 0 
1 6 7 25 0 
4 7 20 0 
3 4 5 10 15 26 27 0 
1 3 9 12 21 34 36 37 0 
3 11 27 30 36 0 
5 9 10 13 32 35 0 
2 6 7 14 15 20 28 32 34 0 
1 7 21 29 32 35 0 
6 9 26 0 
1 15 20 23 25 0 
12 17 26 27 30 35 0 
10 13 15 0 
2 26 37 0 
5 6 9 34 0 
23 24 33 34 0 
4 18 23 35 36 0 
8 10 13 16 20 21 28 32 0 
1 6 8 14 20 24 26 27 37 0 
1 20 22 23 24 29 32 35 0 
10 11 15 33 0 
3 4 6 13 31 0 
2 3 5 15 16 21 25 34 35 0 
5 15 22 25 29 36 37 0 
8 27 37 0 
3 14 20 24 31 32 37 0 
2 7 11 22 25 26 0 
4 5 6 15 24 27 29 32 0 
6 14 18 32 36 37 0 
1 14 18 20 23 26 30 32 36 0 
1 30 32 0 
9 10 13 20 25 30 33 0 
1 6 8 15 19 22 26 0 
3 5 21 25 33 0 
2 6 7 12 20 22 0 
21 26 29 30 35 37 0 
1 6 10 13 14 16 24 36 37 0 
8 12 17 20 36 0 
7 14 16 20 21 36 0 
14 16 24 26 29 34 37 0 
6 7 9 13 21 26 33 0 
4 6 9 10 19 0 
8 13 14 29 31 0 
6 14 17 18 24 0 
6 9 21 37 0 
8 13 16 30 33 0 
4 9 12 14 16 17 25 33 0 
4 8 19 21 22 26 29 34 0 
6 20 26 29 31 34 36 0 
9 13 14 37 0 
13 16 19 20 25 27 29 36 0 
3 6 15 19 20 21 29 0 
4 7 16 26 27 30 32 35 0 
7 21 23 31 32 0 
1 11 33 0 
7 17 18 20 21 25 33 0 
4 8 11 17 32 37 0 
1 4 6 14 19 25 26 27 29 30 31 34 35 37 0 
5 8 9 14 27 0 
9 11 16 17 18 20 25 26 30 31 34 35 0 
10 11 18 23 25 0 
6 10 13 18 0 
3 6 11 15 18 28 33 34 0 
4 21 27 34 36 0 
10 16 25 27 28 33 34 0 
16 17 37 0 
13 14 21 25 36 0 
8 17 18 21 28 0 
14 25 0 
5 16 17 22 29 30 36 37 0 
4 13 25 26 29 30 33 34 0 
6 12 14 21 25 28 30 34 0 
5 12 15 23 27 29 33 37 0 
5 7 12 16 33 37 0 
1 4 14 16 22 29 35 36 37 0 
1 5 7 12 16 25 29 30 32 0 
2 12 14 15 16 17 22 28 31 34 0 
7 17 35 0 
6 7 9 13 22 27 28 0 
2 11 12 16 30 31 36 0 
10 11 16 20 32 33 35 0 
19 31 32 33 0 
4 8 13 31 0 
14 15 25 35 37 0 
17 28 29 34 36 0 
5 6 9 13 14 23 32 33 0 
23 26 29 30 34 35 36 0 
11 12 24 35 0 
14 20 32 34 0 
1 2 4 11 16 18 22 31 37 0 
3 4 6 11 22 23 28 29 0 
1 4 9 19 25 27 37 0 
5 8 11 21 23 26 32 33 34 0 
5 7 22 24 37 0 
2 4 8 13 30 31 32 0 
3 4 13 16 22 27 37 0 
6 11 14 15 27 28 31 0 
2 3 11 12 23 25 28 31 33 0 
4 5 10 12 13 19 28 34 0 
3 15 18 25 26 29 36 0 
1 15 19 24 37 0 
3 12 24 28 0 
18 22 25 28 0 
1 8 13 14 15 17 36 37 0 
16 21 23 36 0 
3 5 9 22 25 29 36 0 
3 9 17 18 34 35 36 0 
1 11 18 23 27 33 35 36 0 
11 12 14 37 0 
3 5 7 12 36 0 
4 5 6 12 30 0 
3 21 22 30 37 0 
3 8 12 18 21 29 30 32 0 
4 9 11 13 20 32 0 
4 17 19 24 0 
4 9 10 20 25 27 30 33 34 36 37 0 
5 7 8 16 18 20 23 33 35 0 
3 12 20 27 30 32 34 37 0 
14 20 22 28 34 0 
8 11 13 15 20 28 31 33 0 
14 15 16 18 29 37 0 
5 8 14 15 18 28 0 
2 4 6 7 10 11 22 35 36 37 0 
7 11 13 17 29 34 37 0 
9 11 15 20 23 30 0 
7 10 12 16 24 27 29 30 31 0 
8 14 26 27 29 31 32 33 0 
2 4 5 18 30 0 
9 26 29 36 0 
6 10 13 15 22 23 24 31 0 
1 5 9 10 16 20 22 24 28 32 35 36 37 0 
10 12 15 16 28 29 0 
6 9 12 15 26 33 36 0 
7 9 14 27 28 32 34 0 
10 18 34 35 0 
19 25 29 31 33 0 
1 4 5 7 8 11 16 21 25 33 0 
8 11 14 18 19 23 24 30 0 
1 8 16 20 34 0 
8 9 12 13 20 21 26 31 0 
6 9 10 11 23 24 0 
5 11 15 18 23 26 32 33 0 
8 18 21 31 0 
2 5 7 15 21 22 29 33 0 
8 10 21 22 26 33 0 
5 19 20 21 23 24 37 0 
6 10 27 33 35 0 
12 17 23 26 30 32 0 
3 10 15 17 25 27 30 33 34 37 0 
3 12 14 16 20 35 0 
7 32 33 0 
-2 -9 -12 -22 -32 -35 0 
-15 -16 -17 -20 -23 -24 -28 -29 -31 -37 0 
-10 -11 -16 -19 -33 -34 -37 0 
-2 -7 -12 -13 -14 -18 -19 -20 -29 -33 0 
-3 -5 -6 -21 -22 -25 -31 -32 0 
-8 -11 -19 -24 -27 0 
-2 -3 -15 -16 -17 -19 0 
-3 -19 -24 -29 -30 0 
-1 -9 -13 -24 -32 -37 0 
-3 -14 -21 -32 -33 0 
-5 -6 -11 -13 -23 -24 -29 -34 -36 0 
-4 -8 -9 -10 -15 -16 -20 -22 -29 -37 0 
-5 -8 -15 -17 -20 -37 0 
-12 -15 -24 -25 -26 -32 0 
-6 -37 0 
-1 -3 -6 -15 -17 -22 -36 0 
-20 -30 -36 0 
-3 -7 -9 -17 -24 -25 -26 -29 -32 -35 0 
-4 -10 -11 -14 -21 -26 -30 -34 0 
-1 -4 -6 -22 -23 -33 -37 0 
-3 -18 -23 -24 -29 0 
-5 -12 -17 -20 -23 -27 -32 -33 0 
-2 -8 -11 -23 -35 -37 0 
-11 -12 -17 -20 -26 -34 -35 0 
-1 -9 -10 -14 -22 -28 -34 -35 -36 0 
-1 -8 -10 -17 -26 -30 -37 0 
-2 -14 -15 -24 -29 0 
-4 -6 -7 -8 -9 -13 -15 -18 -21 -28 -29 -31 -33 -36 0 
-9 -11 -12 -13 -16 -30 -36 0 
-1 -8 -18 -19 -20 -27 -33 -35 -36 0 
-1 -3 -7 -14 -17 -28 -30 -34 0 
-3 -7 -13 -15 -18 -21 -26 -27 -28 -31 0 
-10 -13 -19 -21 -25 -33 -37 0 
-4 -13 -25 -30 -31 -37 0 
-1 -5 -10 -22 -25 -26 -30 0 
-1 -3 -7 -11 -14 -27 -37 0 
-4 -5 -15 -18 -21 -24 -27 -32 -34 -36 0 
-3 -9 -11 -12 -15 -20 -33 -37 0 
-4 -8 -10 -17 -18 -29 0 
-6 -12 -15 -21 -31 0 
-8 -19 -27 -31 -35 0 
-4 -14 -19 -22 -25 -34 0 
-7 -10 -18 -34 0 
-7 -8 -9 -17 -21 -23 0 
-2 -11 -14 -15 -18 -19 -20 -21 -31 -33 -36 -37 0 
-1 -4 -5 -16 -19 -25 -26 -29 -36 -37 0 
-3 -4 -6 -11 -32 0 
-1 -6 -19 -29 -30 0 
-7 -15 -27 -28 -29 -34 -37 0 
-5 -13 -17 -28 -30 0 
-4 -16 -18 -28 -32 -33 -34 -37 0 
-5 -17 -20 -27 -31 0 
-3 -6 -7 -12 -23 -27 -28 -33 -34 -36 0 
-10 -32 -34 -37 0 
-8 -9 -11 -18 -24 -28 -35 -36 0 
-2 -10 -11 -21 -25 -27 -32 0 
-2 -4 -10 -15 -18 -21 -23 -25 -26 0 
-13 -16 -17 -19 -25 0 
-1 -2 -7 -9 -11 -21 -27 0 
-8 -9 -11 -14 -20 -25 -28 -35 0 
-11 -22 -23 -26 -33 0 
-1 -4 -6 -11 -13 -23 -27 -29 0 
-2 -4 -6 -14 -20 -29 0 
-3 -6 -12 -16 -21 0 
-2 -3 -8 -11 -20 -26 -27 -30 0 
-6 -14 -19 -23 -29 -34 -37 0 
-17 -22 -26 -30 0 
-1 -4 -8 -24 -28 -30 -35 -36 -37 0 
-6 -7 -12 -14 -16 -26 -34 0 
-1 -2 -22 -24 -25 -31 -34 -35 0 
-1 -5 -6 -11 -14 -24 -27 -33 -36 -37 0 
-2 -4 -8 -11 -19 -25 -28 -34 -36 0 
-1 -5 -6 -9 -22 -32 0 
-1 -7 -14 -21 -31 -34 -37 0 
-8 -10 -15 -18 -19 -21 -24 0 
-10 -12 -15 -17 -20 0 
-19 -20 -26 -28 -34 -37 0 
-2 -3 -10 -17 -21 -25 0 
-2 -10 -12 -13 -19 -22 -24 -29 0 
-8 -9 -11 -22 -33 -35 -37 0 
-2 -3 -7 -11 -13 -14 -23 0 
-3 -9 -35 0 
-1 -3 -8 -17 -27 -28 -31 0 
-12 -15 -19 -25 -34 0 
-4 -8 -12 -18 -25 -29 -36 0 
-8 -14 -22 -31 -34 0 
-1 -2 -4 -5 -11 -25 0 
-3 -13 -16 -25 -31 0 
-2 -6 -18 -24 -29 -30 -31 -33 0 
-3 -4 -5 -7 -8 -12 -16 -25 0 
-1 -6 -18 -28 -30 0 
-1 -6 -17 -18 -30 0 
-8 -12 -18 -20 -25 -27 -32 -34 0 
-6 -14 -17 -22 -24 -29 -33 -36 0 
-1 -7 -10 -13 -14 -15 0 
-1 -8 -24 -25 -27 -29 -36 0 
-10 -13 -16 -25 -29 -36 0 
-21 -23 -28 -33 0 
-8 -15 -21 -23 0 
-4 -7 -22 -25 -30 0 
-7 -18 -20 -21 -23 -28 -31 -35 -37 0 
-5 -13 -14 -16 -24 -30 -37 0 
-7 -19 -22 -23 -25 -33 0 
-3 -5 -15 -17 -25 -26 -27 -29 -35 0 
-2 -7 -14 -16 -18 -20 -21 -32 0 
-12 -14 -16 -17 -29 -30 -33 0 
-1 -5 -11 -14 -17 -24 -27 -30 -31 -35 0 
-4 -9 -17 -21 -24 -27 -34 0 
-15 -18 -26 -28 -32 0 
-4 -5 -10 -19 -22 -26 -30 0 
-3 -5 -15 -28 -31 -32 -35 0 
-5 -19 -24 -28 0 
-6 -14 -22 -26 -35 0 
-3 -10 -12 -15 -18 -31 -34 -36 0 
-3 -9 -12 -16 -22 -23 -24 -32 -33 0 
-3 -4 -9 -12 -20 -24 -26 -35 0 
-13 -14 -15 -17 -20 -21 -27 0 
-1 -2 -3 -7 -11 -15 -23 0 
-2 -3 -4 -13 -16 -24 -25 -37 0 
-2 -6 -33 -34 0 
-2 -3 -4 -10 -16 -37 0 
-8 -16 -22 -24 0 
-2 -7 -11 -18 -20 0 
-4 -5 -16 -23 -35 -37 0 
-1 -4 -29 -33 0 
-2 -9 -12 -13 -19 -34 -36 0 
-3 -10 -14 -29 -32 0 
-3 -17 -18 -25 -27 -28 -32 -35 0 
-6 -21 -25 -31 -33 -36 0 
-8 -12 -13 -20 -29 0 
-1 -8 -14 -18 -26 -28 -29 -30 0 
-2 -3 -10 -11 -12 -17 -26 -31 0 
-2 -21 -24 -30 -33 0 
-7 -8 -12 -18 -30 0 
-9 -12 -13 -16 -19 -22 0 
-11 -12 -18 -22 -23 -24 -26 0 
-5 -16 -18 -29 -31 -36 -37 0 
-10 -21 -25 0 
-9 -14 -23 -29 -34 0 
-3 -15 -17 -19 -37 0 
-1 -11 0 
-3 -11 -14 -15 -25 0 
-4 -5 -6 -9 -12 -16 -30 -34 -35 -36 0 
-8 -11 -15 -16 -21 -29 -30 -31 -33 0 
-9 -10 -19 -21 -24 -36 -37 0 
-4 -16 -34 0 
-16 -29 -30 -32 -33 0 
-2 -18 -22 -36 0 
-5 -11 -19 -23 -31 -34 0 
-1 -17 -31 0 
-3 -4 -5 -6 -32 -37 0 
-22 -36 -37 0 
-3 -9 -22 -23 -35 0 
-1 -4 -7 -20 -25 -26 -32 -34 -35 0 
-3 -30 -37 0 
-5 -7 -11 -15 -17 -30 -33 0 
-17 -22 -24 -26 -28 -31 -37 0 
-3 -7 -11 -21 -27 -37 0 
-7 -15 -20 -35 0 
-5 -18 -19 -23 -34 -36 -37 0 
-4 -12 -14 -15 0 
-5 -7 -21 -32 -35 -37 0 
-9 -35 0 
-5 -6 -18 -23 -28 -29 -34 0 
-5 -15 -19 -33 -35 -36 0 
-1 -4 -5 -21 -27 -37 0 
-3 -16 -19 -27 -28 -33 -37 0 
-1 -4 -5 -6 -10 -14 -21 -23 -25 -28 -30 0 
-4 -16 -23 -26 -27 -28 -30 -37 0 
-1 -2 -6 -7 -16 -20 -27 -28 -37 0 
-12 -13 -19 -25 -34 0 
-1 -2 -10 -12 -13 -17 -20 -22 -26 -33 -34 0 
-3 -4 -6 -14 -18 -23 -24 -32 0 
-9 -19 -22 -32 -33 -36 0 
-5 -12 -14 -18 -19 -22 -23 -32 0 
-3 -8 -10 -15 -16 -28 0 
-2 -3 -8 -13 -28 -30 -32 -33 0 
-10 -16 -23 -26 -30 -31 -35 0 
-5 -13 -28 -31 -33 -37 0 
-7 -23 -25 -26 0 
-12 -13 -14 -15 -27 0 
-3 -9 -22 -29 -32 -33 0 
-16 -19 -25 -30 -31 -32 -33 -35 0 
-2 -5 -34 -36 0 
-8 -9 -12 -17 -21 -26 -33 -34 -35 0 
-3 -12 -25 0 
-3 -8 -11 -14 -19 -30 0 
-10 -11 -13 0 
-5 -15 -34 0 
-3 -5 -17 -21 -27 -29 -33 0 
-5 -11 -16 -18 -19 -29 -30 0 
-3 -20 -24 -31 -33 -37 0 
-23 -30 -31 -34 0 
-1 -5 -6 -12 -16 -17 -19 0 
-9 -15 -18 -23 -24 -26 -28 -37 0 
-4 -9 -15 -25 -28 -37 0 
-7 -9 -16 -22 -34 -37 0 
-2 -3 -16 -20 -31 -35 0 
-1 -10 -13 -15 -25 -27 -31 -36 0 
-1 -5 -6 -11 -12 -16 -21 -24 -27 -31 -36 0 
-1 -7 -8 -21 -36 0 
-4 -7 -9 -11 -14 -17 0 
-7 -10 -11 -19 -26 0 
-2 -7 -8 -11 -12 -14 -23 0 
-14 -27 0 
-18 -24 -25 -26 -32 -37 0 
-2 -8 -15 -36 0 
-1 -6 -8 -9 -11 -15 -21 0 
-2 -7 -23 -25 -33 0 
-2 -3 -5 -9 -13 -23 -24 -31 -32 -36 -37 0 
-2 -14 -26 -29 0 
-8 -24 -29 -33 -37 0 
-11 -14 -15 -24 -26 -28 -29 -30 0 
-1 -10 -19 -26 -27 -32 -36 0 
-4 -5 -11 -21 -34 -35 0 
-4 -19 -21 -24 -25 -34 0 
-3 -7 -10 -16 -30 -32 -36 0 
-2 -9 -12 -18 -21 -26 0 
-10 -19 -20 -22 -24 -29 -34 -35 0 
-9 -19 -24 -25 -26 -32 -33 0 
-3 -6 -7 -8 -17 -20 -23 -26 0 
-1 -2 -18 -26 -30 -34 0 
-11 -12 -21 -23 -32 -37 0 
-3 -4 -9 -14 -23 0 
-1 -3 -6 -12 -13 -30 -36 0 
-16 -19 -20 -21 -25 -30 -31 0 
-6 -10 -13 -14 -31 -32 -37 0 
-8 -18 -22 -33 -37 0 
-14 -15 -24 -25 -28 0 
-6 -15 -19 -27 0 
-5 -6 -7 -17 -20 -36 -37 0 
-1 -3 -14 -20 -28 -30 0 
-1 -4 -6 -9 -10 -16 -17 -19 0 
-7 -15 -19 -22 -27 -28 -31 -34 0 
-12 -16 -18 -22 -27 -29 -33 -34 -36 0 
-2 -14 -18 -26 -27 -29 -34 -35 -36 0 
-17 -35 -36 0 
-6 -12 -16 -32 -33 -37 0 
-2 -3 -23 -31 -34 0 
-12 -16 -22 -28 -33 0 
-2 -7 -15 -21 -26 -28 -29 -31 0 
-10 -21 -26 -30 -31 -35 0 
-2 -10 -21 -30 0 
-2 -5 -19 -20 -24 -26 -31 -36 -37 0 
-9 -15 -16 -21 -27 -32 0 
-4 -18 -19 -27 -30 -35 -37 0 
-12 -14 -16 -21 -29 -34 -37 0 
-4 -7 -11 -31 -34 0 
-15 -18 -20 -23 -27 -34 -35 0 
-11 -12 -13 -26 -29 0 
-1 -6 -7 -25 0 
-4 -7 -20 0 
-3 -4 -5 -10 -15 -26 -27 0 
-1 -3 -9 -12 -21 -34 -36 -37 0 
-3 -11 -27 -30 -36 0 
-5 -9 -10 -13 -32 -35 0 
-2 -6 -7 -14 -15 -20 -28 -32 -34 0 
-1 -7 -21 -29 -32 -35 0 
-6 -9 -26 0 
-1 -15 -20 -23 -25 0 
-12 -17 -26 -27 -30 -35 0 
-10 -13 -15 0 
-2 -26 -37 0 
-5 -6 -9 -34 0 
-23 -24 -33 -34 0 
-4 -18 -23 -35 -36 0 
-8 -10 -13 -16 -20 -21 -28 -32 0 
-1 -6 -8 -14 -20 -24 -26 -27 -37 0 
-1 -20 -22 -23 -24 -29 -32 -35 0 
-10 -11 -15 -33 0 
-3 -4 -6 -13 -31 0 
-2 -3 -5 -15 -16 -21 -25 -34 -35 0 
-5 -15 -22 -25 -29 -36 -37 0 
-8 -27 -37 0 
-3 -14 -20 -24 -31 -32 -37 0 
-2 -7 -11 -22 -25 -26 0 
-4 -5 -6 -15 -24 -27 -29 -32 0 
-6 -14 -18 -32 -36 -37 0 
-1 -14 -18 -20 -23 -26 -30 -32 -36 0 
-1 -30 -32 0 
-9 -10 -13 -20 -25 -30 -33 0 
-1 -6 -8 -15 -19 -22 -26 0 
-3 -5 -21 -25 -33 0 
-2 -6 -7 -12 -20 -22 0 
-21 -26 -29 -30 -35 -37 0 
-1 -6 -10 -13 -14 -16 -24 -36 -37 0 
-8 -12 -17 -20 -36 0 
-7 -14 -16 -20 -21 -36 0 
-14 -16 -24 -26 -29 -34 -37 0 
-6 -7 -9 -13 -21 -26 -33 0 
-4 -6 -9 -10 -19 0 
-8 -13 -14 -29 -31 0 
-6 -14 -17 -18 -24 0 
-6 -9 -21 -37 0 
-8 -13 -16 -30 -33 0 
-4 -9 -12 -14 -16 -17 -25 -33 0 
-4 -8 -19 -21 -22 -26 -29 -34 0 
-6 -20 -26 -29 -31 -34 -36 0 
-9 -13 -14 -37 0 
-13 -16 -19 -20 -25 -27 -29 -36 0 
-3 -6 -15 -19 -20 -21 -29 0 
-4 -7 -16 -26 -27 -30 -32 -35 0 
-7 -21 -23 -31 -32 0 
-1 -11 -33 0 
-7 -17 -18 -20 -21 -25 -33 0 
-4 -8 -11 -17 -32 -37 0 
-1 -4 -6 -14 -19 -25 -26 -27 -29 -30 -31 -34 -35 -37 0 
-5 -8 -9 -14 -27 0 
-9 -11 -16 -17 -18 -20 -25 -26 -30 -31 -34 -35 0 
-10 -11 -18 -23 -25 0 
-6 -10 -13 -18 0 
-3 -6 -11 -15 -18 -28 -33 -34 0 
-4 -21 -27 -34 -36 0 
-10 -16 -25 -27 -28 -33 -34 0 
-16 -17 -37 0 
-13 -14 -21 -25 -36 0 
-8 -17 -18 -21 -28 0 
-14 -25 0 
-5 -16 -17 -22 -29 -30 -36 -37 0 
-4 -13 -25 -26 -29 -30 -33 -34 0 
-6 -12 -14 -21 -25 -28 -30 -34 0 
-5 -12 -15 -23 -27 -29 -33 -37 0 
-5 -7 -12 -16 -33 -37 0 
-1 -4 -14 -16 -22 -29 -35 -36 -37 0 
-1 -5 -7 -12 -16 -25 -29 -30 -32 0 
-2 -12 -14 -15 -16 -17 -22 -28 -31 -34 0 
-7 -17 -35 0 
-6 -7 -9 -13 -22 -27 -28 0 
-2 -11 -12 -16 -30 -31 -36 0 
-10 -11 -16 -20 -32 -33 -35 0 
-19 -31 -32 -33 0 
-4 -8 -13 -31 0 
-14 -15 -25 -35 -37 0 
-17 -28 -29 -34 -36 0 
-5 -6 -9 -13 -14 -23 -32 -33 0 
-23 -26 -29 -30 -34 -35 -36 0 
-11 -12 -24 -35 0 
-14 -20 -32 -34 0 
-1 -2 -4 -11 -16 -18 -22 -31 -37 0 
-3 -4 -6 -11 -22 -23 -28 -29 0 
-1 -4 -9 -19 -25 -27 -37 0 
-5 -8 -11 -21 -23 -26 -32 -33 -34 0 
-5 -7 -22 -24 -37 0 
-2 -4 -8 -13 -30 -31 -32 0 
-3 -4 -13 -16 -22 -27 -37 0 
-6 -11 -14 -15 -27 -28 -31 0 
-2 -3 -11 -12 -23 -25 -28 -31 -33 0 
-4 -5 -10 -12 -13 -19 -28 -34 0 
-3 -15 -18 -25 -26 -29 -36 0 
-1 -15 -19 -24 -37 0 
-3 -12 -24 -28 0 
-18 -22 -25 -28 0 
-1 -8 -13 -14 -15 -17 -36 -37 0 
-16 -21 -23 -36 0 
-3 -5 -9 -22 -25 -29 -36 0 
-3 -9 -17 -18 -34 -35 -36 0 
-1 -11 -18 -23 -27 -33 -35 -36 0 
-11 -12 -14 -37 0 
-3 -5 -7 -12 -36 0 
-4 -5 -6 -12 -30 0 
-3 -21 -22 -30 -37 0 
-3 -8 -12 -18 -21 -29 -30 -32 0 
-4 -9 -11 -13 -20 -32 0 
-4 -17 -19 -24 0 
-4 -9 -10 -20 -25 -27 -30 -33 -34 -36 -37 0 
-5 -7 -8 -16 -18 -20 -23 -33 -35 0 
-3 -12 -20 -27 -30 -32 -34 -37 0 
-14 -20 -22 -28 -34 0 
-8 -11 -13 -15 -20 -28 -31 -33 0 
-14 -15 -16 -18 -29 -37 0 
-5 -8 -14 -15 -18 -28 0 
-2 -4 -6 -7 -10 -11 -22 -35 -36 -37 0 
-7 -11 -13 -17 -29 -34 -37 0 
-9 -11 -15 -20 -23 -30 0 
-7 -10 -12 -16 -24 -27 -29 -30 -31 0 
-8 -14 -26 -27 -29 -31 -32 -33 0 
-2 -4 -5 -18 -30 0 
-9 -26 -29 -36 0 
-6 -10 -13 -15 -22 -23 -24 -31 0 
-1 -5 -9 -10 -16 -20 -22 -24 -28 -32 -35 -36 -37 0 
-10 -12 -15 -16 -28 -29 0 
-6 -9 -12 -15 -26 -33 -36 0 
-7 -9 -14 -27 -28 -32 -34 0 
-10 -18 -34 -35 0 
-19 -25 -29 -31 -33 0 
-1 -4 -5 -7 -8 -11 -16 -21 -25 -33 0 
-8 -11 -14 -18 -19 -23 -24 -30 0 
-1 -8 -16 -20 -34 0 
-8 -9 -12 -13 -20 -21 -26 -31 0 
-6 -9 -10 -11 -23 -24 0 
-5 -11 -15 -18 -23 -26 -32 -33 0 
-8 -18 -21 -31 0 
-2 -5 -7 -15 -21 -22 -29 -33 0 
-8 -10 -21 -22 -26 -33 0 
-5 -19 -20 -21 -23 -24 -37 0 
-6 -10 -27 -33 -35 0 
-12 -17 -23 -26 -30 -32 0 
-3 -10 -15 -17 -25 -27 -30 -33 -34 -37 0 
-3 -12 -14 -16 -20 -35 0 
-7 -32 -33 0 
