p cnf 37 800
1 2 5 14 30 31 32 0 
9 11 17 21 28 29 0 
2 4 10 13 16 22 0 
7 15 17 31 34 0 
5 8 11 15 23 35 0 
7 8 9 11 12 16 18 31 0 
3 10 13 15 21 22 26 33 34 0 
8 14 17 20 33 0 
5 7 11 16 21 23 31 0 
4 6 7 10 16 18 22 27 36 37 0 
1 19 20 21 22 26 28 37 0 
1 3 4 16 20 22 23 24 31 33 0 
2 6 8 11 12 16 18 19 20 32 35 37 0 
1 2 4 8 10 22 30 33 0 
5 31 36 0 
2 4 14 17 0 
2 5 12 24 27 35 0 
3 5 6 12 17 18 19 35 0 
7 9 12 33 0 
9 15 24 0 
11 16 30 31 32 34 0 
1 19 21 22 27 28 31 32 35 0 
16 25 30 34 35 0 
3 21 28 29 0 
14 16 17 25 28 34 0 
2 5 29 34 0 
12 13 20 23 27 32 0 
2 4 8 12 15 17 20 32 35 0 
2 15 18 32 33 0 
9 10 15 19 26 35 0 
2 7 11 12 16 23 28 32 0 
1 17 20 25 28 32 0 
18 20 24 30 34 35 37 0 
15 22 26 0 
1 19 22 23 24 25 26 33 0 
12 13 17 26 0 
2 6 9 10 11 30 0 
3 13 17 19 31 34 0 
2 14 17 19 23 33 0 
15 18 21 22 23 24 33 0 
5 9 12 29 30 33 34 35 0 
4 11 31 0 
7 22 23 25 27 28 33 35 36 0 
5 9 13 23 25 28 35 36 0 
6 8 9 14 22 27 33 34 0 
3 10 11 15 30 32 35 36 0 
13 20 26 29 37 0 
4 12 13 16 21 25 27 0 
4 14 17 27 28 35 37 0 
10 12 19 24 28 30 34 35 36 0 
11 18 19 22 26 29 33 35 36 0 
1 2 13 21 28 0 
5 7 14 20 21 30 33 34 36 0 
3 17 22 23 29 31 34 36 0 
10 14 15 31 0 
6 15 25 0 
9 17 30 36 0 
1 9 23 25 26 28 0 
5 8 16 18 21 22 28 0 
2 9 10 13 17 18 30 31 0 
5 6 9 12 19 29 31 0 
10 20 22 0 
3 6 8 10 29 0 
4 11 13 15 25 26 32 37 0 
2 5 7 22 25 0 
3 7 8 26 0 
5 13 17 28 37 0 
9 15 16 27 29 0 
6 10 13 14 25 36 0 
5 7 15 20 22 28 0 
3 11 14 24 37 0 
13 19 22 26 32 34 0 
2 13 22 28 34 0 
15 17 18 22 31 37 0 
5 6 13 23 24 32 34 35 36 0 
7 9 10 11 13 21 0 
10 12 13 14 21 22 30 36 37 0 
20 27 28 30 0 
8 11 13 16 22 24 36 0 
3 13 15 31 32 0 
2 7 9 20 29 37 0 
2 3 7 11 15 17 32 0 
3 8 14 23 25 0 
5 8 18 23 25 26 27 29 35 0 
3 12 19 23 31 0 
12 16 18 26 31 35 36 0 
2 5 19 0 
1 8 9 11 16 18 27 29 30 31 32 0 
8 13 18 21 23 27 28 29 0 
1 3 15 18 19 22 27 32 34 36 0 
4 19 21 24 29 32 35 0 
2 5 7 8 21 28 29 37 0 
28 29 35 36 0 
9 13 22 35 0 
4 7 11 13 15 21 32 0 
1 8 12 15 17 19 0 
1 2 8 20 25 27 32 0 
7 9 16 19 22 25 30 36 0 
3 12 25 33 35 0 
5 11 16 24 25 0 
6 15 26 27 36 37 0 
7 8 10 15 19 21 37 0 
1 2 3 8 16 21 0 
3 4 7 9 0 
4 12 19 30 0 
3 4 7 16 26 29 36 0 
10 28 32 35 0 
1 9 13 14 22 26 27 35 37 0 
2 13 19 22 26 28 0 
6 9 10 17 28 34 0 
9 14 19 20 24 29 33 37 0 
3 4 5 21 28 32 36 37 0 
18 27 35 36 0 
2 26 29 30 33 37 0 
10 13 21 26 29 0 
11 12 33 0 
3 4 7 12 20 21 22 29 0 
1 3 6 10 22 26 28 29 0 
12 18 19 27 31 32 0 
3 9 12 16 17 30 0 
8 11 19 27 29 30 0 
3 9 12 16 24 37 0 
11 14 15 17 20 25 29 0 
1 5 6 14 16 19 22 23 28 32 33 35 0 
4 8 10 12 25 28 29 30 0 
6 8 10 11 13 16 21 33 37 0 
7 27 32 0 
8 13 22 23 24 25 30 34 0 
6 7 8 12 34 37 0 
5 13 15 18 22 24 31 36 0 
3 6 8 19 26 32 33 34 36 0 
1 9 12 14 24 36 0 
3 5 10 20 22 25 30 35 36 0 
7 18 19 32 0 
1 10 16 19 25 28 0 
4 7 9 12 26 37 0 
1 4 8 21 27 0 
5 11 15 18 31 35 36 0 
18 20 24 26 27 33 34 36 37 0 
2 5 18 20 26 28 29 32 33 0 
2 13 18 19 28 34 0 
2 20 21 23 35 36 0 
1 6 14 27 37 0 
3 7 8 9 11 17 27 29 0 
10 11 15 17 18 21 28 33 0 
1 8 15 17 21 27 28 0 
1 3 4 6 17 25 26 32 0 
2 5 9 12 15 18 29 30 33 0 
6 8 9 12 16 21 22 25 37 0 
1 4 11 18 32 36 37 0 
3 8 13 18 26 34 0 
1 6 9 12 0 
4 19 26 0 
12 16 24 28 31 34 0 
6 9 13 17 22 28 29 30 0 
3 7 12 25 29 31 33 0 
4 10 12 24 25 28 30 32 0 
5 6 9 13 18 25 0 
2 3 23 24 33 35 0 
5 9 14 21 22 30 37 0 
1 4 7 10 11 12 16 18 23 27 32 0 
1 2 14 15 17 23 29 35 0 
6 9 11 27 0 
6 7 8 9 14 17 19 0 
4 6 29 33 34 0 
4 9 12 20 22 23 25 30 0 
14 20 22 24 0 
4 7 13 15 17 25 31 0 
9 10 16 17 20 34 35 0 
4 7 11 13 18 30 36 0 
2 7 8 9 28 34 37 0 
3 8 32 36 0 
16 20 24 29 31 32 0 
2 8 11 17 24 27 32 34 0 
4 5 6 11 17 32 0 
1 3 6 12 23 33 34 0 
15 21 26 27 28 33 37 0 
12 19 31 32 0 
3 20 35 37 0 
8 11 21 26 30 33 34 37 0 
10 12 16 20 31 0 
1 3 7 8 10 15 18 23 29 0 
2 7 19 29 32 33 0 
1 11 15 17 18 26 29 31 34 35 0 
7 9 13 19 28 34 0 
14 18 27 28 35 0 
1 4 10 23 26 29 34 37 0 
9 18 19 21 30 36 0 
7 9 10 16 18 20 21 22 32 35 0 
2 4 6 17 18 23 24 28 0 
2 4 31 34 35 0 
4 8 11 22 29 32 33 0 
6 8 14 19 23 29 35 0 
5 21 22 26 27 33 0 
8 9 13 18 24 31 0 
1 5 9 18 25 31 34 0 
1 2 3 18 22 26 0 
14 22 28 29 31 35 0 
3 5 11 15 20 22 29 0 
4 7 9 10 14 19 21 25 0 
7 12 19 25 26 29 33 0 
5 6 7 10 14 15 16 23 27 36 37 0 
10 20 34 35 37 0 
10 15 24 27 28 31 32 35 0 
3 16 17 18 21 24 36 0 
2 5 12 18 21 32 34 0 
3 11 22 30 34 0 
9 11 15 20 24 27 28 36 0 
8 10 25 28 33 36 0 
10 13 20 27 31 34 0 
2 4 5 10 23 28 0 
7 14 15 18 26 27 37 0 
12 15 21 22 25 27 30 35 0 
4 7 10 20 29 36 0 
3 6 11 18 20 30 32 35 0 
1 7 11 18 19 31 34 36 0 
6 15 17 29 30 37 0 
4 21 27 33 36 0 
4 6 12 17 23 24 25 0 
4 5 8 10 11 14 18 19 25 27 30 33 0 
2 6 7 16 25 33 0 
8 14 26 32 0 
16 25 37 0 
2 10 21 28 29 0 
2 7 19 20 28 0 
12 15 16 28 30 0 
3 4 6 8 12 19 20 22 26 28 35 0 
1 15 27 0 
1 2 12 17 21 29 36 0 
9 11 13 15 20 33 0 
4 10 23 28 29 31 34 37 0 
10 11 15 22 32 36 37 0 
7 8 14 20 28 0 
5 7 23 25 28 30 0 
1 3 6 11 13 14 15 22 0 
1 7 9 11 18 24 27 0 
3 5 19 22 24 27 28 31 32 33 0 
6 11 13 19 25 26 37 0 
2 5 9 10 11 19 27 28 33 34 35 0 
3 8 17 24 28 0 
9 11 21 29 30 34 37 0 
4 5 11 29 0 
2 6 8 12 19 20 25 29 0 
3 8 19 0 
1 8 14 16 18 24 30 32 0 
6 10 15 16 19 23 26 27 0 
15 18 30 0 
13 14 16 20 37 0 
3 4 15 16 20 21 22 30 32 37 0 
12 23 24 28 0 
1 9 19 24 28 0 
11 13 15 28 36 0 
2 3 4 6 11 12 21 27 29 34 0 
3 9 17 23 24 29 32 37 0 
4 7 12 13 24 30 31 33 35 0 
5 6 29 35 0 
5 7 10 12 22 28 0 
5 18 23 26 0 
4 10 17 33 0 
1 2 3 7 25 27 0 
2 3 4 19 28 0 
4 6 9 14 33 0 
1 10 11 12 19 27 0 
9 10 27 30 31 37 0 
10 19 29 36 37 0 
4 15 16 17 18 22 0 
6 8 15 19 34 0 
17 20 21 23 27 29 0 
6 10 11 0 
5 10 14 15 22 23 0 
6 27 28 33 0 
4 8 12 13 18 21 37 0 
19 21 26 33 0 
4 27 28 29 0 
2 4 8 10 20 22 23 27 29 31 0 
2 8 25 27 0 
11 13 22 28 30 0 
8 9 15 20 0 
1 11 13 18 26 27 28 0 
6 8 9 12 13 21 35 0 
7 9 10 24 28 0 
3 15 19 26 27 31 36 0 
25 32 37 0 
1 10 14 26 36 0 
1 6 19 26 31 36 0 
3 9 10 0 
4 6 8 9 13 15 17 19 20 21 36 0 
15 21 28 32 0 
1 9 12 21 33 35 0 
3 11 12 14 16 0 
12 20 22 24 0 
7 11 12 18 20 34 0 
5 6 15 22 31 35 37 0 
9 10 12 17 22 0 
17 19 21 26 32 37 0 
1 2 14 29 33 0 
1 5 12 16 22 31 0 
1 13 15 18 24 30 31 32 34 36 0 
4 5 6 8 14 15 29 33 0 
2 12 13 24 0 
2 8 12 14 16 29 34 36 0 
3 4 6 14 15 16 21 23 0 
2 3 19 21 0 
25 26 0 
12 16 20 25 29 30 33 0 
4 7 13 17 19 28 0 
6 9 15 18 20 25 0 
2 5 13 14 20 37 0 
1 5 6 11 18 20 24 29 36 0 
5 12 17 19 27 28 31 32 0 
4 5 18 19 21 23 24 32 0 
22 31 33 36 0 
5 10 19 23 24 31 36 0 
1 15 18 0 
7 13 15 17 0 
2 13 14 17 18 20 21 26 36 0 
2 3 5 6 10 20 30 0 
5 13 14 16 21 22 24 0 
5 8 23 26 29 33 34 0 
10 15 18 20 21 28 0 
20 23 28 33 37 0 
1 3 4 6 14 15 0 
4 7 8 11 12 15 16 19 23 37 0 
9 10 14 19 32 33 0 
3 7 8 9 13 21 26 29 31 33 34 0 
7 8 16 17 27 0 
1 6 10 16 26 0 
10 20 31 33 34 35 0 
5 9 11 20 23 25 33 36 0 
11 13 32 36 37 0 
2 5 30 33 0 
4 7 12 16 17 35 0 
5 15 16 25 29 37 0 
7 10 16 31 0 
8 9 13 18 21 22 0 
1 3 6 7 8 17 23 26 36 37 0 
1 4 9 14 22 37 0 
2 13 19 21 26 29 33 37 0 
2 3 5 24 26 0 
5 8 14 23 26 28 29 30 33 36 0 
7 8 9 10 21 26 0 
2 7 10 23 0 
9 14 24 30 34 0 
1 6 10 11 13 18 24 34 0 
3 6 7 30 0 
6 8 20 22 26 31 32 33 0 
1 25 26 27 30 31 37 0 
2 8 16 22 24 29 31 34 35 0 
6 14 16 30 0 
1 12 13 18 22 23 25 0 
12 22 23 36 37 0 
1 4 6 8 19 27 33 36 0 
1 27 31 0 
5 8 13 18 19 21 32 35 37 0 
7 10 26 27 28 0 
3 12 13 16 18 26 35 0 
4 6 9 10 11 12 13 23 30 37 0 
8 16 19 21 22 24 27 32 36 0 
12 14 15 23 24 29 32 0 
2 12 27 29 30 36 37 0 
10 11 12 16 21 26 0 
2 15 28 37 0 
7 9 17 19 21 26 30 0 
2 4 6 12 14 17 21 34 0 
2 8 20 21 22 30 37 0 
2 3 4 19 20 35 37 0 
6 8 15 19 20 25 0 
7 14 20 37 0 
5 10 15 19 21 25 0 
6 19 25 26 0 
7 9 15 25 33 0 
7 18 23 26 32 37 0 
4 9 14 15 30 33 0 
3 4 6 7 8 10 14 15 20 28 33 34 0 
2 3 6 27 31 34 36 37 0 
4 8 11 13 14 21 22 26 29 32 33 34 35 36 37 0 
4 13 16 21 24 26 32 37 0 
11 12 23 25 37 0 
14 21 23 25 28 29 30 32 0 
2 15 22 23 26 30 34 36 0 
2 16 20 21 26 30 32 35 0 
6 7 9 16 34 0 
7 9 11 12 14 33 34 35 36 0 
1 3 4 19 20 25 0 
13 23 30 0 
4 5 11 15 23 24 31 0 
9 20 27 31 36 0 
3 5 21 23 24 33 0 
3 7 8 11 22 25 32 36 0 
3 4 7 9 12 17 20 21 25 27 34 0 
4 8 11 16 24 28 35 36 37 0 
7 10 14 16 18 22 27 30 0 
1 12 20 25 30 32 34 0 
1 8 10 22 32 0 
2 3 9 12 13 16 25 30 0 
5 7 30 32 33 0 
10 13 14 19 27 29 0 
1 12 16 18 30 0 
3 5 9 15 25 27 0 
8 9 19 32 33 0 
-1 -2 -5 -14 -30 -31 -32 0 
-9 -11 -17 -21 -28 -29 0 
-2 -4 -10 -13 -16 -22 0 
-7 -15 -17 -31 -34 0 
-5 -8 -11 -15 -23 -35 0 
-7 -8 -9 -11 -12 -16 -18 -31 0 
-3 -10 -13 -15 -21 -22 -26 -33 -34 0 
-8 -14 -17 -20 -33 0 
-5 -7 -11 -16 -21 -23 -31 0 
-4 -6 -7 -10 -16 -18 -22 -27 -36 -37 0 
-1 -19 -20 -21 -22 -26 -28 -37 0 
-1 -3 -4 -16 -20 -22 -23 -24 -31 -33 0 
-2 -6 -8 -11 -12 -16 -18 -19 -20 -32 -35 -37 0 
-1 -2 -4 -8 -10 -22 -30 -33 0 
-5 -31 -36 0 
-2 -4 -14 -17 0 
-2 -5 -12 -24 -27 -35 0 
-3 -5 -6 -12 -17 -18 -19 -35 0 
-7 -9 -12 -33 0 
-9 -15 -24 0 
-11 -16 -30 -31 -32 -34 0 
-1 -19 -21 -22 -27 -28 -31 -32 -35 0 
-16 -25 -30 -34 -35 0 
-3 -21 -28 -29 0 
-14 -16 -17 -25 -28 -34 0 
-2 -5 -29 -34 0 
-12 -13 -20 -23 -27 -32 0 
-2 -4 -8 -12 -15 -17 -20 -32 -35 0 
-2 -15 -18 -32 -33 0 
-9 -10 -15 -19 -26 -35 0 
-2 -7 -11 -12 -16 -23 -28 -32 0 
-1 -17 -20 -25 -28 -32 0 
-18 -20 -24 -30 -34 -35 -37 0 
-15 -22 -26 0 
-1 -19 -22 -23 -24 -25 -26 -33 0 
-12 -13 -17 -26 0 
-2 -6 -9 -10 -11 -30 0 
-3 -13 -17 -19 -31 -34 0 
-2 -14 -17 -19 -23 -33 0 
-15 -18 -21 -22 -23 -24 -33 0 
-5 -9 -12 -29 -30 -33 -34 -35 0 
-4 -11 -31 0 
-7 -22 -23 -25 -27 -28 -33 -35 -36 0 
-5 -9 -13 -23 -25 -28 -35 -36 0 
-6 -8 -9 -14 -22 -27 -33 -34 0 
-3 -10 -11 -15 -30 -32 -35 -36 0 
-13 -20 -26 -29 -37 0 
-4 -12 -13 -16 -21 -25 -27 0 
-4 -14 -17 -27 -28 -35 -37 0 
-10 -12 -19 -24 -28 -30 -34 -35 -36 0 
-11 -18 -19 -22 -26 -29 -33 -35 -36 0 
-1 -2 -13 -21 -28 0 
-5 -7 -14 -20 -21 -30 -33 -34 -36 0 
-3 -17 -22 -23 -29 -31 -34 -36 0 
-10 -14 -15 -31 0 
-6 -15 -25 0 
-9 -17 -30 -36 0 
-1 -9 -23 -25 -26 -28 0 
-5 -8 -16 -18 -21 -22 -28 0 
-2 -9 -10 -13 -17 -18 -30 -31 0 
-5 -6 -9 -12 -19 -29 -31 0 
-10 -20 -22 0 
-3 -6 -8 -10 -29 0 
-4 -11 -13 -15 -25 -26 -32 -37 0 
-2 -5 -7 -22 -25 0 
-3 -7 -8 -26 0 
-5 -13 -17 -28 -37 0 
-9 -15 -16 -27 -29 0 
-6 -10 -13 -14 -25 -36 0 
-5 -7 -15 -20 -22 -28 0 
-3 -11 -14 -24 -37 0 
-13 -19 -22 -26 -32 -34 0 
-2 -13 -22 -28 -34 0 
-15 -17 -18 -22 -31 -37 0 
-5 -6 -13 -23 -24 -32 -34 -35 -36 0 
-7 -9 -10 -11 -13 -21 0 
-10 -12 -13 -14 -21 -22 -30 -36 -37 0 
-20 -27 -28 -30 0 
-8 -11 -13 -16 -22 -24 -36 0 
-3 -13 -15 -31 -32 0 
-2 -7 -9 -20 -29 -37 0 
-2 -3 -7 -11 -15 -17 -32 0 
-3 -8 -14 -23 -25 0 
-5 -8 -18 -23 -25 -26 -27 -29 -35 0 
-3 -12 -19 -23 -31 0 
-12 -16 -18 -26 -31 -35 -36 0 
-2 -5 -19 0 
-1 -8 -9 -11 -16 -18 -27 -29 -30 -31 -32 0 
-8 -13 -18 -21 -23 -27 -28 -29 0 
-1 -3 -15 -18 -19 -22 -27 -32 -34 -36 0 
-4 -19 -21 -24 -29 -32 -35 0 
-2 -5 -7 -8 -21 -28 -29 -37 0 
-28 -29 -35 -36 0 
-9 -13 -22 -35 0 
-4 -7 -11 -13 -15 -21 -32 0 
-1 -8 -12 -15 -17 -19 0 
-1 -2 -8 -20 -25 -27 -32 0 
-7 -9 -16 -19 -22 -25 -30 -36 0 
-3 -12 -25 -33 -35 0 
-5 -11 -16 -24 -25 0 
-6 -15 -26 -27 -36 -37 0 
-7 -8 -10 -15 -19 -21 -37 0 
-1 -2 -3 -8 -16 -21 0 
-3 -4 -7 -9 0 
-4 -12 -19 -30 0 
-3 -4 -7 -16 -26 -29 -36 0 
-10 -28 -32 -35 0 
-1 -9 -13 -14 -22 -26 -27 -35 -37 0 
-2 -13 -19 -22 -26 -28 0 
-6 -9 -10 -17 -28 -34 0 
-9 -14 -19 -20 -24 -29 -33 -37 0 
-3 -4 -5 -21 -28 -32 -36 -37 0 
-18 -27 -35 -36 0 
-2 -26 -29 -30 -33 -37 0 
-10 -13 -21 -26 -29 0 
-11 -12 -33 0 
-3 -4 -7 -12 -20 -21 -22 -29 0 
-1 -3 -6 -10 -22 -26 -28 -29 0 
-12 -18 -19 -27 -31 -32 0 
-3 -9 -12 -16 -17 -30 0 
-8 -11 -19 -27 -29 -30 0 
-3 -9 -12 -16 -24 -37 0 
-11 -14 -15 -17 -20 -25 -29 0 
-1 -5 -6 -14 -16 -19 -22 -23 -28 -32 -33 -35 0 
-4 -8 -10 -12 -25 -28 -29 -30 0 
-6 -8 -10 -11 -13 -16 -21 -33 -37 0 
-7 -27 -32 0 
-8 -13 -22 -23 -24 -25 -30 -34 0 
-6 -7 -8 -12 -34 -37 0 
-5 -13 -15 -18 -22 -24 -31 -36 0 
-3 -6 -8 -19 -26 -32 -33 -34 -36 0 
-1 -9 -12 -14 -24 -36 0 
-3 -5 -10 -20 -22 -25 -30 -35 -36 0 
-7 -18 -19 -32 0 
-1 -10 -16 -19 -25 -28 0 
-4 -7 -9 -12 -26 -37 0 
-1 -4 -8 -21 -27 0 
-5 -11 -15 -18 -31 -35 -36 0 
-18 -20 -24 -26 -27 -33 -34 -36 -37 0 
-2 -5 -18 -20 -26 -28 -29 -32 -33 0 
-2 -13 -18 -19 -28 -34 0 
-2 -20 -21 -23 -35 -36 0 
-1 -6 -14 -27 -37 0 
-3 -7 -8 -9 -11 -17 -27 -29 0 
-10 -11 -15 -17 -18 -21 -28 -33 0 
-1 -8 -15 -17 -21 -27 -28 0 
-1 -3 -4 -6 -17 -25 -26 -32 0 
-2 -5 -9 -12 -15 -18 -29 -30 -33 0 
-6 -8 -9 -12 -16 -21 -22 -25 -37 0 
-1 -4 -11 -18 -32 -36 -37 0 
-3 -8 -13 -18 -26 -34 0 
-1 -6 -9 -12 0 
-4 -19 -26 0 
-12 -16 -24 -28 -31 -34 0 
-6 -9 -13 -17 -22 -28 -29 -30 0 
-3 -7 -12 -25 -29 -31 -33 0 
-4 -10 -12 -24 -25 -28 -30 -32 0 
-5 -6 -9 -13 -18 -25 0 
-2 -3 -23 -24 -33 -35 0 
-5 -9 -14 -21 -22 -30 -37 0 
-1 -4 -7 -10 -11 -12 -16 -18 -23 -27 -32 0 
-1 -2 -14 -15 -17 -23 -29 -35 0 
-6 -9 -11 -27 0 
-6 -7 -8 -9 -14 -17 -19 0 
-4 -6 -29 -33 -34 0 
-4 -9 -12 -20 -22 -23 -25 -30 0 
-14 -20 -22 -24 0 
-4 -7 -13 -15 -17 -25 -31 0 
-9 -10 -16 -17 -20 -34 -35 0 
-4 -7 -11 -13 -18 -30 -36 0 
-2 -7 -8 -9 -28 -34 -37 0 
-3 -8 -32 -36 0 
-16 -20 -24 -29 -31 -32 0 
-2 -8 -11 -17 -24 -27 -32 -34 0 
-4 -5 -6 -11 -17 -32 0 
-1 -3 -6 -12 -23 -33 -34 0 
-15 -21 -26 -27 -28 -33 -37 0 
-12 -19 -31 -32 0 
-3 -20 -35 -37 0 
-8 -11 -21 -26 -30 -33 -34 -37 0 
-10 -12 -16 -20 -31 0 
-1 -3 -7 -8 -10 -15 -18 -23 -29 0 
-2 -7 -19 -29 -32 -33 0 
-1 -11 -15 -17 -18 -26 -29 -31 -34 -35 0 
-7 -9 -13 -19 -28 -34 0 
-14 -18 -27 -28 -35 0 
-1 -4 -10 -23 -26 -29 -34 -37 0 
-9 -18 -19 -21 -30 -36 0 
-7 -9 -10 -16 -18 -20 -21 -22 -32 -35 0 
-2 -4 -6 -17 -18 -23 -24 -28 0 
-2 -4 -31 -34 -35 0 
-4 -8 -11 -22 -29 -32 -33 0 
-6 -8 -14 -19 -23 -29 -35 0 
-5 -21 -22 -26 -27 -33 0 
-8 -9 -13 -18 -24 -31 0 
-1 -5 -9 -18 -25 -31 -34 0 
-1 -2 -3 -18 -22 -26 0 
-14 -22 -28 -29 -31 -35 0 
-3 -5 -11 -15 -20 -22 -29 0 
-4 -7 -9 -10 -14 -19 -21 -25 0 
-7 -12 -19 -25 -26 -29 -33 0 
-5 -6 -7 -10 -14 -15 -16 -23 -27 -36 -37 0 
-10 -20 -34 -35 -37 0 
-10 -15 -24 -27 -28 -31 -32 -35 0 
-3 -16 -17 -18 -21 -24 -36 0 
-2 -5 -12 -18 -21 -32 -34 0 
-3 -11 -22 -30 -34 0 
-9 -11 -15 -20 -24 -27 -28 -36 0 
-8 -10 -25 -28 -33 -36 0 
-10 -13 -20 -27 -31 -34 0 
-2 -4 -5 -10 -23 -28 0 
-7 -14 -15 -18 -26 -27 -37 0 
-12 -15 -21 -22 -25 -27 -30 -35 0 
-4 -7 -10 -20 -29 -36 0 
-3 -6 -11 -18 -20 -30 -32 -35 0 
-1 -7 -11 -18 -19 -31 -34 -36 0 
-6 -15 -17 -29 -30 -37 0 
-4 -21 -27 -33 -36 0 
-4 -6 -12 -17 -23 -24 -25 0 
-4 -5 -8 -10 -11 -14 -18 -19 -25 -27 -30 -33 0 
-2 -6 -7 -16 -25 -33 0 
-8 -14 -26 -32 0 
-16 -25 -37 0 
-2 -10 -21 -28 -29 0 
-2 -7 -19 -20 -28 0 
-12 -15 -16 -28 -30 0 
-3 -4 -6 -8 -12 -19 -20 -22 -26 -28 -35 0 
-1 -15 -27 0 
-1 -2 -12 -17 -21 -29 -36 0 
-9 -11 -13 -15 -20 -33 0 
-4 -10 -23 -28 -29 -31 -34 -37 0 
-10 -11 -15 -22 -32 -36 -37 0 
-7 -8 -14 -20 -28 0 
-5 -7 -23 -25 -28 -30 0 
-1 -3 -6 -11 -13 -14 -15 -22 0 
-1 -7 -9 -11 -18 -24 -27 0 
-3 -5 -19 -22 -24 -27 -28 -31 -32 -33 0 
-6 -11 -13 -19 -25 -26 -37 0 
-2 -5 -9 -10 -11 -19 -27 -28 -33 -34 -35 0 
-3 -8 -17 -24 -28 0 
-9 -11 -21 -29 -30 -34 -37 0 
-4 -5 -11 -29 0 
-2 -6 -8 -12 -19 -20 -25 -29 0 
-3 -8 -19 0 
-1 -8 -14 -16 -18 -24 -30 -32 0 
-6 -10 -15 -16 -19 -23 -26 -27 0 
-15 -18 -30 0 
-13 -14 -16 -20 -37 0 
-3 -4 -15 -16 -20 -21 -22 -30 -32 -37 0 
-12 -23 -24 -28 0 
-1 -9 -19 -24 -28 0 
-11 -13 -15 -28 -36 0 
-2 -3 -4 -6 -11 -12 -21 -27 -29 -34 0 
-3 -9 -17 -23 -24 -29 -32 -37 0 
-4 -7 -12 -13 -24 -30 -31 -33 -35 0 
-5 -6 -29 -35 0 
-5 -7 -10 -12 -22 -28 0 
-5 -18 -23 -26 0 
-4 -10 -17 -33 0 
-1 -2 -3 -7 -25 -27 0 
-2 -3 -4 -19 -28 0 
-4 -6 -9 -14 -33 0 
-1 -10 -11 -12 -19 -27 0 
-9 -10 -27 -30 -31 -37 0 
-10 -19 -29 -36 -37 0 
-4 -15 -16 -17 -18 -22 0 
-6 -8 -15 -19 -34 0 
-17 -20 -21 -23 -27 -29 0 
-6 -10 -11 0 
-5 -10 -14 -15 -22 -23 0 
-6 -27 -28 -33 0 
-4 -8 -12 -13 -18 -21 -37 0 
-19 -21 -26 -33 0 
-4 -27 -28 -29 0 
-2 -4 -8 -10 -20 -22 -23 -27 -29 -31 0 
-2 -8 -25 -27 0 
-11 -13 -22 -28 -30 0 
-8 -9 -15 -20 0 
-1 -11 -13 -18 -26 -27 -28 0 
-6 -8 -9 -12 -13 -21 -35 0 
-7 -9 -10 -24 -28 0 
-3 -15 -19 -26 -27 -31 -36 0 
-25 -32 -37 0 
-1 -10 -14 -26 -36 0 
-1 -6 -19 -26 -31 -36 0 
-3 -9 -10 0 
-4 -6 -8 -9 -13 -15 -17 -19 -20 -21 -36 0 
-15 -21 -28 -32 0 
-1 -9 -12 -21 -33 -35 0 
-3 -11 -12 -14 -16 0 
-12 -20 -22 -24 0 
-7 -11 -12 -18 -20 -34 0 
-5 -6 -15 -22 -31 -35 -37 0 
-9 -10 -12 -17 -22 0 
-17 -19 -21 -26 -32 -37 0 
-1 -2 -14 -29 -33 0 
-1 -5 -12 -16 -22 -31 0 
-1 -13 -15 -18 -24 -30 -31 -32 -34 -36 0 
-4 -5 -6 -8 -14 -15 -29 -33 0 
-2 -12 -13 -24 0 
-2 -8 -12 -14 -16 -29 -34 -36 0 
-3 -4 -6 -14 -15 -16 -21 -23 0 
-2 -3 -19 -21 0 
-25 -26 0 
-12 -16 -20 -25 -29 -30 -33 0 
-4 -7 -13 -17 -19 -28 0 
-6 -9 -15 -18 -20 -25 0 
-2 -5 -13 -14 -20 -37 0 
-1 -5 -6 -11 -18 -20 -24 -29 -36 0 
-5 -12 -17 -19 -27 -28 -31 -32 0 
-4 -5 -18 -19 -21 -23 -24 -32 0 
-22 -31 -33 -36 0 
-5 -10 -19 -23 -24 -31 -36 0 
-1 -15 -18 0 
-7 -13 -15 -17 0 
-2 -13 -14 -17 -18 -20 -21 -26 -36 0 
-2 -3 -5 -6 -10 -20 -30 0 
-5 -13 -14 -16 -21 -22 -24 0 
-5 -8 -23 -26 -29 -33 -34 0 
-10 -15 -18 -20 -21 -28 0 
-20 -23 -28 -33 -37 0 
-1 -3 -4 -6 -14 -15 0 
-4 -7 -8 -11 -12 -15 -16 -19 -23 -37 0 
-9 -10 -14 -19 -32 -33 0 
-3 -7 -8 -9 -13 -21 -26 -29 -31 -33 -34 0 
-7 -8 -16 -17 -27 0 
-1 -6 -10 -16 -26 0 
-10 -20 -31 -33 -34 -35 0 
-5 -9 -11 -20 -23 -25 -33 -36 0 
-11 -13 -32 -36 -37 0 
-2 -5 -30 -33 0 
-4 -7 -12 -16 -17 -35 0 
-5 -15 -16 -25 -29 -37 0 
-7 -10 -16 -31 0 
-8 -9 -13 -18 -21 -22 0 
-1 -3 -6 -7 -8 -17 -23 -26 -36 -37 0 
-1 -4 -9 -14 -22 -37 0 
-2 -13 -19 -21 -26 -29 -33 -37 0 
-2 -3 -5 -24 -26 0 
-5 -8 -14 -23 -26 -28 -29 -30 -33 -36 0 
-7 -8 -9 -10 -21 -26 0 
-2 -7 -10 -23 0 
-9 -14 -24 -30 -34 0 
-1 -6 -10 -11 -13 -18 -24 -34 0 
-3 -6 -7 -30 0 
-6 -8 -20 -22 -26 -31 -32 -33 0 
-1 -25 -26 -27 -30 -31 -37 0 
-2 -8 -16 -22 -24 -29 -31 -34 -35 0 
-6 -14 -16 -30 0 
-1 -12 -13 -18 -22 -23 -25 0 
-12 -22 -23 -36 -37 0 
-1 -4 -6 -8 -19 -27 -33 -36 0 
-1 -27 -31 0 
-5 -8 -13 -18 -19 -21 -32 -35 -37 0 
-7 -10 -26 -27 -28 0 
-3 -12 -13 -16 -18 -26 -35 0 
-4 -6 -9 -10 -11 -12 -13 -23 -30 -37 0 
-8 -16 -19 -21 -22 -24 -27 -32 -36 0 
-12 -14 -15 -23 -24 -29 -32 0 
-2 -12 -27 -29 -30 -36 -37 0 
-10 -11 -12 -16 -21 -26 0 
-2 -15 -28 -37 0 
-7 -9 -17 -19 -21 -26 -30 0 
-2 -4 -6 -12 -14 -17 -21 -34 0 
-2 -8 -20 -21 -22 -30 -37 0 
-2 -3 -4 -19 -20 -35 -37 0 
-6 -8 -15 -19 -20 -25 0 
-7 -14 -20 -37 0 
-5 -10 -15 -19 -21 -25 0 
-6 -19 -25 -26 0 
-7 -9 -15 -25 -33 0 
-7 -18 -23 -26 -32 -37 0 
-4 -9 -14 -15 -30 -33 0 
-3 -4 -6 -7 -8 -10 -14 -15 -20 -28 -33 -34 0 
-2 -3 -6 -27 -31 -34 -36 -37 0 
-4 -8 -11 -13 -14 -21 -22 -26 -29 -32 -33 -34 -35 -36 -37 0 
-4 -13 -16 -21 -24 -26 -32 -37 0 
-11 -12 -23 -25 -37 0 
-14 -21 -23 -25 -28 -29 -30 -32 0 
-2 -15 -22 -23 -26 -30 -34 -36 0 
-2 -16 -20 -21 -26 -30 -32 -35 0 
-6 -7 -9 -16 -34 0 
-7 -9 -11 -12 -14 -33 -34 -35 -36 0 
-1 -3 -4 -19 -20 -25 0 
-13 -23 -30 0 
-4 -5 -11 -15 -23 -24 -31 0 
-9 -20 -27 -31 -36 0 
-3 -5 -21 -23 -24 -33 0 
-3 -7 -8 -11 -22 -25 -32 -36 0 
-3 -4 -7 -9 -12 -17 -20 -21 -25 -27 -34 0 
-4 -8 -11 -16 -24 -28 -35 -36 -37 0 
-7 -10 -14 -16 -18 -22 -27 -30 0 
-1 -12 -20 -25 -30 -32 -34 0 
-1 -8 -10 -22 -32 0 
-2 -3 -9 -12 -13 -16 -25 -30 0 
-5 -7 -30 -32 -33 0 
-10 -13 -14 -19 -27 -29 0 
-1 -12 -16 -18 -30 0 
-3 -5 -9 -15 -25 -27 0 
-8 -9 -19 -32 -33 0 
