p cnf 37 800
10 17 18 22 26 28 33 36 0 
28 32 37 0 
17 19 24 30 0 
2 3 15 18 21 0 
2 10 17 29 32 35 37 0 
5 6 11 13 18 20 21 26 27 0 
14 26 28 33 0 
5 11 23 0 
3 6 16 36 0 
11 22 26 0 
7 9 18 21 27 30 0 
7 10 16 18 20 24 30 34 0 
15 23 33 37 0 
13 27 28 29 30 31 32 34 0 
3 6 10 13 18 34 0 
22 29 32 35 36 37 0 
1 9 10 23 25 31 32 0 
2 11 15 19 32 0 
4 9 11 34 0 
17 21 23 24 26 28 32 0 
5 11 13 32 0 
7 9 12 24 25 35 0 
2 6 9 13 16 17 29 33 0 
5 21 27 29 34 35 36 0 
2 18 31 33 36 0 
4 13 15 16 24 27 29 36 0 
2 10 17 0 
1 5 7 10 16 17 20 26 29 34 0 
1 2 9 13 22 28 0 
3 4 11 13 16 18 24 27 0 
3 7 9 12 22 25 35 0 
6 12 16 21 27 0 
7 11 12 15 28 35 0 
1 4 7 8 15 16 35 0 
8 10 14 21 31 33 35 0 
7 21 22 23 24 28 35 0 
3 11 14 19 24 27 37 0 
11 18 28 0 
2 11 20 23 26 27 34 37 0 
1 2 4 7 8 16 25 27 31 32 35 0 
8 9 15 21 36 0 
1 2 17 25 28 29 33 0 
1 4 6 12 13 14 20 32 33 0 
2 4 10 14 26 0 
5 13 23 30 33 34 0 
31 33 34 35 36 0 
14 25 27 28 35 0 
6 7 9 11 17 0 
11 13 23 27 34 36 0 
1 6 10 18 20 21 25 28 0 
2 7 8 11 12 22 25 26 28 30 32 0 
2 5 6 13 16 25 34 0 
5 8 13 19 25 27 28 0 
1 4 7 12 14 22 23 24 37 0 
10 19 20 31 35 37 0 
4 12 14 19 27 30 33 0 
4 9 11 13 19 27 30 0 
1 2 17 18 23 24 0 
5 10 11 12 15 18 20 23 35 0 
4 8 14 27 0 
4 20 23 24 32 0 
1 8 21 30 31 37 0 
4 8 9 18 22 25 36 0 
11 19 24 27 0 
6 7 10 12 26 29 35 0 
17 22 35 0 
6 7 8 18 0 
3 14 15 19 33 37 0 
2 3 12 19 20 22 30 36 0 
12 20 24 30 31 36 37 0 
2 9 14 15 16 18 27 0 
26 30 0 
6 12 13 16 19 27 33 36 0 
3 9 10 13 16 21 31 37 0 
1 2 6 10 16 19 21 23 0 
4 13 28 29 33 34 36 0 
2 9 12 20 35 36 0 
2 3 11 15 19 32 0 
12 17 25 0 
2 3 4 5 10 15 24 27 33 37 0 
10 13 15 26 32 36 0 
3 17 34 36 37 0 
4 9 17 21 22 23 30 34 0 
3 4 8 10 12 16 17 19 23 32 0 
4 17 26 27 28 29 0 
4 9 11 16 24 32 0 
14 15 17 21 27 29 32 36 0 
6 8 11 16 17 21 27 28 29 30 32 0 
3 5 10 15 16 0 
17 21 23 25 27 33 0 
10 11 12 15 24 26 30 34 37 0 
8 25 27 30 34 0 
1 9 17 20 22 26 34 0 
1 2 3 4 5 10 11 13 30 0 
3 4 14 16 30 33 36 0 
1 9 11 12 13 23 25 36 37 0 
6 12 17 34 0 
14 15 19 25 33 0 
13 16 19 27 28 29 0 
5 11 20 26 36 0 
6 19 25 26 27 32 0 
4 20 34 0 
1 6 8 13 18 32 35 37 0 
4 5 12 15 24 29 36 0 
4 7 9 16 22 0 
2 10 13 30 32 36 0 
4 7 10 11 29 30 0 
5 7 8 24 29 0 
8 12 28 29 0 
2 7 8 19 23 32 0 
2 10 15 19 22 25 26 36 0 
4 7 10 11 23 25 30 36 0 
2 4 6 24 30 33 0 
5 12 15 25 32 0 
2 3 10 13 14 25 26 28 37 0 
3 4 11 25 32 34 0 
14 22 26 31 36 0 
3 4 8 30 0 
15 22 23 26 27 34 0 
2 3 7 11 21 22 26 34 0 
3 5 13 17 20 22 24 34 37 0 
2 20 25 32 0 
5 6 8 16 21 27 0 
1 6 22 34 36 0 
4 8 10 21 37 0 
7 19 29 33 0 
6 16 20 27 29 30 0 
4 7 16 20 21 25 0 
3 7 9 12 21 27 36 0 
5 13 17 20 21 24 30 0 
6 9 13 23 25 30 31 34 0 
1 3 13 17 23 0 
2 4 13 25 33 0 
4 12 22 24 30 31 37 0 
2 3 4 8 16 21 0 
1 11 22 23 24 25 29 0 
2 7 8 10 13 20 21 23 32 36 0 
4 6 8 10 25 33 34 37 0 
6 10 11 12 13 16 30 33 0 
2 3 6 13 16 23 30 0 
1 8 9 17 18 19 36 0 
7 10 12 19 26 0 
5 9 12 15 21 23 36 0 
13 27 31 32 35 0 
7 16 17 21 27 29 30 0 
2 3 4 5 14 19 23 27 29 32 37 0 
3 6 8 9 11 16 18 27 34 0 
11 12 13 27 33 0 
9 11 12 20 21 23 26 36 0 
4 16 23 30 31 35 36 0 
13 31 33 37 0 
7 9 15 20 22 30 37 0 
3 4 6 9 16 20 27 0 
5 13 17 18 27 0 
2 5 22 30 34 37 0 
6 8 11 23 36 0 
1 7 11 15 16 17 21 23 0 
7 8 16 17 18 28 30 36 0 
2 6 9 11 14 34 0 
6 12 16 19 26 32 34 36 0 
2 5 8 12 13 14 16 17 21 35 36 0 
4 23 25 26 30 32 35 37 0 
5 19 21 25 28 31 0 
7 8 9 20 29 34 36 0 
8 13 14 26 30 32 36 0 
6 8 9 13 21 35 0 
10 16 17 19 24 35 0 
7 14 18 24 29 30 34 0 
4 9 15 33 34 0 
5 8 11 18 21 24 30 31 32 0 
2 15 19 27 31 32 35 36 0 
27 28 30 0 
7 10 14 20 24 25 26 37 0 
3 4 20 28 30 0 
4 15 18 35 0 
15 20 23 30 33 0 
2 12 28 29 30 0 
14 18 26 27 0 
2 7 12 27 29 31 0 
1 3 17 19 31 0 
3 9 11 25 32 0 
7 8 12 17 24 32 0 
15 18 25 28 35 36 0 
3 10 15 21 26 37 0 
14 24 30 34 0 
8 14 16 19 22 31 37 0 
5 15 20 29 31 36 0 
1 3 5 9 10 17 18 22 26 29 33 0 
4 16 18 20 25 36 0 
23 25 27 36 0 
4 12 13 28 30 0 
24 25 35 37 0 
3 5 10 16 19 21 25 34 36 0 
3 5 10 13 20 29 33 36 0 
3 6 13 36 0 
7 8 9 22 36 0 
2 7 9 10 14 16 24 31 36 0 
3 7 10 17 19 27 36 0 
11 22 28 33 0 
1 7 21 23 28 35 0 
3 4 5 12 24 29 30 32 33 34 0 
1 2 10 11 19 20 26 27 28 0 
3 5 12 22 28 29 31 0 
1 19 29 33 34 35 0 
4 6 7 10 12 13 29 32 0 
3 7 9 11 12 14 25 27 29 36 0 
1 8 12 27 29 31 35 36 37 0 
8 18 21 23 0 
14 15 22 25 35 36 0 
8 16 28 32 35 0 
3 18 19 27 31 33 36 0 
8 14 15 34 0 
4 5 19 24 31 32 33 0 
21 25 28 29 33 37 0 
5 7 10 11 13 19 21 22 33 0 
2 11 12 15 27 29 37 0 
2 4 23 29 33 0 
3 9 11 14 18 23 25 28 31 0 
3 5 8 19 21 29 33 34 37 0 
8 9 10 17 23 0 
5 9 21 33 34 0 
17 20 23 29 31 32 0 
1 27 31 33 0 
7 8 22 23 24 25 0 
3 6 7 20 21 30 32 0 
1 15 23 28 0 
1 8 14 33 37 0 
3 4 5 6 18 23 32 33 35 0 
3 4 7 14 23 27 34 36 0 
3 8 9 10 11 18 22 28 34 0 
1 3 5 13 21 29 30 31 34 0 
1 7 8 17 30 34 0 
3 6 8 11 37 0 
1 14 21 29 0 
23 34 37 0 
7 8 14 20 33 37 0 
8 10 12 13 14 16 22 23 28 29 0 
1 4 5 6 12 26 31 32 35 0 
1 5 11 25 32 34 0 
1 2 11 18 20 22 29 32 0 
27 29 32 35 0 
2 29 30 32 36 0 
3 6 14 18 19 27 28 30 0 
12 15 19 33 0 
1 3 4 9 15 21 27 0 
1 22 28 30 37 0 
19 26 28 35 37 0 
2 4 7 10 11 13 15 18 21 26 31 0 
8 11 16 23 26 32 0 
9 24 28 33 37 0 
1 19 21 22 26 32 0 
12 13 21 26 27 34 35 0 
6 11 12 23 31 34 35 0 
3 18 25 27 34 35 37 0 
6 15 16 19 22 24 34 0 
4 6 11 14 18 19 20 28 36 0 
3 14 21 23 30 37 0 
3 10 14 25 30 35 0 
9 18 26 29 32 33 34 37 0 
15 18 32 35 0 
1 14 21 22 24 35 0 
1 10 18 20 27 28 30 0 
1 5 9 27 29 33 0 
5 8 13 20 30 32 0 
15 18 27 29 31 0 
6 8 10 20 28 34 35 0 
4 7 8 23 24 0 
3 17 22 24 29 0 
5 11 19 25 28 32 33 34 0 
3 10 11 12 37 0 
5 13 30 0 
6 12 17 28 29 0 
17 29 0 
8 25 32 0 
7 13 15 19 27 31 0 
6 7 13 22 24 27 0 
1 3 11 14 15 16 26 33 0 
2 5 7 12 26 31 0 
7 12 13 21 24 37 0 
7 22 23 26 29 36 0 
1 2 5 6 14 19 20 21 0 
3 6 16 18 20 25 28 0 
7 10 16 24 26 30 31 36 0 
3 4 12 20 21 26 31 0 
3 8 9 12 15 23 33 0 
10 14 15 19 27 33 0 
21 22 24 25 31 36 0 
2 7 17 31 36 0 
2 7 11 13 16 20 26 36 0 
7 15 16 17 24 25 29 0 
7 25 26 31 0 
3 6 8 10 19 24 33 35 0 
1 5 13 15 16 17 20 35 0 
2 3 5 11 21 30 0 
3 19 22 28 29 30 32 33 0 
2 10 14 31 37 0 
9 10 11 16 22 25 28 31 0 
1 3 7 8 12 14 17 25 0 
6 27 30 36 37 0 
6 9 15 22 26 0 
1 6 15 18 23 24 34 0 
4 6 11 18 22 0 
1 2 5 16 21 27 31 35 0 
2 9 12 20 31 32 0 
11 15 18 29 30 0 
3 23 29 35 36 0 
3 7 9 18 27 31 37 0 
3 14 18 22 26 37 0 
2 7 8 18 23 33 0 
2 9 12 17 24 0 
10 22 29 32 33 0 
3 5 11 15 21 27 30 37 0 
17 22 32 37 0 
13 19 24 27 0 
1 2 4 8 20 21 25 30 0 
6 11 16 0 
6 9 10 12 0 
1 11 23 24 27 32 0 
16 18 20 21 27 28 0 
5 10 12 14 15 20 24 28 30 0 
3 5 6 8 16 19 21 22 27 0 
3 15 30 0 
5 28 36 0 
20 22 24 26 30 0 
1 6 8 12 15 16 18 25 29 33 0 
2 7 8 10 15 22 25 26 28 31 0 
1 3 15 16 18 20 28 0 
1 2 5 16 25 27 30 32 36 0 
5 9 11 12 17 27 0 
7 12 15 17 18 23 31 35 0 
1 12 32 33 37 0 
2 3 4 5 18 19 29 30 32 34 0 
2 13 15 24 32 37 0 
2 15 16 22 24 26 31 35 36 0 
10 11 27 0 
3 6 15 26 27 33 36 0 
1 2 11 19 28 36 0 
2 4 12 18 19 35 0 
1 8 13 16 20 37 0 
4 13 19 22 24 33 34 0 
5 16 18 23 24 28 30 31 0 
2 4 8 15 18 19 21 23 26 30 35 0 
9 15 28 34 0 
1 2 7 15 20 24 32 36 0 
11 15 19 28 31 32 0 
8 25 26 31 33 0 
2 4 20 29 31 36 0 
14 23 25 26 36 37 0 
2 6 7 13 29 30 0 
8 9 11 12 19 20 23 25 31 0 
9 11 14 16 23 25 26 31 34 37 0 
1 2 3 4 13 17 19 20 30 37 0 
4 7 25 27 28 31 36 0 
4 14 15 18 28 29 31 34 37 0 
13 15 19 20 23 29 37 0 
2 5 8 17 24 32 34 35 0 
1 2 13 17 34 0 
2 4 7 14 18 19 21 24 26 30 32 0 
1 5 13 16 19 25 31 0 
3 6 18 31 0 
5 13 14 17 19 23 24 31 0 
14 20 26 27 0 
29 31 33 0 
9 17 22 33 34 0 
6 19 30 0 
14 21 22 27 29 33 0 
9 11 19 20 30 33 34 0 
6 18 20 24 33 0 
2 6 7 21 23 0 
1 3 6 17 30 36 0 
2 11 26 28 33 0 
5 6 9 13 27 36 0 
3 5 10 11 12 16 31 0 
5 6 8 10 11 20 25 0 
5 7 8 11 12 14 17 19 25 0 
3 4 8 20 33 37 0 
1 2 3 4 9 10 18 19 29 0 
5 28 0 
1 20 37 0 
7 8 17 20 22 23 27 31 0 
3 9 16 21 33 34 35 37 0 
9 15 17 18 24 31 32 0 
1 2 4 22 25 29 30 0 
1 2 11 13 21 24 0 
2 3 4 18 30 36 0 
13 16 18 23 29 32 34 0 
4 5 10 20 28 34 0 
10 19 25 30 34 0 
6 8 10 11 13 22 27 0 
2 6 17 28 0 
7 13 20 26 30 32 0 
3 7 13 21 26 36 0 
13 18 22 23 25 26 27 31 34 0 
9 11 16 19 21 23 27 37 0 
5 16 17 33 0 
4 11 12 13 26 30 0 
7 13 17 27 37 0 
2 3 32 34 0 
1 7 9 12 16 18 19 26 29 30 0 
4 7 8 10 11 12 13 37 0 
-10 -17 -18 -22 -26 -28 -33 -36 0 
-28 -32 -37 0 
-17 -19 -24 -30 0 
-2 -3 -15 -18 -21 0 
-2 -10 -17 -29 -32 -35 -37 0 
-5 -6 -11 -13 -18 -20 -21 -26 -27 0 
-14 -26 -28 -33 0 
-5 -11 -23 0 
-3 -6 -16 -36 0 
-11 -22 -26 0 
-7 -9 -18 -21 -27 -30 0 
-7 -10 -16 -18 -20 -24 -30 -34 0 
-15 -23 -33 -37 0 
-13 -27 -28 -29 -30 -31 -32 -34 0 
-3 -6 -10 -13 -18 -34 0 
-22 -29 -32 -35 -36 -37 0 
-1 -9 -10 -23 -25 -31 -32 0 
-2 -11 -15 -19 -32 0 
-4 -9 -11 -34 0 
-17 -21 -23 -24 -26 -28 -32 0 
-5 -11 -13 -32 0 
-7 -9 -12 -24 -25 -35 0 
-2 -6 -9 -13 -16 -17 -29 -33 0 
-5 -21 -27 -29 -34 -35 -36 0 
-2 -18 -31 -33 -36 0 
-4 -13 -15 -16 -24 -27 -29 -36 0 
-2 -10 -17 0 
-1 -5 -7 -10 -16 -17 -20 -26 -29 -34 0 
-1 -2 -9 -13 -22 -28 0 
-3 -4 -11 -13 -16 -18 -24 -27 0 
-3 -7 -9 -12 -22 -25 -35 0 
-6 -12 -16 -21 -27 0 
-7 -11 -12 -15 -28 -35 0 
-1 -4 -7 -8 -15 -16 -35 0 
-8 -10 -14 -21 -31 -33 -35 0 
-7 -21 -22 -23 -24 -28 -35 0 
-3 -11 -14 -19 -24 -27 -37 0 
-11 -18 -28 0 
-2 -11 -20 -23 -26 -27 -34 -37 0 
-1 -2 -4 -7 -8 -16 -25 -27 -31 -32 -35 0 
-8 -9 -15 -21 -36 0 
-1 -2 -17 -25 -28 -29 -33 0 
-1 -4 -6 -12 -13 -14 -20 -32 -33 0 
-2 -4 -10 -14 -26 0 
-5 -13 -23 -30 -33 -34 0 
-31 -33 -34 -35 -36 0 
-14 -25 -27 -28 -35 0 
-6 -7 -9 -11 -17 0 
-11 -13 -23 -27 -34 -36 0 
-1 -6 -10 -18 -20 -21 -25 -28 0 
-2 -7 -8 -11 -12 -22 -25 -26 -28 -30 -32 0 
-2 -5 -6 -13 -16 -25 -34 0 
-5 -8 -13 -19 -25 -27 -28 0 
-1 -4 -7 -12 -14 -22 -23 -24 -37 0 
-10 -19 -20 -31 -35 -37 0 
-4 -12 -14 -19 -27 -30 -33 0 
-4 -9 -11 -13 -19 -27 -30 0 
-1 -2 -17 -18 -23 -24 0 
-5 -10 -11 -12 -15 -18 -20 -23 -35 0 
-4 -8 -14 -27 0 
-4 -20 -23 -24 -32 0 
-1 -8 -21 -30 -31 -37 0 
-4 -8 -9 -18 -22 -25 -36 0 
-11 -19 -24 -27 0 
-6 -7 -10 -12 -26 -29 -35 0 
-17 -22 -35 0 
-6 -7 -8 -18 0 
-3 -14 -15 -19 -33 -37 0 
-2 -3 -12 -19 -20 -22 -30 -36 0 
-12 -20 -24 -30 -31 -36 -37 0 
-2 -9 -14 -15 -16 -18 -27 0 
-26 -30 0 
-6 -12 -13 -16 -19 -27 -33 -36 0 
-3 -9 -10 -13 -16 -21 -31 -37 0 
-1 -2 -6 -10 -16 -19 -21 -23 0 
-4 -13 -28 -29 -33 -34 -36 0 
-2 -9 -12 -20 -35 -36 0 
-2 -3 -11 -15 -19 -32 0 
-12 -17 -25 0 
-2 -3 -4 -5 -10 -15 -24 -27 -33 -37 0 
-10 -13 -15 -26 -32 -36 0 
-3 -17 -34 -36 -37 0 
-4 -9 -17 -21 -22 -23 -30 -34 0 
-3 -4 -8 -10 -12 -16 -17 -19 -23 -32 0 
-4 -17 -26 -27 -28 -29 0 
-4 -9 -11 -16 -24 -32 0 
-14 -15 -17 -21 -27 -29 -32 -36 0 
-6 -8 -11 -16 -17 -21 -27 -28 -29 -30 -32 0 
-3 -5 -10 -15 -16 0 
-17 -21 -23 -25 -27 -33 0 
-10 -11 -12 -15 -24 -26 -30 -34 -37 0 
-8 -25 -27 -30 -34 0 
-1 -9 -17 -20 -22 -26 -34 0 
-1 -2 -3 -4 -5 -10 -11 -13 -30 0 
-3 -4 -14 -16 -30 -33 -36 0 
-1 -9 -11 -12 -13 -23 -25 -36 -37 0 
-6 -12 -17 -34 0 
-14 -15 -19 -25 -33 0 
-13 -16 -19 -27 -28 -29 0 
-5 -11 -20 -26 -36 0 
-6 -19 -25 -26 -27 -32 0 
-4 -20 -34 0 
-1 -6 -8 -13 -18 -32 -35 -37 0 
-4 -5 -12 -15 -24 -29 -36 0 
-4 -7 -9 -16 -22 0 
-2 -10 -13 -30 -32 -36 0 
-4 -7 -10 -11 -29 -30 0 
-5 -7 -8 -24 -29 0 
-8 -12 -28 -29 0 
-2 -7 -8 -19 -23 -32 0 
-2 -10 -15 -19 -22 -25 -26 -36 0 
-4 -7 -10 -11 -23 -25 -30 -36 0 
-2 -4 -6 -24 -30 -33 0 
-5 -12 -15 -25 -32 0 
-2 -3 -10 -13 -14 -25 -26 -28 -37 0 
-3 -4 -11 -25 -32 -34 0 
-14 -22 -26 -31 -36 0 
-3 -4 -8 -30 0 
-15 -22 -23 -26 -27 -34 0 
-2 -3 -7 -11 -21 -22 -26 -34 0 
-3 -5 -13 -17 -20 -22 -24 -34 -37 0 
-2 -20 -25 -32 0 
-5 -6 -8 -16 -21 -27 0 
-1 -6 -22 -34 -36 0 
-4 -8 -10 -21 -37 0 
-7 -19 -29 -33 0 
-6 -16 -20 -27 -29 -30 0 
-4 -7 -16 -20 -21 -25 0 
-3 -7 -9 -12 -21 -27 -36 0 
-5 -13 -17 -20 -21 -24 -30 0 
-6 -9 -13 -23 -25 -30 -31 -34 0 
-1 -3 -13 -17 -23 0 
-2 -4 -13 -25 -33 0 
-4 -12 -22 -24 -30 -31 -37 0 
-2 -3 -4 -8 -16 -21 0 
-1 -11 -22 -23 -24 -25 -29 0 
-2 -7 -8 -10 -13 -20 -21 -23 -32 -36 0 
-4 -6 -8 -10 -25 -33 -34 -37 0 
-6 -10 -11 -12 -13 -16 -30 -33 0 
-2 -3 -6 -13 -16 -23 -30 0 
-1 -8 -9 -17 -18 -19 -36 0 
-7 -10 -12 -19 -26 0 
-5 -9 -12 -15 -21 -23 -36 0 
-13 -27 -31 -32 -35 0 
-7 -16 -17 -21 -27 -29 -30 0 
-2 -3 -4 -5 -14 -19 -23 -27 -29 -32 -37 0 
-3 -6 -8 -9 -11 -16 -18 -27 -34 0 
-11 -12 -13 -27 -33 0 
-9 -11 -12 -20 -21 -23 -26 -36 0 
-4 -16 -23 -30 -31 -35 -36 0 
-13 -31 -33 -37 0 
-7 -9 -15 -20 -22 -30 -37 0 
-3 -4 -6 -9 -16 -20 -27 0 
-5 -13 -17 -18 -27 0 
-2 -5 -22 -30 -34 -37 0 
-6 -8 -11 -23 -36 0 
-1 -7 -11 -15 -16 -17 -21 -23 0 
-7 -8 -16 -17 -18 -28 -30 -36 0 
-2 -6 -9 -11 -14 -34 0 
-6 -12 -16 -19 -26 -32 -34 -36 0 
-2 -5 -8 -12 -13 -14 -16 -17 -21 -35 -36 0 
-4 -23 -25 -26 -30 -32 -35 -37 0 
-5 -19 -21 -25 -28 -31 0 
-7 -8 -9 -20 -29 -34 -36 0 
-8 -13 -14 -26 -30 -32 -36 0 
-6 -8 -9 -13 -21 -35 0 
-10 -16 -17 -19 -24 -35 0 
-7 -14 -18 -24 -29 -30 -34 0 
-4 -9 -15 -33 -34 0 
-5 -8 -11 -18 -21 -24 -30 -31 -32 0 
-2 -15 -19 -27 -31 -32 -35 -36 0 
-27 -28 -30 0 
-7 -10 -14 -20 -24 -25 -26 -37 0 
-3 -4 -20 -28 -30 0 
-4 -15 -18 -35 0 
-15 -20 -23 -30 -33 0 
-2 -12 -28 -29 -30 0 
-14 -18 -26 -27 0 
-2 -7 -12 -27 -29 -31 0 
-1 -3 -17 -19 -31 0 
-3 -9 -11 -25 -32 0 
-7 -8 -12 -17 -24 -32 0 
-15 -18 -25 -28 -35 -36 0 
-3 -10 -15 -21 -26 -37 0 
-14 -24 -30 -34 0 
-8 -14 -16 -19 -22 -31 -37 0 
-5 -15 -20 -29 -31 -36 0 
-1 -3 -5 -9 -10 -17 -18 -22 -26 -29 -33 0 
-4 -16 -18 -20 -25 -36 0 
-23 -25 -27 -36 0 
-4 -12 -13 -28 -30 0 
-24 -25 -35 -37 0 
-3 -5 -10 -16 -19 -21 -25 -34 -36 0 
-3 -5 -10 -13 -20 -29 -33 -36 0 
-3 -6 -13 -36 0 
-7 -8 -9 -22 -36 0 
-2 -7 -9 -10 -14 -16 -24 -31 -36 0 
-3 -7 -10 -17 -19 -27 -36 0 
-11 -22 -28 -33 0 
-1 -7 -21 -23 -28 -35 0 
-3 -4 -5 -12 -24 -29 -30 -32 -33 -34 0 
-1 -2 -10 -11 -19 -20 -26 -27 -28 0 
-3 -5 -12 -22 -28 -29 -31 0 
-1 -19 -29 -33 -34 -35 0 
-4 -6 -7 -10 -12 -13 -29 -32 0 
-3 -7 -9 -11 -12 -14 -25 -27 -29 -36 0 
-1 -8 -12 -27 -29 -31 -35 -36 -37 0 
-8 -18 -21 -23 0 
-14 -15 -22 -25 -35 -36 0 
-8 -16 -28 -32 -35 0 
-3 -18 -19 -27 -31 -33 -36 0 
-8 -14 -15 -34 0 
-4 -5 -19 -24 -31 -32 -33 0 
-21 -25 -28 -29 -33 -37 0 
-5 -7 -10 -11 -13 -19 -21 -22 -33 0 
-2 -11 -12 -15 -27 -29 -37 0 
-2 -4 -23 -29 -33 0 
-3 -9 -11 -14 -18 -23 -25 -28 -31 0 
-3 -5 -8 -19 -21 -29 -33 -34 -37 0 
-8 -9 -10 -17 -23 0 
-5 -9 -21 -33 -34 0 
-17 -20 -23 -29 -31 -32 0 
-1 -27 -31 -33 0 
-7 -8 -22 -23 -24 -25 0 
-3 -6 -7 -20 -21 -30 -32 0 
-1 -15 -23 -28 0 
-1 -8 -14 -33 -37 0 
-3 -4 -5 -6 -18 -23 -32 -33 -35 0 
-3 -4 -7 -14 -23 -27 -34 -36 0 
-3 -8 -9 -10 -11 -18 -22 -28 -34 0 
-1 -3 -5 -13 -21 -29 -30 -31 -34 0 
-1 -7 -8 -17 -30 -34 0 
-3 -6 -8 -11 -37 0 
-1 -14 -21 -29 0 
-23 -34 -37 0 
-7 -8 -14 -20 -33 -37 0 
-8 -10 -12 -13 -14 -16 -22 -23 -28 -29 0 
-1 -4 -5 -6 -12 -26 -31 -32 -35 0 
-1 -5 -11 -25 -32 -34 0 
-1 -2 -11 -18 -20 -22 -29 -32 0 
-27 -29 -32 -35 0 
-2 -29 -30 -32 -36 0 
-3 -6 -14 -18 -19 -27 -28 -30 0 
-12 -15 -19 -33 0 
-1 -3 -4 -9 -15 -21 -27 0 
-1 -22 -28 -30 -37 0 
-19 -26 -28 -35 -37 0 
-2 -4 -7 -10 -11 -13 -15 -18 -21 -26 -31 0 
-8 -11 -16 -23 -26 -32 0 
-9 -24 -28 -33 -37 0 
-1 -19 -21 -22 -26 -32 0 
-12 -13 -21 -26 -27 -34 -35 0 
-6 -11 -12 -23 -31 -34 -35 0 
-3 -18 -25 -27 -34 -35 -37 0 
-6 -15 -16 -19 -22 -24 -34 0 
-4 -6 -11 -14 -18 -19 -20 -28 -36 0 
-3 -14 -21 -23 -30 -37 0 
-3 -10 -14 -25 -30 -35 0 
-9 -18 -26 -29 -32 -33 -34 -37 0 
-15 -18 -32 -35 0 
-1 -14 -21 -22 -24 -35 0 
-1 -10 -18 -20 -27 -28 -30 0 
-1 -5 -9 -27 -29 -33 0 
-5 -8 -13 -20 -30 -32 0 
-15 -18 -27 -29 -31 0 
-6 -8 -10 -20 -28 -34 -35 0 
-4 -7 -8 -23 -24 0 
-3 -17 -22 -24 -29 0 
-5 -11 -19 -25 -28 -32 -33 -34 0 
-3 -10 -11 -12 -37 0 
-5 -13 -30 0 
-6 -12 -17 -28 -29 0 
-17 -29 0 
-8 -25 -32 0 
-7 -13 -15 -19 -27 -31 0 
-6 -7 -13 -22 -24 -27 0 
-1 -3 -11 -14 -15 -16 -26 -33 0 
-2 -5 -7 -12 -26 -31 0 
-7 -12 -13 -21 -24 -37 0 
-7 -22 -23 -26 -29 -36 0 
-1 -2 -5 -6 -14 -19 -20 -21 0 
-3 -6 -16 -18 -20 -25 -28 0 
-7 -10 -16 -24 -26 -30 -31 -36 0 
-3 -4 -12 -20 -21 -26 -31 0 
-3 -8 -9 -12 -15 -23 -33 0 
-10 -14 -15 -19 -27 -33 0 
-21 -22 -24 -25 -31 -36 0 
-2 -7 -17 -31 -36 0 
-2 -7 -11 -13 -16 -20 -26 -36 0 
-7 -15 -16 -17 -24 -25 -29 0 
-7 -25 -26 -31 0 
-3 -6 -8 -10 -19 -24 -33 -35 0 
-1 -5 -13 -15 -16 -17 -20 -35 0 
-2 -3 -5 -11 -21 -30 0 
-3 -19 -22 -28 -29 -30 -32 -33 0 
-2 -10 -14 -31 -37 0 
-9 -10 -11 -16 -22 -25 -28 -31 0 
-1 -3 -7 -8 -12 -14 -17 -25 0 
-6 -27 -30 -36 -37 0 
-6 -9 -15 -22 -26 0 
-1 -6 -15 -18 -23 -24 -34 0 
-4 -6 -11 -18 -22 0 
-1 -2 -5 -16 -21 -27 -31 -35 0 
-2 -9 -12 -20 -31 -32 0 
-11 -15 -18 -29 -30 0 
-3 -23 -29 -35 -36 0 
-3 -7 -9 -18 -27 -31 -37 0 
-3 -14 -18 -22 -26 -37 0 
-2 -7 -8 -18 -23 -33 0 
-2 -9 -12 -17 -24 0 
-10 -22 -29 -32 -33 0 
-3 -5 -11 -15 -21 -27 -30 -37 0 
-17 -22 -32 -37 0 
-13 -19 -24 -27 0 
-1 -2 -4 -8 -20 -21 -25 -30 0 
-6 -11 -16 0 
-6 -9 -10 -12 0 
-1 -11 -23 -24 -27 -32 0 
-16 -18 -20 -21 -27 -28 0 
-5 -10 -12 -14 -15 -20 -24 -28 -30 0 
-3 -5 -6 -8 -16 -19 -21 -22 -27 0 
-3 -15 -30 0 
-5 -28 -36 0 
-20 -22 -24 -26 -30 0 
-1 -6 -8 -12 -15 -16 -18 -25 -29 -33 0 
-2 -7 -8 -10 -15 -22 -25 -26 -28 -31 0 
-1 -3 -15 -16 -18 -20 -28 0 
-1 -2 -5 -16 -25 -27 -30 -32 -36 0 
-5 -9 -11 -12 -17 -27 0 
-7 -12 -15 -17 -18 -23 -31 -35 0 
-1 -12 -32 -33 -37 0 
-2 -3 -4 -5 -18 -19 -29 -30 -32 -34 0 
-2 -13 -15 -24 -32 -37 0 
-2 -15 -16 -22 -24 -26 -31 -35 -36 0 
-10 -11 -27 0 
-3 -6 -15 -26 -27 -33 -36 0 
-1 -2 -11 -19 -28 -36 0 
-2 -4 -12 -18 -19 -35 0 
-1 -8 -13 -16 -20 -37 0 
-4 -13 -19 -22 -24 -33 -34 0 
-5 -16 -18 -23 -24 -28 -30 -31 0 
-2 -4 -8 -15 -18 -19 -21 -23 -26 -30 -35 0 
-9 -15 -28 -34 0 
-1 -2 -7 -15 -20 -24 -32 -36 0 
-11 -15 -19 -28 -31 -32 0 
-8 -25 -26 -31 -33 0 
-2 -4 -20 -29 -31 -36 0 
-14 -23 -25 -26 -36 -37 0 
-2 -6 -7 -13 -29 -30 0 
-8 -9 -11 -12 -19 -20 -23 -25 -31 0 
-9 -11 -14 -16 -23 -25 -26 -31 -34 -37 0 
-1 -2 -3 -4 -13 -17 -19 -20 -30 -37 0 
-4 -7 -25 -27 -28 -31 -36 0 
-4 -14 -15 -18 -28 -29 -31 -34 -37 0 
-13 -15 -19 -20 -23 -29 -37 0 
-2 -5 -8 -17 -24 -32 -34 -35 0 
-1 -2 -13 -17 -34 0 
-2 -4 -7 -14 -18 -19 -21 -24 -26 -30 -32 0 
-1 -5 -13 -16 -19 -25 -31 0 
-3 -6 -18 -31 0 
-5 -13 -14 -17 -19 -23 -24 -31 0 
-14 -20 -26 -27 0 
-29 -31 -33 0 
-9 -17 -22 -33 -34 0 
-6 -19 -30 0 
-14 -21 -22 -27 -29 -33 0 
-9 -11 -19 -20 -30 -33 -34 0 
-6 -18 -20 -24 -33 0 
-2 -6 -7 -21 -23 0 
-1 -3 -6 -17 -30 -36 0 
-2 -11 -26 -28 -33 0 
-5 -6 -9 -13 -27 -36 0 
-3 -5 -10 -11 -12 -16 -31 0 
-5 -6 -8 -10 -11 -20 -25 0 
-5 -7 -8 -11 -12 -14 -17 -19 -25 0 
-3 -4 -8 -20 -33 -37 0 
-1 -2 -3 -4 -9 -10 -18 -19 -29 0 
-5 -28 0 
-1 -20 -37 0 
-7 -8 -17 -20 -22 -23 -27 -31 0 
-3 -9 -16 -21 -33 -34 -35 -37 0 
-9 -15 -17 -18 -24 -31 -32 0 
-1 -2 -4 -22 -25 -29 -30 0 
-1 -2 -11 -13 -21 -24 0 
-2 -3 -4 -18 -30 -36 0 
-13 -16 -18 -23 -29 -32 -34 0 
-4 -5 -10 -20 -28 -34 0 
-10 -19 -25 -30 -34 0 
-6 -8 -10 -11 -13 -22 -27 0 
-2 -6 -17 -28 0 
-7 -13 -20 -26 -30 -32 0 
-3 -7 -13 -21 -26 -36 0 
-13 -18 -22 -23 -25 -26 -27 -31 -34 0 
-9 -11 -16 -19 -21 -23 -27 -37 0 
-5 -16 -17 -33 0 
-4 -11 -12 -13 -26 -30 0 
-7 -13 -17 -27 -37 0 
-2 -3 -32 -34 0 
-1 -7 -9 -12 -16 -18 -19 -26 -29 -30 0 
-4 -7 -8 -10 -11 -12 -13 -37 0 
