p cnf 37 800
3 16 33 35 0 
15 18 19 22 23 29 30 0 
1 3 6 7 20 32 0 
1 2 5 7 12 16 17 24 0 
8 21 22 24 35 0 
5 10 19 26 0 
2 3 5 28 29 31 35 37 0 
1 4 15 17 30 31 33 34 0 
2 3 7 15 17 28 30 32 36 37 0 
1 5 8 11 14 15 17 22 0 
3 8 12 19 33 0 
5 6 9 17 20 21 26 0 
1 9 15 21 26 30 32 35 36 0 
5 7 8 25 37 0 
4 6 13 15 23 24 29 31 0 
3 6 24 25 28 34 0 
15 21 34 0 
16 24 26 27 32 0 
2 4 7 8 9 10 22 25 29 31 37 0 
6 7 8 14 15 20 33 0 
3 8 9 13 15 18 25 29 32 36 0 
3 12 13 14 23 28 32 35 0 
7 14 15 29 30 31 32 0 
2 4 5 9 21 24 27 30 32 33 35 0 
2 21 25 30 0 
3 11 28 34 0 
8 17 28 37 0 
7 17 19 31 37 0 
4 7 16 20 21 25 30 0 
5 10 21 36 0 
5 6 8 19 22 30 37 0 
15 24 26 33 35 37 0 
10 11 19 27 29 32 0 
13 31 34 37 0 
2 17 20 24 25 26 29 36 0 
7 14 16 26 0 
6 12 28 29 0 
1 8 10 15 18 22 0 
1 4 7 9 25 33 0 
5 6 12 18 20 33 34 0 
20 23 24 26 33 36 0 
5 7 9 11 14 20 22 26 31 36 0 
3 4 8 13 24 25 0 
1 5 19 30 0 
5 7 14 25 27 0 
5 7 9 10 17 37 0 
7 13 17 29 34 36 0 
12 13 17 20 25 33 34 0 
6 7 8 9 11 12 20 21 25 29 0 
3 8 11 15 0 
3 9 12 18 23 29 34 0 
1 2 9 10 0 
2 7 11 14 23 24 26 33 37 0 
1 2 11 18 19 23 24 36 0 
8 12 14 20 28 34 37 0 
22 26 35 0 
6 15 19 32 34 0 
5 14 15 30 32 35 0 
4 8 9 13 18 24 32 0 
9 10 11 12 19 20 24 28 0 
2 8 9 31 0 
2 9 15 22 26 31 35 36 0 
1 2 4 10 19 31 37 0 
5 16 22 27 0 
6 8 14 15 17 18 27 34 0 
7 21 22 28 31 32 35 0 
3 11 25 26 30 35 0 
4 23 27 30 32 34 36 0 
3 4 5 19 29 31 33 35 0 
5 9 10 11 19 0 
3 4 5 6 10 15 16 18 22 34 35 36 37 0 
1 5 10 12 33 0 
4 18 20 22 24 25 0 
1 5 10 31 0 
2 15 20 0 
10 14 18 20 28 30 37 0 
1 4 5 17 0 
4 5 9 17 19 29 32 36 37 0 
18 20 23 25 26 30 0 
4 21 22 34 0 
8 10 21 25 27 33 34 0 
17 22 26 28 29 33 34 0 
12 32 33 0 
13 17 21 23 25 27 35 36 0 
1 2 4 6 10 11 16 27 34 0 
1 8 10 15 19 22 27 30 0 
6 8 10 11 29 33 0 
4 9 20 22 25 30 31 0 
17 19 20 28 29 35 36 0 
2 18 20 32 0 
4 6 16 18 21 30 33 0 
3 8 10 11 24 30 31 0 
7 10 12 16 18 19 27 28 0 
9 10 19 33 36 0 
22 24 25 28 33 0 
2 12 21 26 29 0 
6 15 27 28 34 0 
6 9 10 11 20 24 0 
1 20 21 30 35 0 
3 5 13 16 17 18 25 33 37 0 
11 12 24 25 36 0 
12 17 18 31 33 0 
4 31 35 0 
7 26 29 31 32 0 
7 10 26 27 28 0 
3 4 15 32 33 0 
7 12 21 24 26 0 
1 19 21 30 31 37 0 
1 16 21 30 31 33 34 36 0 
10 33 35 0 
2 13 17 34 0 
1 11 22 27 34 35 0 
13 36 37 0 
1 3 8 12 19 20 23 34 0 
5 6 20 27 28 0 
4 7 9 22 25 0 
9 14 17 19 24 27 31 32 0 
4 15 23 29 33 34 0 
3 5 6 13 27 36 0 
10 13 15 23 32 34 0 
5 7 14 25 26 27 34 0 
6 8 14 16 22 26 0 
16 20 25 32 0 
2 16 17 19 21 27 0 
6 18 22 26 32 35 0 
7 12 15 27 28 29 34 37 0 
2 6 13 18 23 26 27 0 
2 6 10 11 21 22 24 26 0 
4 8 9 10 11 31 0 
7 22 29 35 0 
2 15 16 28 34 0 
19 22 23 24 26 35 37 0 
5 6 22 26 30 31 33 0 
1 15 20 22 23 25 27 29 0 
8 9 14 22 25 30 36 0 
9 14 16 18 27 33 34 0 
1 13 21 24 27 29 36 0 
4 5 11 21 32 36 37 0 
17 31 33 34 35 37 0 
1 11 13 14 23 31 32 37 0 
2 3 4 18 20 21 22 35 0 
5 12 17 27 30 0 
6 9 10 15 17 20 28 0 
4 20 24 32 34 0 
8 17 21 23 24 37 0 
1 5 13 24 27 0 
6 12 13 22 25 27 31 32 36 37 0 
1 6 27 31 34 35 0 
5 17 26 31 0 
7 11 22 28 35 0 
6 17 18 22 24 0 
3 10 13 14 17 18 27 31 0 
1 5 8 15 17 22 29 36 37 0 
6 10 12 15 16 26 27 32 0 
5 8 13 17 25 33 34 0 
1 5 7 12 17 18 24 33 37 0 
7 14 18 25 32 34 37 0 
3 4 7 9 18 25 37 0 
1 4 11 12 15 17 18 19 23 27 28 30 31 36 37 0 
4 11 13 14 18 23 0 
3 11 26 29 32 33 0 
1 3 30 0 
1 9 22 0 
8 14 20 30 34 0 
23 24 26 27 31 0 
4 5 6 11 14 18 28 29 0 
4 18 22 27 32 0 
3 7 9 15 20 29 30 35 36 0 
3 4 6 12 13 19 27 31 32 37 0 
3 6 22 31 0 
8 15 19 35 0 
4 10 11 12 15 21 31 32 0 
3 16 22 25 29 0 
2 7 16 37 0 
4 5 6 7 11 15 20 23 29 0 
5 9 15 18 23 27 30 34 0 
6 9 10 16 18 33 0 
5 9 30 0 
11 17 21 27 31 0 
5 10 16 22 26 34 35 0 
5 7 13 14 17 20 23 28 29 0 
17 31 32 35 0 
3 5 6 26 27 33 0 
2 4 8 11 13 14 20 27 30 34 37 0 
3 9 14 15 24 35 0 
1 15 21 25 30 0 
8 14 15 25 30 35 36 0 
2 5 7 8 16 19 34 0 
4 5 8 10 16 18 20 37 0 
10 17 22 25 0 
7 16 25 27 31 34 35 0 
13 15 24 30 34 0 
8 17 20 27 29 0 
18 19 20 21 23 25 32 0 
1 5 6 21 26 30 31 35 0 
5 12 20 28 31 34 0 
3 19 28 34 37 0 
6 9 22 25 26 27 33 34 0 
1 7 19 22 23 37 0 
3 6 10 11 16 19 23 32 0 
2 9 10 28 30 31 0 
7 9 13 21 23 29 0 
3 8 9 10 18 28 35 0 
2 6 17 20 26 0 
1 8 17 19 22 33 0 
10 11 15 31 33 34 36 0 
3 9 10 19 24 32 0 
11 12 19 26 34 0 
8 19 25 28 30 0 
5 10 17 0 
8 11 18 20 21 25 26 33 37 0 
2 5 7 19 24 29 36 0 
1 6 15 26 32 34 0 
5 7 8 19 22 29 35 0 
6 28 31 32 0 
1 2 5 32 33 35 0 
14 17 18 29 0 
9 18 25 27 30 0 
5 8 10 20 32 34 36 37 0 
7 13 15 19 21 29 36 0 
10 23 24 26 30 32 0 
2 5 10 11 16 19 20 22 23 27 36 0 
5 6 7 14 18 23 34 0 
8 16 27 28 32 0 
2 4 10 18 21 29 31 37 0 
2 3 14 18 19 22 27 35 0 
11 21 24 32 33 0 
3 5 11 13 15 16 28 33 0 
2 9 10 11 14 16 23 24 25 27 28 0 
15 19 20 24 33 0 
8 17 21 27 36 0 
5 11 13 17 19 24 25 28 33 35 0 
2 9 14 15 19 22 26 32 0 
6 13 20 21 27 28 29 0 
6 7 11 15 16 27 29 30 37 0 
11 14 15 16 18 22 23 28 0 
3 12 21 31 34 0 
1 3 7 13 14 16 25 28 29 0 
2 3 13 15 17 32 0 
2 10 21 23 31 37 0 
9 10 12 18 0 
4 14 20 22 31 35 0 
3 12 13 22 27 0 
5 9 0 
4 20 28 31 0 
3 10 21 26 31 32 0 
12 27 29 30 34 0 
20 21 23 35 37 0 
1 6 13 18 0 
18 19 21 24 25 26 30 32 0 
1 2 9 15 20 21 25 28 32 0 
8 11 18 26 32 35 0 
11 14 15 19 27 29 32 0 
22 28 34 37 0 
1 7 14 15 29 36 0 
2 6 12 17 24 25 28 34 0 
8 9 14 15 17 18 26 31 0 
3 5 20 37 0 
2 6 22 26 29 31 33 36 0 
3 5 21 27 31 0 
11 18 32 33 34 0 
6 12 19 20 21 24 27 29 36 0 
2 4 5 6 9 10 14 33 0 
1 10 14 19 22 28 29 37 0 
4 6 10 34 36 0 
17 19 24 32 34 36 37 0 
1 2 9 10 26 0 
2 6 7 26 29 34 0 
3 4 6 15 16 17 22 0 
4 7 9 27 34 36 0 
6 7 9 12 34 37 0 
26 33 0 
5 6 7 10 14 23 24 31 34 0 
15 24 25 26 28 0 
17 25 28 29 32 0 
7 9 14 17 26 29 33 0 
2 9 14 15 27 34 0 
3 5 22 27 29 34 0 
3 6 10 18 21 23 24 26 33 0 
10 11 13 32 35 0 
4 5 27 28 33 34 0 
7 15 17 23 24 26 30 32 0 
15 21 30 33 0 
1 2 4 11 16 19 27 35 37 0 
13 18 29 30 33 0 
11 18 19 20 22 28 33 0 
7 10 15 19 0 
11 17 18 23 25 29 33 36 0 
1 2 4 8 19 27 28 0 
2 24 25 28 0 
2 9 16 20 32 34 0 
4 5 15 17 36 0 
9 20 26 29 31 34 36 0 
3 8 11 32 0 
10 12 26 29 35 37 0 
2 12 14 30 31 35 0 
3 30 37 0 
3 6 21 23 24 0 
3 10 22 23 31 0 
14 16 23 35 36 0 
6 7 15 16 21 24 33 35 0 
2 5 6 10 12 13 22 35 36 0 
6 9 13 15 26 30 31 34 0 
2 8 16 21 30 32 36 0 
1 10 11 12 19 23 24 29 34 0 
3 19 33 37 0 
1 6 9 16 25 30 31 0 
1 3 5 19 20 23 26 29 32 0 
2 3 9 14 17 22 26 36 0 
4 10 18 19 23 29 0 
1 10 14 16 18 25 33 34 0 
3 4 5 12 21 25 28 37 0 
13 20 0 
8 11 19 27 34 0 
4 7 10 12 20 34 0 
4 7 9 14 0 
3 6 19 20 21 33 0 
12 28 31 32 0 
2 3 18 0 
10 22 30 0 
3 9 12 20 22 25 28 0 
4 7 8 20 27 29 33 36 0 
3 4 11 12 13 37 0 
6 16 20 23 25 28 35 0 
1 9 18 34 0 
5 11 19 25 27 29 34 37 0 
13 14 24 29 31 0 
10 19 24 25 29 37 0 
3 4 11 16 21 25 27 32 33 0 
1 4 6 7 8 14 19 23 26 28 0 
5 11 14 15 16 19 31 37 0 
1 2 14 16 18 20 22 26 37 0 
1 10 12 15 20 28 30 35 37 0 
2 6 7 25 34 0 
4 5 7 16 18 24 27 31 32 0 
4 9 16 17 22 29 31 37 0 
6 9 14 15 16 34 0 
4 12 19 33 35 0 
7 15 16 28 35 36 0 
2 3 8 12 15 20 21 34 0 
8 11 15 17 21 24 31 0 
6 11 19 23 24 32 36 0 
2 3 13 20 23 26 28 33 0 
2 5 14 27 30 32 0 
6 7 18 21 23 35 0 
6 12 17 19 21 35 0 
1 2 3 30 31 0 
1 3 4 14 30 33 0 
3 11 12 22 25 27 30 0 
2 6 9 18 19 0 
2 5 10 13 17 27 31 0 
1 7 9 11 21 23 26 0 
19 21 29 35 36 0 
11 16 18 21 22 25 28 32 35 0 
11 12 19 20 22 0 
2 5 10 16 32 0 
6 20 26 29 0 
1 12 14 15 26 32 0 
1 3 7 18 26 29 30 31 32 33 0 
6 9 33 37 0 
11 12 16 20 22 35 0 
3 6 10 18 21 32 36 0 
4 6 11 15 20 27 32 35 36 0 
1 17 28 34 35 0 
6 13 15 16 19 21 23 24 30 34 0 
1 6 14 25 35 0 
13 18 21 24 0 
11 12 18 19 33 35 0 
18 31 37 0 
3 5 6 15 16 17 20 22 36 0 
10 21 23 28 32 34 0 
1 4 5 14 19 21 25 28 0 
2 5 10 12 13 17 28 0 
22 26 33 34 35 0 
3 8 9 35 0 
2 8 11 14 24 29 36 0 
5 9 11 13 19 21 27 33 35 0 
1 3 7 9 17 19 27 0 
4 9 13 17 18 26 33 0 
8 16 27 32 36 0 
9 10 12 19 24 28 29 30 34 0 
6 7 8 18 19 27 0 
7 19 24 0 
18 20 26 31 33 36 0 
2 18 19 27 30 0 
2 3 6 8 13 29 37 0 
2 4 5 6 12 14 16 24 30 0 
11 14 15 17 21 24 31 35 0 
4 9 14 17 25 27 0 
3 5 14 15 22 23 26 30 31 0 
4 5 20 23 27 0 
1 9 0 
3 4 5 10 12 16 21 23 26 28 0 
5 19 20 24 26 0 
7 8 9 16 22 25 34 35 37 0 
5 6 8 27 0 
4 7 9 11 14 15 18 0 
5 12 21 24 29 36 0 
4 7 15 19 24 29 34 35 0 
1 6 16 18 20 27 0 
-3 -16 -33 -35 0 
-15 -18 -19 -22 -23 -29 -30 0 
-1 -3 -6 -7 -20 -32 0 
-1 -2 -5 -7 -12 -16 -17 -24 0 
-8 -21 -22 -24 -35 0 
-5 -10 -19 -26 0 
-2 -3 -5 -28 -29 -31 -35 -37 0 
-1 -4 -15 -17 -30 -31 -33 -34 0 
-2 -3 -7 -15 -17 -28 -30 -32 -36 -37 0 
-1 -5 -8 -11 -14 -15 -17 -22 0 
-3 -8 -12 -19 -33 0 
-5 -6 -9 -17 -20 -21 -26 0 
-1 -9 -15 -21 -26 -30 -32 -35 -36 0 
-5 -7 -8 -25 -37 0 
-4 -6 -13 -15 -23 -24 -29 -31 0 
-3 -6 -24 -25 -28 -34 0 
-15 -21 -34 0 
-16 -24 -26 -27 -32 0 
-2 -4 -7 -8 -9 -10 -22 -25 -29 -31 -37 0 
-6 -7 -8 -14 -15 -20 -33 0 
-3 -8 -9 -13 -15 -18 -25 -29 -32 -36 0 
-3 -12 -13 -14 -23 -28 -32 -35 0 
-7 -14 -15 -29 -30 -31 -32 0 
-2 -4 -5 -9 -21 -24 -27 -30 -32 -33 -35 0 
-2 -21 -25 -30 0 
-3 -11 -28 -34 0 
-8 -17 -28 -37 0 
-7 -17 -19 -31 -37 0 
-4 -7 -16 -20 -21 -25 -30 0 
-5 -10 -21 -36 0 
-5 -6 -8 -19 -22 -30 -37 0 
-15 -24 -26 -33 -35 -37 0 
-10 -11 -19 -27 -29 -32 0 
-13 -31 -34 -37 0 
-2 -17 -20 -24 -25 -26 -29 -36 0 
-7 -14 -16 -26 0 
-6 -12 -28 -29 0 
-1 -8 -10 -15 -18 -22 0 
-1 -4 -7 -9 -25 -33 0 
-5 -6 -12 -18 -20 -33 -34 0 
-20 -23 -24 -26 -33 -36 0 
-5 -7 -9 -11 -14 -20 -22 -26 -31 -36 0 
-3 -4 -8 -13 -24 -25 0 
-1 -5 -19 -30 0 
-5 -7 -14 -25 -27 0 
-5 -7 -9 -10 -17 -37 0 
-7 -13 -17 -29 -34 -36 0 
-12 -13 -17 -20 -25 -33 -34 0 
-6 -7 -8 -9 -11 -12 -20 -21 -25 -29 0 
-3 -8 -11 -15 0 
-3 -9 -12 -18 -23 -29 -34 0 
-1 -2 -9 -10 0 
-2 -7 -11 -14 -23 -24 -26 -33 -37 0 
-1 -2 -11 -18 -19 -23 -24 -36 0 
-8 -12 -14 -20 -28 -34 -37 0 
-22 -26 -35 0 
-6 -15 -19 -32 -34 0 
-5 -14 -15 -30 -32 -35 0 
-4 -8 -9 -13 -18 -24 -32 0 
-9 -10 -11 -12 -19 -20 -24 -28 0 
-2 -8 -9 -31 0 
-2 -9 -15 -22 -26 -31 -35 -36 0 
-1 -2 -4 -10 -19 -31 -37 0 
-5 -16 -22 -27 0 
-6 -8 -14 -15 -17 -18 -27 -34 0 
-7 -21 -22 -28 -31 -32 -35 0 
-3 -11 -25 -26 -30 -35 0 
-4 -23 -27 -30 -32 -34 -36 0 
-3 -4 -5 -19 -29 -31 -33 -35 0 
-5 -9 -10 -11 -19 0 
-3 -4 -5 -6 -10 -15 -16 -18 -22 -34 -35 -36 -37 0 
-1 -5 -10 -12 -33 0 
-4 -18 -20 -22 -24 -25 0 
-1 -5 -10 -31 0 
-2 -15 -20 0 
-10 -14 -18 -20 -28 -30 -37 0 
-1 -4 -5 -17 0 
-4 -5 -9 -17 -19 -29 -32 -36 -37 0 
-18 -20 -23 -25 -26 -30 0 
-4 -21 -22 -34 0 
-8 -10 -21 -25 -27 -33 -34 0 
-17 -22 -26 -28 -29 -33 -34 0 
-12 -32 -33 0 
-13 -17 -21 -23 -25 -27 -35 -36 0 
-1 -2 -4 -6 -10 -11 -16 -27 -34 0 
-1 -8 -10 -15 -19 -22 -27 -30 0 
-6 -8 -10 -11 -29 -33 0 
-4 -9 -20 -22 -25 -30 -31 0 
-17 -19 -20 -28 -29 -35 -36 0 
-2 -18 -20 -32 0 
-4 -6 -16 -18 -21 -30 -33 0 
-3 -8 -10 -11 -24 -30 -31 0 
-7 -10 -12 -16 -18 -19 -27 -28 0 
-9 -10 -19 -33 -36 0 
-22 -24 -25 -28 -33 0 
-2 -12 -21 -26 -29 0 
-6 -15 -27 -28 -34 0 
-6 -9 -10 -11 -20 -24 0 
-1 -20 -21 -30 -35 0 
-3 -5 -13 -16 -17 -18 -25 -33 -37 0 
-11 -12 -24 -25 -36 0 
-12 -17 -18 -31 -33 0 
-4 -31 -35 0 
-7 -26 -29 -31 -32 0 
-7 -10 -26 -27 -28 0 
-3 -4 -15 -32 -33 0 
-7 -12 -21 -24 -26 0 
-1 -19 -21 -30 -31 -37 0 
-1 -16 -21 -30 -31 -33 -34 -36 0 
-10 -33 -35 0 
-2 -13 -17 -34 0 
-1 -11 -22 -27 -34 -35 0 
-13 -36 -37 0 
-1 -3 -8 -12 -19 -20 -23 -34 0 
-5 -6 -20 -27 -28 0 
-4 -7 -9 -22 -25 0 
-9 -14 -17 -19 -24 -27 -31 -32 0 
-4 -15 -23 -29 -33 -34 0 
-3 -5 -6 -13 -27 -36 0 
-10 -13 -15 -23 -32 -34 0 
-5 -7 -14 -25 -26 -27 -34 0 
-6 -8 -14 -16 -22 -26 0 
-16 -20 -25 -32 0 
-2 -16 -17 -19 -21 -27 0 
-6 -18 -22 -26 -32 -35 0 
-7 -12 -15 -27 -28 -29 -34 -37 0 
-2 -6 -13 -18 -23 -26 -27 0 
-2 -6 -10 -11 -21 -22 -24 -26 0 
-4 -8 -9 -10 -11 -31 0 
-7 -22 -29 -35 0 
-2 -15 -16 -28 -34 0 
-19 -22 -23 -24 -26 -35 -37 0 
-5 -6 -22 -26 -30 -31 -33 0 
-1 -15 -20 -22 -23 -25 -27 -29 0 
-8 -9 -14 -22 -25 -30 -36 0 
-9 -14 -16 -18 -27 -33 -34 0 
-1 -13 -21 -24 -27 -29 -36 0 
-4 -5 -11 -21 -32 -36 -37 0 
-17 -31 -33 -34 -35 -37 0 
-1 -11 -13 -14 -23 -31 -32 -37 0 
-2 -3 -4 -18 -20 -21 -22 -35 0 
-5 -12 -17 -27 -30 0 
-6 -9 -10 -15 -17 -20 -28 0 
-4 -20 -24 -32 -34 0 
-8 -17 -21 -23 -24 -37 0 
-1 -5 -13 -24 -27 0 
-6 -12 -13 -22 -25 -27 -31 -32 -36 -37 0 
-1 -6 -27 -31 -34 -35 0 
-5 -17 -26 -31 0 
-7 -11 -22 -28 -35 0 
-6 -17 -18 -22 -24 0 
-3 -10 -13 -14 -17 -18 -27 -31 0 
-1 -5 -8 -15 -17 -22 -29 -36 -37 0 
-6 -10 -12 -15 -16 -26 -27 -32 0 
-5 -8 -13 -17 -25 -33 -34 0 
-1 -5 -7 -12 -17 -18 -24 -33 -37 0 
-7 -14 -18 -25 -32 -34 -37 0 
-3 -4 -7 -9 -18 -25 -37 0 
-1 -4 -11 -12 -15 -17 -18 -19 -23 -27 -28 -30 -31 -36 -37 0 
-4 -11 -13 -14 -18 -23 0 
-3 -11 -26 -29 -32 -33 0 
-1 -3 -30 0 
-1 -9 -22 0 
-8 -14 -20 -30 -34 0 
-23 -24 -26 -27 -31 0 
-4 -5 -6 -11 -14 -18 -28 -29 0 
-4 -18 -22 -27 -32 0 
-3 -7 -9 -15 -20 -29 -30 -35 -36 0 
-3 -4 -6 -12 -13 -19 -27 -31 -32 -37 0 
-3 -6 -22 -31 0 
-8 -15 -19 -35 0 
-4 -10 -11 -12 -15 -21 -31 -32 0 
-3 -16 -22 -25 -29 0 
-2 -7 -16 -37 0 
-4 -5 -6 -7 -11 -15 -20 -23 -29 0 
-5 -9 -15 -18 -23 -27 -30 -34 0 
-6 -9 -10 -16 -18 -33 0 
-5 -9 -30 0 
-11 -17 -21 -27 -31 0 
-5 -10 -16 -22 -26 -34 -35 0 
-5 -7 -13 -14 -17 -20 -23 -28 -29 0 
-17 -31 -32 -35 0 
-3 -5 -6 -26 -27 -33 0 
-2 -4 -8 -11 -13 -14 -20 -27 -30 -34 -37 0 
-3 -9 -14 -15 -24 -35 0 
-1 -15 -21 -25 -30 0 
-8 -14 -15 -25 -30 -35 -36 0 
-2 -5 -7 -8 -16 -19 -34 0 
-4 -5 -8 -10 -16 -18 -20 -37 0 
-10 -17 -22 -25 0 
-7 -16 -25 -27 -31 -34 -35 0 
-13 -15 -24 -30 -34 0 
-8 -17 -20 -27 -29 0 
-18 -19 -20 -21 -23 -25 -32 0 
-1 -5 -6 -21 -26 -30 -31 -35 0 
-5 -12 -20 -28 -31 -34 0 
-3 -19 -28 -34 -37 0 
-6 -9 -22 -25 -26 -27 -33 -34 0 
-1 -7 -19 -22 -23 -37 0 
-3 -6 -10 -11 -16 -19 -23 -32 0 
-2 -9 -10 -28 -30 -31 0 
-7 -9 -13 -21 -23 -29 0 
-3 -8 -9 -10 -18 -28 -35 0 
-2 -6 -17 -20 -26 0 
-1 -8 -17 -19 -22 -33 0 
-10 -11 -15 -31 -33 -34 -36 0 
-3 -9 -10 -19 -24 -32 0 
-11 -12 -19 -26 -34 0 
-8 -19 -25 -28 -30 0 
-5 -10 -17 0 
-8 -11 -18 -20 -21 -25 -26 -33 -37 0 
-2 -5 -7 -19 -24 -29 -36 0 
-1 -6 -15 -26 -32 -34 0 
-5 -7 -8 -19 -22 -29 -35 0 
-6 -28 -31 -32 0 
-1 -2 -5 -32 -33 -35 0 
-14 -17 -18 -29 0 
-9 -18 -25 -27 -30 0 
-5 -8 -10 -20 -32 -34 -36 -37 0 
-7 -13 -15 -19 -21 -29 -36 0 
-10 -23 -24 -26 -30 -32 0 
-2 -5 -10 -11 -16 -19 -20 -22 -23 -27 -36 0 
-5 -6 -7 -14 -18 -23 -34 0 
-8 -16 -27 -28 -32 0 
-2 -4 -10 -18 -21 -29 -31 -37 0 
-2 -3 -14 -18 -19 -22 -27 -35 0 
-11 -21 -24 -32 -33 0 
-3 -5 -11 -13 -15 -16 -28 -33 0 
-2 -9 -10 -11 -14 -16 -23 -24 -25 -27 -28 0 
-15 -19 -20 -24 -33 0 
-8 -17 -21 -27 -36 0 
-5 -11 -13 -17 -19 -24 -25 -28 -33 -35 0 
-2 -9 -14 -15 -19 -22 -26 -32 0 
-6 -13 -20 -21 -27 -28 -29 0 
-6 -7 -11 -15 -16 -27 -29 -30 -37 0 
-11 -14 -15 -16 -18 -22 -23 -28 0 
-3 -12 -21 -31 -34 0 
-1 -3 -7 -13 -14 -16 -25 -28 -29 0 
-2 -3 -13 -15 -17 -32 0 
-2 -10 -21 -23 -31 -37 0 
-9 -10 -12 -18 0 
-4 -14 -20 -22 -31 -35 0 
-3 -12 -13 -22 -27 0 
-5 -9 0 
-4 -20 -28 -31 0 
-3 -10 -21 -26 -31 -32 0 
-12 -27 -29 -30 -34 0 
-20 -21 -23 -35 -37 0 
-1 -6 -13 -18 0 
-18 -19 -21 -24 -25 -26 -30 -32 0 
-1 -2 -9 -15 -20 -21 -25 -28 -32 0 
-8 -11 -18 -26 -32 -35 0 
-11 -14 -15 -19 -27 -29 -32 0 
-22 -28 -34 -37 0 
-1 -7 -14 -15 -29 -36 0 
-2 -6 -12 -17 -24 -25 -28 -34 0 
-8 -9 -14 -15 -17 -18 -26 -31 0 
-3 -5 -20 -37 0 
-2 -6 -22 -26 -29 -31 -33 -36 0 
-3 -5 -21 -27 -31 0 
-11 -18 -32 -33 -34 0 
-6 -12 -19 -20 -21 -24 -27 -29 -36 0 
-2 -4 -5 -6 -9 -10 -14 -33 0 
-1 -10 -14 -19 -22 -28 -29 -37 0 
-4 -6 -10 -34 -36 0 
-17 -19 -24 -32 -34 -36 -37 0 
-1 -2 -9 -10 -26 0 
-2 -6 -7 -26 -29 -34 0 
-3 -4 -6 -15 -16 -17 -22 0 
-4 -7 -9 -27 -34 -36 0 
-6 -7 -9 -12 -34 -37 0 
-26 -33 0 
-5 -6 -7 -10 -14 -23 -24 -31 -34 0 
-15 -24 -25 -26 -28 0 
-17 -25 -28 -29 -32 0 
-7 -9 -14 -17 -26 -29 -33 0 
-2 -9 -14 -15 -27 -34 0 
-3 -5 -22 -27 -29 -34 0 
-3 -6 -10 -18 -21 -23 -24 -26 -33 0 
-10 -11 -13 -32 -35 0 
-4 -5 -27 -28 -33 -34 0 
-7 -15 -17 -23 -24 -26 -30 -32 0 
-15 -21 -30 -33 0 
-1 -2 -4 -11 -16 -19 -27 -35 -37 0 
-13 -18 -29 -30 -33 0 
-11 -18 -19 -20 -22 -28 -33 0 
-7 -10 -15 -19 0 
-11 -17 -18 -23 -25 -29 -33 -36 0 
-1 -2 -4 -8 -19 -27 -28 0 
-2 -24 -25 -28 0 
-2 -9 -16 -20 -32 -34 0 
-4 -5 -15 -17 -36 0 
-9 -20 -26 -29 -31 -34 -36 0 
-3 -8 -11 -32 0 
-10 -12 -26 -29 -35 -37 0 
-2 -12 -14 -30 -31 -35 0 
-3 -30 -37 0 
-3 -6 -21 -23 -24 0 
-3 -10 -22 -23 -31 0 
-14 -16 -23 -35 -36 0 
-6 -7 -15 -16 -21 -24 -33 -35 0 
-2 -5 -6 -10 -12 -13 -22 -35 -36 0 
-6 -9 -13 -15 -26 -30 -31 -34 0 
-2 -8 -16 -21 -30 -32 -36 0 
-1 -10 -11 -12 -19 -23 -24 -29 -34 0 
-3 -19 -33 -37 0 
-1 -6 -9 -16 -25 -30 -31 0 
-1 -3 -5 -19 -20 -23 -26 -29 -32 0 
-2 -3 -9 -14 -17 -22 -26 -36 0 
-4 -10 -18 -19 -23 -29 0 
-1 -10 -14 -16 -18 -25 -33 -34 0 
-3 -4 -5 -12 -21 -25 -28 -37 0 
-13 -20 0 
-8 -11 -19 -27 -34 0 
-4 -7 -10 -12 -20 -34 0 
-4 -7 -9 -14 0 
-3 -6 -19 -20 -21 -33 0 
-12 -28 -31 -32 0 
-2 -3 -18 0 
-10 -22 -30 0 
-3 -9 -12 -20 -22 -25 -28 0 
-4 -7 -8 -20 -27 -29 -33 -36 0 
-3 -4 -11 -12 -13 -37 0 
-6 -16 -20 -23 -25 -28 -35 0 
-1 -9 -18 -34 0 
-5 -11 -19 -25 -27 -29 -34 -37 0 
-13 -14 -24 -29 -31 0 
-10 -19 -24 -25 -29 -37 0 
-3 -4 -11 -16 -21 -25 -27 -32 -33 0 
-1 -4 -6 -7 -8 -14 -19 -23 -26 -28 0 
-5 -11 -14 -15 -16 -19 -31 -37 0 
-1 -2 -14 -16 -18 -20 -22 -26 -37 0 
-1 -10 -12 -15 -20 -28 -30 -35 -37 0 
-2 -6 -7 -25 -34 0 
-4 -5 -7 -16 -18 -24 -27 -31 -32 0 
-4 -9 -16 -17 -22 -29 -31 -37 0 
-6 -9 -14 -15 -16 -34 0 
-4 -12 -19 -33 -35 0 
-7 -15 -16 -28 -35 -36 0 
-2 -3 -8 -12 -15 -20 -21 -34 0 
-8 -11 -15 -17 -21 -24 -31 0 
-6 -11 -19 -23 -24 -32 -36 0 
-2 -3 -13 -20 -23 -26 -28 -33 0 
-2 -5 -14 -27 -30 -32 0 
-6 -7 -18 -21 -23 -35 0 
-6 -12 -17 -19 -21 -35 0 
-1 -2 -3 -30 -31 0 
-1 -3 -4 -14 -30 -33 0 
-3 -11 -12 -22 -25 -27 -30 0 
-2 -6 -9 -18 -19 0 
-2 -5 -10 -13 -17 -27 -31 0 
-1 -7 -9 -11 -21 -23 -26 0 
-19 -21 -29 -35 -36 0 
-11 -16 -18 -21 -22 -25 -28 -32 -35 0 
-11 -12 -19 -20 -22 0 
-2 -5 -10 -16 -32 0 
-6 -20 -26 -29 0 
-1 -12 -14 -15 -26 -32 0 
-1 -3 -7 -18 -26 -29 -30 -31 -32 -33 0 
-6 -9 -33 -37 0 
-11 -12 -16 -20 -22 -35 0 
-3 -6 -10 -18 -21 -32 -36 0 
-4 -6 -11 -15 -20 -27 -32 -35 -36 0 
-1 -17 -28 -34 -35 0 
-6 -13 -15 -16 -19 -21 -23 -24 -30 -34 0 
-1 -6 -14 -25 -35 0 
-13 -18 -21 -24 0 
-11 -12 -18 -19 -33 -35 0 
-18 -31 -37 0 
-3 -5 -6 -15 -16 -17 -20 -22 -36 0 
-10 -21 -23 -28 -32 -34 0 
-1 -4 -5 -14 -19 -21 -25 -28 0 
-2 -5 -10 -12 -13 -17 -28 0 
-22 -26 -33 -34 -35 0 
-3 -8 -9 -35 0 
-2 -8 -11 -14 -24 -29 -36 0 
-5 -9 -11 -13 -19 -21 -27 -33 -35 0 
-1 -3 -7 -9 -17 -19 -27 0 
-4 -9 -13 -17 -18 -26 -33 0 
-8 -16 -27 -32 -36 0 
-9 -10 -12 -19 -24 -28 -29 -30 -34 0 
-6 -7 -8 -18 -19 -27 0 
-7 -19 -24 0 
-18 -20 -26 -31 -33 -36 0 
-2 -18 -19 -27 -30 0 
-2 -3 -6 -8 -13 -29 -37 0 
-2 -4 -5 -6 -12 -14 -16 -24 -30 0 
-11 -14 -15 -17 -21 -24 -31 -35 0 
-4 -9 -14 -17 -25 -27 0 
-3 -5 -14 -15 -22 -23 -26 -30 -31 0 
-4 -5 -20 -23 -27 0 
-1 -9 0 
-3 -4 -5 -10 -12 -16 -21 -23 -26 -28 0 
-5 -19 -20 -24 -26 0 
-7 -8 -9 -16 -22 -25 -34 -35 -37 0 
-5 -6 -8 -27 0 
-4 -7 -9 -11 -14 -15 -18 0 
-5 -12 -21 -24 -29 -36 0 
-4 -7 -15 -19 -24 -29 -34 -35 0 
-1 -6 -16 -18 -20 -27 0 
