p cnf 37 800
5 11 16 19 0 
10 11 14 15 22 24 31 0 
1 12 15 16 25 29 37 0 
6 12 16 18 21 23 26 0 
13 15 16 24 28 32 0 
1 12 14 18 31 0 
7 11 18 21 23 35 36 0 
4 20 24 34 0 
1 12 14 19 27 36 37 0 
2 14 17 30 37 0 
1 2 7 11 12 15 35 0 
9 16 21 23 24 30 0 
2 3 12 15 21 37 0 
8 11 13 19 23 26 33 34 35 36 0 
5 15 20 24 33 0 
7 12 22 27 0 
1 5 13 17 21 22 30 31 35 0 
1 8 9 12 16 20 25 26 27 36 0 
16 20 23 31 36 0 
5 10 11 23 29 37 0 
15 34 35 37 0 
6 9 11 12 20 21 23 24 25 28 32 0 
3 5 6 7 10 11 12 17 18 22 28 29 31 0 
8 17 19 29 35 0 
11 17 19 22 0 
1 2 7 8 9 10 22 34 37 0 
3 8 15 26 30 37 0 
5 10 16 20 35 0 
1 7 18 23 24 28 31 33 34 37 0 
17 27 29 30 33 37 0 
7 9 15 22 29 32 36 0 
19 25 27 28 32 37 0 
7 10 22 26 29 32 35 0 
5 10 12 14 21 28 0 
8 18 19 25 0 
1 2 10 21 22 35 0 
4 7 16 19 21 25 29 30 37 0 
2 24 31 33 0 
6 12 14 19 26 27 33 0 
5 12 13 19 21 25 29 0 
7 11 14 19 22 24 27 28 29 33 0 
2 16 28 31 33 34 0 
5 15 20 31 32 0 
8 10 13 16 20 26 28 0 
2 11 14 21 31 0 
1 8 11 17 29 35 37 0 
1 5 9 14 15 21 30 31 34 0 
2 3 10 12 19 21 22 23 25 34 35 0 
1 5 6 8 17 31 34 36 0 
11 12 21 31 35 0 
3 19 20 27 29 36 0 
2 4 5 6 12 14 15 18 20 22 28 33 35 0 
1 2 6 17 21 24 36 0 
7 25 26 0 
2 4 23 32 33 0 
1 8 20 28 32 0 
7 9 10 13 26 29 35 36 0 
3 20 24 37 0 
1 10 13 29 0 
1 4 13 15 18 19 22 24 27 30 31 0 
6 14 30 35 0 
6 10 14 20 32 34 0 
3 17 18 21 22 25 28 33 0 
12 21 26 0 
11 15 17 24 36 37 0 
4 8 11 13 17 29 34 0 
1 4 5 8 14 24 33 0 
13 18 19 29 34 35 36 0 
1 8 12 22 27 0 
8 12 14 17 18 33 0 
1 12 16 22 29 0 
6 7 8 21 24 28 35 0 
5 16 18 23 28 35 0 
30 36 0 
3 15 19 29 31 0 
21 23 32 0 
8 12 15 19 31 33 34 0 
2 7 8 13 17 21 23 30 0 
1 5 6 11 19 26 0 
10 11 15 27 0 
4 6 9 16 20 25 30 36 0 
5 6 11 23 24 32 0 
1 3 23 26 30 35 0 
1 2 3 15 25 31 32 35 37 0 
9 11 21 24 28 30 0 
4 7 10 12 15 16 22 24 30 37 0 
1 2 16 21 23 25 31 32 33 0 
3 4 5 19 20 37 0 
7 9 10 12 15 18 30 31 33 0 
8 10 19 25 26 27 0 
8 20 22 23 25 27 30 0 
4 6 10 14 18 19 35 0 
11 12 24 32 37 0 
2 6 10 13 15 18 20 28 31 34 35 0 
10 22 27 30 35 36 0 
4 7 9 13 22 28 0 
4 5 9 14 23 25 29 32 33 37 0 
2 7 8 14 27 28 31 33 36 37 0 
12 18 32 36 0 
11 19 22 29 36 0 
1 6 18 37 0 
6 11 17 19 25 29 37 0 
3 9 19 23 28 30 32 33 34 35 0 
3 13 15 19 22 28 29 0 
7 11 19 21 24 27 35 0 
2 4 11 14 15 26 30 0 
2 3 16 22 24 0 
8 18 22 27 35 36 0 
3 12 18 20 28 30 31 34 36 0 
5 10 13 16 19 22 24 26 30 32 0 
11 15 25 34 0 
2 7 16 17 21 22 32 0 
13 19 24 25 28 31 32 0 
1 2 7 8 9 10 18 21 22 31 0 
12 17 19 24 27 0 
12 14 26 36 0 
12 14 24 29 36 0 
2 6 7 10 11 31 0 
3 6 10 15 22 25 26 29 32 35 36 0 
2 3 12 13 23 26 32 0 
4 9 13 15 16 21 37 0 
2 5 9 15 20 27 34 36 0 
4 6 9 13 15 20 22 24 26 0 
2 5 10 18 21 22 24 28 31 0 
8 12 14 19 31 32 0 
3 4 9 15 25 33 37 0 
6 14 15 33 36 0 
1 12 21 22 30 32 0 
7 9 16 17 19 21 26 29 0 
20 26 27 30 0 
3 10 11 16 21 26 0 
3 4 6 12 19 22 32 35 0 
5 17 19 20 25 28 0 
3 5 9 21 23 30 33 0 
1 7 13 22 27 28 34 36 37 0 
3 20 28 0 
3 7 11 29 0 
3 6 8 9 21 23 26 31 34 0 
1 2 3 6 10 12 13 14 19 27 28 34 35 37 0 
6 7 14 23 0 
19 20 29 0 
5 12 17 23 27 29 34 35 0 
15 17 19 26 33 34 0 
4 14 22 28 29 32 33 37 0 
14 17 21 30 0 
2 3 4 6 10 13 21 30 0 
4 9 11 23 33 34 0 
1 9 16 26 30 36 37 0 
4 22 26 36 0 
3 8 11 14 15 16 24 32 34 0 
5 7 14 16 17 26 30 35 0 
5 14 25 36 0 
4 15 23 33 34 35 0 
6 9 10 19 29 31 0 
2 17 27 0 
5 8 15 22 36 0 
3 5 22 28 36 0 
3 9 14 19 25 31 0 
8 13 22 25 37 0 
2 8 9 10 13 27 0 
9 15 29 0 
3 9 19 26 29 33 0 
10 17 18 20 26 32 37 0 
1 3 18 0 
1 21 25 35 0 
7 12 14 15 29 0 
6 16 19 26 37 0 
14 16 17 21 22 23 27 34 0 
11 15 24 30 34 35 0 
4 14 23 24 27 29 30 36 0 
11 16 25 0 
9 16 36 0 
9 17 27 0 
1 11 16 19 25 30 31 36 0 
16 17 28 33 0 
2 3 16 19 30 33 36 0 
3 21 23 32 35 36 0 
1 2 18 20 29 34 0 
12 13 19 22 36 0 
14 22 23 24 29 30 35 0 
2 5 7 13 14 16 31 33 36 0 
4 8 11 14 21 23 25 0 
3 6 14 16 21 35 0 
12 20 22 25 26 27 37 0 
5 13 23 30 32 0 
7 9 11 13 15 20 23 27 31 0 
3 11 15 25 26 27 37 0 
5 8 16 17 20 23 24 30 0 
8 9 10 12 14 0 
3 15 18 20 35 0 
1 7 11 12 13 17 18 19 24 35 0 
13 14 27 28 31 35 0 
2 6 9 18 22 28 0 
7 12 18 27 29 0 
6 17 22 36 37 0 
3 4 17 19 0 
7 12 16 19 20 34 0 
14 15 17 28 29 36 37 0 
21 27 29 35 36 0 
2 7 11 22 27 28 30 0 
2 7 13 17 26 29 31 0 
4 7 12 22 23 25 26 27 35 0 
1 8 14 15 18 21 26 28 32 34 36 0 
1 20 29 31 0 
3 13 32 37 0 
15 21 28 30 32 35 0 
2 3 18 21 36 37 0 
3 4 7 8 11 26 33 0 
5 8 14 15 16 20 22 32 37 0 
7 8 12 22 28 29 0 
1 31 0 
10 11 12 16 20 25 27 0 
2 4 10 11 14 15 19 21 27 29 0 
10 14 16 23 34 35 36 0 
4 23 26 30 31 32 0 
10 12 14 20 27 32 34 0 
8 13 15 17 22 29 36 0 
8 9 10 20 0 
2 3 4 5 29 32 0 
9 15 23 0 
5 12 15 16 22 25 29 0 
9 10 25 30 35 0 
1 3 11 15 17 18 24 28 34 36 0 
6 9 12 13 17 20 31 0 
9 13 18 31 33 0 
2 12 25 28 30 32 0 
2 5 7 8 11 16 19 35 36 0 
2 3 4 17 21 29 35 0 
13 16 20 24 26 29 0 
3 9 13 14 16 28 30 32 34 0 
1 14 17 18 19 26 0 
4 6 13 14 18 23 29 30 0 
16 21 24 25 26 28 34 0 
2 15 19 22 30 32 0 
4 5 13 17 23 30 33 37 0 
16 18 19 28 30 0 
8 11 15 17 21 23 24 27 31 34 37 0 
11 15 23 25 28 31 0 
4 11 21 28 0 
3 5 14 16 21 31 0 
2 6 10 14 17 19 20 29 32 34 37 0 
1 20 25 28 32 35 0 
4 8 13 22 25 26 29 0 
2 4 6 9 10 14 0 
3 7 11 20 21 26 29 30 35 0 
5 11 15 16 0 
5 12 13 15 32 37 0 
2 13 20 21 24 36 0 
10 21 22 24 27 33 35 0 
3 4 5 12 15 28 0 
1 2 8 10 15 17 18 27 32 35 0 
12 14 19 22 23 33 37 0 
1 2 3 26 32 34 0 
1 6 15 23 24 35 36 0 
6 10 11 14 29 30 0 
1 2 7 10 14 19 37 0 
28 31 34 0 
3 5 7 8 17 22 24 27 0 
5 7 15 23 31 34 0 
4 13 16 21 32 34 0 
1 11 17 24 36 0 
3 9 26 34 0 
9 11 16 18 22 23 25 28 35 0 
15 27 32 37 0 
3 7 26 34 35 37 0 
13 16 17 19 22 30 36 0 
3 4 6 9 20 24 0 
2 4 10 15 16 25 28 30 0 
10 16 18 23 35 0 
7 20 27 32 0 
2 8 9 15 18 22 28 0 
4 7 8 13 14 18 30 35 0 
1 13 18 24 29 34 0 
2 5 10 11 14 17 21 31 37 0 
2 8 19 23 24 27 29 0 
4 5 8 11 14 17 25 32 0 
9 12 15 21 23 24 25 27 31 0 
2 14 26 28 36 0 
3 20 21 22 28 30 0 
5 7 10 18 23 31 0 
2 15 17 25 27 32 33 36 37 0 
2 5 12 14 15 23 34 37 0 
3 7 18 23 25 30 36 0 
14 16 26 29 0 
1 18 27 30 32 35 0 
2 3 5 6 7 14 16 22 26 0 
1 4 6 8 9 12 14 18 21 30 31 0 
4 13 14 21 22 25 26 31 35 36 0 
3 4 5 9 11 12 22 37 0 
3 9 12 15 18 22 35 0 
2 6 11 20 21 25 0 
12 15 23 28 31 0 
5 10 19 22 24 26 36 37 0 
11 14 15 17 19 21 25 28 33 35 0 
4 10 11 17 19 21 0 
2 17 18 23 35 0 
1 5 11 16 17 25 32 34 0 
1 12 30 0 
3 10 12 19 21 32 0 
7 11 17 22 24 0 
2 6 7 8 15 36 37 0 
3 9 17 18 25 28 0 
14 24 25 28 30 34 0 
9 10 12 16 17 34 0 
1 6 14 23 28 35 0 
6 7 16 17 20 22 29 31 0 
14 26 27 29 0 
12 14 23 34 0 
5 30 34 0 
4 5 8 9 12 17 31 32 33 0 
2 6 8 11 26 0 
5 9 21 26 28 34 35 0 
5 6 27 32 0 
9 13 19 22 31 36 0 
13 21 26 27 37 0 
2 7 11 14 20 24 27 34 0 
5 8 9 15 18 24 32 37 0 
9 10 11 12 27 32 37 0 
2 11 12 13 14 20 28 36 0 
1 7 10 13 15 17 19 25 30 0 
4 9 13 16 19 22 36 0 
8 10 15 36 0 
2 4 6 8 9 21 36 0 
6 8 11 14 22 26 35 0 
5 6 8 12 15 21 24 25 26 29 30 34 35 37 0 
2 11 18 21 36 0 
6 13 20 29 37 0 
1 6 7 11 14 23 28 37 0 
26 27 37 0 
9 11 26 27 31 35 37 0 
1 3 4 7 21 29 34 0 
7 14 24 27 0 
7 10 17 18 31 32 34 36 0 
11 16 19 31 35 37 0 
10 13 26 33 36 0 
5 9 21 25 28 36 0 
4 19 22 30 31 34 35 0 
2 5 10 12 13 24 36 0 
9 24 28 34 0 
1 3 8 20 25 30 34 36 0 
3 8 13 14 19 37 0 
3 6 7 37 0 
4 8 9 11 17 21 26 34 0 
5 7 10 11 20 21 23 35 0 
4 6 24 28 31 32 0 
4 5 19 22 26 29 36 37 0 
4 13 21 26 35 0 
2 10 23 24 27 28 29 30 0 
4 5 8 21 28 0 
3 14 17 23 26 27 28 29 31 32 33 34 0 
3 6 7 8 10 15 32 0 
12 15 16 23 28 0 
14 16 19 24 35 0 
10 13 15 17 25 33 0 
4 9 13 16 36 0 
1 5 8 15 37 0 
1 7 8 16 17 25 30 34 0 
1 8 11 19 27 32 0 
7 9 32 34 36 0 
15 17 29 37 0 
10 13 16 26 0 
4 11 16 19 24 0 
3 17 32 0 
7 20 26 28 0 
9 17 32 35 0 
3 4 10 20 28 0 
3 5 8 12 14 16 23 26 0 
9 15 27 33 0 
2 3 11 18 31 35 0 
3 4 6 17 20 30 31 32 37 0 
2 5 15 18 30 32 36 0 
5 9 14 24 0 
9 14 18 19 33 36 0 
9 10 17 22 24 27 28 35 0 
2 5 7 8 15 18 20 29 31 37 0 
1 2 7 8 13 23 0 
1 12 16 19 32 33 0 
13 18 20 25 28 37 0 
5 6 8 9 21 22 25 30 0 
1 10 17 26 28 29 33 0 
4 6 18 21 32 33 35 37 0 
1 3 8 9 14 17 18 27 28 34 0 
3 13 20 35 37 0 
2 6 7 15 20 0 
1 6 8 18 30 33 0 
3 13 24 29 32 0 
10 13 27 0 
8 23 30 34 0 
4 6 13 18 24 34 0 
1 9 15 29 31 34 0 
7 17 35 0 
2 3 4 9 11 18 23 26 32 0 
6 7 13 16 20 29 32 0 
2 3 4 14 32 0 
14 30 33 36 0 
2 8 9 13 0 
3 5 10 12 13 33 37 0 
11 21 23 30 33 0 
1 2 9 12 22 25 26 27 28 29 0 
3 7 13 27 28 35 0 
-5 -11 -16 -19 0 
-10 -11 -14 -15 -22 -24 -31 0 
-1 -12 -15 -16 -25 -29 -37 0 
-6 -12 -16 -18 -21 -23 -26 0 
-13 -15 -16 -24 -28 -32 0 
-1 -12 -14 -18 -31 0 
-7 -11 -18 -21 -23 -35 -36 0 
-4 -20 -24 -34 0 
-1 -12 -14 -19 -27 -36 -37 0 
-2 -14 -17 -30 -37 0 
-1 -2 -7 -11 -12 -15 -35 0 
-9 -16 -21 -23 -24 -30 0 
-2 -3 -12 -15 -21 -37 0 
-8 -11 -13 -19 -23 -26 -33 -34 -35 -36 0 
-5 -15 -20 -24 -33 0 
-7 -12 -22 -27 0 
-1 -5 -13 -17 -21 -22 -30 -31 -35 0 
-1 -8 -9 -12 -16 -20 -25 -26 -27 -36 0 
-16 -20 -23 -31 -36 0 
-5 -10 -11 -23 -29 -37 0 
-15 -34 -35 -37 0 
-6 -9 -11 -12 -20 -21 -23 -24 -25 -28 -32 0 
-3 -5 -6 -7 -10 -11 -12 -17 -18 -22 -28 -29 -31 0 
-8 -17 -19 -29 -35 0 
-11 -17 -19 -22 0 
-1 -2 -7 -8 -9 -10 -22 -34 -37 0 
-3 -8 -15 -26 -30 -37 0 
-5 -10 -16 -20 -35 0 
-1 -7 -18 -23 -24 -28 -31 -33 -34 -37 0 
-17 -27 -29 -30 -33 -37 0 
-7 -9 -15 -22 -29 -32 -36 0 
-19 -25 -27 -28 -32 -37 0 
-7 -10 -22 -26 -29 -32 -35 0 
-5 -10 -12 -14 -21 -28 0 
-8 -18 -19 -25 0 
-1 -2 -10 -21 -22 -35 0 
-4 -7 -16 -19 -21 -25 -29 -30 -37 0 
-2 -24 -31 -33 0 
-6 -12 -14 -19 -26 -27 -33 0 
-5 -12 -13 -19 -21 -25 -29 0 
-7 -11 -14 -19 -22 -24 -27 -28 -29 -33 0 
-2 -16 -28 -31 -33 -34 0 
-5 -15 -20 -31 -32 0 
-8 -10 -13 -16 -20 -26 -28 0 
-2 -11 -14 -21 -31 0 
-1 -8 -11 -17 -29 -35 -37 0 
-1 -5 -9 -14 -15 -21 -30 -31 -34 0 
-2 -3 -10 -12 -19 -21 -22 -23 -25 -34 -35 0 
-1 -5 -6 -8 -17 -31 -34 -36 0 
-11 -12 -21 -31 -35 0 
-3 -19 -20 -27 -29 -36 0 
-2 -4 -5 -6 -12 -14 -15 -18 -20 -22 -28 -33 -35 0 
-1 -2 -6 -17 -21 -24 -36 0 
-7 -25 -26 0 
-2 -4 -23 -32 -33 0 
-1 -8 -20 -28 -32 0 
-7 -9 -10 -13 -26 -29 -35 -36 0 
-3 -20 -24 -37 0 
-1 -10 -13 -29 0 
-1 -4 -13 -15 -18 -19 -22 -24 -27 -30 -31 0 
-6 -14 -30 -35 0 
-6 -10 -14 -20 -32 -34 0 
-3 -17 -18 -21 -22 -25 -28 -33 0 
-12 -21 -26 0 
-11 -15 -17 -24 -36 -37 0 
-4 -8 -11 -13 -17 -29 -34 0 
-1 -4 -5 -8 -14 -24 -33 0 
-13 -18 -19 -29 -34 -35 -36 0 
-1 -8 -12 -22 -27 0 
-8 -12 -14 -17 -18 -33 0 
-1 -12 -16 -22 -29 0 
-6 -7 -8 -21 -24 -28 -35 0 
-5 -16 -18 -23 -28 -35 0 
-30 -36 0 
-3 -15 -19 -29 -31 0 
-21 -23 -32 0 
-8 -12 -15 -19 -31 -33 -34 0 
-2 -7 -8 -13 -17 -21 -23 -30 0 
-1 -5 -6 -11 -19 -26 0 
-10 -11 -15 -27 0 
-4 -6 -9 -16 -20 -25 -30 -36 0 
-5 -6 -11 -23 -24 -32 0 
-1 -3 -23 -26 -30 -35 0 
-1 -2 -3 -15 -25 -31 -32 -35 -37 0 
-9 -11 -21 -24 -28 -30 0 
-4 -7 -10 -12 -15 -16 -22 -24 -30 -37 0 
-1 -2 -16 -21 -23 -25 -31 -32 -33 0 
-3 -4 -5 -19 -20 -37 0 
-7 -9 -10 -12 -15 -18 -30 -31 -33 0 
-8 -10 -19 -25 -26 -27 0 
-8 -20 -22 -23 -25 -27 -30 0 
-4 -6 -10 -14 -18 -19 -35 0 
-11 -12 -24 -32 -37 0 
-2 -6 -10 -13 -15 -18 -20 -28 -31 -34 -35 0 
-10 -22 -27 -30 -35 -36 0 
-4 -7 -9 -13 -22 -28 0 
-4 -5 -9 -14 -23 -25 -29 -32 -33 -37 0 
-2 -7 -8 -14 -27 -28 -31 -33 -36 -37 0 
-12 -18 -32 -36 0 
-11 -19 -22 -29 -36 0 
-1 -6 -18 -37 0 
-6 -11 -17 -19 -25 -29 -37 0 
-3 -9 -19 -23 -28 -30 -32 -33 -34 -35 0 
-3 -13 -15 -19 -22 -28 -29 0 
-7 -11 -19 -21 -24 -27 -35 0 
-2 -4 -11 -14 -15 -26 -30 0 
-2 -3 -16 -22 -24 0 
-8 -18 -22 -27 -35 -36 0 
-3 -12 -18 -20 -28 -30 -31 -34 -36 0 
-5 -10 -13 -16 -19 -22 -24 -26 -30 -32 0 
-11 -15 -25 -34 0 
-2 -7 -16 -17 -21 -22 -32 0 
-13 -19 -24 -25 -28 -31 -32 0 
-1 -2 -7 -8 -9 -10 -18 -21 -22 -31 0 
-12 -17 -19 -24 -27 0 
-12 -14 -26 -36 0 
-12 -14 -24 -29 -36 0 
-2 -6 -7 -10 -11 -31 0 
-3 -6 -10 -15 -22 -25 -26 -29 -32 -35 -36 0 
-2 -3 -12 -13 -23 -26 -32 0 
-4 -9 -13 -15 -16 -21 -37 0 
-2 -5 -9 -15 -20 -27 -34 -36 0 
-4 -6 -9 -13 -15 -20 -22 -24 -26 0 
-2 -5 -10 -18 -21 -22 -24 -28 -31 0 
-8 -12 -14 -19 -31 -32 0 
-3 -4 -9 -15 -25 -33 -37 0 
-6 -14 -15 -33 -36 0 
-1 -12 -21 -22 -30 -32 0 
-7 -9 -16 -17 -19 -21 -26 -29 0 
-20 -26 -27 -30 0 
-3 -10 -11 -16 -21 -26 0 
-3 -4 -6 -12 -19 -22 -32 -35 0 
-5 -17 -19 -20 -25 -28 0 
-3 -5 -9 -21 -23 -30 -33 0 
-1 -7 -13 -22 -27 -28 -34 -36 -37 0 
-3 -20 -28 0 
-3 -7 -11 -29 0 
-3 -6 -8 -9 -21 -23 -26 -31 -34 0 
-1 -2 -3 -6 -10 -12 -13 -14 -19 -27 -28 -34 -35 -37 0 
-6 -7 -14 -23 0 
-19 -20 -29 0 
-5 -12 -17 -23 -27 -29 -34 -35 0 
-15 -17 -19 -26 -33 -34 0 
-4 -14 -22 -28 -29 -32 -33 -37 0 
-14 -17 -21 -30 0 
-2 -3 -4 -6 -10 -13 -21 -30 0 
-4 -9 -11 -23 -33 -34 0 
-1 -9 -16 -26 -30 -36 -37 0 
-4 -22 -26 -36 0 
-3 -8 -11 -14 -15 -16 -24 -32 -34 0 
-5 -7 -14 -16 -17 -26 -30 -35 0 
-5 -14 -25 -36 0 
-4 -15 -23 -33 -34 -35 0 
-6 -9 -10 -19 -29 -31 0 
-2 -17 -27 0 
-5 -8 -15 -22 -36 0 
-3 -5 -22 -28 -36 0 
-3 -9 -14 -19 -25 -31 0 
-8 -13 -22 -25 -37 0 
-2 -8 -9 -10 -13 -27 0 
-9 -15 -29 0 
-3 -9 -19 -26 -29 -33 0 
-10 -17 -18 -20 -26 -32 -37 0 
-1 -3 -18 0 
-1 -21 -25 -35 0 
-7 -12 -14 -15 -29 0 
-6 -16 -19 -26 -37 0 
-14 -16 -17 -21 -22 -23 -27 -34 0 
-11 -15 -24 -30 -34 -35 0 
-4 -14 -23 -24 -27 -29 -30 -36 0 
-11 -16 -25 0 
-9 -16 -36 0 
-9 -17 -27 0 
-1 -11 -16 -19 -25 -30 -31 -36 0 
-16 -17 -28 -33 0 
-2 -3 -16 -19 -30 -33 -36 0 
-3 -21 -23 -32 -35 -36 0 
-1 -2 -18 -20 -29 -34 0 
-12 -13 -19 -22 -36 0 
-14 -22 -23 -24 -29 -30 -35 0 
-2 -5 -7 -13 -14 -16 -31 -33 -36 0 
-4 -8 -11 -14 -21 -23 -25 0 
-3 -6 -14 -16 -21 -35 0 
-12 -20 -22 -25 -26 -27 -37 0 
-5 -13 -23 -30 -32 0 
-7 -9 -11 -13 -15 -20 -23 -27 -31 0 
-3 -11 -15 -25 -26 -27 -37 0 
-5 -8 -16 -17 -20 -23 -24 -30 0 
-8 -9 -10 -12 -14 0 
-3 -15 -18 -20 -35 0 
-1 -7 -11 -12 -13 -17 -18 -19 -24 -35 0 
-13 -14 -27 -28 -31 -35 0 
-2 -6 -9 -18 -22 -28 0 
-7 -12 -18 -27 -29 0 
-6 -17 -22 -36 -37 0 
-3 -4 -17 -19 0 
-7 -12 -16 -19 -20 -34 0 
-14 -15 -17 -28 -29 -36 -37 0 
-21 -27 -29 -35 -36 0 
-2 -7 -11 -22 -27 -28 -30 0 
-2 -7 -13 -17 -26 -29 -31 0 
-4 -7 -12 -22 -23 -25 -26 -27 -35 0 
-1 -8 -14 -15 -18 -21 -26 -28 -32 -34 -36 0 
-1 -20 -29 -31 0 
-3 -13 -32 -37 0 
-15 -21 -28 -30 -32 -35 0 
-2 -3 -18 -21 -36 -37 0 
-3 -4 -7 -8 -11 -26 -33 0 
-5 -8 -14 -15 -16 -20 -22 -32 -37 0 
-7 -8 -12 -22 -28 -29 0 
-1 -31 0 
-10 -11 -12 -16 -20 -25 -27 0 
-2 -4 -10 -11 -14 -15 -19 -21 -27 -29 0 
-10 -14 -16 -23 -34 -35 -36 0 
-4 -23 -26 -30 -31 -32 0 
-10 -12 -14 -20 -27 -32 -34 0 
-8 -13 -15 -17 -22 -29 -36 0 
-8 -9 -10 -20 0 
-2 -3 -4 -5 -29 -32 0 
-9 -15 -23 0 
-5 -12 -15 -16 -22 -25 -29 0 
-9 -10 -25 -30 -35 0 
-1 -3 -11 -15 -17 -18 -24 -28 -34 -36 0 
-6 -9 -12 -13 -17 -20 -31 0 
-9 -13 -18 -31 -33 0 
-2 -12 -25 -28 -30 -32 0 
-2 -5 -7 -8 -11 -16 -19 -35 -36 0 
-2 -3 -4 -17 -21 -29 -35 0 
-13 -16 -20 -24 -26 -29 0 
-3 -9 -13 -14 -16 -28 -30 -32 -34 0 
-1 -14 -17 -18 -19 -26 0 
-4 -6 -13 -14 -18 -23 -29 -30 0 
-16 -21 -24 -25 -26 -28 -34 0 
-2 -15 -19 -22 -30 -32 0 
-4 -5 -13 -17 -23 -30 -33 -37 0 
-16 -18 -19 -28 -30 0 
-8 -11 -15 -17 -21 -23 -24 -27 -31 -34 -37 0 
-11 -15 -23 -25 -28 -31 0 
-4 -11 -21 -28 0 
-3 -5 -14 -16 -21 -31 0 
-2 -6 -10 -14 -17 -19 -20 -29 -32 -34 -37 0 
-1 -20 -25 -28 -32 -35 0 
-4 -8 -13 -22 -25 -26 -29 0 
-2 -4 -6 -9 -10 -14 0 
-3 -7 -11 -20 -21 -26 -29 -30 -35 0 
-5 -11 -15 -16 0 
-5 -12 -13 -15 -32 -37 0 
-2 -13 -20 -21 -24 -36 0 
-10 -21 -22 -24 -27 -33 -35 0 
-3 -4 -5 -12 -15 -28 0 
-1 -2 -8 -10 -15 -17 -18 -27 -32 -35 0 
-12 -14 -19 -22 -23 -33 -37 0 
-1 -2 -3 -26 -32 -34 0 
-1 -6 -15 -23 -24 -35 -36 0 
-6 -10 -11 -14 -29 -30 0 
-1 -2 -7 -10 -14 -19 -37 0 
-28 -31 -34 0 
-3 -5 -7 -8 -17 -22 -24 -27 0 
-5 -7 -15 -23 -31 -34 0 
-4 -13 -16 -21 -32 -34 0 
-1 -11 -17 -24 -36 0 
-3 -9 -26 -34 0 
-9 -11 -16 -18 -22 -23 -25 -28 -35 0 
-15 -27 -32 -37 0 
-3 -7 -26 -34 -35 -37 0 
-13 -16 -17 -19 -22 -30 -36 0 
-3 -4 -6 -9 -20 -24 0 
-2 -4 -10 -15 -16 -25 -28 -30 0 
-10 -16 -18 -23 -35 0 
-7 -20 -27 -32 0 
-2 -8 -9 -15 -18 -22 -28 0 
-4 -7 -8 -13 -14 -18 -30 -35 0 
-1 -13 -18 -24 -29 -34 0 
-2 -5 -10 -11 -14 -17 -21 -31 -37 0 
-2 -8 -19 -23 -24 -27 -29 0 
-4 -5 -8 -11 -14 -17 -25 -32 0 
-9 -12 -15 -21 -23 -24 -25 -27 -31 0 
-2 -14 -26 -28 -36 0 
-3 -20 -21 -22 -28 -30 0 
-5 -7 -10 -18 -23 -31 0 
-2 -15 -17 -25 -27 -32 -33 -36 -37 0 
-2 -5 -12 -14 -15 -23 -34 -37 0 
-3 -7 -18 -23 -25 -30 -36 0 
-14 -16 -26 -29 0 
-1 -18 -27 -30 -32 -35 0 
-2 -3 -5 -6 -7 -14 -16 -22 -26 0 
-1 -4 -6 -8 -9 -12 -14 -18 -21 -30 -31 0 
-4 -13 -14 -21 -22 -25 -26 -31 -35 -36 0 
-3 -4 -5 -9 -11 -12 -22 -37 0 
-3 -9 -12 -15 -18 -22 -35 0 
-2 -6 -11 -20 -21 -25 0 
-12 -15 -23 -28 -31 0 
-5 -10 -19 -22 -24 -26 -36 -37 0 
-11 -14 -15 -17 -19 -21 -25 -28 -33 -35 0 
-4 -10 -11 -17 -19 -21 0 
-2 -17 -18 -23 -35 0 
-1 -5 -11 -16 -17 -25 -32 -34 0 
-1 -12 -30 0 
-3 -10 -12 -19 -21 -32 0 
-7 -11 -17 -22 -24 0 
-2 -6 -7 -8 -15 -36 -37 0 
-3 -9 -17 -18 -25 -28 0 
-14 -24 -25 -28 -30 -34 0 
-9 -10 -12 -16 -17 -34 0 
-1 -6 -14 -23 -28 -35 0 
-6 -7 -16 -17 -20 -22 -29 -31 0 
-14 -26 -27 -29 0 
-12 -14 -23 -34 0 
-5 -30 -34 0 
-4 -5 -8 -9 -12 -17 -31 -32 -33 0 
-2 -6 -8 -11 -26 0 
-5 -9 -21 -26 -28 -34 -35 0 
-5 -6 -27 -32 0 
-9 -13 -19 -22 -31 -36 0 
-13 -21 -26 -27 -37 0 
-2 -7 -11 -14 -20 -24 -27 -34 0 
-5 -8 -9 -15 -18 -24 -32 -37 0 
-9 -10 -11 -12 -27 -32 -37 0 
-2 -11 -12 -13 -14 -20 -28 -36 0 
-1 -7 -10 -13 -15 -17 -19 -25 -30 0 
-4 -9 -13 -16 -19 -22 -36 0 
-8 -10 -15 -36 0 
-2 -4 -6 -8 -9 -21 -36 0 
-6 -8 -11 -14 -22 -26 -35 0 
-5 -6 -8 -12 -15 -21 -24 -25 -26 -29 -30 -34 -35 -37 0 
-2 -11 -18 -21 -36 0 
-6 -13 -20 -29 -37 0 
-1 -6 -7 -11 -14 -23 -28 -37 0 
-26 -27 -37 0 
-9 -11 -26 -27 -31 -35 -37 0 
-1 -3 -4 -7 -21 -29 -34 0 
-7 -14 -24 -27 0 
-7 -10 -17 -18 -31 -32 -34 -36 0 
-11 -16 -19 -31 -35 -37 0 
-10 -13 -26 -33 -36 0 
-5 -9 -21 -25 -28 -36 0 
-4 -19 -22 -30 -31 -34 -35 0 
-2 -5 -10 -12 -13 -24 -36 0 
-9 -24 -28 -34 0 
-1 -3 -8 -20 -25 -30 -34 -36 0 
-3 -8 -13 -14 -19 -37 0 
-3 -6 -7 -37 0 
-4 -8 -9 -11 -17 -21 -26 -34 0 
-5 -7 -10 -11 -20 -21 -23 -35 0 
-4 -6 -24 -28 -31 -32 0 
-4 -5 -19 -22 -26 -29 -36 -37 0 
-4 -13 -21 -26 -35 0 
-2 -10 -23 -24 -27 -28 -29 -30 0 
-4 -5 -8 -21 -28 0 
-3 -14 -17 -23 -26 -27 -28 -29 -31 -32 -33 -34 0 
-3 -6 -7 -8 -10 -15 -32 0 
-12 -15 -16 -23 -28 0 
-14 -16 -19 -24 -35 0 
-10 -13 -15 -17 -25 -33 0 
-4 -9 -13 -16 -36 0 
-1 -5 -8 -15 -37 0 
-1 -7 -8 -16 -17 -25 -30 -34 0 
-1 -8 -11 -19 -27 -32 0 
-7 -9 -32 -34 -36 0 
-15 -17 -29 -37 0 
-10 -13 -16 -26 0 
-4 -11 -16 -19 -24 0 
-3 -17 -32 0 
-7 -20 -26 -28 0 
-9 -17 -32 -35 0 
-3 -4 -10 -20 -28 0 
-3 -5 -8 -12 -14 -16 -23 -26 0 
-9 -15 -27 -33 0 
-2 -3 -11 -18 -31 -35 0 
-3 -4 -6 -17 -20 -30 -31 -32 -37 0 
-2 -5 -15 -18 -30 -32 -36 0 
-5 -9 -14 -24 0 
-9 -14 -18 -19 -33 -36 0 
-9 -10 -17 -22 -24 -27 -28 -35 0 
-2 -5 -7 -8 -15 -18 -20 -29 -31 -37 0 
-1 -2 -7 -8 -13 -23 0 
-1 -12 -16 -19 -32 -33 0 
-13 -18 -20 -25 -28 -37 0 
-5 -6 -8 -9 -21 -22 -25 -30 0 
-1 -10 -17 -26 -28 -29 -33 0 
-4 -6 -18 -21 -32 -33 -35 -37 0 
-1 -3 -8 -9 -14 -17 -18 -27 -28 -34 0 
-3 -13 -20 -35 -37 0 
-2 -6 -7 -15 -20 0 
-1 -6 -8 -18 -30 -33 0 
-3 -13 -24 -29 -32 0 
-10 -13 -27 0 
-8 -23 -30 -34 0 
-4 -6 -13 -18 -24 -34 0 
-1 -9 -15 -29 -31 -34 0 
-7 -17 -35 0 
-2 -3 -4 -9 -11 -18 -23 -26 -32 0 
-6 -7 -13 -16 -20 -29 -32 0 
-2 -3 -4 -14 -32 0 
-14 -30 -33 -36 0 
-2 -8 -9 -13 0 
-3 -5 -10 -12 -13 -33 -37 0 
-11 -21 -23 -30 -33 0 
-1 -2 -9 -12 -22 -25 -26 -27 -28 -29 0 
-3 -7 -13 -27 -28 -35 0 
