p cnf 37 800
1 5 14 17 0 
5 9 17 19 21 23 0 
4 17 23 28 34 37 0 
2 3 19 21 22 31 0 
7 10 16 28 0 
2 8 17 23 25 29 34 37 0 
1 3 14 23 30 0 
2 3 6 7 21 27 31 0 
4 6 14 28 37 0 
3 8 27 28 0 
2 10 22 30 32 33 34 36 37 0 
4 8 13 28 29 33 0 
2 7 8 14 0 
1 4 6 10 22 29 0 
4 13 16 26 0 
15 17 21 34 35 37 0 
12 16 20 26 29 30 31 34 0 
3 7 17 23 24 25 28 31 36 0 
5 7 8 27 33 0 
3 5 6 7 16 31 37 0 
6 9 16 18 19 23 29 31 0 
1 3 4 8 28 36 0 
4 11 19 25 37 0 
13 14 23 33 0 
6 13 16 20 27 30 32 0 
5 9 13 25 30 36 0 
3 6 7 12 26 0 
13 20 28 34 0 
1 3 11 28 29 34 0 
3 14 20 33 0 
6 14 24 27 36 0 
14 24 25 31 34 37 0 
3 4 7 15 17 30 0 
1 14 21 23 24 26 37 0 
15 16 24 30 0 
4 8 13 25 0 
1 5 8 10 12 16 26 29 35 36 0 
5 7 15 17 30 0 
2 7 11 14 15 18 25 28 32 0 
12 13 16 19 21 24 0 
8 12 16 18 20 0 
1 8 13 25 37 0 
6 7 15 19 22 23 24 32 34 36 0 
2 5 20 33 35 36 0 
26 36 37 0 
4 10 13 14 15 17 31 32 34 0 
13 15 21 30 0 
2 5 17 20 27 36 0 
2 13 15 17 32 0 
8 11 18 20 22 32 0 
2 10 12 23 25 32 0 
7 9 17 18 26 28 34 37 0 
9 17 25 27 29 35 0 
11 18 21 22 23 31 32 35 37 0 
15 16 19 27 31 34 0 
2 3 21 28 0 
10 14 17 18 19 0 
6 7 13 14 15 19 35 37 0 
15 21 24 35 0 
19 29 31 37 0 
3 11 20 23 24 28 29 31 33 35 0 
1 2 7 19 26 32 33 0 
1 2 8 9 19 24 34 35 0 
6 13 21 22 28 32 33 0 
3 5 7 10 12 22 0 
1 11 12 13 15 20 25 0 
2 7 24 25 32 0 
17 26 33 0 
20 21 27 31 32 0 
17 20 24 26 29 0 
16 19 28 32 33 34 0 
3 4 7 12 19 0 
4 10 13 18 22 31 0 
5 12 14 27 32 35 0 
11 18 20 21 30 34 0 
3 5 7 8 17 31 33 36 0 
7 17 19 27 30 37 0 
1 11 18 22 25 26 33 34 36 37 0 
9 19 25 34 36 0 
2 15 17 25 28 30 35 37 0 
5 7 8 14 16 23 28 0 
2 5 7 10 11 17 19 21 22 25 27 0 
2 4 6 13 29 0 
21 27 0 
2 3 6 9 15 16 17 22 31 37 0 
2 4 10 12 13 24 0 
2 5 9 12 22 26 31 34 0 
1 2 4 5 8 9 26 29 34 37 0 
2 6 8 18 35 0 
13 23 28 29 34 35 0 
7 18 21 25 37 0 
7 14 16 25 27 33 0 
14 33 36 0 
7 22 27 29 33 37 0 
1 5 11 21 23 25 35 0 
3 4 5 14 22 35 36 0 
7 11 22 26 29 34 0 
1 16 19 26 27 35 0 
1 8 10 12 19 25 28 33 35 37 0 
4 5 10 12 13 17 19 20 23 26 32 0 
8 14 15 0 
5 9 13 20 0 
4 8 13 23 28 34 0 
1 19 21 32 33 34 0 
1 12 26 34 0 
6 25 0 
1 5 13 18 0 
4 8 18 29 32 33 0 
2 6 9 30 32 34 35 36 0 
1 7 11 14 17 29 30 0 
7 11 17 18 20 25 27 31 0 
5 14 17 20 23 34 35 0 
4 11 12 15 21 0 
1 4 10 15 17 22 35 0 
5 9 13 25 29 30 35 0 
3 4 6 9 13 20 28 37 0 
2 16 21 22 27 0 
4 7 19 28 32 0 
6 13 20 22 23 26 31 0 
7 9 11 16 20 21 24 32 33 0 
1 11 26 33 0 
13 17 18 21 25 30 35 0 
12 20 23 27 29 30 35 0 
7 19 23 32 0 
4 23 26 30 37 0 
13 20 25 29 37 0 
3 5 11 15 21 31 0 
1 2 21 24 27 31 0 
2 11 23 27 33 35 36 0 
11 25 27 30 0 
1 10 11 23 24 26 31 35 36 0 
8 13 23 0 
2 3 6 7 10 13 14 21 0 
3 7 9 18 19 35 37 0 
2 4 10 13 17 23 26 0 
8 15 17 22 31 0 
3 8 13 19 21 23 29 33 0 
9 12 18 19 35 36 37 0 
12 19 20 33 0 
1 13 16 22 31 36 0 
5 9 12 16 20 22 29 36 0 
19 25 36 0 
6 21 29 37 0 
6 10 12 13 20 21 26 33 34 37 0 
2 3 9 11 16 18 20 22 26 0 
1 7 8 9 13 20 23 27 29 32 33 0 
8 11 13 31 33 0 
19 22 34 35 37 0 
2 14 17 21 25 0 
1 8 12 14 16 19 20 25 26 29 31 0 
3 5 11 13 16 19 25 30 32 37 0 
6 9 10 11 16 20 25 26 31 34 35 0 
2 20 26 33 37 0 
6 7 25 29 35 0 
2 4 5 10 15 23 33 0 
2 5 7 11 17 23 24 34 35 0 
13 25 28 31 36 0 
5 7 12 13 22 28 30 31 36 0 
8 23 32 34 0 
11 15 20 23 25 30 32 33 0 
5 8 9 13 18 20 35 36 0 
4 7 8 11 14 21 0 
1 3 4 5 6 24 26 27 29 34 37 0 
1 5 7 10 17 20 32 0 
5 16 18 19 31 0 
1 7 11 16 31 0 
13 16 21 28 36 0 
8 9 13 14 18 26 37 0 
1 14 32 35 0 
4 9 18 21 28 31 37 0 
2 13 28 30 31 37 0 
2 8 15 28 29 30 0 
1 12 15 26 27 30 0 
4 7 10 25 31 36 37 0 
19 20 28 29 36 0 
3 7 9 20 25 33 34 0 
4 7 14 16 21 22 25 27 0 
2 14 23 24 25 28 0 
1 16 25 27 34 0 
6 8 18 20 24 25 27 0 
4 10 12 20 34 35 36 0 
4 8 22 32 36 0 
1 8 13 23 24 31 34 0 
4 5 10 13 18 33 37 0 
2 4 9 12 16 32 33 36 0 
1 2 17 19 28 36 0 
7 17 23 24 34 0 
3 12 15 17 18 21 29 0 
5 6 22 24 27 32 0 
5 20 22 23 24 29 34 35 0 
1 16 21 23 25 27 0 
1 2 5 22 27 33 0 
10 22 24 30 37 0 
7 10 15 20 23 24 26 29 37 0 
5 22 26 28 34 0 
2 8 25 0 
2 6 9 16 17 18 24 27 0 
6 15 22 23 24 25 26 28 31 34 0 
3 8 10 17 25 26 27 33 0 
7 18 19 20 36 0 
13 15 17 26 29 34 0 
16 21 31 34 35 37 0 
7 9 14 23 35 36 0 
1 5 9 17 18 27 29 36 37 0 
3 4 14 18 22 27 28 37 0 
1 6 7 18 20 21 31 33 37 0 
1 10 17 31 32 37 0 
12 19 21 22 23 24 26 32 35 0 
3 5 10 13 16 17 20 25 27 0 
5 9 10 14 20 24 27 32 36 0 
1 2 9 17 18 26 32 33 0 
9 15 17 27 29 31 36 0 
4 10 12 17 18 22 0 
3 5 9 13 16 17 18 21 29 0 
4 5 6 17 23 26 35 0 
8 11 34 0 
14 19 23 29 0 
5 9 10 17 18 25 28 0 
3 8 12 19 25 36 0 
1 10 15 17 0 
1 10 14 17 22 26 33 0 
9 11 13 20 25 27 0 
10 11 15 17 18 20 22 27 28 0 
5 7 12 32 0 
1 3 4 6 7 9 14 25 0 
7 8 12 18 19 20 21 29 0 
7 10 19 25 35 37 0 
1 12 18 19 22 26 37 0 
9 14 18 21 23 37 0 
8 12 21 22 27 29 0 
1 16 27 29 34 0 
16 18 21 22 29 32 35 0 
9 12 15 26 27 34 0 
4 11 15 21 25 28 33 35 37 0 
2 3 6 11 12 23 33 34 35 0 
5 9 20 21 22 27 32 0 
4 12 16 22 28 0 
2 8 9 12 19 30 37 0 
1 15 27 34 35 37 0 
3 5 8 14 18 21 23 25 33 0 
1 12 14 20 33 36 0 
11 31 33 34 0 
6 10 11 12 14 15 23 0 
14 25 27 37 0 
3 10 20 22 33 36 0 
1 11 12 16 25 27 32 0 
4 11 15 19 21 22 37 0 
1 8 10 11 17 26 27 0 
8 11 14 18 22 27 32 34 0 
1 2 6 7 19 21 29 0 
16 19 20 21 25 28 32 36 0 
2 5 16 27 35 37 0 
4 15 23 29 34 36 0 
4 6 8 11 18 19 29 34 0 
6 12 16 19 26 34 35 36 0 
4 10 18 20 33 34 35 37 0 
6 15 21 22 30 0 
6 9 14 19 35 0 
5 10 14 15 16 19 34 35 0 
10 13 14 15 23 24 33 0 
3 20 22 36 0 
1 5 20 25 28 36 37 0 
2 11 14 19 24 35 0 
2 3 4 10 14 17 25 28 0 
3 8 15 0 
1 5 13 14 15 21 22 23 28 36 37 0 
3 14 18 22 31 34 36 37 0 
4 10 15 21 22 24 25 28 0 
1 9 10 12 37 0 
1 10 20 33 37 0 
3 13 16 19 29 35 36 0 
2 5 6 15 17 18 35 37 0 
6 9 11 12 27 30 35 0 
6 7 12 16 18 34 0 
4 7 13 28 34 0 
3 8 21 30 32 0 
8 15 17 31 32 33 0 
2 9 11 21 28 32 0 
5 13 0 
3 6 17 19 35 0 
3 17 20 21 30 35 0 
5 12 13 15 16 32 36 37 0 
1 15 31 35 36 0 
1 3 7 14 24 26 35 37 0 
3 8 13 21 24 0 
1 9 10 12 0 
1 10 13 15 0 
11 13 15 19 21 22 25 33 0 
1 4 21 26 31 0 
2 3 6 10 14 18 20 23 34 36 0 
3 6 13 14 16 21 23 27 0 
1 2 5 9 24 28 30 31 0 
12 15 19 20 32 34 0 
5 25 28 30 0 
1 4 20 21 30 33 34 36 0 
3 13 14 17 22 26 29 34 0 
14 15 17 21 29 37 0 
16 19 20 24 27 28 29 0 
2 7 13 15 23 29 0 
3 20 21 25 28 37 0 
5 26 30 35 0 
2 13 22 23 29 32 0 
7 12 14 22 33 35 37 0 
3 11 15 23 26 34 0 
1 12 13 18 28 30 0 
3 19 20 22 30 33 0 
4 13 22 23 24 25 28 0 
16 21 25 30 35 0 
7 16 18 28 29 31 32 0 
3 4 8 14 23 24 32 0 
2 3 7 13 16 22 24 25 37 0 
1 9 12 21 37 0 
8 12 13 14 19 29 37 0 
3 7 12 28 32 36 0 
10 19 20 26 0 
7 9 10 11 13 15 19 0 
8 13 14 18 21 28 31 36 0 
2 5 12 16 18 22 33 0 
1 7 10 12 20 21 0 
10 11 15 17 28 31 34 35 36 0 
2 22 26 27 33 36 0 
3 30 34 36 0 
14 15 24 25 0 
3 5 6 9 11 20 32 0 
2 10 17 18 22 28 29 32 34 0 
2 3 6 8 22 0 
6 7 10 26 27 34 0 
11 13 15 18 19 21 23 25 26 0 
4 16 18 21 25 0 
3 4 22 27 29 36 0 
16 21 23 25 33 0 
5 7 9 10 11 21 22 24 34 0 
2 3 6 7 24 26 28 0 
4 7 11 17 26 35 37 0 
14 21 23 24 25 26 32 0 
1 7 10 16 27 28 35 0 
2 7 13 14 16 18 21 23 36 0 
1 2 3 7 13 17 21 22 32 0 
1 3 7 9 12 21 22 34 0 
2 5 28 30 0 
4 7 9 19 26 35 0 
2 4 10 12 15 17 19 26 31 35 37 0 
10 13 21 22 31 32 0 
1 3 6 12 14 26 29 30 0 
15 19 25 29 31 36 0 
7 13 33 0 
16 17 18 19 25 30 37 0 
12 23 24 30 35 0 
1 5 7 15 22 30 35 0 
3 7 20 24 31 36 0 
1 2 4 11 13 15 20 28 0 
6 8 11 12 21 25 33 0 
9 14 23 28 33 34 0 
7 16 23 29 33 0 
6 19 22 23 27 29 34 0 
8 9 15 16 28 33 0 
3 5 8 18 20 23 24 26 32 0 
6 9 10 19 25 30 0 
10 15 25 26 35 37 0 
6 7 11 34 0 
6 10 13 17 37 0 
4 6 7 10 13 16 22 37 0 
1 6 17 24 26 30 36 0 
9 17 20 28 0 
2 6 14 17 25 0 
2 16 18 25 0 
2 6 32 36 0 
4 7 18 20 21 24 29 34 0 
1 9 26 30 35 0 
1 3 5 17 25 32 0 
9 15 20 30 31 32 36 0 
4 7 15 30 32 33 35 0 
5 17 21 23 37 0 
24 37 0 
6 18 21 26 35 0 
15 18 22 28 32 0 
3 13 29 30 31 36 0 
10 27 31 33 35 0 
1 17 25 26 30 33 35 36 0 
3 7 13 16 17 26 29 31 0 
5 8 9 14 21 26 32 0 
2 16 17 21 27 35 0 
5 11 12 18 22 24 27 34 0 
2 4 11 17 18 28 31 36 0 
5 10 15 16 18 24 25 26 27 0 
8 9 15 19 21 22 27 31 0 
14 18 19 20 29 37 0 
3 4 17 21 24 30 31 32 37 0 
10 11 12 18 19 26 31 34 37 0 
15 16 18 21 22 24 0 
2 11 13 15 17 27 28 33 36 0 
6 7 8 13 22 27 0 
5 11 21 36 0 
22 31 0 
1 4 17 20 31 34 36 0 
15 18 24 25 31 0 
3 11 22 24 28 0 
10 13 34 0 
15 16 23 26 0 
3 10 17 20 29 34 35 37 0 
-1 -5 -14 -17 0 
-5 -9 -17 -19 -21 -23 0 
-4 -17 -23 -28 -34 -37 0 
-2 -3 -19 -21 -22 -31 0 
-7 -10 -16 -28 0 
-2 -8 -17 -23 -25 -29 -34 -37 0 
-1 -3 -14 -23 -30 0 
-2 -3 -6 -7 -21 -27 -31 0 
-4 -6 -14 -28 -37 0 
-3 -8 -27 -28 0 
-2 -10 -22 -30 -32 -33 -34 -36 -37 0 
-4 -8 -13 -28 -29 -33 0 
-2 -7 -8 -14 0 
-1 -4 -6 -10 -22 -29 0 
-4 -13 -16 -26 0 
-15 -17 -21 -34 -35 -37 0 
-12 -16 -20 -26 -29 -30 -31 -34 0 
-3 -7 -17 -23 -24 -25 -28 -31 -36 0 
-5 -7 -8 -27 -33 0 
-3 -5 -6 -7 -16 -31 -37 0 
-6 -9 -16 -18 -19 -23 -29 -31 0 
-1 -3 -4 -8 -28 -36 0 
-4 -11 -19 -25 -37 0 
-13 -14 -23 -33 0 
-6 -13 -16 -20 -27 -30 -32 0 
-5 -9 -13 -25 -30 -36 0 
-3 -6 -7 -12 -26 0 
-13 -20 -28 -34 0 
-1 -3 -11 -28 -29 -34 0 
-3 -14 -20 -33 0 
-6 -14 -24 -27 -36 0 
-14 -24 -25 -31 -34 -37 0 
-3 -4 -7 -15 -17 -30 0 
-1 -14 -21 -23 -24 -26 -37 0 
-15 -16 -24 -30 0 
-4 -8 -13 -25 0 
-1 -5 -8 -10 -12 -16 -26 -29 -35 -36 0 
-5 -7 -15 -17 -30 0 
-2 -7 -11 -14 -15 -18 -25 -28 -32 0 
-12 -13 -16 -19 -21 -24 0 
-8 -12 -16 -18 -20 0 
-1 -8 -13 -25 -37 0 
-6 -7 -15 -19 -22 -23 -24 -32 -34 -36 0 
-2 -5 -20 -33 -35 -36 0 
-26 -36 -37 0 
-4 -10 -13 -14 -15 -17 -31 -32 -34 0 
-13 -15 -21 -30 0 
-2 -5 -17 -20 -27 -36 0 
-2 -13 -15 -17 -32 0 
-8 -11 -18 -20 -22 -32 0 
-2 -10 -12 -23 -25 -32 0 
-7 -9 -17 -18 -26 -28 -34 -37 0 
-9 -17 -25 -27 -29 -35 0 
-11 -18 -21 -22 -23 -31 -32 -35 -37 0 
-15 -16 -19 -27 -31 -34 0 
-2 -3 -21 -28 0 
-10 -14 -17 -18 -19 0 
-6 -7 -13 -14 -15 -19 -35 -37 0 
-15 -21 -24 -35 0 
-19 -29 -31 -37 0 
-3 -11 -20 -23 -24 -28 -29 -31 -33 -35 0 
-1 -2 -7 -19 -26 -32 -33 0 
-1 -2 -8 -9 -19 -24 -34 -35 0 
-6 -13 -21 -22 -28 -32 -33 0 
-3 -5 -7 -10 -12 -22 0 
-1 -11 -12 -13 -15 -20 -25 0 
-2 -7 -24 -25 -32 0 
-17 -26 -33 0 
-20 -21 -27 -31 -32 0 
-17 -20 -24 -26 -29 0 
-16 -19 -28 -32 -33 -34 0 
-3 -4 -7 -12 -19 0 
-4 -10 -13 -18 -22 -31 0 
-5 -12 -14 -27 -32 -35 0 
-11 -18 -20 -21 -30 -34 0 
-3 -5 -7 -8 -17 -31 -33 -36 0 
-7 -17 -19 -27 -30 -37 0 
-1 -11 -18 -22 -25 -26 -33 -34 -36 -37 0 
-9 -19 -25 -34 -36 0 
-2 -15 -17 -25 -28 -30 -35 -37 0 
-5 -7 -8 -14 -16 -23 -28 0 
-2 -5 -7 -10 -11 -17 -19 -21 -22 -25 -27 0 
-2 -4 -6 -13 -29 0 
-21 -27 0 
-2 -3 -6 -9 -15 -16 -17 -22 -31 -37 0 
-2 -4 -10 -12 -13 -24 0 
-2 -5 -9 -12 -22 -26 -31 -34 0 
-1 -2 -4 -5 -8 -9 -26 -29 -34 -37 0 
-2 -6 -8 -18 -35 0 
-13 -23 -28 -29 -34 -35 0 
-7 -18 -21 -25 -37 0 
-7 -14 -16 -25 -27 -33 0 
-14 -33 -36 0 
-7 -22 -27 -29 -33 -37 0 
-1 -5 -11 -21 -23 -25 -35 0 
-3 -4 -5 -14 -22 -35 -36 0 
-7 -11 -22 -26 -29 -34 0 
-1 -16 -19 -26 -27 -35 0 
-1 -8 -10 -12 -19 -25 -28 -33 -35 -37 0 
-4 -5 -10 -12 -13 -17 -19 -20 -23 -26 -32 0 
-8 -14 -15 0 
-5 -9 -13 -20 0 
-4 -8 -13 -23 -28 -34 0 
-1 -19 -21 -32 -33 -34 0 
-1 -12 -26 -34 0 
-6 -25 0 
-1 -5 -13 -18 0 
-4 -8 -18 -29 -32 -33 0 
-2 -6 -9 -30 -32 -34 -35 -36 0 
-1 -7 -11 -14 -17 -29 -30 0 
-7 -11 -17 -18 -20 -25 -27 -31 0 
-5 -14 -17 -20 -23 -34 -35 0 
-4 -11 -12 -15 -21 0 
-1 -4 -10 -15 -17 -22 -35 0 
-5 -9 -13 -25 -29 -30 -35 0 
-3 -4 -6 -9 -13 -20 -28 -37 0 
-2 -16 -21 -22 -27 0 
-4 -7 -19 -28 -32 0 
-6 -13 -20 -22 -23 -26 -31 0 
-7 -9 -11 -16 -20 -21 -24 -32 -33 0 
-1 -11 -26 -33 0 
-13 -17 -18 -21 -25 -30 -35 0 
-12 -20 -23 -27 -29 -30 -35 0 
-7 -19 -23 -32 0 
-4 -23 -26 -30 -37 0 
-13 -20 -25 -29 -37 0 
-3 -5 -11 -15 -21 -31 0 
-1 -2 -21 -24 -27 -31 0 
-2 -11 -23 -27 -33 -35 -36 0 
-11 -25 -27 -30 0 
-1 -10 -11 -23 -24 -26 -31 -35 -36 0 
-8 -13 -23 0 
-2 -3 -6 -7 -10 -13 -14 -21 0 
-3 -7 -9 -18 -19 -35 -37 0 
-2 -4 -10 -13 -17 -23 -26 0 
-8 -15 -17 -22 -31 0 
-3 -8 -13 -19 -21 -23 -29 -33 0 
-9 -12 -18 -19 -35 -36 -37 0 
-12 -19 -20 -33 0 
-1 -13 -16 -22 -31 -36 0 
-5 -9 -12 -16 -20 -22 -29 -36 0 
-19 -25 -36 0 
-6 -21 -29 -37 0 
-6 -10 -12 -13 -20 -21 -26 -33 -34 -37 0 
-2 -3 -9 -11 -16 -18 -20 -22 -26 0 
-1 -7 -8 -9 -13 -20 -23 -27 -29 -32 -33 0 
-8 -11 -13 -31 -33 0 
-19 -22 -34 -35 -37 0 
-2 -14 -17 -21 -25 0 
-1 -8 -12 -14 -16 -19 -20 -25 -26 -29 -31 0 
-3 -5 -11 -13 -16 -19 -25 -30 -32 -37 0 
-6 -9 -10 -11 -16 -20 -25 -26 -31 -34 -35 0 
-2 -20 -26 -33 -37 0 
-6 -7 -25 -29 -35 0 
-2 -4 -5 -10 -15 -23 -33 0 
-2 -5 -7 -11 -17 -23 -24 -34 -35 0 
-13 -25 -28 -31 -36 0 
-5 -7 -12 -13 -22 -28 -30 -31 -36 0 
-8 -23 -32 -34 0 
-11 -15 -20 -23 -25 -30 -32 -33 0 
-5 -8 -9 -13 -18 -20 -35 -36 0 
-4 -7 -8 -11 -14 -21 0 
-1 -3 -4 -5 -6 -24 -26 -27 -29 -34 -37 0 
-1 -5 -7 -10 -17 -20 -32 0 
-5 -16 -18 -19 -31 0 
-1 -7 -11 -16 -31 0 
-13 -16 -21 -28 -36 0 
-8 -9 -13 -14 -18 -26 -37 0 
-1 -14 -32 -35 0 
-4 -9 -18 -21 -28 -31 -37 0 
-2 -13 -28 -30 -31 -37 0 
-2 -8 -15 -28 -29 -30 0 
-1 -12 -15 -26 -27 -30 0 
-4 -7 -10 -25 -31 -36 -37 0 
-19 -20 -28 -29 -36 0 
-3 -7 -9 -20 -25 -33 -34 0 
-4 -7 -14 -16 -21 -22 -25 -27 0 
-2 -14 -23 -24 -25 -28 0 
-1 -16 -25 -27 -34 0 
-6 -8 -18 -20 -24 -25 -27 0 
-4 -10 -12 -20 -34 -35 -36 0 
-4 -8 -22 -32 -36 0 
-1 -8 -13 -23 -24 -31 -34 0 
-4 -5 -10 -13 -18 -33 -37 0 
-2 -4 -9 -12 -16 -32 -33 -36 0 
-1 -2 -17 -19 -28 -36 0 
-7 -17 -23 -24 -34 0 
-3 -12 -15 -17 -18 -21 -29 0 
-5 -6 -22 -24 -27 -32 0 
-5 -20 -22 -23 -24 -29 -34 -35 0 
-1 -16 -21 -23 -25 -27 0 
-1 -2 -5 -22 -27 -33 0 
-10 -22 -24 -30 -37 0 
-7 -10 -15 -20 -23 -24 -26 -29 -37 0 
-5 -22 -26 -28 -34 0 
-2 -8 -25 0 
-2 -6 -9 -16 -17 -18 -24 -27 0 
-6 -15 -22 -23 -24 -25 -26 -28 -31 -34 0 
-3 -8 -10 -17 -25 -26 -27 -33 0 
-7 -18 -19 -20 -36 0 
-13 -15 -17 -26 -29 -34 0 
-16 -21 -31 -34 -35 -37 0 
-7 -9 -14 -23 -35 -36 0 
-1 -5 -9 -17 -18 -27 -29 -36 -37 0 
-3 -4 -14 -18 -22 -27 -28 -37 0 
-1 -6 -7 -18 -20 -21 -31 -33 -37 0 
-1 -10 -17 -31 -32 -37 0 
-12 -19 -21 -22 -23 -24 -26 -32 -35 0 
-3 -5 -10 -13 -16 -17 -20 -25 -27 0 
-5 -9 -10 -14 -20 -24 -27 -32 -36 0 
-1 -2 -9 -17 -18 -26 -32 -33 0 
-9 -15 -17 -27 -29 -31 -36 0 
-4 -10 -12 -17 -18 -22 0 
-3 -5 -9 -13 -16 -17 -18 -21 -29 0 
-4 -5 -6 -17 -23 -26 -35 0 
-8 -11 -34 0 
-14 -19 -23 -29 0 
-5 -9 -10 -17 -18 -25 -28 0 
-3 -8 -12 -19 -25 -36 0 
-1 -10 -15 -17 0 
-1 -10 -14 -17 -22 -26 -33 0 
-9 -11 -13 -20 -25 -27 0 
-10 -11 -15 -17 -18 -20 -22 -27 -28 0 
-5 -7 -12 -32 0 
-1 -3 -4 -6 -7 -9 -14 -25 0 
-7 -8 -12 -18 -19 -20 -21 -29 0 
-7 -10 -19 -25 -35 -37 0 
-1 -12 -18 -19 -22 -26 -37 0 
-9 -14 -18 -21 -23 -37 0 
-8 -12 -21 -22 -27 -29 0 
-1 -16 -27 -29 -34 0 
-16 -18 -21 -22 -29 -32 -35 0 
-9 -12 -15 -26 -27 -34 0 
-4 -11 -15 -21 -25 -28 -33 -35 -37 0 
-2 -3 -6 -11 -12 -23 -33 -34 -35 0 
-5 -9 -20 -21 -22 -27 -32 0 
-4 -12 -16 -22 -28 0 
-2 -8 -9 -12 -19 -30 -37 0 
-1 -15 -27 -34 -35 -37 0 
-3 -5 -8 -14 -18 -21 -23 -25 -33 0 
-1 -12 -14 -20 -33 -36 0 
-11 -31 -33 -34 0 
-6 -10 -11 -12 -14 -15 -23 0 
-14 -25 -27 -37 0 
-3 -10 -20 -22 -33 -36 0 
-1 -11 -12 -16 -25 -27 -32 0 
-4 -11 -15 -19 -21 -22 -37 0 
-1 -8 -10 -11 -17 -26 -27 0 
-8 -11 -14 -18 -22 -27 -32 -34 0 
-1 -2 -6 -7 -19 -21 -29 0 
-16 -19 -20 -21 -25 -28 -32 -36 0 
-2 -5 -16 -27 -35 -37 0 
-4 -15 -23 -29 -34 -36 0 
-4 -6 -8 -11 -18 -19 -29 -34 0 
-6 -12 -16 -19 -26 -34 -35 -36 0 
-4 -10 -18 -20 -33 -34 -35 -37 0 
-6 -15 -21 -22 -30 0 
-6 -9 -14 -19 -35 0 
-5 -10 -14 -15 -16 -19 -34 -35 0 
-10 -13 -14 -15 -23 -24 -33 0 
-3 -20 -22 -36 0 
-1 -5 -20 -25 -28 -36 -37 0 
-2 -11 -14 -19 -24 -35 0 
-2 -3 -4 -10 -14 -17 -25 -28 0 
-3 -8 -15 0 
-1 -5 -13 -14 -15 -21 -22 -23 -28 -36 -37 0 
-3 -14 -18 -22 -31 -34 -36 -37 0 
-4 -10 -15 -21 -22 -24 -25 -28 0 
-1 -9 -10 -12 -37 0 
-1 -10 -20 -33 -37 0 
-3 -13 -16 -19 -29 -35 -36 0 
-2 -5 -6 -15 -17 -18 -35 -37 0 
-6 -9 -11 -12 -27 -30 -35 0 
-6 -7 -12 -16 -18 -34 0 
-4 -7 -13 -28 -34 0 
-3 -8 -21 -30 -32 0 
-8 -15 -17 -31 -32 -33 0 
-2 -9 -11 -21 -28 -32 0 
-5 -13 0 
-3 -6 -17 -19 -35 0 
-3 -17 -20 -21 -30 -35 0 
-5 -12 -13 -15 -16 -32 -36 -37 0 
-1 -15 -31 -35 -36 0 
-1 -3 -7 -14 -24 -26 -35 -37 0 
-3 -8 -13 -21 -24 0 
-1 -9 -10 -12 0 
-1 -10 -13 -15 0 
-11 -13 -15 -19 -21 -22 -25 -33 0 
-1 -4 -21 -26 -31 0 
-2 -3 -6 -10 -14 -18 -20 -23 -34 -36 0 
-3 -6 -13 -14 -16 -21 -23 -27 0 
-1 -2 -5 -9 -24 -28 -30 -31 0 
-12 -15 -19 -20 -32 -34 0 
-5 -25 -28 -30 0 
-1 -4 -20 -21 -30 -33 -34 -36 0 
-3 -13 -14 -17 -22 -26 -29 -34 0 
-14 -15 -17 -21 -29 -37 0 
-16 -19 -20 -24 -27 -28 -29 0 
-2 -7 -13 -15 -23 -29 0 
-3 -20 -21 -25 -28 -37 0 
-5 -26 -30 -35 0 
-2 -13 -22 -23 -29 -32 0 
-7 -12 -14 -22 -33 -35 -37 0 
-3 -11 -15 -23 -26 -34 0 
-1 -12 -13 -18 -28 -30 0 
-3 -19 -20 -22 -30 -33 0 
-4 -13 -22 -23 -24 -25 -28 0 
-16 -21 -25 -30 -35 0 
-7 -16 -18 -28 -29 -31 -32 0 
-3 -4 -8 -14 -23 -24 -32 0 
-2 -3 -7 -13 -16 -22 -24 -25 -37 0 
-1 -9 -12 -21 -37 0 
-8 -12 -13 -14 -19 -29 -37 0 
-3 -7 -12 -28 -32 -36 0 
-10 -19 -20 -26 0 
-7 -9 -10 -11 -13 -15 -19 0 
-8 -13 -14 -18 -21 -28 -31 -36 0 
-2 -5 -12 -16 -18 -22 -33 0 
-1 -7 -10 -12 -20 -21 0 
-10 -11 -15 -17 -28 -31 -34 -35 -36 0 
-2 -22 -26 -27 -33 -36 0 
-3 -30 -34 -36 0 
-14 -15 -24 -25 0 
-3 -5 -6 -9 -11 -20 -32 0 
-2 -10 -17 -18 -22 -28 -29 -32 -34 0 
-2 -3 -6 -8 -22 0 
-6 -7 -10 -26 -27 -34 0 
-11 -13 -15 -18 -19 -21 -23 -25 -26 0 
-4 -16 -18 -21 -25 0 
-3 -4 -22 -27 -29 -36 0 
-16 -21 -23 -25 -33 0 
-5 -7 -9 -10 -11 -21 -22 -24 -34 0 
-2 -3 -6 -7 -24 -26 -28 0 
-4 -7 -11 -17 -26 -35 -37 0 
-14 -21 -23 -24 -25 -26 -32 0 
-1 -7 -10 -16 -27 -28 -35 0 
-2 -7 -13 -14 -16 -18 -21 -23 -36 0 
-1 -2 -3 -7 -13 -17 -21 -22 -32 0 
-1 -3 -7 -9 -12 -21 -22 -34 0 
-2 -5 -28 -30 0 
-4 -7 -9 -19 -26 -35 0 
-2 -4 -10 -12 -15 -17 -19 -26 -31 -35 -37 0 
-10 -13 -21 -22 -31 -32 0 
-1 -3 -6 -12 -14 -26 -29 -30 0 
-15 -19 -25 -29 -31 -36 0 
-7 -13 -33 0 
-16 -17 -18 -19 -25 -30 -37 0 
-12 -23 -24 -30 -35 0 
-1 -5 -7 -15 -22 -30 -35 0 
-3 -7 -20 -24 -31 -36 0 
-1 -2 -4 -11 -13 -15 -20 -28 0 
-6 -8 -11 -12 -21 -25 -33 0 
-9 -14 -23 -28 -33 -34 0 
-7 -16 -23 -29 -33 0 
-6 -19 -22 -23 -27 -29 -34 0 
-8 -9 -15 -16 -28 -33 0 
-3 -5 -8 -18 -20 -23 -24 -26 -32 0 
-6 -9 -10 -19 -25 -30 0 
-10 -15 -25 -26 -35 -37 0 
-6 -7 -11 -34 0 
-6 -10 -13 -17 -37 0 
-4 -6 -7 -10 -13 -16 -22 -37 0 
-1 -6 -17 -24 -26 -30 -36 0 
-9 -17 -20 -28 0 
-2 -6 -14 -17 -25 0 
-2 -16 -18 -25 0 
-2 -6 -32 -36 0 
-4 -7 -18 -20 -21 -24 -29 -34 0 
-1 -9 -26 -30 -35 0 
-1 -3 -5 -17 -25 -32 0 
-9 -15 -20 -30 -31 -32 -36 0 
-4 -7 -15 -30 -32 -33 -35 0 
-5 -17 -21 -23 -37 0 
-24 -37 0 
-6 -18 -21 -26 -35 0 
-15 -18 -22 -28 -32 0 
-3 -13 -29 -30 -31 -36 0 
-10 -27 -31 -33 -35 0 
-1 -17 -25 -26 -30 -33 -35 -36 0 
-3 -7 -13 -16 -17 -26 -29 -31 0 
-5 -8 -9 -14 -21 -26 -32 0 
-2 -16 -17 -21 -27 -35 0 
-5 -11 -12 -18 -22 -24 -27 -34 0 
-2 -4 -11 -17 -18 -28 -31 -36 0 
-5 -10 -15 -16 -18 -24 -25 -26 -27 0 
-8 -9 -15 -19 -21 -22 -27 -31 0 
-14 -18 -19 -20 -29 -37 0 
-3 -4 -17 -21 -24 -30 -31 -32 -37 0 
-10 -11 -12 -18 -19 -26 -31 -34 -37 0 
-15 -16 -18 -21 -22 -24 0 
-2 -11 -13 -15 -17 -27 -28 -33 -36 0 
-6 -7 -8 -13 -22 -27 0 
-5 -11 -21 -36 0 
-22 -31 0 
-1 -4 -17 -20 -31 -34 -36 0 
-15 -18 -24 -25 -31 0 
-3 -11 -22 -24 -28 0 
-10 -13 -34 0 
-15 -16 -23 -26 0 
-3 -10 -17 -20 -29 -34 -35 -37 0 
