p cnf 38 800
16 24 25 29 34 38 0 
24 28 31 32 0 
6 17 36 38 0 
1 21 27 30 31 35 36 0 
1 2 9 15 24 27 0 
7 12 15 18 23 25 26 28 33 0 
24 34 35 0 
14 23 30 0 
3 8 10 22 26 29 38 0 
12 17 20 22 26 0 
1 6 13 19 21 31 33 0 
4 5 12 25 30 35 0 
2 6 29 30 31 34 36 0 
14 24 28 34 0 
4 6 14 27 35 38 0 
1 3 5 8 14 19 22 25 33 0 
14 27 28 30 0 
5 12 19 33 38 0 
5 7 11 19 25 29 30 34 0 
4 9 12 15 25 30 31 0 
4 5 8 13 14 26 30 31 32 34 36 0 
2 16 17 20 22 24 29 34 0 
1 2 6 10 16 18 23 0 
2 8 10 11 27 28 34 35 0 
15 24 28 31 33 35 0 
1 15 22 31 32 0 
6 9 29 31 34 0 
7 18 21 25 34 38 0 
10 15 18 23 30 31 32 33 0 
3 12 17 22 23 25 34 35 0 
8 11 18 23 25 34 0 
2 12 13 14 17 19 24 27 28 0 
12 16 19 26 29 0 
5 15 23 24 33 0 
6 10 17 19 20 26 27 29 30 33 37 0 
8 14 25 28 35 37 0 
2 5 6 13 14 18 24 32 35 0 
2 5 15 24 25 30 37 38 0 
6 29 30 36 0 
7 16 24 31 33 34 36 38 0 
9 18 21 30 31 37 0 
1 11 15 20 29 31 33 34 0 
3 9 21 29 34 38 0 
2 5 6 12 15 20 37 0 
1 2 8 25 33 35 38 0 
2 3 16 27 28 29 30 31 35 37 0 
7 8 35 0 
5 15 16 17 18 22 30 32 0 
1 3 21 22 32 33 36 0 
8 9 16 18 21 24 29 30 0 
14 15 21 27 33 0 
9 20 29 0 
3 4 17 20 23 28 29 38 0 
3 8 11 17 34 35 0 
4 15 16 31 35 38 0 
3 5 7 9 10 14 15 20 35 0 
2 8 15 28 34 35 0 
23 35 37 0 
11 13 14 21 0 
1 2 6 18 24 26 37 0 
4 11 14 20 26 29 32 37 0 
3 9 26 31 34 36 0 
5 9 10 11 21 24 0 
2 5 7 12 14 25 37 0 
16 25 29 0 
1 26 29 36 38 0 
8 9 12 16 17 22 35 0 
18 20 23 25 30 0 
3 20 30 35 0 
7 9 10 13 15 17 19 25 27 38 0 
8 10 12 15 19 23 24 30 0 
13 27 29 30 31 32 38 0 
1 12 16 18 22 28 35 0 
3 4 10 11 18 24 27 28 29 0 
19 26 27 30 32 37 0 
8 9 27 30 0 
4 5 14 17 19 23 25 32 0 
1 12 16 27 0 
14 15 16 27 0 
4 5 9 18 19 33 36 0 
3 8 9 14 22 30 36 0 
1 11 16 17 19 21 22 34 37 0 
3 11 14 16 34 37 0 
8 11 15 18 24 29 37 0 
5 17 27 34 0 
1 6 7 8 10 12 16 19 20 21 29 31 0 
1 3 12 17 28 31 37 0 
3 5 9 14 22 32 37 0 
5 7 8 17 21 24 32 35 0 
1 11 15 26 28 29 30 36 0 
1 3 14 17 27 31 36 0 
5 6 9 11 14 28 0 
7 11 21 22 24 26 32 33 34 37 0 
2 3 6 9 16 32 34 37 0 
4 7 11 13 15 24 31 0 
9 10 20 23 27 32 0 
2 7 10 27 34 0 
1 3 4 19 23 26 27 28 29 36 0 
4 5 15 20 21 29 30 0 
2 7 8 11 21 27 36 37 0 
9 13 19 20 27 34 35 37 0 
5 8 9 21 24 25 0 
11 15 26 0 
5 10 11 14 15 32 35 0 
1 6 9 12 14 21 24 29 37 0 
2 14 15 19 35 36 38 0 
1 3 6 15 21 0 
16 19 27 35 0 
4 15 38 0 
3 4 14 19 27 28 35 0 
2 5 14 15 23 24 25 34 0 
3 9 11 15 24 28 33 0 
9 22 27 35 0 
4 5 14 18 26 27 29 33 35 0 
5 6 23 27 31 35 36 0 
6 21 33 36 0 
1 16 25 26 37 0 
4 13 16 22 23 27 33 36 38 0 
4 9 13 30 0 
2 3 9 18 22 24 37 0 
1 4 6 15 22 33 36 0 
6 17 18 27 31 0 
6 8 11 12 20 28 30 36 0 
3 4 5 6 8 12 19 26 35 0 
5 19 25 32 33 0 
10 11 15 26 29 36 0 
1 10 13 18 0 
1 5 8 9 22 0 
13 17 22 23 26 31 33 34 35 0 
8 13 27 34 35 0 
8 15 32 34 38 0 
2 6 14 15 25 29 32 37 0 
2 11 18 27 28 30 32 34 0 
14 18 19 21 25 29 37 0 
8 9 13 16 17 24 0 
1 3 5 6 8 15 18 19 22 23 32 0 
8 19 20 23 24 27 29 34 0 
5 11 17 19 34 0 
6 9 12 27 28 30 38 0 
3 4 6 10 14 15 30 0 
5 20 26 31 33 36 0 
3 6 9 14 15 23 30 0 
3 5 7 16 29 0 
3 9 15 23 24 26 35 0 
2 16 34 35 0 
10 11 12 23 0 
1 3 7 15 17 20 23 36 0 
3 12 16 32 35 37 0 
1 6 7 16 23 27 32 36 38 0 
7 12 13 17 24 29 32 38 0 
6 7 13 14 24 0 
2 16 18 21 23 29 0 
2 14 28 35 38 0 
4 12 17 22 32 34 0 
1 10 14 24 30 31 0 
7 12 19 24 27 34 37 38 0 
1 13 14 25 31 35 0 
8 16 19 20 21 30 0 
4 6 22 36 38 0 
2 10 12 17 25 26 35 36 0 
3 5 9 15 16 27 28 0 
1 21 22 35 37 0 
3 15 22 24 26 31 32 33 0 
1 6 9 13 18 28 31 34 36 0 
8 16 22 27 29 31 32 37 0 
16 27 32 34 37 38 0 
6 8 11 25 38 0 
1 17 20 21 29 0 
12 15 23 24 28 32 0 
2 4 9 13 14 15 20 22 38 0 
3 18 32 35 0 
2 11 20 23 28 33 35 38 0 
12 19 26 29 30 32 34 0 
1 7 14 15 17 33 0 
5 10 11 13 29 31 32 0 
18 30 32 0 
5 7 10 27 29 0 
17 19 21 25 28 29 34 0 
1 8 13 23 29 0 
14 23 28 0 
13 33 0 
3 20 22 27 30 38 0 
6 9 12 16 25 29 0 
12 18 0 
15 22 25 33 0 
4 7 15 19 34 38 0 
7 18 20 21 24 28 31 37 0 
1 2 4 8 16 18 22 30 32 0 
2 4 5 9 17 23 31 33 0 
7 27 28 31 36 0 
4 11 12 14 17 29 38 0 
6 17 19 22 29 37 0 
4 8 10 12 18 25 38 0 
14 15 18 22 33 0 
6 16 26 30 0 
3 8 10 17 22 34 0 
2 3 10 14 15 18 0 
7 21 25 0 
2 6 15 17 18 27 32 38 0 
4 18 20 0 
3 9 12 13 16 25 28 0 
12 13 23 26 33 0 
2 7 10 16 20 31 32 35 0 
11 13 15 18 29 32 33 35 0 
7 13 19 27 30 38 0 
5 6 14 21 23 24 28 0 
12 16 18 21 22 23 25 35 0 
6 25 31 32 33 37 38 0 
3 13 15 18 26 28 31 32 36 0 
2 13 21 23 26 27 30 36 37 0 
8 13 14 15 28 32 36 37 0 
2 13 17 19 25 27 32 34 0 
7 15 21 24 25 26 30 33 34 35 36 0 
17 24 32 0 
7 11 12 15 28 31 0 
1 2 3 5 6 7 18 27 37 0 
1 2 14 16 17 27 0 
6 11 13 38 0 
2 4 5 6 7 8 15 16 25 34 0 
16 17 22 23 31 32 37 38 0 
2 3 4 6 9 20 21 34 0 
3 6 8 9 15 18 28 38 0 
5 17 19 22 0 
4 7 10 12 15 19 21 27 0 
3 10 14 15 28 31 0 
2 3 4 16 31 0 
10 20 27 34 38 0 
3 4 12 13 14 16 28 0 
4 7 9 30 36 0 
7 12 21 25 37 0 
6 9 34 0 
2 3 10 26 27 32 36 0 
6 12 16 17 21 27 0 
6 9 16 20 25 26 29 31 0 
1 12 14 17 18 21 27 38 0 
7 10 13 15 16 19 25 0 
1 17 18 19 20 21 23 25 29 33 0 
2 9 11 15 17 0 
5 12 13 23 24 28 29 34 0 
5 8 20 24 33 37 38 0 
3 6 7 14 16 20 21 22 33 35 37 0 
1 4 18 22 29 34 38 0 
4 10 18 0 
5 6 9 17 24 38 0 
5 8 10 14 16 17 24 35 36 37 0 
3 9 17 22 23 0 
3 5 20 21 32 0 
5 9 14 19 27 28 29 31 37 0 
7 11 15 18 34 37 0 
1 4 22 24 36 0 
13 15 16 21 29 35 0 
3 8 10 20 35 38 0 
1 4 7 13 32 0 
1 2 7 11 22 23 29 34 36 0 
4 6 11 15 21 22 29 35 36 38 0 
1 4 6 10 23 26 29 33 36 0 
2 7 11 24 29 34 36 0 
1 9 13 27 28 29 0 
6 11 14 30 35 38 0 
8 15 16 24 0 
3 4 13 15 19 21 32 33 36 0 
7 9 10 21 28 0 
3 9 17 31 32 37 0 
11 13 17 18 28 34 36 0 
1 4 8 13 14 15 38 0 
6 11 13 36 0 
12 14 29 31 32 36 0 
2 4 11 14 16 32 0 
8 12 15 18 24 31 34 0 
15 16 32 36 37 0 
5 18 19 26 30 33 35 38 0 
13 16 0 
6 12 15 18 20 35 36 38 0 
4 15 21 25 27 28 0 
16 21 34 0 
3 6 8 11 18 21 22 30 33 34 37 0 
12 14 21 24 26 36 0 
2 14 20 23 0 
12 19 0 
10 12 23 32 0 
22 31 35 36 0 
1 6 12 15 20 28 31 32 0 
14 27 32 37 0 
4 5 14 20 27 31 0 
3 9 10 17 27 29 35 0 
13 17 34 35 37 38 0 
10 12 16 19 0 
6 11 13 15 16 23 25 0 
5 6 7 25 33 0 
8 16 17 18 22 28 32 38 0 
1 3 4 5 12 33 34 35 0 
4 9 10 11 19 20 21 26 0 
4 6 10 13 27 34 0 
3 6 10 20 23 25 26 32 0 
2 17 22 23 31 0 
5 10 14 15 16 23 24 27 37 0 
2 7 9 12 15 17 27 35 38 0 
1 8 12 20 25 30 0 
3 16 17 21 23 29 30 35 0 
4 6 11 15 19 22 23 32 0 
7 10 14 20 24 27 35 0 
2 4 6 18 24 35 37 38 0 
8 12 19 20 22 32 33 34 0 
9 10 24 26 28 32 34 0 
1 3 10 12 16 23 29 30 31 37 0 
2 7 8 21 26 29 0 
10 14 21 25 32 37 0 
1 2 6 8 10 28 32 36 0 
6 8 15 19 32 34 36 0 
7 9 14 18 22 24 27 31 32 35 0 
5 6 9 10 15 29 30 31 35 36 0 
2 11 21 22 26 0 
12 20 24 29 33 35 38 0 
6 7 11 26 0 
3 9 15 16 19 20 21 29 31 34 37 0 
5 20 27 38 0 
19 22 35 37 0 
2 5 15 22 25 34 35 38 0 
5 10 17 29 35 0 
12 16 20 22 28 0 
18 26 30 0 
4 6 12 15 35 37 0 
7 11 19 22 27 29 30 0 
2 5 12 20 38 0 
13 17 19 23 24 33 0 
5 8 15 19 34 38 0 
2 5 11 12 17 23 27 0 
2 13 19 24 25 27 36 0 
1 6 8 21 26 34 0 
1 3 15 0 
6 16 20 23 37 0 
7 8 11 14 18 25 33 37 0 
8 13 22 26 30 34 0 
3 7 12 13 24 26 35 36 0 
6 9 12 18 26 0 
18 19 29 30 36 0 
4 7 10 16 24 26 36 37 0 
14 19 25 0 
3 4 10 15 18 20 34 0 
6 7 12 13 22 25 28 30 0 
4 6 8 11 13 20 32 35 0 
6 10 11 18 20 24 25 28 0 
4 5 7 20 29 32 35 0 
5 11 14 18 0 
12 14 18 20 25 27 0 
4 7 8 12 18 20 33 0 
12 23 29 0 
5 10 13 18 24 27 0 
1 2 12 22 24 26 0 
2 4 15 23 0 
16 21 25 28 31 33 34 0 
2 6 7 14 15 23 30 36 0 
1 6 7 8 9 10 13 15 16 19 0 
7 18 23 28 29 0 
1 12 20 25 31 0 
1 8 21 31 33 38 0 
8 13 22 31 32 35 36 0 
9 19 28 31 38 0 
2 16 17 19 21 23 24 27 34 0 
10 27 28 34 0 
1 4 7 8 10 24 0 
8 23 27 33 35 0 
8 17 19 22 27 33 0 
5 8 20 24 28 29 0 
5 7 11 24 25 30 38 0 
1 8 10 11 22 35 0 
11 20 21 24 30 37 0 
18 20 27 29 30 31 35 0 
9 19 26 27 31 35 0 
9 18 23 24 25 34 0 
7 10 12 13 29 0 
2 9 12 13 17 30 32 37 0 
2 11 13 14 17 0 
2 15 25 27 32 0 
9 13 14 17 25 0 
1 18 23 38 0 
23 27 29 35 38 0 
13 27 33 0 
8 13 27 36 0 
2 17 23 27 35 0 
4 6 13 20 0 
4 12 15 18 20 22 24 31 37 0 
3 6 14 17 18 23 26 0 
2 10 22 33 38 0 
1 5 6 15 20 27 29 30 37 0 
8 13 17 28 35 0 
3 11 12 16 20 24 33 34 38 0 
2 9 18 27 28 29 0 
5 7 11 12 14 34 0 
9 14 15 16 23 28 33 34 37 38 0 
1 4 15 16 27 37 38 0 
14 15 21 34 37 0 
5 15 18 24 27 33 0 
23 27 31 34 38 0 
1 2 16 21 26 27 37 38 0 
9 13 15 27 35 37 0 
7 11 18 19 23 33 0 
4 8 9 13 16 17 21 22 35 37 0 
2 5 9 12 21 23 25 31 0 
2 18 35 0 
-16 -24 -25 -29 -34 -38 0 
-24 -28 -31 -32 0 
-6 -17 -36 -38 0 
-1 -21 -27 -30 -31 -35 -36 0 
-1 -2 -9 -15 -24 -27 0 
-7 -12 -15 -18 -23 -25 -26 -28 -33 0 
-24 -34 -35 0 
-14 -23 -30 0 
-3 -8 -10 -22 -26 -29 -38 0 
-12 -17 -20 -22 -26 0 
-1 -6 -13 -19 -21 -31 -33 0 
-4 -5 -12 -25 -30 -35 0 
-2 -6 -29 -30 -31 -34 -36 0 
-14 -24 -28 -34 0 
-4 -6 -14 -27 -35 -38 0 
-1 -3 -5 -8 -14 -19 -22 -25 -33 0 
-14 -27 -28 -30 0 
-5 -12 -19 -33 -38 0 
-5 -7 -11 -19 -25 -29 -30 -34 0 
-4 -9 -12 -15 -25 -30 -31 0 
-4 -5 -8 -13 -14 -26 -30 -31 -32 -34 -36 0 
-2 -16 -17 -20 -22 -24 -29 -34 0 
-1 -2 -6 -10 -16 -18 -23 0 
-2 -8 -10 -11 -27 -28 -34 -35 0 
-15 -24 -28 -31 -33 -35 0 
-1 -15 -22 -31 -32 0 
-6 -9 -29 -31 -34 0 
-7 -18 -21 -25 -34 -38 0 
-10 -15 -18 -23 -30 -31 -32 -33 0 
-3 -12 -17 -22 -23 -25 -34 -35 0 
-8 -11 -18 -23 -25 -34 0 
-2 -12 -13 -14 -17 -19 -24 -27 -28 0 
-12 -16 -19 -26 -29 0 
-5 -15 -23 -24 -33 0 
-6 -10 -17 -19 -20 -26 -27 -29 -30 -33 -37 0 
-8 -14 -25 -28 -35 -37 0 
-2 -5 -6 -13 -14 -18 -24 -32 -35 0 
-2 -5 -15 -24 -25 -30 -37 -38 0 
-6 -29 -30 -36 0 
-7 -16 -24 -31 -33 -34 -36 -38 0 
-9 -18 -21 -30 -31 -37 0 
-1 -11 -15 -20 -29 -31 -33 -34 0 
-3 -9 -21 -29 -34 -38 0 
-2 -5 -6 -12 -15 -20 -37 0 
-1 -2 -8 -25 -33 -35 -38 0 
-2 -3 -16 -27 -28 -29 -30 -31 -35 -37 0 
-7 -8 -35 0 
-5 -15 -16 -17 -18 -22 -30 -32 0 
-1 -3 -21 -22 -32 -33 -36 0 
-8 -9 -16 -18 -21 -24 -29 -30 0 
-14 -15 -21 -27 -33 0 
-9 -20 -29 0 
-3 -4 -17 -20 -23 -28 -29 -38 0 
-3 -8 -11 -17 -34 -35 0 
-4 -15 -16 -31 -35 -38 0 
-3 -5 -7 -9 -10 -14 -15 -20 -35 0 
-2 -8 -15 -28 -34 -35 0 
-23 -35 -37 0 
-11 -13 -14 -21 0 
-1 -2 -6 -18 -24 -26 -37 0 
-4 -11 -14 -20 -26 -29 -32 -37 0 
-3 -9 -26 -31 -34 -36 0 
-5 -9 -10 -11 -21 -24 0 
-2 -5 -7 -12 -14 -25 -37 0 
-16 -25 -29 0 
-1 -26 -29 -36 -38 0 
-8 -9 -12 -16 -17 -22 -35 0 
-18 -20 -23 -25 -30 0 
-3 -20 -30 -35 0 
-7 -9 -10 -13 -15 -17 -19 -25 -27 -38 0 
-8 -10 -12 -15 -19 -23 -24 -30 0 
-13 -27 -29 -30 -31 -32 -38 0 
-1 -12 -16 -18 -22 -28 -35 0 
-3 -4 -10 -11 -18 -24 -27 -28 -29 0 
-19 -26 -27 -30 -32 -37 0 
-8 -9 -27 -30 0 
-4 -5 -14 -17 -19 -23 -25 -32 0 
-1 -12 -16 -27 0 
-14 -15 -16 -27 0 
-4 -5 -9 -18 -19 -33 -36 0 
-3 -8 -9 -14 -22 -30 -36 0 
-1 -11 -16 -17 -19 -21 -22 -34 -37 0 
-3 -11 -14 -16 -34 -37 0 
-8 -11 -15 -18 -24 -29 -37 0 
-5 -17 -27 -34 0 
-1 -6 -7 -8 -10 -12 -16 -19 -20 -21 -29 -31 0 
-1 -3 -12 -17 -28 -31 -37 0 
-3 -5 -9 -14 -22 -32 -37 0 
-5 -7 -8 -17 -21 -24 -32 -35 0 
-1 -11 -15 -26 -28 -29 -30 -36 0 
-1 -3 -14 -17 -27 -31 -36 0 
-5 -6 -9 -11 -14 -28 0 
-7 -11 -21 -22 -24 -26 -32 -33 -34 -37 0 
-2 -3 -6 -9 -16 -32 -34 -37 0 
-4 -7 -11 -13 -15 -24 -31 0 
-9 -10 -20 -23 -27 -32 0 
-2 -7 -10 -27 -34 0 
-1 -3 -4 -19 -23 -26 -27 -28 -29 -36 0 
-4 -5 -15 -20 -21 -29 -30 0 
-2 -7 -8 -11 -21 -27 -36 -37 0 
-9 -13 -19 -20 -27 -34 -35 -37 0 
-5 -8 -9 -21 -24 -25 0 
-11 -15 -26 0 
-5 -10 -11 -14 -15 -32 -35 0 
-1 -6 -9 -12 -14 -21 -24 -29 -37 0 
-2 -14 -15 -19 -35 -36 -38 0 
-1 -3 -6 -15 -21 0 
-16 -19 -27 -35 0 
-4 -15 -38 0 
-3 -4 -14 -19 -27 -28 -35 0 
-2 -5 -14 -15 -23 -24 -25 -34 0 
-3 -9 -11 -15 -24 -28 -33 0 
-9 -22 -27 -35 0 
-4 -5 -14 -18 -26 -27 -29 -33 -35 0 
-5 -6 -23 -27 -31 -35 -36 0 
-6 -21 -33 -36 0 
-1 -16 -25 -26 -37 0 
-4 -13 -16 -22 -23 -27 -33 -36 -38 0 
-4 -9 -13 -30 0 
-2 -3 -9 -18 -22 -24 -37 0 
-1 -4 -6 -15 -22 -33 -36 0 
-6 -17 -18 -27 -31 0 
-6 -8 -11 -12 -20 -28 -30 -36 0 
-3 -4 -5 -6 -8 -12 -19 -26 -35 0 
-5 -19 -25 -32 -33 0 
-10 -11 -15 -26 -29 -36 0 
-1 -10 -13 -18 0 
-1 -5 -8 -9 -22 0 
-13 -17 -22 -23 -26 -31 -33 -34 -35 0 
-8 -13 -27 -34 -35 0 
-8 -15 -32 -34 -38 0 
-2 -6 -14 -15 -25 -29 -32 -37 0 
-2 -11 -18 -27 -28 -30 -32 -34 0 
-14 -18 -19 -21 -25 -29 -37 0 
-8 -9 -13 -16 -17 -24 0 
-1 -3 -5 -6 -8 -15 -18 -19 -22 -23 -32 0 
-8 -19 -20 -23 -24 -27 -29 -34 0 
-5 -11 -17 -19 -34 0 
-6 -9 -12 -27 -28 -30 -38 0 
-3 -4 -6 -10 -14 -15 -30 0 
-5 -20 -26 -31 -33 -36 0 
-3 -6 -9 -14 -15 -23 -30 0 
-3 -5 -7 -16 -29 0 
-3 -9 -15 -23 -24 -26 -35 0 
-2 -16 -34 -35 0 
-10 -11 -12 -23 0 
-1 -3 -7 -15 -17 -20 -23 -36 0 
-3 -12 -16 -32 -35 -37 0 
-1 -6 -7 -16 -23 -27 -32 -36 -38 0 
-7 -12 -13 -17 -24 -29 -32 -38 0 
-6 -7 -13 -14 -24 0 
-2 -16 -18 -21 -23 -29 0 
-2 -14 -28 -35 -38 0 
-4 -12 -17 -22 -32 -34 0 
-1 -10 -14 -24 -30 -31 0 
-7 -12 -19 -24 -27 -34 -37 -38 0 
-1 -13 -14 -25 -31 -35 0 
-8 -16 -19 -20 -21 -30 0 
-4 -6 -22 -36 -38 0 
-2 -10 -12 -17 -25 -26 -35 -36 0 
-3 -5 -9 -15 -16 -27 -28 0 
-1 -21 -22 -35 -37 0 
-3 -15 -22 -24 -26 -31 -32 -33 0 
-1 -6 -9 -13 -18 -28 -31 -34 -36 0 
-8 -16 -22 -27 -29 -31 -32 -37 0 
-16 -27 -32 -34 -37 -38 0 
-6 -8 -11 -25 -38 0 
-1 -17 -20 -21 -29 0 
-12 -15 -23 -24 -28 -32 0 
-2 -4 -9 -13 -14 -15 -20 -22 -38 0 
-3 -18 -32 -35 0 
-2 -11 -20 -23 -28 -33 -35 -38 0 
-12 -19 -26 -29 -30 -32 -34 0 
-1 -7 -14 -15 -17 -33 0 
-5 -10 -11 -13 -29 -31 -32 0 
-18 -30 -32 0 
-5 -7 -10 -27 -29 0 
-17 -19 -21 -25 -28 -29 -34 0 
-1 -8 -13 -23 -29 0 
-14 -23 -28 0 
-13 -33 0 
-3 -20 -22 -27 -30 -38 0 
-6 -9 -12 -16 -25 -29 0 
-12 -18 0 
-15 -22 -25 -33 0 
-4 -7 -15 -19 -34 -38 0 
-7 -18 -20 -21 -24 -28 -31 -37 0 
-1 -2 -4 -8 -16 -18 -22 -30 -32 0 
-2 -4 -5 -9 -17 -23 -31 -33 0 
-7 -27 -28 -31 -36 0 
-4 -11 -12 -14 -17 -29 -38 0 
-6 -17 -19 -22 -29 -37 0 
-4 -8 -10 -12 -18 -25 -38 0 
-14 -15 -18 -22 -33 0 
-6 -16 -26 -30 0 
-3 -8 -10 -17 -22 -34 0 
-2 -3 -10 -14 -15 -18 0 
-7 -21 -25 0 
-2 -6 -15 -17 -18 -27 -32 -38 0 
-4 -18 -20 0 
-3 -9 -12 -13 -16 -25 -28 0 
-12 -13 -23 -26 -33 0 
-2 -7 -10 -16 -20 -31 -32 -35 0 
-11 -13 -15 -18 -29 -32 -33 -35 0 
-7 -13 -19 -27 -30 -38 0 
-5 -6 -14 -21 -23 -24 -28 0 
-12 -16 -18 -21 -22 -23 -25 -35 0 
-6 -25 -31 -32 -33 -37 -38 0 
-3 -13 -15 -18 -26 -28 -31 -32 -36 0 
-2 -13 -21 -23 -26 -27 -30 -36 -37 0 
-8 -13 -14 -15 -28 -32 -36 -37 0 
-2 -13 -17 -19 -25 -27 -32 -34 0 
-7 -15 -21 -24 -25 -26 -30 -33 -34 -35 -36 0 
-17 -24 -32 0 
-7 -11 -12 -15 -28 -31 0 
-1 -2 -3 -5 -6 -7 -18 -27 -37 0 
-1 -2 -14 -16 -17 -27 0 
-6 -11 -13 -38 0 
-2 -4 -5 -6 -7 -8 -15 -16 -25 -34 0 
-16 -17 -22 -23 -31 -32 -37 -38 0 
-2 -3 -4 -6 -9 -20 -21 -34 0 
-3 -6 -8 -9 -15 -18 -28 -38 0 
-5 -17 -19 -22 0 
-4 -7 -10 -12 -15 -19 -21 -27 0 
-3 -10 -14 -15 -28 -31 0 
-2 -3 -4 -16 -31 0 
-10 -20 -27 -34 -38 0 
-3 -4 -12 -13 -14 -16 -28 0 
-4 -7 -9 -30 -36 0 
-7 -12 -21 -25 -37 0 
-6 -9 -34 0 
-2 -3 -10 -26 -27 -32 -36 0 
-6 -12 -16 -17 -21 -27 0 
-6 -9 -16 -20 -25 -26 -29 -31 0 
-1 -12 -14 -17 -18 -21 -27 -38 0 
-7 -10 -13 -15 -16 -19 -25 0 
-1 -17 -18 -19 -20 -21 -23 -25 -29 -33 0 
-2 -9 -11 -15 -17 0 
-5 -12 -13 -23 -24 -28 -29 -34 0 
-5 -8 -20 -24 -33 -37 -38 0 
-3 -6 -7 -14 -16 -20 -21 -22 -33 -35 -37 0 
-1 -4 -18 -22 -29 -34 -38 0 
-4 -10 -18 0 
-5 -6 -9 -17 -24 -38 0 
-5 -8 -10 -14 -16 -17 -24 -35 -36 -37 0 
-3 -9 -17 -22 -23 0 
-3 -5 -20 -21 -32 0 
-5 -9 -14 -19 -27 -28 -29 -31 -37 0 
-7 -11 -15 -18 -34 -37 0 
-1 -4 -22 -24 -36 0 
-13 -15 -16 -21 -29 -35 0 
-3 -8 -10 -20 -35 -38 0 
-1 -4 -7 -13 -32 0 
-1 -2 -7 -11 -22 -23 -29 -34 -36 0 
-4 -6 -11 -15 -21 -22 -29 -35 -36 -38 0 
-1 -4 -6 -10 -23 -26 -29 -33 -36 0 
-2 -7 -11 -24 -29 -34 -36 0 
-1 -9 -13 -27 -28 -29 0 
-6 -11 -14 -30 -35 -38 0 
-8 -15 -16 -24 0 
-3 -4 -13 -15 -19 -21 -32 -33 -36 0 
-7 -9 -10 -21 -28 0 
-3 -9 -17 -31 -32 -37 0 
-11 -13 -17 -18 -28 -34 -36 0 
-1 -4 -8 -13 -14 -15 -38 0 
-6 -11 -13 -36 0 
-12 -14 -29 -31 -32 -36 0 
-2 -4 -11 -14 -16 -32 0 
-8 -12 -15 -18 -24 -31 -34 0 
-15 -16 -32 -36 -37 0 
-5 -18 -19 -26 -30 -33 -35 -38 0 
-13 -16 0 
-6 -12 -15 -18 -20 -35 -36 -38 0 
-4 -15 -21 -25 -27 -28 0 
-16 -21 -34 0 
-3 -6 -8 -11 -18 -21 -22 -30 -33 -34 -37 0 
-12 -14 -21 -24 -26 -36 0 
-2 -14 -20 -23 0 
-12 -19 0 
-10 -12 -23 -32 0 
-22 -31 -35 -36 0 
-1 -6 -12 -15 -20 -28 -31 -32 0 
-14 -27 -32 -37 0 
-4 -5 -14 -20 -27 -31 0 
-3 -9 -10 -17 -27 -29 -35 0 
-13 -17 -34 -35 -37 -38 0 
-10 -12 -16 -19 0 
-6 -11 -13 -15 -16 -23 -25 0 
-5 -6 -7 -25 -33 0 
-8 -16 -17 -18 -22 -28 -32 -38 0 
-1 -3 -4 -5 -12 -33 -34 -35 0 
-4 -9 -10 -11 -19 -20 -21 -26 0 
-4 -6 -10 -13 -27 -34 0 
-3 -6 -10 -20 -23 -25 -26 -32 0 
-2 -17 -22 -23 -31 0 
-5 -10 -14 -15 -16 -23 -24 -27 -37 0 
-2 -7 -9 -12 -15 -17 -27 -35 -38 0 
-1 -8 -12 -20 -25 -30 0 
-3 -16 -17 -21 -23 -29 -30 -35 0 
-4 -6 -11 -15 -19 -22 -23 -32 0 
-7 -10 -14 -20 -24 -27 -35 0 
-2 -4 -6 -18 -24 -35 -37 -38 0 
-8 -12 -19 -20 -22 -32 -33 -34 0 
-9 -10 -24 -26 -28 -32 -34 0 
-1 -3 -10 -12 -16 -23 -29 -30 -31 -37 0 
-2 -7 -8 -21 -26 -29 0 
-10 -14 -21 -25 -32 -37 0 
-1 -2 -6 -8 -10 -28 -32 -36 0 
-6 -8 -15 -19 -32 -34 -36 0 
-7 -9 -14 -18 -22 -24 -27 -31 -32 -35 0 
-5 -6 -9 -10 -15 -29 -30 -31 -35 -36 0 
-2 -11 -21 -22 -26 0 
-12 -20 -24 -29 -33 -35 -38 0 
-6 -7 -11 -26 0 
-3 -9 -15 -16 -19 -20 -21 -29 -31 -34 -37 0 
-5 -20 -27 -38 0 
-19 -22 -35 -37 0 
-2 -5 -15 -22 -25 -34 -35 -38 0 
-5 -10 -17 -29 -35 0 
-12 -16 -20 -22 -28 0 
-18 -26 -30 0 
-4 -6 -12 -15 -35 -37 0 
-7 -11 -19 -22 -27 -29 -30 0 
-2 -5 -12 -20 -38 0 
-13 -17 -19 -23 -24 -33 0 
-5 -8 -15 -19 -34 -38 0 
-2 -5 -11 -12 -17 -23 -27 0 
-2 -13 -19 -24 -25 -27 -36 0 
-1 -6 -8 -21 -26 -34 0 
-1 -3 -15 0 
-6 -16 -20 -23 -37 0 
-7 -8 -11 -14 -18 -25 -33 -37 0 
-8 -13 -22 -26 -30 -34 0 
-3 -7 -12 -13 -24 -26 -35 -36 0 
-6 -9 -12 -18 -26 0 
-18 -19 -29 -30 -36 0 
-4 -7 -10 -16 -24 -26 -36 -37 0 
-14 -19 -25 0 
-3 -4 -10 -15 -18 -20 -34 0 
-6 -7 -12 -13 -22 -25 -28 -30 0 
-4 -6 -8 -11 -13 -20 -32 -35 0 
-6 -10 -11 -18 -20 -24 -25 -28 0 
-4 -5 -7 -20 -29 -32 -35 0 
-5 -11 -14 -18 0 
-12 -14 -18 -20 -25 -27 0 
-4 -7 -8 -12 -18 -20 -33 0 
-12 -23 -29 0 
-5 -10 -13 -18 -24 -27 0 
-1 -2 -12 -22 -24 -26 0 
-2 -4 -15 -23 0 
-16 -21 -25 -28 -31 -33 -34 0 
-2 -6 -7 -14 -15 -23 -30 -36 0 
-1 -6 -7 -8 -9 -10 -13 -15 -16 -19 0 
-7 -18 -23 -28 -29 0 
-1 -12 -20 -25 -31 0 
-1 -8 -21 -31 -33 -38 0 
-8 -13 -22 -31 -32 -35 -36 0 
-9 -19 -28 -31 -38 0 
-2 -16 -17 -19 -21 -23 -24 -27 -34 0 
-10 -27 -28 -34 0 
-1 -4 -7 -8 -10 -24 0 
-8 -23 -27 -33 -35 0 
-8 -17 -19 -22 -27 -33 0 
-5 -8 -20 -24 -28 -29 0 
-5 -7 -11 -24 -25 -30 -38 0 
-1 -8 -10 -11 -22 -35 0 
-11 -20 -21 -24 -30 -37 0 
-18 -20 -27 -29 -30 -31 -35 0 
-9 -19 -26 -27 -31 -35 0 
-9 -18 -23 -24 -25 -34 0 
-7 -10 -12 -13 -29 0 
-2 -9 -12 -13 -17 -30 -32 -37 0 
-2 -11 -13 -14 -17 0 
-2 -15 -25 -27 -32 0 
-9 -13 -14 -17 -25 0 
-1 -18 -23 -38 0 
-23 -27 -29 -35 -38 0 
-13 -27 -33 0 
-8 -13 -27 -36 0 
-2 -17 -23 -27 -35 0 
-4 -6 -13 -20 0 
-4 -12 -15 -18 -20 -22 -24 -31 -37 0 
-3 -6 -14 -17 -18 -23 -26 0 
-2 -10 -22 -33 -38 0 
-1 -5 -6 -15 -20 -27 -29 -30 -37 0 
-8 -13 -17 -28 -35 0 
-3 -11 -12 -16 -20 -24 -33 -34 -38 0 
-2 -9 -18 -27 -28 -29 0 
-5 -7 -11 -12 -14 -34 0 
-9 -14 -15 -16 -23 -28 -33 -34 -37 -38 0 
-1 -4 -15 -16 -27 -37 -38 0 
-14 -15 -21 -34 -37 0 
-5 -15 -18 -24 -27 -33 0 
-23 -27 -31 -34 -38 0 
-1 -2 -16 -21 -26 -27 -37 -38 0 
-9 -13 -15 -27 -35 -37 0 
-7 -11 -18 -19 -23 -33 0 
-4 -8 -9 -13 -16 -17 -21 -22 -35 -37 0 
-2 -5 -9 -12 -21 -23 -25 -31 0 
-2 -18 -35 0 
