p cnf 38 800
1 15 21 29 32 0 
6 20 23 24 30 0 
1 4 5 11 25 27 31 34 37 0 
5 10 12 18 20 21 27 32 0 
3 4 12 15 19 21 22 24 33 34 37 0 
8 11 24 0 
2 6 16 25 38 0 
10 20 21 26 0 
18 19 28 29 38 0 
23 25 31 36 0 
2 10 22 27 31 38 0 
4 5 15 17 19 23 26 28 31 0 
5 7 9 14 20 21 22 33 0 
1 7 8 12 26 29 32 35 0 
9 10 12 13 25 33 35 0 
1 23 27 28 35 36 0 
2 12 17 23 33 0 
13 25 28 30 32 34 0 
4 10 12 19 22 28 0 
1 2 7 11 13 14 16 26 28 29 36 38 0 
1 9 21 23 24 29 31 0 
9 11 24 27 28 38 0 
9 12 24 26 27 29 33 34 0 
6 11 15 16 25 27 31 0 
16 18 19 26 31 33 38 0 
2 3 7 8 38 0 
10 13 14 20 37 38 0 
10 19 20 29 31 36 0 
15 16 22 29 30 37 0 
1 6 14 21 24 25 27 32 33 36 0 
3 21 0 
24 36 38 0 
1 8 9 10 22 31 0 
7 12 27 0 
1 13 18 19 20 28 30 0 
1 17 21 24 29 37 0 
9 13 15 16 26 31 0 
2 15 19 21 33 35 0 
4 5 13 14 19 31 37 0 
3 12 14 17 20 34 38 0 
1 8 10 15 19 22 25 0 
5 16 23 24 28 29 38 0 
7 15 16 20 22 24 26 29 30 0 
17 21 25 27 30 31 33 0 
8 15 23 27 28 35 0 
3 14 31 0 
4 6 10 12 13 19 20 21 28 31 36 38 0 
1 2 3 16 20 23 27 32 36 0 
2 9 16 32 33 37 0 
3 12 13 14 19 27 32 34 0 
4 28 29 32 34 35 38 0 
11 16 19 22 24 29 34 0 
1 3 10 16 20 0 
2 8 11 12 24 30 33 0 
5 13 21 27 35 37 0 
6 26 28 0 
4 5 7 10 18 23 25 34 0 
8 10 12 24 29 31 0 
2 11 13 16 20 37 0 
4 10 14 21 22 28 31 34 0 
12 22 27 33 37 0 
4 17 19 26 0 
3 4 5 14 27 0 
4 10 13 14 20 22 26 0 
2 7 8 10 19 21 26 31 32 0 
26 34 36 0 
5 14 16 17 20 24 34 37 0 
19 25 28 33 36 0 
2 6 10 19 34 37 0 
1 8 13 18 22 0 
6 8 13 28 33 35 0 
3 5 7 14 17 18 22 28 0 
4 15 18 19 24 0 
5 11 18 22 35 36 0 
8 13 16 25 38 0 
6 16 23 28 29 37 0 
1 3 7 8 9 10 25 31 34 35 0 
4 7 8 14 18 25 28 0 
2 11 14 15 17 21 23 29 30 32 34 35 0 
24 27 31 0 
6 13 27 28 29 35 38 0 
3 7 27 28 32 33 0 
2 9 25 26 31 35 37 0 
7 8 11 24 33 0 
7 8 14 19 37 0 
3 5 8 21 25 36 38 0 
4 15 22 27 32 35 0 
11 24 36 0 
2 5 8 10 16 17 22 0 
11 16 23 27 28 30 32 34 0 
2 5 22 26 29 33 34 38 0 
2 4 6 20 21 29 38 0 
3 7 11 17 21 28 35 37 0 
1 9 10 13 37 0 
1 7 8 12 16 29 0 
5 7 8 11 22 24 36 0 
8 11 12 15 19 21 24 0 
6 17 21 23 35 0 
6 27 29 30 32 0 
4 9 28 33 36 0 
3 11 27 31 37 38 0 
3 9 10 14 19 23 33 0 
5 6 9 17 35 36 37 0 
2 4 8 20 21 22 32 35 37 0 
1 3 6 7 14 30 33 0 
7 8 14 17 18 38 0 
6 8 11 12 13 20 23 25 26 29 34 0 
3 12 23 24 28 30 38 0 
1 16 17 19 25 26 31 35 37 0 
2 7 11 12 13 14 16 17 27 28 33 0 
10 11 18 34 0 
4 8 15 22 28 36 38 0 
1 4 11 12 21 23 33 34 35 0 
8 18 20 23 29 30 0 
12 15 16 17 24 0 
6 7 10 22 26 28 33 0 
3 15 16 24 34 0 
5 12 17 20 27 29 0 
5 8 11 12 13 18 20 38 0 
8 10 11 15 23 27 30 36 0 
1 3 4 5 14 21 23 24 28 36 0 
9 12 13 14 15 28 30 32 34 0 
1 7 18 21 23 25 0 
1 2 3 5 12 19 20 27 31 38 0 
5 8 9 16 33 34 37 38 0 
9 13 17 20 22 29 0 
15 23 31 34 35 36 0 
7 11 18 23 30 34 0 
4 10 29 38 0 
17 18 25 27 34 36 0 
2 12 23 26 28 32 34 36 0 
5 25 27 34 35 36 0 
7 8 24 37 0 
1 6 15 18 20 0 
20 26 29 0 
1 7 10 20 32 34 35 0 
8 14 19 21 25 35 0 
10 12 17 18 22 25 28 29 31 33 35 0 
4 9 16 17 22 28 0 
16 17 21 36 0 
4 7 8 19 30 31 35 0 
2 7 9 12 21 26 0 
5 8 22 24 29 0 
1 2 10 29 31 0 
1 3 19 20 21 23 25 33 34 0 
8 24 25 28 0 
6 13 19 34 0 
4 5 20 27 35 0 
13 14 18 26 27 32 34 0 
14 18 23 25 33 37 0 
3 17 18 22 24 29 34 0 
31 38 0 
3 5 6 14 23 28 32 33 36 38 0 
2 5 15 16 18 19 20 30 33 36 37 0 
1 7 14 15 18 35 0 
1 7 8 14 31 35 0 
4 6 24 25 37 0 
4 11 27 28 30 35 36 0 
4 5 16 18 22 24 32 36 0 
4 15 20 26 28 0 
2 4 13 31 36 0 
4 9 10 12 15 29 0 
2 4 10 16 18 19 32 38 0 
7 8 13 20 23 27 0 
7 8 15 0 
6 7 12 13 19 23 25 26 37 0 
1 7 9 16 20 29 0 
6 17 23 33 34 0 
3 13 14 25 28 30 0 
3 5 6 8 14 24 33 35 0 
2 13 20 0 
1 7 14 19 20 21 25 27 28 31 0 
13 16 22 26 27 31 33 0 
15 22 28 29 36 0 
8 9 11 18 31 34 0 
2 23 33 35 37 38 0 
4 7 9 11 22 0 
4 5 6 7 10 14 19 26 29 0 
2 10 15 18 21 23 24 30 38 0 
4 20 23 30 37 0 
3 5 13 14 16 0 
2 16 20 25 27 32 34 36 38 0 
14 17 27 28 35 0 
2 8 11 18 19 21 23 26 0 
5 26 34 35 0 
7 13 19 22 24 26 34 0 
2 6 7 9 16 19 0 
2 5 7 18 20 22 29 35 36 37 0 
6 12 17 20 0 
7 8 17 19 23 24 30 35 36 38 0 
2 8 18 22 25 28 32 38 0 
10 26 32 35 37 0 
6 9 15 17 28 33 34 0 
8 10 12 18 21 24 36 0 
24 35 38 0 
12 15 17 20 30 37 0 
2 15 22 24 29 38 0 
7 8 11 17 0 
13 27 28 32 0 
3 6 17 18 29 31 36 0 
4 13 20 32 35 0 
10 15 29 36 37 0 
4 10 13 21 0 
4 7 10 15 16 18 23 25 32 0 
3 4 7 9 10 11 17 18 22 24 27 0 
18 20 32 33 34 38 0 
3 9 10 21 26 31 33 0 
2 15 18 19 20 27 37 0 
9 11 18 23 29 31 38 0 
4 8 21 28 0 
7 15 22 25 38 0 
15 18 25 37 38 0 
6 23 24 27 30 37 0 
1 3 20 28 36 0 
3 18 20 23 25 34 36 0 
1 8 21 28 35 36 38 0 
5 18 26 28 36 0 
2 4 6 20 21 35 38 0 
2 17 18 19 21 36 0 
17 19 33 34 0 
3 12 13 21 28 30 0 
1 9 15 20 21 36 38 0 
2 13 17 20 21 22 35 37 0 
2 5 14 17 25 0 
8 12 20 27 30 33 34 0 
1 3 10 24 0 
3 4 7 16 31 32 36 0 
1 9 10 35 38 0 
4 7 13 27 28 35 37 0 
8 10 15 16 17 27 28 37 0 
24 28 36 0 
5 8 10 28 32 33 35 38 0 
3 11 25 26 32 0 
5 8 21 23 38 0 
2 5 14 23 24 29 0 
2 3 10 11 32 33 0 
3 7 9 13 14 29 32 0 
18 24 26 38 0 
14 15 18 24 29 35 36 0 
9 15 31 34 36 0 
7 11 25 29 31 32 0 
4 7 15 17 18 25 27 30 0 
1 3 4 16 22 25 27 35 0 
3 9 13 14 20 26 31 0 
5 11 12 14 15 20 21 26 37 0 
11 17 20 23 28 35 0 
2 8 9 10 15 20 38 0 
7 12 25 34 0 
8 9 10 12 24 32 37 0 
6 8 16 17 29 30 31 0 
1 8 9 11 21 25 0 
1 5 7 9 23 25 26 27 28 30 0 
1 8 9 13 19 20 25 28 31 35 0 
2 8 13 30 32 35 0 
3 9 11 27 28 34 0 
2 8 11 12 14 0 
24 27 28 34 35 0 
7 11 20 28 37 0 
2 4 19 20 30 33 35 0 
2 10 16 19 22 25 26 30 0 
11 22 24 30 32 33 36 37 0 
4 9 11 20 22 23 24 25 35 0 
9 16 19 33 0 
13 18 21 25 28 29 32 35 37 0 
2 12 27 33 0 
2 4 8 10 19 29 30 36 0 
4 6 7 15 27 32 37 0 
7 17 26 0 
3 20 25 37 0 
3 6 11 14 29 33 34 0 
7 13 32 36 37 0 
2 8 25 38 0 
11 13 14 18 19 34 0 
5 21 24 30 31 0 
1 13 35 0 
10 12 16 17 26 28 0 
2 12 33 36 37 38 0 
13 15 20 26 33 0 
1 12 20 23 0 
13 15 21 22 29 36 0 
4 18 20 22 27 0 
1 19 21 22 0 
3 6 14 15 16 19 24 33 36 0 
3 13 15 20 22 28 38 0 
1 6 7 14 15 21 26 33 34 0 
2 6 8 11 17 33 0 
3 7 13 17 20 21 25 28 0 
2 4 6 13 18 21 26 27 32 34 0 
3 8 15 24 30 0 
4 7 8 11 12 20 25 27 29 0 
3 6 14 24 37 0 
10 18 20 21 31 35 0 
3 20 21 23 29 31 32 37 0 
8 19 32 35 0 
3 4 8 23 0 
4 6 7 9 13 18 25 29 31 37 38 0 
6 7 8 18 24 29 30 0 
9 15 19 21 26 31 0 
2 4 15 16 18 22 28 38 0 
5 14 17 19 36 0 
2 9 13 19 20 28 0 
3 18 19 22 26 31 0 
5 6 30 0 
1 5 10 11 15 27 28 38 0 
9 10 13 21 25 28 29 33 37 0 
7 15 23 29 32 34 0 
2 3 5 6 13 16 20 25 26 0 
3 10 15 21 26 36 0 
7 13 17 24 28 34 0 
2 4 7 10 14 18 26 0 
2 9 13 15 18 23 37 0 
13 32 37 0 
3 6 7 10 15 19 23 24 29 30 35 0 
4 7 8 18 22 25 32 33 0 
4 6 12 13 25 30 34 0 
3 4 6 7 23 38 0 
8 13 14 15 23 31 34 0 
7 14 19 0 
3 6 10 11 26 0 
7 10 14 17 18 23 24 32 33 0 
2 17 20 23 24 31 38 0 
6 7 17 20 21 28 0 
27 30 0 
6 9 22 23 26 29 0 
7 30 31 36 0 
2 17 19 24 27 32 34 0 
2 5 20 26 27 30 0 
3 7 15 21 35 0 
2 7 14 17 19 29 31 0 
1 2 6 20 22 23 25 36 0 
12 13 16 22 26 28 30 36 0 
3 6 9 23 26 27 34 37 0 
3 14 19 20 24 28 35 36 0 
5 7 24 38 0 
2 13 16 18 32 0 
1 3 14 19 20 25 32 34 36 37 0 
7 11 17 26 27 31 0 
2 3 4 10 13 17 22 23 25 30 35 38 0 
7 8 22 38 0 
2 13 21 22 28 34 0 
1 7 8 13 14 32 38 0 
1 9 10 12 15 22 25 26 28 36 0 
1 7 13 16 25 26 34 35 0 
1 7 19 28 0 
6 11 12 17 29 36 0 
7 15 25 28 34 38 0 
5 34 0 
23 24 30 33 34 0 
1 10 17 18 36 0 
1 7 16 17 22 25 26 34 35 0 
3 11 16 17 20 23 28 30 0 
22 23 25 29 31 37 0 
6 13 19 23 26 27 29 34 36 0 
1 4 5 18 19 22 23 36 37 0 
9 13 22 23 35 0 
2 7 10 11 13 15 20 0 
5 11 12 21 37 0 
9 16 18 0 
4 9 34 38 0 
12 18 32 34 36 0 
10 22 29 33 0 
5 13 14 15 21 24 0 
7 9 10 12 13 15 17 25 27 28 33 0 
16 19 20 25 31 32 35 37 0 
2 3 4 6 7 11 12 18 20 29 31 37 0 
1 2 5 8 19 21 26 29 32 36 38 0 
4 5 15 20 25 27 30 33 36 0 
8 11 13 17 19 25 26 27 30 36 0 
11 13 18 22 27 0 
8 14 17 30 0 
1 6 17 19 30 0 
2 26 28 31 33 0 
21 29 32 0 
20 25 29 32 36 0 
2 4 10 11 12 13 17 25 35 0 
10 22 27 30 38 0 
2 18 22 23 32 34 0 
3 4 8 20 24 31 32 0 
9 12 23 34 0 
2 16 17 27 0 
16 19 21 22 0 
1 3 7 8 10 13 24 26 34 35 0 
3 4 6 9 15 22 24 31 32 0 
4 8 16 27 30 32 35 36 0 
3 7 8 9 11 19 21 23 28 29 32 36 0 
3 11 12 27 31 36 0 
3 5 6 7 14 34 35 36 37 0 
1 8 13 15 23 30 35 0 
12 13 22 32 34 0 
1 7 18 24 29 30 35 38 0 
1 11 21 22 30 0 
7 19 21 26 28 30 31 33 0 
4 9 17 23 25 36 0 
7 9 22 38 0 
4 10 11 17 19 0 
3 7 11 15 19 20 25 29 30 32 33 36 0 
11 16 27 28 37 0 
1 5 11 12 14 27 34 0 
4 5 7 12 15 22 29 33 0 
4 14 15 26 28 31 37 0 
-1 -15 -21 -29 -32 0 
-6 -20 -23 -24 -30 0 
-1 -4 -5 -11 -25 -27 -31 -34 -37 0 
-5 -10 -12 -18 -20 -21 -27 -32 0 
-3 -4 -12 -15 -19 -21 -22 -24 -33 -34 -37 0 
-8 -11 -24 0 
-2 -6 -16 -25 -38 0 
-10 -20 -21 -26 0 
-18 -19 -28 -29 -38 0 
-23 -25 -31 -36 0 
-2 -10 -22 -27 -31 -38 0 
-4 -5 -15 -17 -19 -23 -26 -28 -31 0 
-5 -7 -9 -14 -20 -21 -22 -33 0 
-1 -7 -8 -12 -26 -29 -32 -35 0 
-9 -10 -12 -13 -25 -33 -35 0 
-1 -23 -27 -28 -35 -36 0 
-2 -12 -17 -23 -33 0 
-13 -25 -28 -30 -32 -34 0 
-4 -10 -12 -19 -22 -28 0 
-1 -2 -7 -11 -13 -14 -16 -26 -28 -29 -36 -38 0 
-1 -9 -21 -23 -24 -29 -31 0 
-9 -11 -24 -27 -28 -38 0 
-9 -12 -24 -26 -27 -29 -33 -34 0 
-6 -11 -15 -16 -25 -27 -31 0 
-16 -18 -19 -26 -31 -33 -38 0 
-2 -3 -7 -8 -38 0 
-10 -13 -14 -20 -37 -38 0 
-10 -19 -20 -29 -31 -36 0 
-15 -16 -22 -29 -30 -37 0 
-1 -6 -14 -21 -24 -25 -27 -32 -33 -36 0 
-3 -21 0 
-24 -36 -38 0 
-1 -8 -9 -10 -22 -31 0 
-7 -12 -27 0 
-1 -13 -18 -19 -20 -28 -30 0 
-1 -17 -21 -24 -29 -37 0 
-9 -13 -15 -16 -26 -31 0 
-2 -15 -19 -21 -33 -35 0 
-4 -5 -13 -14 -19 -31 -37 0 
-3 -12 -14 -17 -20 -34 -38 0 
-1 -8 -10 -15 -19 -22 -25 0 
-5 -16 -23 -24 -28 -29 -38 0 
-7 -15 -16 -20 -22 -24 -26 -29 -30 0 
-17 -21 -25 -27 -30 -31 -33 0 
-8 -15 -23 -27 -28 -35 0 
-3 -14 -31 0 
-4 -6 -10 -12 -13 -19 -20 -21 -28 -31 -36 -38 0 
-1 -2 -3 -16 -20 -23 -27 -32 -36 0 
-2 -9 -16 -32 -33 -37 0 
-3 -12 -13 -14 -19 -27 -32 -34 0 
-4 -28 -29 -32 -34 -35 -38 0 
-11 -16 -19 -22 -24 -29 -34 0 
-1 -3 -10 -16 -20 0 
-2 -8 -11 -12 -24 -30 -33 0 
-5 -13 -21 -27 -35 -37 0 
-6 -26 -28 0 
-4 -5 -7 -10 -18 -23 -25 -34 0 
-8 -10 -12 -24 -29 -31 0 
-2 -11 -13 -16 -20 -37 0 
-4 -10 -14 -21 -22 -28 -31 -34 0 
-12 -22 -27 -33 -37 0 
-4 -17 -19 -26 0 
-3 -4 -5 -14 -27 0 
-4 -10 -13 -14 -20 -22 -26 0 
-2 -7 -8 -10 -19 -21 -26 -31 -32 0 
-26 -34 -36 0 
-5 -14 -16 -17 -20 -24 -34 -37 0 
-19 -25 -28 -33 -36 0 
-2 -6 -10 -19 -34 -37 0 
-1 -8 -13 -18 -22 0 
-6 -8 -13 -28 -33 -35 0 
-3 -5 -7 -14 -17 -18 -22 -28 0 
-4 -15 -18 -19 -24 0 
-5 -11 -18 -22 -35 -36 0 
-8 -13 -16 -25 -38 0 
-6 -16 -23 -28 -29 -37 0 
-1 -3 -7 -8 -9 -10 -25 -31 -34 -35 0 
-4 -7 -8 -14 -18 -25 -28 0 
-2 -11 -14 -15 -17 -21 -23 -29 -30 -32 -34 -35 0 
-24 -27 -31 0 
-6 -13 -27 -28 -29 -35 -38 0 
-3 -7 -27 -28 -32 -33 0 
-2 -9 -25 -26 -31 -35 -37 0 
-7 -8 -11 -24 -33 0 
-7 -8 -14 -19 -37 0 
-3 -5 -8 -21 -25 -36 -38 0 
-4 -15 -22 -27 -32 -35 0 
-11 -24 -36 0 
-2 -5 -8 -10 -16 -17 -22 0 
-11 -16 -23 -27 -28 -30 -32 -34 0 
-2 -5 -22 -26 -29 -33 -34 -38 0 
-2 -4 -6 -20 -21 -29 -38 0 
-3 -7 -11 -17 -21 -28 -35 -37 0 
-1 -9 -10 -13 -37 0 
-1 -7 -8 -12 -16 -29 0 
-5 -7 -8 -11 -22 -24 -36 0 
-8 -11 -12 -15 -19 -21 -24 0 
-6 -17 -21 -23 -35 0 
-6 -27 -29 -30 -32 0 
-4 -9 -28 -33 -36 0 
-3 -11 -27 -31 -37 -38 0 
-3 -9 -10 -14 -19 -23 -33 0 
-5 -6 -9 -17 -35 -36 -37 0 
-2 -4 -8 -20 -21 -22 -32 -35 -37 0 
-1 -3 -6 -7 -14 -30 -33 0 
-7 -8 -14 -17 -18 -38 0 
-6 -8 -11 -12 -13 -20 -23 -25 -26 -29 -34 0 
-3 -12 -23 -24 -28 -30 -38 0 
-1 -16 -17 -19 -25 -26 -31 -35 -37 0 
-2 -7 -11 -12 -13 -14 -16 -17 -27 -28 -33 0 
-10 -11 -18 -34 0 
-4 -8 -15 -22 -28 -36 -38 0 
-1 -4 -11 -12 -21 -23 -33 -34 -35 0 
-8 -18 -20 -23 -29 -30 0 
-12 -15 -16 -17 -24 0 
-6 -7 -10 -22 -26 -28 -33 0 
-3 -15 -16 -24 -34 0 
-5 -12 -17 -20 -27 -29 0 
-5 -8 -11 -12 -13 -18 -20 -38 0 
-8 -10 -11 -15 -23 -27 -30 -36 0 
-1 -3 -4 -5 -14 -21 -23 -24 -28 -36 0 
-9 -12 -13 -14 -15 -28 -30 -32 -34 0 
-1 -7 -18 -21 -23 -25 0 
-1 -2 -3 -5 -12 -19 -20 -27 -31 -38 0 
-5 -8 -9 -16 -33 -34 -37 -38 0 
-9 -13 -17 -20 -22 -29 0 
-15 -23 -31 -34 -35 -36 0 
-7 -11 -18 -23 -30 -34 0 
-4 -10 -29 -38 0 
-17 -18 -25 -27 -34 -36 0 
-2 -12 -23 -26 -28 -32 -34 -36 0 
-5 -25 -27 -34 -35 -36 0 
-7 -8 -24 -37 0 
-1 -6 -15 -18 -20 0 
-20 -26 -29 0 
-1 -7 -10 -20 -32 -34 -35 0 
-8 -14 -19 -21 -25 -35 0 
-10 -12 -17 -18 -22 -25 -28 -29 -31 -33 -35 0 
-4 -9 -16 -17 -22 -28 0 
-16 -17 -21 -36 0 
-4 -7 -8 -19 -30 -31 -35 0 
-2 -7 -9 -12 -21 -26 0 
-5 -8 -22 -24 -29 0 
-1 -2 -10 -29 -31 0 
-1 -3 -19 -20 -21 -23 -25 -33 -34 0 
-8 -24 -25 -28 0 
-6 -13 -19 -34 0 
-4 -5 -20 -27 -35 0 
-13 -14 -18 -26 -27 -32 -34 0 
-14 -18 -23 -25 -33 -37 0 
-3 -17 -18 -22 -24 -29 -34 0 
-31 -38 0 
-3 -5 -6 -14 -23 -28 -32 -33 -36 -38 0 
-2 -5 -15 -16 -18 -19 -20 -30 -33 -36 -37 0 
-1 -7 -14 -15 -18 -35 0 
-1 -7 -8 -14 -31 -35 0 
-4 -6 -24 -25 -37 0 
-4 -11 -27 -28 -30 -35 -36 0 
-4 -5 -16 -18 -22 -24 -32 -36 0 
-4 -15 -20 -26 -28 0 
-2 -4 -13 -31 -36 0 
-4 -9 -10 -12 -15 -29 0 
-2 -4 -10 -16 -18 -19 -32 -38 0 
-7 -8 -13 -20 -23 -27 0 
-7 -8 -15 0 
-6 -7 -12 -13 -19 -23 -25 -26 -37 0 
-1 -7 -9 -16 -20 -29 0 
-6 -17 -23 -33 -34 0 
-3 -13 -14 -25 -28 -30 0 
-3 -5 -6 -8 -14 -24 -33 -35 0 
-2 -13 -20 0 
-1 -7 -14 -19 -20 -21 -25 -27 -28 -31 0 
-13 -16 -22 -26 -27 -31 -33 0 
-15 -22 -28 -29 -36 0 
-8 -9 -11 -18 -31 -34 0 
-2 -23 -33 -35 -37 -38 0 
-4 -7 -9 -11 -22 0 
-4 -5 -6 -7 -10 -14 -19 -26 -29 0 
-2 -10 -15 -18 -21 -23 -24 -30 -38 0 
-4 -20 -23 -30 -37 0 
-3 -5 -13 -14 -16 0 
-2 -16 -20 -25 -27 -32 -34 -36 -38 0 
-14 -17 -27 -28 -35 0 
-2 -8 -11 -18 -19 -21 -23 -26 0 
-5 -26 -34 -35 0 
-7 -13 -19 -22 -24 -26 -34 0 
-2 -6 -7 -9 -16 -19 0 
-2 -5 -7 -18 -20 -22 -29 -35 -36 -37 0 
-6 -12 -17 -20 0 
-7 -8 -17 -19 -23 -24 -30 -35 -36 -38 0 
-2 -8 -18 -22 -25 -28 -32 -38 0 
-10 -26 -32 -35 -37 0 
-6 -9 -15 -17 -28 -33 -34 0 
-8 -10 -12 -18 -21 -24 -36 0 
-24 -35 -38 0 
-12 -15 -17 -20 -30 -37 0 
-2 -15 -22 -24 -29 -38 0 
-7 -8 -11 -17 0 
-13 -27 -28 -32 0 
-3 -6 -17 -18 -29 -31 -36 0 
-4 -13 -20 -32 -35 0 
-10 -15 -29 -36 -37 0 
-4 -10 -13 -21 0 
-4 -7 -10 -15 -16 -18 -23 -25 -32 0 
-3 -4 -7 -9 -10 -11 -17 -18 -22 -24 -27 0 
-18 -20 -32 -33 -34 -38 0 
-3 -9 -10 -21 -26 -31 -33 0 
-2 -15 -18 -19 -20 -27 -37 0 
-9 -11 -18 -23 -29 -31 -38 0 
-4 -8 -21 -28 0 
-7 -15 -22 -25 -38 0 
-15 -18 -25 -37 -38 0 
-6 -23 -24 -27 -30 -37 0 
-1 -3 -20 -28 -36 0 
-3 -18 -20 -23 -25 -34 -36 0 
-1 -8 -21 -28 -35 -36 -38 0 
-5 -18 -26 -28 -36 0 
-2 -4 -6 -20 -21 -35 -38 0 
-2 -17 -18 -19 -21 -36 0 
-17 -19 -33 -34 0 
-3 -12 -13 -21 -28 -30 0 
-1 -9 -15 -20 -21 -36 -38 0 
-2 -13 -17 -20 -21 -22 -35 -37 0 
-2 -5 -14 -17 -25 0 
-8 -12 -20 -27 -30 -33 -34 0 
-1 -3 -10 -24 0 
-3 -4 -7 -16 -31 -32 -36 0 
-1 -9 -10 -35 -38 0 
-4 -7 -13 -27 -28 -35 -37 0 
-8 -10 -15 -16 -17 -27 -28 -37 0 
-24 -28 -36 0 
-5 -8 -10 -28 -32 -33 -35 -38 0 
-3 -11 -25 -26 -32 0 
-5 -8 -21 -23 -38 0 
-2 -5 -14 -23 -24 -29 0 
-2 -3 -10 -11 -32 -33 0 
-3 -7 -9 -13 -14 -29 -32 0 
-18 -24 -26 -38 0 
-14 -15 -18 -24 -29 -35 -36 0 
-9 -15 -31 -34 -36 0 
-7 -11 -25 -29 -31 -32 0 
-4 -7 -15 -17 -18 -25 -27 -30 0 
-1 -3 -4 -16 -22 -25 -27 -35 0 
-3 -9 -13 -14 -20 -26 -31 0 
-5 -11 -12 -14 -15 -20 -21 -26 -37 0 
-11 -17 -20 -23 -28 -35 0 
-2 -8 -9 -10 -15 -20 -38 0 
-7 -12 -25 -34 0 
-8 -9 -10 -12 -24 -32 -37 0 
-6 -8 -16 -17 -29 -30 -31 0 
-1 -8 -9 -11 -21 -25 0 
-1 -5 -7 -9 -23 -25 -26 -27 -28 -30 0 
-1 -8 -9 -13 -19 -20 -25 -28 -31 -35 0 
-2 -8 -13 -30 -32 -35 0 
-3 -9 -11 -27 -28 -34 0 
-2 -8 -11 -12 -14 0 
-24 -27 -28 -34 -35 0 
-7 -11 -20 -28 -37 0 
-2 -4 -19 -20 -30 -33 -35 0 
-2 -10 -16 -19 -22 -25 -26 -30 0 
-11 -22 -24 -30 -32 -33 -36 -37 0 
-4 -9 -11 -20 -22 -23 -24 -25 -35 0 
-9 -16 -19 -33 0 
-13 -18 -21 -25 -28 -29 -32 -35 -37 0 
-2 -12 -27 -33 0 
-2 -4 -8 -10 -19 -29 -30 -36 0 
-4 -6 -7 -15 -27 -32 -37 0 
-7 -17 -26 0 
-3 -20 -25 -37 0 
-3 -6 -11 -14 -29 -33 -34 0 
-7 -13 -32 -36 -37 0 
-2 -8 -25 -38 0 
-11 -13 -14 -18 -19 -34 0 
-5 -21 -24 -30 -31 0 
-1 -13 -35 0 
-10 -12 -16 -17 -26 -28 0 
-2 -12 -33 -36 -37 -38 0 
-13 -15 -20 -26 -33 0 
-1 -12 -20 -23 0 
-13 -15 -21 -22 -29 -36 0 
-4 -18 -20 -22 -27 0 
-1 -19 -21 -22 0 
-3 -6 -14 -15 -16 -19 -24 -33 -36 0 
-3 -13 -15 -20 -22 -28 -38 0 
-1 -6 -7 -14 -15 -21 -26 -33 -34 0 
-2 -6 -8 -11 -17 -33 0 
-3 -7 -13 -17 -20 -21 -25 -28 0 
-2 -4 -6 -13 -18 -21 -26 -27 -32 -34 0 
-3 -8 -15 -24 -30 0 
-4 -7 -8 -11 -12 -20 -25 -27 -29 0 
-3 -6 -14 -24 -37 0 
-10 -18 -20 -21 -31 -35 0 
-3 -20 -21 -23 -29 -31 -32 -37 0 
-8 -19 -32 -35 0 
-3 -4 -8 -23 0 
-4 -6 -7 -9 -13 -18 -25 -29 -31 -37 -38 0 
-6 -7 -8 -18 -24 -29 -30 0 
-9 -15 -19 -21 -26 -31 0 
-2 -4 -15 -16 -18 -22 -28 -38 0 
-5 -14 -17 -19 -36 0 
-2 -9 -13 -19 -20 -28 0 
-3 -18 -19 -22 -26 -31 0 
-5 -6 -30 0 
-1 -5 -10 -11 -15 -27 -28 -38 0 
-9 -10 -13 -21 -25 -28 -29 -33 -37 0 
-7 -15 -23 -29 -32 -34 0 
-2 -3 -5 -6 -13 -16 -20 -25 -26 0 
-3 -10 -15 -21 -26 -36 0 
-7 -13 -17 -24 -28 -34 0 
-2 -4 -7 -10 -14 -18 -26 0 
-2 -9 -13 -15 -18 -23 -37 0 
-13 -32 -37 0 
-3 -6 -7 -10 -15 -19 -23 -24 -29 -30 -35 0 
-4 -7 -8 -18 -22 -25 -32 -33 0 
-4 -6 -12 -13 -25 -30 -34 0 
-3 -4 -6 -7 -23 -38 0 
-8 -13 -14 -15 -23 -31 -34 0 
-7 -14 -19 0 
-3 -6 -10 -11 -26 0 
-7 -10 -14 -17 -18 -23 -24 -32 -33 0 
-2 -17 -20 -23 -24 -31 -38 0 
-6 -7 -17 -20 -21 -28 0 
-27 -30 0 
-6 -9 -22 -23 -26 -29 0 
-7 -30 -31 -36 0 
-2 -17 -19 -24 -27 -32 -34 0 
-2 -5 -20 -26 -27 -30 0 
-3 -7 -15 -21 -35 0 
-2 -7 -14 -17 -19 -29 -31 0 
-1 -2 -6 -20 -22 -23 -25 -36 0 
-12 -13 -16 -22 -26 -28 -30 -36 0 
-3 -6 -9 -23 -26 -27 -34 -37 0 
-3 -14 -19 -20 -24 -28 -35 -36 0 
-5 -7 -24 -38 0 
-2 -13 -16 -18 -32 0 
-1 -3 -14 -19 -20 -25 -32 -34 -36 -37 0 
-7 -11 -17 -26 -27 -31 0 
-2 -3 -4 -10 -13 -17 -22 -23 -25 -30 -35 -38 0 
-7 -8 -22 -38 0 
-2 -13 -21 -22 -28 -34 0 
-1 -7 -8 -13 -14 -32 -38 0 
-1 -9 -10 -12 -15 -22 -25 -26 -28 -36 0 
-1 -7 -13 -16 -25 -26 -34 -35 0 
-1 -7 -19 -28 0 
-6 -11 -12 -17 -29 -36 0 
-7 -15 -25 -28 -34 -38 0 
-5 -34 0 
-23 -24 -30 -33 -34 0 
-1 -10 -17 -18 -36 0 
-1 -7 -16 -17 -22 -25 -26 -34 -35 0 
-3 -11 -16 -17 -20 -23 -28 -30 0 
-22 -23 -25 -29 -31 -37 0 
-6 -13 -19 -23 -26 -27 -29 -34 -36 0 
-1 -4 -5 -18 -19 -22 -23 -36 -37 0 
-9 -13 -22 -23 -35 0 
-2 -7 -10 -11 -13 -15 -20 0 
-5 -11 -12 -21 -37 0 
-9 -16 -18 0 
-4 -9 -34 -38 0 
-12 -18 -32 -34 -36 0 
-10 -22 -29 -33 0 
-5 -13 -14 -15 -21 -24 0 
-7 -9 -10 -12 -13 -15 -17 -25 -27 -28 -33 0 
-16 -19 -20 -25 -31 -32 -35 -37 0 
-2 -3 -4 -6 -7 -11 -12 -18 -20 -29 -31 -37 0 
-1 -2 -5 -8 -19 -21 -26 -29 -32 -36 -38 0 
-4 -5 -15 -20 -25 -27 -30 -33 -36 0 
-8 -11 -13 -17 -19 -25 -26 -27 -30 -36 0 
-11 -13 -18 -22 -27 0 
-8 -14 -17 -30 0 
-1 -6 -17 -19 -30 0 
-2 -26 -28 -31 -33 0 
-21 -29 -32 0 
-20 -25 -29 -32 -36 0 
-2 -4 -10 -11 -12 -13 -17 -25 -35 0 
-10 -22 -27 -30 -38 0 
-2 -18 -22 -23 -32 -34 0 
-3 -4 -8 -20 -24 -31 -32 0 
-9 -12 -23 -34 0 
-2 -16 -17 -27 0 
-16 -19 -21 -22 0 
-1 -3 -7 -8 -10 -13 -24 -26 -34 -35 0 
-3 -4 -6 -9 -15 -22 -24 -31 -32 0 
-4 -8 -16 -27 -30 -32 -35 -36 0 
-3 -7 -8 -9 -11 -19 -21 -23 -28 -29 -32 -36 0 
-3 -11 -12 -27 -31 -36 0 
-3 -5 -6 -7 -14 -34 -35 -36 -37 0 
-1 -8 -13 -15 -23 -30 -35 0 
-12 -13 -22 -32 -34 0 
-1 -7 -18 -24 -29 -30 -35 -38 0 
-1 -11 -21 -22 -30 0 
-7 -19 -21 -26 -28 -30 -31 -33 0 
-4 -9 -17 -23 -25 -36 0 
-7 -9 -22 -38 0 
-4 -10 -11 -17 -19 0 
-3 -7 -11 -15 -19 -20 -25 -29 -30 -32 -33 -36 0 
-11 -16 -27 -28 -37 0 
-1 -5 -11 -12 -14 -27 -34 0 
-4 -5 -7 -12 -15 -22 -29 -33 0 
-4 -14 -15 -26 -28 -31 -37 0 
