p cnf 38 800
1 22 23 25 26 28 30 0 
3 5 8 9 13 14 17 0 
3 8 12 23 31 36 38 0 
14 18 26 34 35 37 0 
4 5 9 24 33 0 
13 19 21 35 38 0 
1 18 22 23 24 25 26 29 38 0 
2 11 15 16 18 21 24 0 
3 4 6 7 16 20 27 31 34 35 0 
2 12 28 32 0 
1 6 15 17 0 
4 8 16 20 21 0 
10 12 15 18 19 22 29 30 33 35 0 
7 9 10 13 22 29 36 38 0 
3 32 36 0 
5 7 9 27 38 0 
1 5 7 10 15 16 21 27 30 37 0 
2 6 8 9 15 24 0 
16 17 27 28 31 35 36 0 
5 13 21 22 27 28 32 0 
11 15 18 26 29 0 
10 12 13 16 28 33 0 
2 4 14 20 23 24 25 30 34 35 0 
7 8 9 11 13 17 35 36 0 
2 11 13 14 18 23 25 26 34 38 0 
3 18 24 34 38 0 
1 22 32 0 
6 7 8 19 25 26 32 0 
4 19 25 30 33 0 
4 6 8 10 11 12 17 0 
13 18 27 29 31 32 33 0 
8 12 18 19 22 27 29 36 0 
2 5 6 7 12 22 28 0 
3 6 17 18 20 27 31 0 
2 18 20 31 0 
5 8 13 15 26 31 33 36 0 
6 9 10 12 16 19 21 24 28 34 0 
4 14 19 22 35 0 
7 8 18 30 31 38 0 
4 16 21 0 
3 7 23 25 34 35 37 0 
1 2 18 19 27 33 34 36 0 
1 2 3 16 22 23 26 27 32 0 
11 18 19 27 28 31 33 38 0 
9 10 22 28 36 0 
3 13 15 29 35 36 0 
4 7 24 30 0 
6 9 10 30 31 0 
7 8 28 31 34 0 
8 10 16 19 23 37 0 
2 5 8 9 14 0 
3 6 20 25 27 33 0 
9 16 27 28 33 0 
2 7 11 13 17 26 28 0 
1 3 5 6 8 17 27 32 0 
5 20 32 37 38 0 
5 16 21 26 28 31 0 
11 26 31 0 
10 17 21 29 0 
6 11 26 27 36 38 0 
7 12 24 34 36 0 
9 16 26 32 0 
1 18 30 31 37 0 
4 6 8 10 19 36 0 
7 11 24 27 30 32 33 0 
3 13 20 32 0 
6 8 9 35 0 
8 28 29 30 33 37 0 
1 7 9 13 29 33 35 0 
3 8 11 17 0 
5 6 9 10 14 16 21 24 28 33 0 
3 7 8 12 16 21 22 36 38 0 
4 10 25 0 
11 16 17 23 25 29 0 
10 16 22 30 38 0 
3 7 9 25 0 
2 5 6 7 12 22 24 26 38 0 
1 2 4 13 18 19 23 25 34 36 0 
4 10 29 37 0 
3 6 7 8 15 32 35 38 0 
2 10 12 23 36 37 0 
5 6 10 11 24 31 37 0 
3 14 18 24 32 0 
4 6 17 27 28 30 34 38 0 
21 23 26 27 30 31 0 
2 6 8 18 22 0 
1 5 6 7 9 11 14 23 33 0 
2 8 10 20 34 36 37 0 
2 3 9 15 20 21 0 
1 3 5 11 24 36 0 
1 14 26 27 29 36 0 
2 6 7 15 16 31 0 
2 5 6 10 25 30 31 33 35 38 0 
4 6 12 21 31 34 0 
8 16 17 23 24 28 30 35 37 38 0 
5 19 20 29 32 37 0 
7 10 13 15 16 24 0 
16 17 32 37 0 
1 3 7 9 16 21 23 33 38 0 
1 2 6 8 17 26 33 36 0 
1 7 8 9 16 21 24 35 38 0 
1 2 14 15 19 22 24 29 35 36 0 
18 27 37 0 
1 3 7 15 18 22 36 0 
6 10 11 14 18 21 28 32 0 
1 5 12 19 21 25 26 27 28 30 31 0 
7 14 18 0 
2 16 22 30 36 0 
1 6 16 33 34 0 
1 11 12 23 25 26 28 35 0 
20 21 22 28 32 34 0 
2 6 13 30 35 38 0 
9 13 17 32 36 0 
7 14 17 21 27 32 0 
2 7 11 26 30 0 
3 11 12 14 21 22 31 34 0 
1 11 14 15 23 24 34 35 0 
4 7 9 13 31 33 37 38 0 
6 12 17 29 31 0 
7 17 18 21 22 24 30 31 33 0 
5 25 27 29 30 37 38 0 
5 11 14 20 25 26 28 34 0 
6 14 28 33 0 
5 24 25 26 36 0 
1 7 24 30 31 33 0 
1 2 11 23 24 26 28 31 0 
7 13 22 25 0 
1 3 9 29 35 0 
8 9 11 31 34 0 
1 11 28 33 36 0 
6 14 16 18 35 37 0 
5 9 10 32 0 
8 13 21 36 37 0 
5 6 11 14 19 20 23 30 36 0 
5 10 11 23 0 
1 4 13 16 26 29 30 31 35 0 
7 15 20 21 26 27 30 0 
2 5 7 15 16 19 21 22 23 24 27 34 0 
1 7 9 12 22 34 35 0 
2 4 6 7 14 28 38 0 
15 16 17 26 29 32 38 0 
6 10 22 23 28 29 33 0 
8 11 17 18 19 20 28 31 35 0 
2 4 11 22 26 31 38 0 
2 8 9 14 28 31 35 38 0 
12 13 17 18 21 23 30 0 
3 8 9 14 17 21 0 
15 21 22 26 30 36 0 
8 10 15 17 18 26 0 
4 7 12 18 28 0 
3 7 11 13 18 25 0 
4 9 32 33 34 0 
12 28 30 33 35 0 
6 12 19 33 37 0 
15 31 0 
2 6 8 10 11 13 17 20 27 36 0 
6 12 21 30 33 38 0 
1 2 6 14 36 0 
2 7 10 20 30 36 37 0 
8 14 16 32 33 35 0 
1 3 8 9 12 18 0 
4 17 29 31 35 0 
2 4 5 9 14 25 27 38 0 
4 12 16 23 27 31 37 38 0 
5 9 11 14 15 16 17 33 0 
6 13 21 22 27 34 38 0 
3 4 7 10 21 27 28 0 
1 2 9 11 15 21 27 34 36 0 
15 16 18 25 32 0 
11 14 16 20 23 30 31 0 
3 7 8 12 21 24 35 0 
2 8 12 29 30 36 0 
2 3 8 21 24 36 0 
1 8 23 25 28 0 
9 15 20 21 37 0 
4 5 23 36 0 
3 12 13 14 21 24 26 30 0 
3 13 18 21 27 37 0 
15 16 17 25 26 27 34 35 36 0 
1 2 8 9 0 
10 14 23 35 37 0 
6 10 12 18 28 0 
4 9 11 13 17 23 27 30 33 0 
2 4 18 20 21 26 0 
1 19 20 26 38 0 
3 8 11 22 32 37 0 
3 5 8 18 28 31 33 34 37 0 
4 6 10 25 26 33 0 
9 11 16 33 38 0 
1 8 9 10 11 12 19 23 30 0 
1 10 12 26 32 33 0 
10 11 24 32 33 34 0 
11 20 29 31 36 37 0 
3 4 24 32 37 0 
7 12 15 16 17 32 34 0 
19 30 31 0 
18 19 22 28 36 38 0 
1 3 11 13 0 
7 10 19 24 27 33 38 0 
6 17 22 29 30 0 
2 6 27 0 
6 18 20 29 32 33 37 0 
5 14 16 20 24 27 28 0 
2 5 16 17 29 33 0 
8 11 12 20 22 23 28 31 37 0 
2 13 20 25 38 0 
6 7 16 17 21 23 25 35 0 
1 2 7 14 21 35 36 0 
7 10 15 22 24 31 34 0 
2 6 10 11 12 22 28 33 0 
1 2 4 9 10 20 32 0 
1 15 16 28 29 37 0 
1 2 3 6 11 14 32 36 0 
4 7 9 10 24 31 0 
8 13 23 27 30 0 
1 3 8 13 15 17 20 32 0 
1 3 5 19 21 24 32 0 
2 20 29 0 
2 6 20 0 
3 6 14 21 22 0 
7 8 13 28 29 32 0 
5 7 13 15 25 32 33 36 0 
3 4 13 16 20 33 0 
2 5 14 15 19 23 32 37 0 
4 10 22 26 34 35 0 
5 7 10 17 21 32 0 
5 15 19 20 24 31 0 
1 20 28 33 36 0 
1 3 4 10 11 25 32 37 0 
11 17 23 29 30 31 0 
1 3 11 16 34 0 
2 5 24 25 29 33 0 
2 4 6 23 28 0 
8 9 20 21 38 0 
3 11 20 21 29 0 
2 22 32 34 0 
8 12 17 20 24 30 35 36 0 
2 27 29 33 0 
22 24 26 33 38 0 
3 7 17 18 20 21 24 36 0 
4 10 20 21 32 0 
5 6 12 13 17 19 24 27 37 0 
7 31 0 
2 8 9 14 20 27 30 37 0 
15 17 20 34 35 0 
9 16 17 18 20 21 38 0 
3 20 23 25 27 38 0 
1 6 22 25 31 34 0 
1 3 4 6 7 15 21 26 36 37 0 
1 10 17 22 25 31 35 38 0 
13 22 29 37 0 
3 11 12 24 27 31 0 
1 2 8 22 25 31 33 36 37 38 0 
2 13 15 17 22 28 0 
1 6 8 9 20 22 28 0 
10 14 26 29 30 35 38 0 
1 4 11 17 33 34 0 
1 19 27 28 30 36 0 
1 5 10 25 26 36 38 0 
2 8 9 16 21 26 30 0 
1 11 13 15 16 24 25 32 0 
1 2 11 18 0 
14 29 32 37 0 
5 6 9 13 14 21 29 31 35 0 
8 15 19 32 0 
8 15 20 25 30 33 0 
14 22 27 29 30 31 35 37 0 
1 3 5 15 19 29 35 38 0 
1 3 4 6 8 21 22 0 
1 7 13 31 0 
6 14 16 19 32 33 0 
1 7 8 9 10 12 15 26 27 31 38 0 
14 15 18 30 31 34 0 
1 3 5 9 10 24 29 30 36 0 
3 13 16 17 18 22 38 0 
8 11 22 24 30 35 0 
2 15 24 25 26 0 
3 13 14 17 20 21 25 0 
8 15 22 37 0 
12 20 21 22 34 0 
7 8 23 26 30 0 
6 13 19 20 23 38 0 
20 28 29 32 0 
9 13 14 20 26 27 32 37 0 
15 20 23 28 29 0 
12 14 15 17 21 23 0 
9 19 20 27 29 32 0 
10 14 23 27 35 37 0 
6 12 15 28 31 37 0 
3 6 16 21 0 
4 10 13 31 32 37 0 
9 18 29 0 
13 23 31 32 36 37 0 
4 5 9 13 14 36 0 
6 11 16 23 30 33 0 
1 3 9 17 19 30 0 
11 14 22 35 0 
2 3 4 16 18 26 27 29 33 34 0 
16 18 21 23 31 0 
3 5 8 15 20 21 24 31 37 0 
3 6 8 11 12 15 19 21 37 0 
1 2 6 8 18 25 28 31 32 33 37 0 
4 9 12 15 16 22 25 35 0 
5 9 14 16 17 22 26 0 
3 8 18 26 31 33 36 0 
6 9 10 28 35 0 
3 7 15 16 17 27 0 
3 5 8 13 17 0 
2 13 15 23 33 38 0 
5 8 16 17 24 25 29 38 0 
3 20 22 24 26 28 32 0 
2 8 13 19 24 25 34 0 
5 6 10 24 31 32 0 
4 6 7 9 17 18 33 36 37 0 
12 18 21 26 29 32 0 
5 6 11 13 27 32 35 0 
3 9 10 13 17 18 0 
4 14 18 25 27 29 37 38 0 
7 8 13 14 29 36 37 0 
2 5 8 10 12 26 28 33 0 
1 16 22 24 0 
2 11 14 17 18 19 21 26 0 
17 22 26 29 33 35 0 
8 14 18 21 25 36 37 38 0 
9 13 15 22 29 32 0 
3 13 31 32 38 0 
1 5 17 26 28 36 37 0 
3 4 13 26 27 29 0 
3 11 16 17 24 25 26 34 0 
1 2 3 16 17 26 28 34 0 
5 17 24 27 30 31 32 0 
1 5 9 11 16 22 26 28 0 
5 7 9 15 28 30 34 35 37 0 
4 5 20 27 29 33 37 38 0 
6 14 21 31 0 
5 19 21 27 38 0 
22 30 33 38 0 
1 3 10 11 18 20 25 0 
9 22 27 28 31 0 
4 5 16 26 34 35 37 0 
1 5 12 13 16 26 0 
1 8 14 20 21 31 36 0 
1 2 4 10 18 25 30 34 35 38 0 
4 6 8 9 16 18 20 21 22 23 0 
8 15 16 18 19 21 25 30 34 36 0 
2 12 13 16 20 24 25 0 
17 25 32 38 0 
7 15 17 32 36 0 
4 14 22 31 35 0 
6 16 22 0 
8 15 21 25 0 
13 15 17 19 30 32 35 38 0 
5 8 14 16 19 26 29 0 
29 34 0 
2 5 10 20 30 34 0 
4 17 22 27 33 0 
5 6 30 0 
15 28 35 36 0 
3 5 20 22 23 25 27 0 
1 4 7 8 12 14 15 21 24 36 37 0 
1 2 17 23 29 34 0 
4 5 8 9 11 13 23 30 0 
9 31 33 34 35 37 38 0 
7 8 12 18 20 23 28 31 33 38 0 
1 10 12 14 20 29 38 0 
2 12 21 23 26 29 0 
2 5 9 10 11 16 0 
15 22 26 30 31 0 
4 8 20 21 36 0 
4 13 21 37 0 
3 16 20 21 23 29 31 38 0 
1 5 6 16 22 27 0 
9 11 12 22 27 29 33 37 38 0 
19 29 0 
4 10 13 16 18 26 31 0 
2 4 6 23 31 0 
7 21 31 32 34 0 
3 7 9 14 26 28 0 
7 9 16 20 27 28 34 38 0 
5 10 11 17 19 37 0 
2 9 21 22 26 27 29 30 0 
5 15 28 37 0 
12 15 17 21 23 24 27 32 35 0 
1 20 28 30 36 0 
1 9 15 17 29 34 0 
12 13 15 31 33 37 0 
5 6 26 28 30 32 35 38 0 
2 3 14 19 22 23 24 26 28 31 35 0 
16 17 19 23 28 37 0 
14 19 24 36 37 0 
1 3 16 19 23 24 26 0 
2 13 17 24 28 29 32 0 
2 5 11 15 16 20 34 0 
2 3 5 10 15 28 35 36 37 0 
6 9 10 12 22 30 0 
1 5 6 12 16 21 25 29 30 36 0 
4 11 13 20 25 26 29 31 0 
19 23 25 29 33 0 
8 17 35 37 0 
2 5 6 19 21 28 32 35 0 
-1 -22 -23 -25 -26 -28 -30 0 
-3 -5 -8 -9 -13 -14 -17 0 
-3 -8 -12 -23 -31 -36 -38 0 
-14 -18 -26 -34 -35 -37 0 
-4 -5 -9 -24 -33 0 
-13 -19 -21 -35 -38 0 
-1 -18 -22 -23 -24 -25 -26 -29 -38 0 
-2 -11 -15 -16 -18 -21 -24 0 
-3 -4 -6 -7 -16 -20 -27 -31 -34 -35 0 
-2 -12 -28 -32 0 
-1 -6 -15 -17 0 
-4 -8 -16 -20 -21 0 
-10 -12 -15 -18 -19 -22 -29 -30 -33 -35 0 
-7 -9 -10 -13 -22 -29 -36 -38 0 
-3 -32 -36 0 
-5 -7 -9 -27 -38 0 
-1 -5 -7 -10 -15 -16 -21 -27 -30 -37 0 
-2 -6 -8 -9 -15 -24 0 
-16 -17 -27 -28 -31 -35 -36 0 
-5 -13 -21 -22 -27 -28 -32 0 
-11 -15 -18 -26 -29 0 
-10 -12 -13 -16 -28 -33 0 
-2 -4 -14 -20 -23 -24 -25 -30 -34 -35 0 
-7 -8 -9 -11 -13 -17 -35 -36 0 
-2 -11 -13 -14 -18 -23 -25 -26 -34 -38 0 
-3 -18 -24 -34 -38 0 
-1 -22 -32 0 
-6 -7 -8 -19 -25 -26 -32 0 
-4 -19 -25 -30 -33 0 
-4 -6 -8 -10 -11 -12 -17 0 
-13 -18 -27 -29 -31 -32 -33 0 
-8 -12 -18 -19 -22 -27 -29 -36 0 
-2 -5 -6 -7 -12 -22 -28 0 
-3 -6 -17 -18 -20 -27 -31 0 
-2 -18 -20 -31 0 
-5 -8 -13 -15 -26 -31 -33 -36 0 
-6 -9 -10 -12 -16 -19 -21 -24 -28 -34 0 
-4 -14 -19 -22 -35 0 
-7 -8 -18 -30 -31 -38 0 
-4 -16 -21 0 
-3 -7 -23 -25 -34 -35 -37 0 
-1 -2 -18 -19 -27 -33 -34 -36 0 
-1 -2 -3 -16 -22 -23 -26 -27 -32 0 
-11 -18 -19 -27 -28 -31 -33 -38 0 
-9 -10 -22 -28 -36 0 
-3 -13 -15 -29 -35 -36 0 
-4 -7 -24 -30 0 
-6 -9 -10 -30 -31 0 
-7 -8 -28 -31 -34 0 
-8 -10 -16 -19 -23 -37 0 
-2 -5 -8 -9 -14 0 
-3 -6 -20 -25 -27 -33 0 
-9 -16 -27 -28 -33 0 
-2 -7 -11 -13 -17 -26 -28 0 
-1 -3 -5 -6 -8 -17 -27 -32 0 
-5 -20 -32 -37 -38 0 
-5 -16 -21 -26 -28 -31 0 
-11 -26 -31 0 
-10 -17 -21 -29 0 
-6 -11 -26 -27 -36 -38 0 
-7 -12 -24 -34 -36 0 
-9 -16 -26 -32 0 
-1 -18 -30 -31 -37 0 
-4 -6 -8 -10 -19 -36 0 
-7 -11 -24 -27 -30 -32 -33 0 
-3 -13 -20 -32 0 
-6 -8 -9 -35 0 
-8 -28 -29 -30 -33 -37 0 
-1 -7 -9 -13 -29 -33 -35 0 
-3 -8 -11 -17 0 
-5 -6 -9 -10 -14 -16 -21 -24 -28 -33 0 
-3 -7 -8 -12 -16 -21 -22 -36 -38 0 
-4 -10 -25 0 
-11 -16 -17 -23 -25 -29 0 
-10 -16 -22 -30 -38 0 
-3 -7 -9 -25 0 
-2 -5 -6 -7 -12 -22 -24 -26 -38 0 
-1 -2 -4 -13 -18 -19 -23 -25 -34 -36 0 
-4 -10 -29 -37 0 
-3 -6 -7 -8 -15 -32 -35 -38 0 
-2 -10 -12 -23 -36 -37 0 
-5 -6 -10 -11 -24 -31 -37 0 
-3 -14 -18 -24 -32 0 
-4 -6 -17 -27 -28 -30 -34 -38 0 
-21 -23 -26 -27 -30 -31 0 
-2 -6 -8 -18 -22 0 
-1 -5 -6 -7 -9 -11 -14 -23 -33 0 
-2 -8 -10 -20 -34 -36 -37 0 
-2 -3 -9 -15 -20 -21 0 
-1 -3 -5 -11 -24 -36 0 
-1 -14 -26 -27 -29 -36 0 
-2 -6 -7 -15 -16 -31 0 
-2 -5 -6 -10 -25 -30 -31 -33 -35 -38 0 
-4 -6 -12 -21 -31 -34 0 
-8 -16 -17 -23 -24 -28 -30 -35 -37 -38 0 
-5 -19 -20 -29 -32 -37 0 
-7 -10 -13 -15 -16 -24 0 
-16 -17 -32 -37 0 
-1 -3 -7 -9 -16 -21 -23 -33 -38 0 
-1 -2 -6 -8 -17 -26 -33 -36 0 
-1 -7 -8 -9 -16 -21 -24 -35 -38 0 
-1 -2 -14 -15 -19 -22 -24 -29 -35 -36 0 
-18 -27 -37 0 
-1 -3 -7 -15 -18 -22 -36 0 
-6 -10 -11 -14 -18 -21 -28 -32 0 
-1 -5 -12 -19 -21 -25 -26 -27 -28 -30 -31 0 
-7 -14 -18 0 
-2 -16 -22 -30 -36 0 
-1 -6 -16 -33 -34 0 
-1 -11 -12 -23 -25 -26 -28 -35 0 
-20 -21 -22 -28 -32 -34 0 
-2 -6 -13 -30 -35 -38 0 
-9 -13 -17 -32 -36 0 
-7 -14 -17 -21 -27 -32 0 
-2 -7 -11 -26 -30 0 
-3 -11 -12 -14 -21 -22 -31 -34 0 
-1 -11 -14 -15 -23 -24 -34 -35 0 
-4 -7 -9 -13 -31 -33 -37 -38 0 
-6 -12 -17 -29 -31 0 
-7 -17 -18 -21 -22 -24 -30 -31 -33 0 
-5 -25 -27 -29 -30 -37 -38 0 
-5 -11 -14 -20 -25 -26 -28 -34 0 
-6 -14 -28 -33 0 
-5 -24 -25 -26 -36 0 
-1 -7 -24 -30 -31 -33 0 
-1 -2 -11 -23 -24 -26 -28 -31 0 
-7 -13 -22 -25 0 
-1 -3 -9 -29 -35 0 
-8 -9 -11 -31 -34 0 
-1 -11 -28 -33 -36 0 
-6 -14 -16 -18 -35 -37 0 
-5 -9 -10 -32 0 
-8 -13 -21 -36 -37 0 
-5 -6 -11 -14 -19 -20 -23 -30 -36 0 
-5 -10 -11 -23 0 
-1 -4 -13 -16 -26 -29 -30 -31 -35 0 
-7 -15 -20 -21 -26 -27 -30 0 
-2 -5 -7 -15 -16 -19 -21 -22 -23 -24 -27 -34 0 
-1 -7 -9 -12 -22 -34 -35 0 
-2 -4 -6 -7 -14 -28 -38 0 
-15 -16 -17 -26 -29 -32 -38 0 
-6 -10 -22 -23 -28 -29 -33 0 
-8 -11 -17 -18 -19 -20 -28 -31 -35 0 
-2 -4 -11 -22 -26 -31 -38 0 
-2 -8 -9 -14 -28 -31 -35 -38 0 
-12 -13 -17 -18 -21 -23 -30 0 
-3 -8 -9 -14 -17 -21 0 
-15 -21 -22 -26 -30 -36 0 
-8 -10 -15 -17 -18 -26 0 
-4 -7 -12 -18 -28 0 
-3 -7 -11 -13 -18 -25 0 
-4 -9 -32 -33 -34 0 
-12 -28 -30 -33 -35 0 
-6 -12 -19 -33 -37 0 
-15 -31 0 
-2 -6 -8 -10 -11 -13 -17 -20 -27 -36 0 
-6 -12 -21 -30 -33 -38 0 
-1 -2 -6 -14 -36 0 
-2 -7 -10 -20 -30 -36 -37 0 
-8 -14 -16 -32 -33 -35 0 
-1 -3 -8 -9 -12 -18 0 
-4 -17 -29 -31 -35 0 
-2 -4 -5 -9 -14 -25 -27 -38 0 
-4 -12 -16 -23 -27 -31 -37 -38 0 
-5 -9 -11 -14 -15 -16 -17 -33 0 
-6 -13 -21 -22 -27 -34 -38 0 
-3 -4 -7 -10 -21 -27 -28 0 
-1 -2 -9 -11 -15 -21 -27 -34 -36 0 
-15 -16 -18 -25 -32 0 
-11 -14 -16 -20 -23 -30 -31 0 
-3 -7 -8 -12 -21 -24 -35 0 
-2 -8 -12 -29 -30 -36 0 
-2 -3 -8 -21 -24 -36 0 
-1 -8 -23 -25 -28 0 
-9 -15 -20 -21 -37 0 
-4 -5 -23 -36 0 
-3 -12 -13 -14 -21 -24 -26 -30 0 
-3 -13 -18 -21 -27 -37 0 
-15 -16 -17 -25 -26 -27 -34 -35 -36 0 
-1 -2 -8 -9 0 
-10 -14 -23 -35 -37 0 
-6 -10 -12 -18 -28 0 
-4 -9 -11 -13 -17 -23 -27 -30 -33 0 
-2 -4 -18 -20 -21 -26 0 
-1 -19 -20 -26 -38 0 
-3 -8 -11 -22 -32 -37 0 
-3 -5 -8 -18 -28 -31 -33 -34 -37 0 
-4 -6 -10 -25 -26 -33 0 
-9 -11 -16 -33 -38 0 
-1 -8 -9 -10 -11 -12 -19 -23 -30 0 
-1 -10 -12 -26 -32 -33 0 
-10 -11 -24 -32 -33 -34 0 
-11 -20 -29 -31 -36 -37 0 
-3 -4 -24 -32 -37 0 
-7 -12 -15 -16 -17 -32 -34 0 
-19 -30 -31 0 
-18 -19 -22 -28 -36 -38 0 
-1 -3 -11 -13 0 
-7 -10 -19 -24 -27 -33 -38 0 
-6 -17 -22 -29 -30 0 
-2 -6 -27 0 
-6 -18 -20 -29 -32 -33 -37 0 
-5 -14 -16 -20 -24 -27 -28 0 
-2 -5 -16 -17 -29 -33 0 
-8 -11 -12 -20 -22 -23 -28 -31 -37 0 
-2 -13 -20 -25 -38 0 
-6 -7 -16 -17 -21 -23 -25 -35 0 
-1 -2 -7 -14 -21 -35 -36 0 
-7 -10 -15 -22 -24 -31 -34 0 
-2 -6 -10 -11 -12 -22 -28 -33 0 
-1 -2 -4 -9 -10 -20 -32 0 
-1 -15 -16 -28 -29 -37 0 
-1 -2 -3 -6 -11 -14 -32 -36 0 
-4 -7 -9 -10 -24 -31 0 
-8 -13 -23 -27 -30 0 
-1 -3 -8 -13 -15 -17 -20 -32 0 
-1 -3 -5 -19 -21 -24 -32 0 
-2 -20 -29 0 
-2 -6 -20 0 
-3 -6 -14 -21 -22 0 
-7 -8 -13 -28 -29 -32 0 
-5 -7 -13 -15 -25 -32 -33 -36 0 
-3 -4 -13 -16 -20 -33 0 
-2 -5 -14 -15 -19 -23 -32 -37 0 
-4 -10 -22 -26 -34 -35 0 
-5 -7 -10 -17 -21 -32 0 
-5 -15 -19 -20 -24 -31 0 
-1 -20 -28 -33 -36 0 
-1 -3 -4 -10 -11 -25 -32 -37 0 
-11 -17 -23 -29 -30 -31 0 
-1 -3 -11 -16 -34 0 
-2 -5 -24 -25 -29 -33 0 
-2 -4 -6 -23 -28 0 
-8 -9 -20 -21 -38 0 
-3 -11 -20 -21 -29 0 
-2 -22 -32 -34 0 
-8 -12 -17 -20 -24 -30 -35 -36 0 
-2 -27 -29 -33 0 
-22 -24 -26 -33 -38 0 
-3 -7 -17 -18 -20 -21 -24 -36 0 
-4 -10 -20 -21 -32 0 
-5 -6 -12 -13 -17 -19 -24 -27 -37 0 
-7 -31 0 
-2 -8 -9 -14 -20 -27 -30 -37 0 
-15 -17 -20 -34 -35 0 
-9 -16 -17 -18 -20 -21 -38 0 
-3 -20 -23 -25 -27 -38 0 
-1 -6 -22 -25 -31 -34 0 
-1 -3 -4 -6 -7 -15 -21 -26 -36 -37 0 
-1 -10 -17 -22 -25 -31 -35 -38 0 
-13 -22 -29 -37 0 
-3 -11 -12 -24 -27 -31 0 
-1 -2 -8 -22 -25 -31 -33 -36 -37 -38 0 
-2 -13 -15 -17 -22 -28 0 
-1 -6 -8 -9 -20 -22 -28 0 
-10 -14 -26 -29 -30 -35 -38 0 
-1 -4 -11 -17 -33 -34 0 
-1 -19 -27 -28 -30 -36 0 
-1 -5 -10 -25 -26 -36 -38 0 
-2 -8 -9 -16 -21 -26 -30 0 
-1 -11 -13 -15 -16 -24 -25 -32 0 
-1 -2 -11 -18 0 
-14 -29 -32 -37 0 
-5 -6 -9 -13 -14 -21 -29 -31 -35 0 
-8 -15 -19 -32 0 
-8 -15 -20 -25 -30 -33 0 
-14 -22 -27 -29 -30 -31 -35 -37 0 
-1 -3 -5 -15 -19 -29 -35 -38 0 
-1 -3 -4 -6 -8 -21 -22 0 
-1 -7 -13 -31 0 
-6 -14 -16 -19 -32 -33 0 
-1 -7 -8 -9 -10 -12 -15 -26 -27 -31 -38 0 
-14 -15 -18 -30 -31 -34 0 
-1 -3 -5 -9 -10 -24 -29 -30 -36 0 
-3 -13 -16 -17 -18 -22 -38 0 
-8 -11 -22 -24 -30 -35 0 
-2 -15 -24 -25 -26 0 
-3 -13 -14 -17 -20 -21 -25 0 
-8 -15 -22 -37 0 
-12 -20 -21 -22 -34 0 
-7 -8 -23 -26 -30 0 
-6 -13 -19 -20 -23 -38 0 
-20 -28 -29 -32 0 
-9 -13 -14 -20 -26 -27 -32 -37 0 
-15 -20 -23 -28 -29 0 
-12 -14 -15 -17 -21 -23 0 
-9 -19 -20 -27 -29 -32 0 
-10 -14 -23 -27 -35 -37 0 
-6 -12 -15 -28 -31 -37 0 
-3 -6 -16 -21 0 
-4 -10 -13 -31 -32 -37 0 
-9 -18 -29 0 
-13 -23 -31 -32 -36 -37 0 
-4 -5 -9 -13 -14 -36 0 
-6 -11 -16 -23 -30 -33 0 
-1 -3 -9 -17 -19 -30 0 
-11 -14 -22 -35 0 
-2 -3 -4 -16 -18 -26 -27 -29 -33 -34 0 
-16 -18 -21 -23 -31 0 
-3 -5 -8 -15 -20 -21 -24 -31 -37 0 
-3 -6 -8 -11 -12 -15 -19 -21 -37 0 
-1 -2 -6 -8 -18 -25 -28 -31 -32 -33 -37 0 
-4 -9 -12 -15 -16 -22 -25 -35 0 
-5 -9 -14 -16 -17 -22 -26 0 
-3 -8 -18 -26 -31 -33 -36 0 
-6 -9 -10 -28 -35 0 
-3 -7 -15 -16 -17 -27 0 
-3 -5 -8 -13 -17 0 
-2 -13 -15 -23 -33 -38 0 
-5 -8 -16 -17 -24 -25 -29 -38 0 
-3 -20 -22 -24 -26 -28 -32 0 
-2 -8 -13 -19 -24 -25 -34 0 
-5 -6 -10 -24 -31 -32 0 
-4 -6 -7 -9 -17 -18 -33 -36 -37 0 
-12 -18 -21 -26 -29 -32 0 
-5 -6 -11 -13 -27 -32 -35 0 
-3 -9 -10 -13 -17 -18 0 
-4 -14 -18 -25 -27 -29 -37 -38 0 
-7 -8 -13 -14 -29 -36 -37 0 
-2 -5 -8 -10 -12 -26 -28 -33 0 
-1 -16 -22 -24 0 
-2 -11 -14 -17 -18 -19 -21 -26 0 
-17 -22 -26 -29 -33 -35 0 
-8 -14 -18 -21 -25 -36 -37 -38 0 
-9 -13 -15 -22 -29 -32 0 
-3 -13 -31 -32 -38 0 
-1 -5 -17 -26 -28 -36 -37 0 
-3 -4 -13 -26 -27 -29 0 
-3 -11 -16 -17 -24 -25 -26 -34 0 
-1 -2 -3 -16 -17 -26 -28 -34 0 
-5 -17 -24 -27 -30 -31 -32 0 
-1 -5 -9 -11 -16 -22 -26 -28 0 
-5 -7 -9 -15 -28 -30 -34 -35 -37 0 
-4 -5 -20 -27 -29 -33 -37 -38 0 
-6 -14 -21 -31 0 
-5 -19 -21 -27 -38 0 
-22 -30 -33 -38 0 
-1 -3 -10 -11 -18 -20 -25 0 
-9 -22 -27 -28 -31 0 
-4 -5 -16 -26 -34 -35 -37 0 
-1 -5 -12 -13 -16 -26 0 
-1 -8 -14 -20 -21 -31 -36 0 
-1 -2 -4 -10 -18 -25 -30 -34 -35 -38 0 
-4 -6 -8 -9 -16 -18 -20 -21 -22 -23 0 
-8 -15 -16 -18 -19 -21 -25 -30 -34 -36 0 
-2 -12 -13 -16 -20 -24 -25 0 
-17 -25 -32 -38 0 
-7 -15 -17 -32 -36 0 
-4 -14 -22 -31 -35 0 
-6 -16 -22 0 
-8 -15 -21 -25 0 
-13 -15 -17 -19 -30 -32 -35 -38 0 
-5 -8 -14 -16 -19 -26 -29 0 
-29 -34 0 
-2 -5 -10 -20 -30 -34 0 
-4 -17 -22 -27 -33 0 
-5 -6 -30 0 
-15 -28 -35 -36 0 
-3 -5 -20 -22 -23 -25 -27 0 
-1 -4 -7 -8 -12 -14 -15 -21 -24 -36 -37 0 
-1 -2 -17 -23 -29 -34 0 
-4 -5 -8 -9 -11 -13 -23 -30 0 
-9 -31 -33 -34 -35 -37 -38 0 
-7 -8 -12 -18 -20 -23 -28 -31 -33 -38 0 
-1 -10 -12 -14 -20 -29 -38 0 
-2 -12 -21 -23 -26 -29 0 
-2 -5 -9 -10 -11 -16 0 
-15 -22 -26 -30 -31 0 
-4 -8 -20 -21 -36 0 
-4 -13 -21 -37 0 
-3 -16 -20 -21 -23 -29 -31 -38 0 
-1 -5 -6 -16 -22 -27 0 
-9 -11 -12 -22 -27 -29 -33 -37 -38 0 
-19 -29 0 
-4 -10 -13 -16 -18 -26 -31 0 
-2 -4 -6 -23 -31 0 
-7 -21 -31 -32 -34 0 
-3 -7 -9 -14 -26 -28 0 
-7 -9 -16 -20 -27 -28 -34 -38 0 
-5 -10 -11 -17 -19 -37 0 
-2 -9 -21 -22 -26 -27 -29 -30 0 
-5 -15 -28 -37 0 
-12 -15 -17 -21 -23 -24 -27 -32 -35 0 
-1 -20 -28 -30 -36 0 
-1 -9 -15 -17 -29 -34 0 
-12 -13 -15 -31 -33 -37 0 
-5 -6 -26 -28 -30 -32 -35 -38 0 
-2 -3 -14 -19 -22 -23 -24 -26 -28 -31 -35 0 
-16 -17 -19 -23 -28 -37 0 
-14 -19 -24 -36 -37 0 
-1 -3 -16 -19 -23 -24 -26 0 
-2 -13 -17 -24 -28 -29 -32 0 
-2 -5 -11 -15 -16 -20 -34 0 
-2 -3 -5 -10 -15 -28 -35 -36 -37 0 
-6 -9 -10 -12 -22 -30 0 
-1 -5 -6 -12 -16 -21 -25 -29 -30 -36 0 
-4 -11 -13 -20 -25 -26 -29 -31 0 
-19 -23 -25 -29 -33 0 
-8 -17 -35 -37 0 
-2 -5 -6 -19 -21 -28 -32 -35 0 
