p cnf 38 800
6 15 17 18 24 38 0 
1 3 9 13 14 17 37 0 
5 6 11 19 28 36 0 
7 10 14 17 33 37 0 
1 5 9 14 26 37 0 
6 12 13 21 31 32 38 0 
2 9 10 15 27 28 0 
8 29 30 0 
6 12 21 23 27 28 0 
4 8 19 34 0 
1 3 8 17 24 28 0 
2 6 10 12 13 26 29 31 32 0 
7 11 16 17 30 0 
5 6 13 16 19 29 35 38 0 
8 25 27 28 30 36 0 
1 8 10 18 23 28 0 
7 8 16 18 20 24 26 29 30 32 33 37 0 
5 15 25 28 32 34 36 0 
7 12 18 20 21 23 28 0 
6 11 20 22 26 36 37 0 
2 6 14 21 32 0 
3 7 17 20 24 32 34 0 
2 4 9 10 13 28 34 35 38 0 
18 19 29 30 0 
1 3 8 24 31 0 
7 10 12 16 18 29 31 0 
4 11 12 16 17 18 30 32 34 0 
2 17 37 0 
2 13 15 17 20 25 26 27 32 33 34 0 
3 5 13 20 29 31 33 34 38 0 
13 19 29 37 0 
10 12 23 24 27 34 35 37 0 
5 9 12 16 31 33 35 37 0 
4 6 7 12 13 24 26 27 35 37 0 
7 10 14 27 31 37 38 0 
9 11 14 28 31 0 
19 21 32 37 0 
9 14 22 23 24 25 31 32 34 35 37 0 
1 2 16 35 37 0 
5 8 20 23 25 26 31 0 
3 8 19 21 28 38 0 
1 5 14 17 21 30 31 0 
11 12 17 20 22 23 25 26 27 30 31 38 0 
9 11 15 17 28 0 
4 21 28 32 37 0 
2 4 12 20 29 38 0 
2 7 8 14 19 27 31 35 36 0 
1 5 6 15 23 24 35 37 0 
2 9 11 27 0 
2 8 26 0 
4 5 12 13 23 37 38 0 
1 7 10 12 15 21 22 27 32 0 
7 8 10 11 16 17 18 20 22 33 38 0 
1 2 7 11 16 20 26 31 33 0 
18 25 26 30 33 36 0 
1 9 17 34 36 0 
3 11 14 18 21 27 28 33 34 0 
4 9 14 32 0 
9 36 38 0 
6 11 13 17 30 35 0 
1 2 3 11 25 32 33 36 0 
6 12 14 19 22 25 32 34 36 0 
1 3 21 32 0 
3 16 18 23 26 32 35 38 0 
3 13 18 20 22 25 31 32 36 0 
18 19 32 35 0 
15 22 25 26 28 29 0 
13 19 20 23 27 0 
5 6 10 15 17 20 21 24 25 28 29 34 0 
31 34 35 0 
4 6 7 22 34 0 
1 10 17 30 34 0 
9 10 11 12 23 0 
3 6 18 29 32 36 0 
5 7 9 10 26 29 31 0 
7 9 13 27 37 38 0 
2 15 19 22 32 38 0 
6 10 11 16 26 27 33 35 37 38 0 
2 3 8 9 16 22 26 28 0 
15 20 33 0 
7 11 23 25 34 38 0 
4 23 24 25 26 29 37 0 
3 8 17 18 31 32 0 
3 5 7 9 23 38 0 
3 15 23 31 37 0 
3 7 8 16 20 21 29 35 37 0 
3 8 10 17 19 24 34 35 0 
4 8 14 19 29 30 38 0 
7 8 9 11 16 26 29 32 38 0 
1 16 18 26 34 0 
14 28 32 35 38 0 
3 7 9 10 12 15 28 38 0 
5 9 10 18 19 22 32 0 
11 12 13 20 23 26 0 
9 28 37 0 
7 9 11 12 17 26 28 29 31 36 0 
1 2 7 14 20 25 28 0 
4 5 16 24 34 0 
4 10 19 24 25 0 
2 4 10 11 12 17 22 33 0 
1 6 8 11 21 26 29 36 0 
6 7 25 27 37 0 
2 11 21 34 36 0 
10 15 16 22 23 26 27 28 29 34 0 
1 11 13 15 28 37 38 0 
13 28 0 
1 3 12 13 26 27 28 29 38 0 
5 9 17 18 22 24 26 28 37 0 
5 6 12 23 33 35 0 
4 7 10 19 32 36 0 
2 5 9 20 29 34 0 
7 20 23 24 25 27 29 33 37 38 0 
18 24 28 0 
5 11 13 20 26 33 35 38 0 
4 6 9 11 14 23 28 29 38 0 
1 3 6 11 14 21 25 34 0 
4 6 7 9 20 0 
3 8 9 17 21 26 31 0 
2 6 8 9 12 15 17 18 24 28 31 32 35 38 0 
15 18 31 32 37 0 
9 37 0 
14 20 27 28 34 37 0 
1 10 11 14 22 23 26 27 35 36 0 
2 9 23 27 35 37 0 
3 6 8 10 12 15 20 23 0 
7 11 19 35 38 0 
7 14 19 20 21 23 29 33 0 
7 9 21 28 29 33 34 0 
14 16 29 33 34 0 
13 16 18 19 27 28 0 
12 13 17 20 24 27 33 0 
7 14 19 23 33 0 
1 21 22 0 
10 11 22 23 26 31 35 36 0 
3 7 11 17 0 
7 8 10 12 13 25 0 
1 5 13 38 0 
10 17 21 23 26 35 0 
7 11 18 25 27 29 35 36 0 
1 3 6 7 9 10 12 17 25 0 
3 5 21 28 0 
4 9 16 19 22 23 0 
1 8 9 11 24 31 36 37 0 
28 29 33 38 0 
3 6 19 20 22 30 0 
14 19 24 25 31 36 37 0 
3 4 14 15 16 17 23 26 27 28 0 
10 11 33 0 
9 16 23 27 37 0 
4 6 20 26 27 34 35 0 
10 14 31 38 0 
10 14 24 25 26 28 36 38 0 
8 16 29 0 
2 8 10 21 26 36 0 
2 8 13 19 26 28 34 0 
4 6 11 12 22 0 
1 2 8 10 18 31 0 
1 9 25 26 28 0 
2 4 7 14 26 31 33 38 0 
1 17 26 28 33 36 0 
2 8 10 11 14 20 22 23 24 26 32 38 0 
2 18 32 33 0 
1 5 8 12 20 24 32 37 0 
2 10 16 22 25 33 35 0 
3 4 12 17 20 31 32 37 0 
13 15 17 19 27 30 36 0 
1 2 3 7 9 12 18 0 
1 2 4 17 18 21 30 32 33 36 37 0 
1 3 8 10 16 35 0 
1 11 16 18 23 31 37 0 
3 6 16 24 30 31 38 0 
3 15 17 32 33 37 0 
3 5 9 10 14 16 17 26 32 0 
1 9 10 21 28 36 0 
1 8 28 29 31 33 36 0 
10 14 17 18 19 23 32 34 0 
1 6 19 25 26 37 0 
1 6 11 17 20 27 31 33 0 
1 8 9 16 28 34 0 
4 12 27 29 31 33 38 0 
4 11 13 19 21 23 24 26 33 37 0 
2 13 19 22 26 27 0 
1 14 20 32 34 0 
17 18 24 31 33 37 0 
13 14 27 30 33 34 35 38 0 
4 6 11 12 15 18 25 33 0 
1 4 27 28 29 35 0 
9 15 23 26 31 37 0 
1 3 8 9 24 38 0 
9 13 19 20 26 27 34 0 
1 13 34 35 0 
4 12 14 15 16 22 31 0 
9 16 19 21 23 31 34 0 
27 28 31 35 37 38 0 
3 8 12 0 
7 11 14 17 18 29 34 36 0 
10 11 12 25 30 0 
5 6 18 19 26 32 34 0 
4 11 15 20 0 
10 12 13 16 21 23 27 34 38 0 
10 11 16 21 0 
3 6 17 18 28 30 31 0 
5 7 19 21 24 26 31 36 37 38 0 
9 23 34 0 
5 11 18 25 28 30 0 
2 3 13 23 28 35 0 
1 14 19 20 21 22 25 26 33 35 0 
1 5 18 24 36 38 0 
1 2 3 6 10 16 31 0 
5 12 14 21 25 32 35 38 0 
5 10 13 17 21 34 0 
2 11 19 36 0 
5 9 17 34 37 0 
6 10 13 17 26 0 
6 7 17 21 34 0 
11 15 17 21 23 25 0 
8 16 18 31 0 
14 16 19 20 22 30 32 33 0 
3 34 0 
6 22 24 31 0 
7 9 16 22 24 27 29 0 
2 3 5 18 0 
3 10 11 13 16 18 26 31 35 38 0 
1 8 10 13 19 21 34 37 0 
1 4 6 8 15 30 0 
2 3 5 30 36 37 0 
5 30 33 37 0 
9 16 23 27 28 32 33 38 0 
3 11 21 0 
4 14 18 23 25 34 0 
7 12 17 19 34 0 
3 5 9 18 19 20 26 27 32 33 0 
8 10 14 27 29 0 
4 7 20 21 22 24 37 0 
4 8 9 14 15 20 22 29 31 0 
7 13 14 16 0 
9 22 24 29 34 36 0 
2 5 8 12 27 35 0 
2 4 5 8 10 16 38 0 
1 15 21 34 0 
10 16 28 29 0 
5 7 8 16 19 25 33 0 
2 3 5 9 12 22 35 0 
13 15 16 24 30 37 0 
4 7 11 18 25 28 31 32 0 
11 15 18 29 37 0 
16 20 35 36 37 0 
2 4 14 22 24 0 
4 10 18 22 25 30 31 35 0 
9 11 13 17 18 31 32 0 
6 35 37 0 
5 9 10 11 14 16 19 22 28 29 33 35 0 
3 5 9 15 22 32 35 38 0 
2 14 15 17 19 21 27 28 33 36 0 
7 9 20 35 0 
1 7 10 14 29 34 36 0 
15 16 17 29 34 36 0 
7 8 17 25 33 37 0 
10 18 37 0 
1 2 3 5 12 14 16 19 29 0 
4 7 20 32 36 0 
1 2 15 17 29 30 31 0 
1 2 19 24 33 0 
14 15 23 26 28 0 
18 20 21 27 0 
3 6 18 24 36 0 
6 11 15 21 23 31 35 0 
2 14 21 35 0 
7 10 25 37 0 
13 14 15 22 29 33 34 35 0 
12 21 22 35 36 0 
2 13 19 23 26 29 0 
15 19 21 29 0 
18 25 31 35 0 
1 4 8 12 14 24 30 0 
6 7 8 11 21 24 0 
12 17 23 24 25 27 30 0 
1 9 20 28 33 36 0 
5 7 14 15 19 25 32 34 0 
7 9 13 15 16 25 27 29 33 0 
14 15 20 21 24 26 27 0 
3 4 5 17 18 25 28 36 0 
1 7 14 16 19 21 26 27 29 32 33 0 
11 19 25 33 0 
2 8 9 10 27 0 
8 12 13 28 30 38 0 
4 13 24 26 36 0 
5 6 13 15 28 31 36 0 
4 8 18 21 29 32 0 
13 16 20 22 30 34 35 0 
1 18 21 23 24 25 34 0 
5 25 28 32 34 0 
3 6 8 28 33 0 
14 21 22 26 0 
7 14 20 27 36 0 
1 9 12 23 24 26 34 35 0 
1 2 8 16 21 22 26 36 0 
5 13 22 29 32 35 0 
5 21 29 30 31 32 0 
1 9 14 15 16 28 32 34 36 0 
4 12 20 25 36 0 
14 24 35 0 
4 5 13 16 19 25 30 31 35 0 
1 6 7 9 13 20 21 36 0 
2 3 12 17 18 22 0 
9 10 18 19 26 34 35 0 
5 10 13 15 17 19 0 
11 19 21 26 37 0 
1 3 13 15 16 18 19 20 22 25 29 32 0 
3 5 11 13 16 24 25 26 32 34 0 
9 11 18 24 29 0 
1 3 6 12 28 33 0 
7 17 25 28 33 34 37 38 0 
2 21 32 35 36 38 0 
2 12 23 27 28 31 32 35 38 0 
12 16 19 21 24 27 0 
1 6 17 25 29 32 33 37 0 
1 2 16 22 26 29 33 35 0 
3 8 22 23 29 37 0 
7 12 13 15 23 24 28 30 33 34 0 
1 15 19 21 30 0 
13 18 27 38 0 
3 13 26 30 35 0 
3 4 7 14 16 21 29 0 
9 17 20 21 22 30 31 35 36 0 
16 19 25 26 27 29 0 
2 7 17 30 34 0 
8 28 31 32 33 34 37 0 
7 14 16 25 35 0 
4 19 25 33 0 
9 15 29 35 36 0 
2 5 6 7 13 19 0 
3 5 14 24 34 35 0 
1 8 9 15 18 22 26 36 38 0 
1 3 12 19 27 33 34 38 0 
5 13 15 16 37 0 
1 11 16 22 23 25 31 37 0 
6 7 21 33 34 0 
1 6 10 11 17 29 36 0 
3 8 19 25 29 0 
5 13 26 27 32 34 0 
2 7 8 9 28 0 
3 4 10 12 13 17 19 21 28 37 0 
6 8 9 13 26 27 36 0 
16 28 29 36 0 
6 11 12 18 28 34 0 
10 13 14 22 24 30 31 0 
5 10 12 14 15 26 28 36 0 
4 9 23 24 25 31 36 0 
1 31 35 38 0 
2 4 17 18 30 31 37 0 
1 16 24 25 32 36 37 0 
1 7 10 12 25 33 0 
6 7 16 24 37 0 
10 15 20 25 37 0 
7 8 9 13 20 31 0 
15 27 30 33 34 0 
8 14 20 26 29 0 
12 26 27 28 29 30 0 
12 19 33 0 
7 16 19 20 0 
11 14 21 24 32 35 36 0 
3 8 12 14 26 28 0 
6 7 12 20 33 34 35 0 
2 7 26 27 35 0 
1 8 10 11 13 18 21 30 31 34 38 0 
7 8 9 11 30 0 
2 11 14 27 33 36 0 
2 7 13 19 20 37 0 
1 6 21 24 33 0 
3 15 19 23 25 26 34 0 
3 5 7 15 19 30 38 0 
20 23 26 33 38 0 
3 5 6 11 23 33 35 0 
3 4 10 23 0 
4 11 12 17 25 32 0 
13 14 15 19 37 0 
1 6 7 8 9 21 22 27 38 0 
2 8 9 11 17 21 0 
10 21 23 26 28 38 0 
2 7 8 9 22 26 0 
7 14 16 18 20 24 36 37 0 
2 14 15 16 18 22 24 28 32 0 
3 6 7 11 26 28 30 34 0 
11 17 26 32 38 0 
3 9 12 14 19 26 28 0 
4 9 10 25 0 
3 4 16 24 25 27 28 0 
2 5 10 13 14 21 26 33 34 36 38 0 
17 23 29 33 34 0 
1 7 9 12 19 0 
4 22 30 31 35 0 
6 13 14 19 21 22 28 30 36 0 
8 11 13 15 25 31 34 0 
4 5 9 12 14 17 20 23 27 30 0 
1 7 8 11 13 16 30 35 0 
2 5 6 8 16 22 29 0 
1 8 26 30 32 38 0 
7 18 20 22 23 0 
10 14 22 35 38 0 
-6 -15 -17 -18 -24 -38 0 
-1 -3 -9 -13 -14 -17 -37 0 
-5 -6 -11 -19 -28 -36 0 
-7 -10 -14 -17 -33 -37 0 
-1 -5 -9 -14 -26 -37 0 
-6 -12 -13 -21 -31 -32 -38 0 
-2 -9 -10 -15 -27 -28 0 
-8 -29 -30 0 
-6 -12 -21 -23 -27 -28 0 
-4 -8 -19 -34 0 
-1 -3 -8 -17 -24 -28 0 
-2 -6 -10 -12 -13 -26 -29 -31 -32 0 
-7 -11 -16 -17 -30 0 
-5 -6 -13 -16 -19 -29 -35 -38 0 
-8 -25 -27 -28 -30 -36 0 
-1 -8 -10 -18 -23 -28 0 
-7 -8 -16 -18 -20 -24 -26 -29 -30 -32 -33 -37 0 
-5 -15 -25 -28 -32 -34 -36 0 
-7 -12 -18 -20 -21 -23 -28 0 
-6 -11 -20 -22 -26 -36 -37 0 
-2 -6 -14 -21 -32 0 
-3 -7 -17 -20 -24 -32 -34 0 
-2 -4 -9 -10 -13 -28 -34 -35 -38 0 
-18 -19 -29 -30 0 
-1 -3 -8 -24 -31 0 
-7 -10 -12 -16 -18 -29 -31 0 
-4 -11 -12 -16 -17 -18 -30 -32 -34 0 
-2 -17 -37 0 
-2 -13 -15 -17 -20 -25 -26 -27 -32 -33 -34 0 
-3 -5 -13 -20 -29 -31 -33 -34 -38 0 
-13 -19 -29 -37 0 
-10 -12 -23 -24 -27 -34 -35 -37 0 
-5 -9 -12 -16 -31 -33 -35 -37 0 
-4 -6 -7 -12 -13 -24 -26 -27 -35 -37 0 
-7 -10 -14 -27 -31 -37 -38 0 
-9 -11 -14 -28 -31 0 
-19 -21 -32 -37 0 
-9 -14 -22 -23 -24 -25 -31 -32 -34 -35 -37 0 
-1 -2 -16 -35 -37 0 
-5 -8 -20 -23 -25 -26 -31 0 
-3 -8 -19 -21 -28 -38 0 
-1 -5 -14 -17 -21 -30 -31 0 
-11 -12 -17 -20 -22 -23 -25 -26 -27 -30 -31 -38 0 
-9 -11 -15 -17 -28 0 
-4 -21 -28 -32 -37 0 
-2 -4 -12 -20 -29 -38 0 
-2 -7 -8 -14 -19 -27 -31 -35 -36 0 
-1 -5 -6 -15 -23 -24 -35 -37 0 
-2 -9 -11 -27 0 
-2 -8 -26 0 
-4 -5 -12 -13 -23 -37 -38 0 
-1 -7 -10 -12 -15 -21 -22 -27 -32 0 
-7 -8 -10 -11 -16 -17 -18 -20 -22 -33 -38 0 
-1 -2 -7 -11 -16 -20 -26 -31 -33 0 
-18 -25 -26 -30 -33 -36 0 
-1 -9 -17 -34 -36 0 
-3 -11 -14 -18 -21 -27 -28 -33 -34 0 
-4 -9 -14 -32 0 
-9 -36 -38 0 
-6 -11 -13 -17 -30 -35 0 
-1 -2 -3 -11 -25 -32 -33 -36 0 
-6 -12 -14 -19 -22 -25 -32 -34 -36 0 
-1 -3 -21 -32 0 
-3 -16 -18 -23 -26 -32 -35 -38 0 
-3 -13 -18 -20 -22 -25 -31 -32 -36 0 
-18 -19 -32 -35 0 
-15 -22 -25 -26 -28 -29 0 
-13 -19 -20 -23 -27 0 
-5 -6 -10 -15 -17 -20 -21 -24 -25 -28 -29 -34 0 
-31 -34 -35 0 
-4 -6 -7 -22 -34 0 
-1 -10 -17 -30 -34 0 
-9 -10 -11 -12 -23 0 
-3 -6 -18 -29 -32 -36 0 
-5 -7 -9 -10 -26 -29 -31 0 
-7 -9 -13 -27 -37 -38 0 
-2 -15 -19 -22 -32 -38 0 
-6 -10 -11 -16 -26 -27 -33 -35 -37 -38 0 
-2 -3 -8 -9 -16 -22 -26 -28 0 
-15 -20 -33 0 
-7 -11 -23 -25 -34 -38 0 
-4 -23 -24 -25 -26 -29 -37 0 
-3 -8 -17 -18 -31 -32 0 
-3 -5 -7 -9 -23 -38 0 
-3 -15 -23 -31 -37 0 
-3 -7 -8 -16 -20 -21 -29 -35 -37 0 
-3 -8 -10 -17 -19 -24 -34 -35 0 
-4 -8 -14 -19 -29 -30 -38 0 
-7 -8 -9 -11 -16 -26 -29 -32 -38 0 
-1 -16 -18 -26 -34 0 
-14 -28 -32 -35 -38 0 
-3 -7 -9 -10 -12 -15 -28 -38 0 
-5 -9 -10 -18 -19 -22 -32 0 
-11 -12 -13 -20 -23 -26 0 
-9 -28 -37 0 
-7 -9 -11 -12 -17 -26 -28 -29 -31 -36 0 
-1 -2 -7 -14 -20 -25 -28 0 
-4 -5 -16 -24 -34 0 
-4 -10 -19 -24 -25 0 
-2 -4 -10 -11 -12 -17 -22 -33 0 
-1 -6 -8 -11 -21 -26 -29 -36 0 
-6 -7 -25 -27 -37 0 
-2 -11 -21 -34 -36 0 
-10 -15 -16 -22 -23 -26 -27 -28 -29 -34 0 
-1 -11 -13 -15 -28 -37 -38 0 
-13 -28 0 
-1 -3 -12 -13 -26 -27 -28 -29 -38 0 
-5 -9 -17 -18 -22 -24 -26 -28 -37 0 
-5 -6 -12 -23 -33 -35 0 
-4 -7 -10 -19 -32 -36 0 
-2 -5 -9 -20 -29 -34 0 
-7 -20 -23 -24 -25 -27 -29 -33 -37 -38 0 
-18 -24 -28 0 
-5 -11 -13 -20 -26 -33 -35 -38 0 
-4 -6 -9 -11 -14 -23 -28 -29 -38 0 
-1 -3 -6 -11 -14 -21 -25 -34 0 
-4 -6 -7 -9 -20 0 
-3 -8 -9 -17 -21 -26 -31 0 
-2 -6 -8 -9 -12 -15 -17 -18 -24 -28 -31 -32 -35 -38 0 
-15 -18 -31 -32 -37 0 
-9 -37 0 
-14 -20 -27 -28 -34 -37 0 
-1 -10 -11 -14 -22 -23 -26 -27 -35 -36 0 
-2 -9 -23 -27 -35 -37 0 
-3 -6 -8 -10 -12 -15 -20 -23 0 
-7 -11 -19 -35 -38 0 
-7 -14 -19 -20 -21 -23 -29 -33 0 
-7 -9 -21 -28 -29 -33 -34 0 
-14 -16 -29 -33 -34 0 
-13 -16 -18 -19 -27 -28 0 
-12 -13 -17 -20 -24 -27 -33 0 
-7 -14 -19 -23 -33 0 
-1 -21 -22 0 
-10 -11 -22 -23 -26 -31 -35 -36 0 
-3 -7 -11 -17 0 
-7 -8 -10 -12 -13 -25 0 
-1 -5 -13 -38 0 
-10 -17 -21 -23 -26 -35 0 
-7 -11 -18 -25 -27 -29 -35 -36 0 
-1 -3 -6 -7 -9 -10 -12 -17 -25 0 
-3 -5 -21 -28 0 
-4 -9 -16 -19 -22 -23 0 
-1 -8 -9 -11 -24 -31 -36 -37 0 
-28 -29 -33 -38 0 
-3 -6 -19 -20 -22 -30 0 
-14 -19 -24 -25 -31 -36 -37 0 
-3 -4 -14 -15 -16 -17 -23 -26 -27 -28 0 
-10 -11 -33 0 
-9 -16 -23 -27 -37 0 
-4 -6 -20 -26 -27 -34 -35 0 
-10 -14 -31 -38 0 
-10 -14 -24 -25 -26 -28 -36 -38 0 
-8 -16 -29 0 
-2 -8 -10 -21 -26 -36 0 
-2 -8 -13 -19 -26 -28 -34 0 
-4 -6 -11 -12 -22 0 
-1 -2 -8 -10 -18 -31 0 
-1 -9 -25 -26 -28 0 
-2 -4 -7 -14 -26 -31 -33 -38 0 
-1 -17 -26 -28 -33 -36 0 
-2 -8 -10 -11 -14 -20 -22 -23 -24 -26 -32 -38 0 
-2 -18 -32 -33 0 
-1 -5 -8 -12 -20 -24 -32 -37 0 
-2 -10 -16 -22 -25 -33 -35 0 
-3 -4 -12 -17 -20 -31 -32 -37 0 
-13 -15 -17 -19 -27 -30 -36 0 
-1 -2 -3 -7 -9 -12 -18 0 
-1 -2 -4 -17 -18 -21 -30 -32 -33 -36 -37 0 
-1 -3 -8 -10 -16 -35 0 
-1 -11 -16 -18 -23 -31 -37 0 
-3 -6 -16 -24 -30 -31 -38 0 
-3 -15 -17 -32 -33 -37 0 
-3 -5 -9 -10 -14 -16 -17 -26 -32 0 
-1 -9 -10 -21 -28 -36 0 
-1 -8 -28 -29 -31 -33 -36 0 
-10 -14 -17 -18 -19 -23 -32 -34 0 
-1 -6 -19 -25 -26 -37 0 
-1 -6 -11 -17 -20 -27 -31 -33 0 
-1 -8 -9 -16 -28 -34 0 
-4 -12 -27 -29 -31 -33 -38 0 
-4 -11 -13 -19 -21 -23 -24 -26 -33 -37 0 
-2 -13 -19 -22 -26 -27 0 
-1 -14 -20 -32 -34 0 
-17 -18 -24 -31 -33 -37 0 
-13 -14 -27 -30 -33 -34 -35 -38 0 
-4 -6 -11 -12 -15 -18 -25 -33 0 
-1 -4 -27 -28 -29 -35 0 
-9 -15 -23 -26 -31 -37 0 
-1 -3 -8 -9 -24 -38 0 
-9 -13 -19 -20 -26 -27 -34 0 
-1 -13 -34 -35 0 
-4 -12 -14 -15 -16 -22 -31 0 
-9 -16 -19 -21 -23 -31 -34 0 
-27 -28 -31 -35 -37 -38 0 
-3 -8 -12 0 
-7 -11 -14 -17 -18 -29 -34 -36 0 
-10 -11 -12 -25 -30 0 
-5 -6 -18 -19 -26 -32 -34 0 
-4 -11 -15 -20 0 
-10 -12 -13 -16 -21 -23 -27 -34 -38 0 
-10 -11 -16 -21 0 
-3 -6 -17 -18 -28 -30 -31 0 
-5 -7 -19 -21 -24 -26 -31 -36 -37 -38 0 
-9 -23 -34 0 
-5 -11 -18 -25 -28 -30 0 
-2 -3 -13 -23 -28 -35 0 
-1 -14 -19 -20 -21 -22 -25 -26 -33 -35 0 
-1 -5 -18 -24 -36 -38 0 
-1 -2 -3 -6 -10 -16 -31 0 
-5 -12 -14 -21 -25 -32 -35 -38 0 
-5 -10 -13 -17 -21 -34 0 
-2 -11 -19 -36 0 
-5 -9 -17 -34 -37 0 
-6 -10 -13 -17 -26 0 
-6 -7 -17 -21 -34 0 
-11 -15 -17 -21 -23 -25 0 
-8 -16 -18 -31 0 
-14 -16 -19 -20 -22 -30 -32 -33 0 
-3 -34 0 
-6 -22 -24 -31 0 
-7 -9 -16 -22 -24 -27 -29 0 
-2 -3 -5 -18 0 
-3 -10 -11 -13 -16 -18 -26 -31 -35 -38 0 
-1 -8 -10 -13 -19 -21 -34 -37 0 
-1 -4 -6 -8 -15 -30 0 
-2 -3 -5 -30 -36 -37 0 
-5 -30 -33 -37 0 
-9 -16 -23 -27 -28 -32 -33 -38 0 
-3 -11 -21 0 
-4 -14 -18 -23 -25 -34 0 
-7 -12 -17 -19 -34 0 
-3 -5 -9 -18 -19 -20 -26 -27 -32 -33 0 
-8 -10 -14 -27 -29 0 
-4 -7 -20 -21 -22 -24 -37 0 
-4 -8 -9 -14 -15 -20 -22 -29 -31 0 
-7 -13 -14 -16 0 
-9 -22 -24 -29 -34 -36 0 
-2 -5 -8 -12 -27 -35 0 
-2 -4 -5 -8 -10 -16 -38 0 
-1 -15 -21 -34 0 
-10 -16 -28 -29 0 
-5 -7 -8 -16 -19 -25 -33 0 
-2 -3 -5 -9 -12 -22 -35 0 
-13 -15 -16 -24 -30 -37 0 
-4 -7 -11 -18 -25 -28 -31 -32 0 
-11 -15 -18 -29 -37 0 
-16 -20 -35 -36 -37 0 
-2 -4 -14 -22 -24 0 
-4 -10 -18 -22 -25 -30 -31 -35 0 
-9 -11 -13 -17 -18 -31 -32 0 
-6 -35 -37 0 
-5 -9 -10 -11 -14 -16 -19 -22 -28 -29 -33 -35 0 
-3 -5 -9 -15 -22 -32 -35 -38 0 
-2 -14 -15 -17 -19 -21 -27 -28 -33 -36 0 
-7 -9 -20 -35 0 
-1 -7 -10 -14 -29 -34 -36 0 
-15 -16 -17 -29 -34 -36 0 
-7 -8 -17 -25 -33 -37 0 
-10 -18 -37 0 
-1 -2 -3 -5 -12 -14 -16 -19 -29 0 
-4 -7 -20 -32 -36 0 
-1 -2 -15 -17 -29 -30 -31 0 
-1 -2 -19 -24 -33 0 
-14 -15 -23 -26 -28 0 
-18 -20 -21 -27 0 
-3 -6 -18 -24 -36 0 
-6 -11 -15 -21 -23 -31 -35 0 
-2 -14 -21 -35 0 
-7 -10 -25 -37 0 
-13 -14 -15 -22 -29 -33 -34 -35 0 
-12 -21 -22 -35 -36 0 
-2 -13 -19 -23 -26 -29 0 
-15 -19 -21 -29 0 
-18 -25 -31 -35 0 
-1 -4 -8 -12 -14 -24 -30 0 
-6 -7 -8 -11 -21 -24 0 
-12 -17 -23 -24 -25 -27 -30 0 
-1 -9 -20 -28 -33 -36 0 
-5 -7 -14 -15 -19 -25 -32 -34 0 
-7 -9 -13 -15 -16 -25 -27 -29 -33 0 
-14 -15 -20 -21 -24 -26 -27 0 
-3 -4 -5 -17 -18 -25 -28 -36 0 
-1 -7 -14 -16 -19 -21 -26 -27 -29 -32 -33 0 
-11 -19 -25 -33 0 
-2 -8 -9 -10 -27 0 
-8 -12 -13 -28 -30 -38 0 
-4 -13 -24 -26 -36 0 
-5 -6 -13 -15 -28 -31 -36 0 
-4 -8 -18 -21 -29 -32 0 
-13 -16 -20 -22 -30 -34 -35 0 
-1 -18 -21 -23 -24 -25 -34 0 
-5 -25 -28 -32 -34 0 
-3 -6 -8 -28 -33 0 
-14 -21 -22 -26 0 
-7 -14 -20 -27 -36 0 
-1 -9 -12 -23 -24 -26 -34 -35 0 
-1 -2 -8 -16 -21 -22 -26 -36 0 
-5 -13 -22 -29 -32 -35 0 
-5 -21 -29 -30 -31 -32 0 
-1 -9 -14 -15 -16 -28 -32 -34 -36 0 
-4 -12 -20 -25 -36 0 
-14 -24 -35 0 
-4 -5 -13 -16 -19 -25 -30 -31 -35 0 
-1 -6 -7 -9 -13 -20 -21 -36 0 
-2 -3 -12 -17 -18 -22 0 
-9 -10 -18 -19 -26 -34 -35 0 
-5 -10 -13 -15 -17 -19 0 
-11 -19 -21 -26 -37 0 
-1 -3 -13 -15 -16 -18 -19 -20 -22 -25 -29 -32 0 
-3 -5 -11 -13 -16 -24 -25 -26 -32 -34 0 
-9 -11 -18 -24 -29 0 
-1 -3 -6 -12 -28 -33 0 
-7 -17 -25 -28 -33 -34 -37 -38 0 
-2 -21 -32 -35 -36 -38 0 
-2 -12 -23 -27 -28 -31 -32 -35 -38 0 
-12 -16 -19 -21 -24 -27 0 
-1 -6 -17 -25 -29 -32 -33 -37 0 
-1 -2 -16 -22 -26 -29 -33 -35 0 
-3 -8 -22 -23 -29 -37 0 
-7 -12 -13 -15 -23 -24 -28 -30 -33 -34 0 
-1 -15 -19 -21 -30 0 
-13 -18 -27 -38 0 
-3 -13 -26 -30 -35 0 
-3 -4 -7 -14 -16 -21 -29 0 
-9 -17 -20 -21 -22 -30 -31 -35 -36 0 
-16 -19 -25 -26 -27 -29 0 
-2 -7 -17 -30 -34 0 
-8 -28 -31 -32 -33 -34 -37 0 
-7 -14 -16 -25 -35 0 
-4 -19 -25 -33 0 
-9 -15 -29 -35 -36 0 
-2 -5 -6 -7 -13 -19 0 
-3 -5 -14 -24 -34 -35 0 
-1 -8 -9 -15 -18 -22 -26 -36 -38 0 
-1 -3 -12 -19 -27 -33 -34 -38 0 
-5 -13 -15 -16 -37 0 
-1 -11 -16 -22 -23 -25 -31 -37 0 
-6 -7 -21 -33 -34 0 
-1 -6 -10 -11 -17 -29 -36 0 
-3 -8 -19 -25 -29 0 
-5 -13 -26 -27 -32 -34 0 
-2 -7 -8 -9 -28 0 
-3 -4 -10 -12 -13 -17 -19 -21 -28 -37 0 
-6 -8 -9 -13 -26 -27 -36 0 
-16 -28 -29 -36 0 
-6 -11 -12 -18 -28 -34 0 
-10 -13 -14 -22 -24 -30 -31 0 
-5 -10 -12 -14 -15 -26 -28 -36 0 
-4 -9 -23 -24 -25 -31 -36 0 
-1 -31 -35 -38 0 
-2 -4 -17 -18 -30 -31 -37 0 
-1 -16 -24 -25 -32 -36 -37 0 
-1 -7 -10 -12 -25 -33 0 
-6 -7 -16 -24 -37 0 
-10 -15 -20 -25 -37 0 
-7 -8 -9 -13 -20 -31 0 
-15 -27 -30 -33 -34 0 
-8 -14 -20 -26 -29 0 
-12 -26 -27 -28 -29 -30 0 
-12 -19 -33 0 
-7 -16 -19 -20 0 
-11 -14 -21 -24 -32 -35 -36 0 
-3 -8 -12 -14 -26 -28 0 
-6 -7 -12 -20 -33 -34 -35 0 
-2 -7 -26 -27 -35 0 
-1 -8 -10 -11 -13 -18 -21 -30 -31 -34 -38 0 
-7 -8 -9 -11 -30 0 
-2 -11 -14 -27 -33 -36 0 
-2 -7 -13 -19 -20 -37 0 
-1 -6 -21 -24 -33 0 
-3 -15 -19 -23 -25 -26 -34 0 
-3 -5 -7 -15 -19 -30 -38 0 
-20 -23 -26 -33 -38 0 
-3 -5 -6 -11 -23 -33 -35 0 
-3 -4 -10 -23 0 
-4 -11 -12 -17 -25 -32 0 
-13 -14 -15 -19 -37 0 
-1 -6 -7 -8 -9 -21 -22 -27 -38 0 
-2 -8 -9 -11 -17 -21 0 
-10 -21 -23 -26 -28 -38 0 
-2 -7 -8 -9 -22 -26 0 
-7 -14 -16 -18 -20 -24 -36 -37 0 
-2 -14 -15 -16 -18 -22 -24 -28 -32 0 
-3 -6 -7 -11 -26 -28 -30 -34 0 
-11 -17 -26 -32 -38 0 
-3 -9 -12 -14 -19 -26 -28 0 
-4 -9 -10 -25 0 
-3 -4 -16 -24 -25 -27 -28 0 
-2 -5 -10 -13 -14 -21 -26 -33 -34 -36 -38 0 
-17 -23 -29 -33 -34 0 
-1 -7 -9 -12 -19 0 
-4 -22 -30 -31 -35 0 
-6 -13 -14 -19 -21 -22 -28 -30 -36 0 
-8 -11 -13 -15 -25 -31 -34 0 
-4 -5 -9 -12 -14 -17 -20 -23 -27 -30 0 
-1 -7 -8 -11 -13 -16 -30 -35 0 
-2 -5 -6 -8 -16 -22 -29 0 
-1 -8 -26 -30 -32 -38 0 
-7 -18 -20 -22 -23 0 
-10 -14 -22 -35 -38 0 
