p cnf 38 800
1 3 5 6 10 16 20 26 27 31 36 0 
1 6 15 21 30 32 0 
3 10 21 26 28 36 0 
5 11 20 24 32 0 
12 28 29 37 0 
7 9 15 16 17 26 30 32 0 
2 10 12 13 14 17 26 29 31 0 
7 9 14 21 25 27 31 32 36 37 0 
3 8 20 27 29 31 0 
2 4 11 12 13 16 19 23 29 38 0 
3 11 13 22 24 32 35 0 
2 3 14 17 23 31 34 35 36 0 
11 17 20 26 27 30 32 0 
3 10 14 18 28 32 0 
1 4 12 16 25 36 0 
3 4 12 14 21 30 0 
1 10 16 26 0 
6 10 11 14 18 21 23 30 34 0 
2 3 9 17 28 37 0 
16 17 21 25 27 28 31 0 
7 18 22 23 33 0 
8 10 12 19 23 0 
3 9 0 
1 22 25 27 30 31 38 0 
19 25 31 32 0 
18 25 28 31 0 
5 9 10 11 21 31 32 34 35 0 
9 16 20 21 22 29 34 0 
2 5 9 15 16 23 0 
14 17 20 21 30 0 
5 10 18 22 29 33 0 
15 18 22 26 28 29 31 32 36 37 0 
3 5 10 20 29 0 
8 9 10 12 18 21 29 30 37 0 
11 13 15 21 22 28 29 34 0 
4 6 14 23 24 27 30 34 36 0 
2 8 15 26 30 0 
14 15 32 35 0 
12 23 30 31 0 
3 32 0 
6 10 22 24 31 33 38 0 
12 26 28 31 36 0 
8 11 24 29 33 0 
7 9 12 14 17 19 22 24 26 36 0 
8 16 18 19 21 31 33 37 0 
4 9 12 28 35 0 
12 16 23 33 37 0 
10 15 20 23 27 31 0 
3 4 21 31 34 0 
3 7 21 33 0 
3 12 18 21 22 26 30 34 36 0 
12 14 16 21 28 30 37 0 
8 9 21 22 36 0 
8 13 15 18 24 0 
1 13 20 23 24 25 31 34 0 
1 4 16 34 37 0 
11 13 15 18 20 23 25 27 0 
8 9 12 15 0 
4 22 38 0 
5 28 33 36 0 
7 10 12 21 23 25 28 0 
3 6 11 14 16 20 21 27 28 35 0 
15 19 28 35 0 
5 8 9 11 18 19 0 
13 14 16 17 33 0 
7 20 24 29 35 0 
13 14 16 26 32 34 35 0 
8 10 27 34 36 0 
1 4 18 24 35 0 
1 13 16 26 31 34 36 0 
2 4 5 12 15 16 19 0 
14 25 33 36 37 38 0 
14 18 26 30 36 0 
16 20 23 24 36 0 
3 7 11 14 15 17 26 27 0 
7 13 16 17 19 30 32 0 
14 29 34 36 0 
1 5 8 24 26 29 32 34 36 0 
8 20 24 28 31 38 0 
2 21 27 35 0 
7 22 29 32 34 35 0 
8 18 22 32 35 0 
10 11 13 16 30 0 
1 6 10 16 26 28 30 0 
9 12 14 24 33 0 
9 28 29 37 38 0 
2 8 12 13 23 27 30 37 38 0 
3 8 10 12 27 28 34 38 0 
5 7 12 25 37 0 
2 9 11 25 31 0 
1 8 13 14 18 20 32 0 
2 5 15 24 33 35 36 0 
1 4 5 33 34 0 
3 4 12 15 36 0 
1 7 9 11 14 15 17 23 38 0 
6 20 28 34 37 0 
1 6 16 25 27 33 37 0 
3 11 14 23 29 30 34 0 
3 5 16 18 20 23 29 0 
12 16 17 22 31 33 34 36 0 
1 9 20 25 26 27 30 31 33 0 
5 6 8 10 20 24 30 32 38 0 
5 15 29 0 
17 20 25 27 29 32 33 35 0 
4 12 15 16 24 0 
1 6 10 14 16 22 0 
5 8 11 18 0 
17 20 31 33 38 0 
24 30 31 0 
6 12 27 30 34 35 0 
1 5 13 28 34 37 0 
3 17 25 27 31 0 
5 6 9 11 12 14 20 21 25 0 
1 7 9 14 17 22 24 27 29 32 34 0 
14 23 25 31 38 0 
8 11 22 25 30 0 
3 7 12 17 19 27 32 33 34 38 0 
5 16 25 31 35 0 
4 5 11 34 37 38 0 
3 9 12 15 19 29 33 0 
1 7 18 20 21 29 0 
4 5 11 15 20 29 30 35 0 
1 10 13 19 21 23 37 0 
11 15 22 23 24 30 36 37 0 
2 17 25 31 34 0 
3 4 7 11 17 20 35 36 0 
2 5 10 11 12 20 21 24 30 0 
5 7 9 17 22 29 31 34 0 
1 3 10 17 23 24 0 
16 17 18 22 25 37 0 
2 7 8 10 16 20 22 34 35 36 0 
4 5 9 0 
1 4 12 13 21 26 0 
2 6 7 8 11 16 21 23 26 28 0 
8 15 16 17 29 30 32 0 
3 11 16 18 23 32 34 36 0 
3 14 23 24 25 34 36 37 0 
15 21 23 30 33 35 0 
4 10 13 14 22 34 0 
2 6 12 18 28 38 0 
3 6 7 14 16 37 0 
10 15 18 19 20 26 35 0 
7 24 30 31 32 0 
2 10 11 13 19 22 34 0 
20 24 31 33 0 
7 8 16 19 28 30 31 0 
4 8 12 0 
2 5 12 13 15 16 33 36 0 
2 12 16 17 35 0 
5 6 24 37 0 
2 20 30 32 36 0 
3 11 13 16 19 20 28 29 35 0 
10 11 18 26 27 30 0 
3 15 18 27 30 32 34 38 0 
1 6 12 13 21 23 26 28 30 33 36 0 
2 6 14 17 20 21 23 24 29 32 37 38 0 
1 7 9 17 22 24 26 28 31 0 
3 13 16 17 20 21 29 32 35 0 
4 15 22 23 30 32 36 0 
5 14 19 28 36 0 
3 7 11 16 21 23 26 27 37 0 
1 3 4 8 18 25 30 0 
5 6 31 34 0 
1 2 8 19 23 29 31 34 0 
1 8 12 29 30 33 38 0 
9 20 21 25 29 32 0 
3 23 25 30 0 
1 3 7 10 14 16 18 0 
1 4 6 14 15 19 0 
5 11 17 25 32 0 
1 4 20 33 36 0 
10 15 16 19 21 28 38 0 
2 3 12 22 23 28 32 33 0 
6 8 9 16 19 24 26 31 0 
10 19 23 37 0 
3 4 8 14 17 33 35 36 0 
4 10 18 23 32 35 0 
1 5 15 32 35 0 
1 7 10 12 0 
1 7 23 31 33 34 0 
2 5 8 10 20 30 32 37 0 
20 24 34 0 
9 15 29 33 0 
10 11 13 31 34 0 
6 19 22 23 26 33 0 
2 3 10 16 32 34 0 
7 22 25 34 36 0 
10 12 17 18 19 20 25 30 33 35 37 0 
2 7 8 10 21 30 36 0 
7 8 9 11 16 18 22 26 0 
12 14 18 21 23 26 28 32 35 38 0 
2 9 19 23 26 28 30 31 0 
3 4 11 17 26 32 34 35 0 
1 4 5 13 26 31 32 0 
24 25 27 32 34 0 
3 4 5 30 33 0 
8 12 15 16 17 25 29 38 0 
1 3 6 7 13 20 32 34 36 38 0 
1 3 4 5 7 18 21 25 29 0 
4 17 21 25 26 0 
3 5 6 11 12 22 23 26 27 28 34 38 0 
1 2 16 21 24 26 31 35 0 
2 5 6 15 35 0 
3 4 17 30 0 
7 10 18 19 23 29 33 0 
8 9 12 18 21 22 23 27 0 
9 10 11 28 38 0 
14 16 19 20 31 0 
2 8 13 18 20 24 0 
2 5 19 20 25 0 
2 8 11 34 38 0 
8 11 14 16 19 22 25 29 31 0 
2 3 7 13 17 21 23 26 28 38 0 
6 9 12 13 24 32 0 
7 12 21 27 28 30 36 0 
1 5 10 16 27 31 32 35 38 0 
10 32 33 0 
13 16 17 24 36 0 
1 2 4 15 24 29 35 37 38 0 
6 19 20 22 31 33 0 
4 6 7 10 13 17 23 27 29 33 0 
6 10 17 27 0 
7 9 18 21 35 0 
3 7 8 10 14 20 21 22 23 27 32 34 0 
4 15 22 32 0 
3 21 25 27 33 38 0 
8 14 16 27 28 29 0 
2 12 20 26 28 29 31 33 0 
2 4 8 13 14 26 33 0 
10 12 16 22 28 29 30 33 38 0 
3 10 14 15 20 29 33 0 
1 16 19 21 34 38 0 
15 16 20 21 27 29 0 
5 18 21 31 34 0 
9 22 23 26 32 34 38 0 
1 3 6 11 16 22 26 27 28 0 
3 6 9 16 23 26 29 30 34 37 0 
2 5 11 16 22 38 0 
1 3 7 11 15 17 25 27 32 0 
1 6 11 12 20 22 23 33 34 35 0 
5 6 8 26 33 0 
2 6 10 13 20 30 33 34 0 
16 18 20 25 32 0 
7 16 25 27 0 
8 17 28 29 38 0 
2 3 10 21 28 29 30 0 
15 22 32 34 38 0 
3 5 6 9 11 22 25 35 0 
1 2 8 11 15 16 21 35 38 0 
1 4 16 22 23 30 0 
12 19 28 35 0 
5 8 11 12 16 20 36 0 
2 6 7 12 13 18 23 27 30 37 0 
5 9 15 22 32 33 37 0 
4 15 16 32 37 0 
7 9 21 29 31 34 38 0 
3 5 22 37 0 
1 2 7 9 18 19 27 34 37 0 
4 9 11 21 23 25 29 32 0 
9 13 15 16 17 20 36 37 38 0 
1 3 11 13 16 18 34 36 38 0 
4 12 13 25 38 0 
6 14 17 29 34 37 0 
7 13 17 23 31 33 0 
3 13 17 23 24 27 29 34 37 0 
7 13 15 24 33 0 
5 6 14 16 23 25 28 35 37 0 
1 3 4 10 16 0 
8 13 14 19 21 26 28 34 0 
5 22 26 28 30 35 0 
1 8 9 26 30 35 0 
6 11 19 20 29 34 38 0 
2 9 29 30 33 35 37 0 
6 11 16 18 22 27 35 0 
13 20 24 28 0 
1 3 5 13 16 18 24 26 33 0 
2 4 10 14 16 24 0 
4 5 9 11 15 26 31 32 0 
10 15 16 18 19 24 36 0 
5 18 23 28 33 0 
5 9 10 16 19 37 0 
9 10 12 18 20 24 0 
4 5 12 14 19 21 24 30 31 34 37 0 
4 6 9 13 17 0 
9 27 33 36 0 
1 13 21 23 29 33 34 0 
2 4 15 29 30 31 33 0 
3 7 9 21 22 31 0 
8 13 15 19 24 27 28 29 0 
4 6 10 16 33 0 
5 13 14 28 30 0 
3 5 23 26 33 0 
6 10 12 15 0 
10 21 34 37 0 
4 5 12 13 16 25 0 
6 8 9 14 15 23 30 0 
1 14 26 0 
6 12 18 22 27 32 34 37 0 
1 5 29 31 34 37 0 
3 6 11 16 20 21 31 0 
3 9 11 22 31 34 0 
2 4 5 8 9 12 32 35 36 38 0 
1 21 24 29 0 
2 3 4 11 18 27 31 32 0 
5 6 11 15 16 27 35 38 0 
15 27 35 0 
1 3 29 32 0 
3 6 16 25 35 38 0 
8 14 18 25 29 0 
2 4 7 16 18 20 21 22 23 25 35 0 
10 12 14 29 0 
1 6 17 24 25 29 32 38 0 
3 11 20 29 38 0 
1 5 17 21 23 30 32 36 37 0 
6 15 23 25 28 33 34 35 36 0 
5 10 12 16 20 25 26 37 0 
2 15 21 28 34 0 
11 20 26 35 0 
3 4 15 16 21 22 25 29 35 0 
2 7 21 22 23 24 26 27 28 34 0 
2 4 15 21 32 33 0 
4 10 24 27 28 30 34 0 
1 4 6 25 26 27 38 0 
5 14 17 26 32 36 0 
2 17 19 29 38 0 
9 12 20 25 30 31 33 34 35 38 0 
1 5 8 9 13 17 21 0 
2 9 10 28 29 32 34 0 
1 11 12 14 21 28 34 0 
3 11 16 23 25 0 
3 13 25 26 34 35 0 
5 11 16 24 26 33 38 0 
11 18 20 31 36 0 
7 28 30 37 0 
14 22 33 0 
8 12 13 19 20 31 32 0 
7 15 18 26 34 37 38 0 
1 8 12 22 24 0 
1 4 7 15 16 21 28 32 0 
14 21 26 33 35 0 
2 8 14 18 0 
5 6 17 20 36 0 
8 12 13 30 0 
10 15 26 28 31 38 0 
20 26 28 30 36 0 
9 18 21 30 38 0 
3 4 17 18 23 32 35 0 
2 3 15 17 19 25 27 0 
3 5 10 15 16 24 31 0 
11 14 17 30 32 34 38 0 
20 23 38 0 
4 7 8 27 30 31 32 33 37 0 
1 11 12 15 18 19 21 27 29 0 
8 15 16 17 22 24 35 38 0 
1 10 19 24 26 31 0 
8 9 11 13 14 18 0 
15 28 29 32 33 0 
8 11 16 35 38 0 
3 11 13 14 21 25 31 32 37 0 
1 4 6 7 9 12 32 34 35 0 
21 27 36 0 
2 7 27 31 0 
3 7 17 18 28 31 32 33 0 
19 27 35 36 38 0 
8 24 32 33 0 
4 15 17 26 30 34 36 0 
4 16 19 21 22 35 37 0 
7 9 10 19 26 29 35 0 
22 25 26 35 0 
7 11 30 0 
6 19 33 37 0 
18 20 23 25 26 33 0 
2 3 11 12 13 19 26 37 0 
17 20 26 33 0 
10 15 31 32 34 36 0 
6 19 21 24 28 38 0 
5 14 25 0 
6 11 15 18 22 29 31 32 34 37 38 0 
6 11 13 18 20 30 31 36 38 0 
3 4 16 21 25 33 0 
3 16 17 28 0 
2 12 13 16 17 33 36 0 
11 14 16 22 27 34 0 
2 10 11 17 19 23 30 0 
6 10 23 28 31 34 37 0 
1 9 10 14 18 20 23 25 29 33 35 36 0 
19 25 27 29 30 34 37 0 
4 7 8 15 19 29 32 0 
6 14 20 21 24 26 29 32 33 0 
4 11 25 36 37 38 0 
7 11 26 33 35 0 
2 3 8 18 31 0 
10 17 34 37 0 
12 17 34 38 0 
21 23 31 0 
2 10 11 23 35 36 0 
11 20 21 22 25 26 36 0 
1 11 13 14 15 20 21 30 33 35 37 38 0 
1 5 12 21 25 29 36 38 0 
2 8 9 11 17 21 26 36 0 
-1 -3 -5 -6 -10 -16 -20 -26 -27 -31 -36 0 
-1 -6 -15 -21 -30 -32 0 
-3 -10 -21 -26 -28 -36 0 
-5 -11 -20 -24 -32 0 
-12 -28 -29 -37 0 
-7 -9 -15 -16 -17 -26 -30 -32 0 
-2 -10 -12 -13 -14 -17 -26 -29 -31 0 
-7 -9 -14 -21 -25 -27 -31 -32 -36 -37 0 
-3 -8 -20 -27 -29 -31 0 
-2 -4 -11 -12 -13 -16 -19 -23 -29 -38 0 
-3 -11 -13 -22 -24 -32 -35 0 
-2 -3 -14 -17 -23 -31 -34 -35 -36 0 
-11 -17 -20 -26 -27 -30 -32 0 
-3 -10 -14 -18 -28 -32 0 
-1 -4 -12 -16 -25 -36 0 
-3 -4 -12 -14 -21 -30 0 
-1 -10 -16 -26 0 
-6 -10 -11 -14 -18 -21 -23 -30 -34 0 
-2 -3 -9 -17 -28 -37 0 
-16 -17 -21 -25 -27 -28 -31 0 
-7 -18 -22 -23 -33 0 
-8 -10 -12 -19 -23 0 
-3 -9 0 
-1 -22 -25 -27 -30 -31 -38 0 
-19 -25 -31 -32 0 
-18 -25 -28 -31 0 
-5 -9 -10 -11 -21 -31 -32 -34 -35 0 
-9 -16 -20 -21 -22 -29 -34 0 
-2 -5 -9 -15 -16 -23 0 
-14 -17 -20 -21 -30 0 
-5 -10 -18 -22 -29 -33 0 
-15 -18 -22 -26 -28 -29 -31 -32 -36 -37 0 
-3 -5 -10 -20 -29 0 
-8 -9 -10 -12 -18 -21 -29 -30 -37 0 
-11 -13 -15 -21 -22 -28 -29 -34 0 
-4 -6 -14 -23 -24 -27 -30 -34 -36 0 
-2 -8 -15 -26 -30 0 
-14 -15 -32 -35 0 
-12 -23 -30 -31 0 
-3 -32 0 
-6 -10 -22 -24 -31 -33 -38 0 
-12 -26 -28 -31 -36 0 
-8 -11 -24 -29 -33 0 
-7 -9 -12 -14 -17 -19 -22 -24 -26 -36 0 
-8 -16 -18 -19 -21 -31 -33 -37 0 
-4 -9 -12 -28 -35 0 
-12 -16 -23 -33 -37 0 
-10 -15 -20 -23 -27 -31 0 
-3 -4 -21 -31 -34 0 
-3 -7 -21 -33 0 
-3 -12 -18 -21 -22 -26 -30 -34 -36 0 
-12 -14 -16 -21 -28 -30 -37 0 
-8 -9 -21 -22 -36 0 
-8 -13 -15 -18 -24 0 
-1 -13 -20 -23 -24 -25 -31 -34 0 
-1 -4 -16 -34 -37 0 
-11 -13 -15 -18 -20 -23 -25 -27 0 
-8 -9 -12 -15 0 
-4 -22 -38 0 
-5 -28 -33 -36 0 
-7 -10 -12 -21 -23 -25 -28 0 
-3 -6 -11 -14 -16 -20 -21 -27 -28 -35 0 
-15 -19 -28 -35 0 
-5 -8 -9 -11 -18 -19 0 
-13 -14 -16 -17 -33 0 
-7 -20 -24 -29 -35 0 
-13 -14 -16 -26 -32 -34 -35 0 
-8 -10 -27 -34 -36 0 
-1 -4 -18 -24 -35 0 
-1 -13 -16 -26 -31 -34 -36 0 
-2 -4 -5 -12 -15 -16 -19 0 
-14 -25 -33 -36 -37 -38 0 
-14 -18 -26 -30 -36 0 
-16 -20 -23 -24 -36 0 
-3 -7 -11 -14 -15 -17 -26 -27 0 
-7 -13 -16 -17 -19 -30 -32 0 
-14 -29 -34 -36 0 
-1 -5 -8 -24 -26 -29 -32 -34 -36 0 
-8 -20 -24 -28 -31 -38 0 
-2 -21 -27 -35 0 
-7 -22 -29 -32 -34 -35 0 
-8 -18 -22 -32 -35 0 
-10 -11 -13 -16 -30 0 
-1 -6 -10 -16 -26 -28 -30 0 
-9 -12 -14 -24 -33 0 
-9 -28 -29 -37 -38 0 
-2 -8 -12 -13 -23 -27 -30 -37 -38 0 
-3 -8 -10 -12 -27 -28 -34 -38 0 
-5 -7 -12 -25 -37 0 
-2 -9 -11 -25 -31 0 
-1 -8 -13 -14 -18 -20 -32 0 
-2 -5 -15 -24 -33 -35 -36 0 
-1 -4 -5 -33 -34 0 
-3 -4 -12 -15 -36 0 
-1 -7 -9 -11 -14 -15 -17 -23 -38 0 
-6 -20 -28 -34 -37 0 
-1 -6 -16 -25 -27 -33 -37 0 
-3 -11 -14 -23 -29 -30 -34 0 
-3 -5 -16 -18 -20 -23 -29 0 
-12 -16 -17 -22 -31 -33 -34 -36 0 
-1 -9 -20 -25 -26 -27 -30 -31 -33 0 
-5 -6 -8 -10 -20 -24 -30 -32 -38 0 
-5 -15 -29 0 
-17 -20 -25 -27 -29 -32 -33 -35 0 
-4 -12 -15 -16 -24 0 
-1 -6 -10 -14 -16 -22 0 
-5 -8 -11 -18 0 
-17 -20 -31 -33 -38 0 
-24 -30 -31 0 
-6 -12 -27 -30 -34 -35 0 
-1 -5 -13 -28 -34 -37 0 
-3 -17 -25 -27 -31 0 
-5 -6 -9 -11 -12 -14 -20 -21 -25 0 
-1 -7 -9 -14 -17 -22 -24 -27 -29 -32 -34 0 
-14 -23 -25 -31 -38 0 
-8 -11 -22 -25 -30 0 
-3 -7 -12 -17 -19 -27 -32 -33 -34 -38 0 
-5 -16 -25 -31 -35 0 
-4 -5 -11 -34 -37 -38 0 
-3 -9 -12 -15 -19 -29 -33 0 
-1 -7 -18 -20 -21 -29 0 
-4 -5 -11 -15 -20 -29 -30 -35 0 
-1 -10 -13 -19 -21 -23 -37 0 
-11 -15 -22 -23 -24 -30 -36 -37 0 
-2 -17 -25 -31 -34 0 
-3 -4 -7 -11 -17 -20 -35 -36 0 
-2 -5 -10 -11 -12 -20 -21 -24 -30 0 
-5 -7 -9 -17 -22 -29 -31 -34 0 
-1 -3 -10 -17 -23 -24 0 
-16 -17 -18 -22 -25 -37 0 
-2 -7 -8 -10 -16 -20 -22 -34 -35 -36 0 
-4 -5 -9 0 
-1 -4 -12 -13 -21 -26 0 
-2 -6 -7 -8 -11 -16 -21 -23 -26 -28 0 
-8 -15 -16 -17 -29 -30 -32 0 
-3 -11 -16 -18 -23 -32 -34 -36 0 
-3 -14 -23 -24 -25 -34 -36 -37 0 
-15 -21 -23 -30 -33 -35 0 
-4 -10 -13 -14 -22 -34 0 
-2 -6 -12 -18 -28 -38 0 
-3 -6 -7 -14 -16 -37 0 
-10 -15 -18 -19 -20 -26 -35 0 
-7 -24 -30 -31 -32 0 
-2 -10 -11 -13 -19 -22 -34 0 
-20 -24 -31 -33 0 
-7 -8 -16 -19 -28 -30 -31 0 
-4 -8 -12 0 
-2 -5 -12 -13 -15 -16 -33 -36 0 
-2 -12 -16 -17 -35 0 
-5 -6 -24 -37 0 
-2 -20 -30 -32 -36 0 
-3 -11 -13 -16 -19 -20 -28 -29 -35 0 
-10 -11 -18 -26 -27 -30 0 
-3 -15 -18 -27 -30 -32 -34 -38 0 
-1 -6 -12 -13 -21 -23 -26 -28 -30 -33 -36 0 
-2 -6 -14 -17 -20 -21 -23 -24 -29 -32 -37 -38 0 
-1 -7 -9 -17 -22 -24 -26 -28 -31 0 
-3 -13 -16 -17 -20 -21 -29 -32 -35 0 
-4 -15 -22 -23 -30 -32 -36 0 
-5 -14 -19 -28 -36 0 
-3 -7 -11 -16 -21 -23 -26 -27 -37 0 
-1 -3 -4 -8 -18 -25 -30 0 
-5 -6 -31 -34 0 
-1 -2 -8 -19 -23 -29 -31 -34 0 
-1 -8 -12 -29 -30 -33 -38 0 
-9 -20 -21 -25 -29 -32 0 
-3 -23 -25 -30 0 
-1 -3 -7 -10 -14 -16 -18 0 
-1 -4 -6 -14 -15 -19 0 
-5 -11 -17 -25 -32 0 
-1 -4 -20 -33 -36 0 
-10 -15 -16 -19 -21 -28 -38 0 
-2 -3 -12 -22 -23 -28 -32 -33 0 
-6 -8 -9 -16 -19 -24 -26 -31 0 
-10 -19 -23 -37 0 
-3 -4 -8 -14 -17 -33 -35 -36 0 
-4 -10 -18 -23 -32 -35 0 
-1 -5 -15 -32 -35 0 
-1 -7 -10 -12 0 
-1 -7 -23 -31 -33 -34 0 
-2 -5 -8 -10 -20 -30 -32 -37 0 
-20 -24 -34 0 
-9 -15 -29 -33 0 
-10 -11 -13 -31 -34 0 
-6 -19 -22 -23 -26 -33 0 
-2 -3 -10 -16 -32 -34 0 
-7 -22 -25 -34 -36 0 
-10 -12 -17 -18 -19 -20 -25 -30 -33 -35 -37 0 
-2 -7 -8 -10 -21 -30 -36 0 
-7 -8 -9 -11 -16 -18 -22 -26 0 
-12 -14 -18 -21 -23 -26 -28 -32 -35 -38 0 
-2 -9 -19 -23 -26 -28 -30 -31 0 
-3 -4 -11 -17 -26 -32 -34 -35 0 
-1 -4 -5 -13 -26 -31 -32 0 
-24 -25 -27 -32 -34 0 
-3 -4 -5 -30 -33 0 
-8 -12 -15 -16 -17 -25 -29 -38 0 
-1 -3 -6 -7 -13 -20 -32 -34 -36 -38 0 
-1 -3 -4 -5 -7 -18 -21 -25 -29 0 
-4 -17 -21 -25 -26 0 
-3 -5 -6 -11 -12 -22 -23 -26 -27 -28 -34 -38 0 
-1 -2 -16 -21 -24 -26 -31 -35 0 
-2 -5 -6 -15 -35 0 
-3 -4 -17 -30 0 
-7 -10 -18 -19 -23 -29 -33 0 
-8 -9 -12 -18 -21 -22 -23 -27 0 
-9 -10 -11 -28 -38 0 
-14 -16 -19 -20 -31 0 
-2 -8 -13 -18 -20 -24 0 
-2 -5 -19 -20 -25 0 
-2 -8 -11 -34 -38 0 
-8 -11 -14 -16 -19 -22 -25 -29 -31 0 
-2 -3 -7 -13 -17 -21 -23 -26 -28 -38 0 
-6 -9 -12 -13 -24 -32 0 
-7 -12 -21 -27 -28 -30 -36 0 
-1 -5 -10 -16 -27 -31 -32 -35 -38 0 
-10 -32 -33 0 
-13 -16 -17 -24 -36 0 
-1 -2 -4 -15 -24 -29 -35 -37 -38 0 
-6 -19 -20 -22 -31 -33 0 
-4 -6 -7 -10 -13 -17 -23 -27 -29 -33 0 
-6 -10 -17 -27 0 
-7 -9 -18 -21 -35 0 
-3 -7 -8 -10 -14 -20 -21 -22 -23 -27 -32 -34 0 
-4 -15 -22 -32 0 
-3 -21 -25 -27 -33 -38 0 
-8 -14 -16 -27 -28 -29 0 
-2 -12 -20 -26 -28 -29 -31 -33 0 
-2 -4 -8 -13 -14 -26 -33 0 
-10 -12 -16 -22 -28 -29 -30 -33 -38 0 
-3 -10 -14 -15 -20 -29 -33 0 
-1 -16 -19 -21 -34 -38 0 
-15 -16 -20 -21 -27 -29 0 
-5 -18 -21 -31 -34 0 
-9 -22 -23 -26 -32 -34 -38 0 
-1 -3 -6 -11 -16 -22 -26 -27 -28 0 
-3 -6 -9 -16 -23 -26 -29 -30 -34 -37 0 
-2 -5 -11 -16 -22 -38 0 
-1 -3 -7 -11 -15 -17 -25 -27 -32 0 
-1 -6 -11 -12 -20 -22 -23 -33 -34 -35 0 
-5 -6 -8 -26 -33 0 
-2 -6 -10 -13 -20 -30 -33 -34 0 
-16 -18 -20 -25 -32 0 
-7 -16 -25 -27 0 
-8 -17 -28 -29 -38 0 
-2 -3 -10 -21 -28 -29 -30 0 
-15 -22 -32 -34 -38 0 
-3 -5 -6 -9 -11 -22 -25 -35 0 
-1 -2 -8 -11 -15 -16 -21 -35 -38 0 
-1 -4 -16 -22 -23 -30 0 
-12 -19 -28 -35 0 
-5 -8 -11 -12 -16 -20 -36 0 
-2 -6 -7 -12 -13 -18 -23 -27 -30 -37 0 
-5 -9 -15 -22 -32 -33 -37 0 
-4 -15 -16 -32 -37 0 
-7 -9 -21 -29 -31 -34 -38 0 
-3 -5 -22 -37 0 
-1 -2 -7 -9 -18 -19 -27 -34 -37 0 
-4 -9 -11 -21 -23 -25 -29 -32 0 
-9 -13 -15 -16 -17 -20 -36 -37 -38 0 
-1 -3 -11 -13 -16 -18 -34 -36 -38 0 
-4 -12 -13 -25 -38 0 
-6 -14 -17 -29 -34 -37 0 
-7 -13 -17 -23 -31 -33 0 
-3 -13 -17 -23 -24 -27 -29 -34 -37 0 
-7 -13 -15 -24 -33 0 
-5 -6 -14 -16 -23 -25 -28 -35 -37 0 
-1 -3 -4 -10 -16 0 
-8 -13 -14 -19 -21 -26 -28 -34 0 
-5 -22 -26 -28 -30 -35 0 
-1 -8 -9 -26 -30 -35 0 
-6 -11 -19 -20 -29 -34 -38 0 
-2 -9 -29 -30 -33 -35 -37 0 
-6 -11 -16 -18 -22 -27 -35 0 
-13 -20 -24 -28 0 
-1 -3 -5 -13 -16 -18 -24 -26 -33 0 
-2 -4 -10 -14 -16 -24 0 
-4 -5 -9 -11 -15 -26 -31 -32 0 
-10 -15 -16 -18 -19 -24 -36 0 
-5 -18 -23 -28 -33 0 
-5 -9 -10 -16 -19 -37 0 
-9 -10 -12 -18 -20 -24 0 
-4 -5 -12 -14 -19 -21 -24 -30 -31 -34 -37 0 
-4 -6 -9 -13 -17 0 
-9 -27 -33 -36 0 
-1 -13 -21 -23 -29 -33 -34 0 
-2 -4 -15 -29 -30 -31 -33 0 
-3 -7 -9 -21 -22 -31 0 
-8 -13 -15 -19 -24 -27 -28 -29 0 
-4 -6 -10 -16 -33 0 
-5 -13 -14 -28 -30 0 
-3 -5 -23 -26 -33 0 
-6 -10 -12 -15 0 
-10 -21 -34 -37 0 
-4 -5 -12 -13 -16 -25 0 
-6 -8 -9 -14 -15 -23 -30 0 
-1 -14 -26 0 
-6 -12 -18 -22 -27 -32 -34 -37 0 
-1 -5 -29 -31 -34 -37 0 
-3 -6 -11 -16 -20 -21 -31 0 
-3 -9 -11 -22 -31 -34 0 
-2 -4 -5 -8 -9 -12 -32 -35 -36 -38 0 
-1 -21 -24 -29 0 
-2 -3 -4 -11 -18 -27 -31 -32 0 
-5 -6 -11 -15 -16 -27 -35 -38 0 
-15 -27 -35 0 
-1 -3 -29 -32 0 
-3 -6 -16 -25 -35 -38 0 
-8 -14 -18 -25 -29 0 
-2 -4 -7 -16 -18 -20 -21 -22 -23 -25 -35 0 
-10 -12 -14 -29 0 
-1 -6 -17 -24 -25 -29 -32 -38 0 
-3 -11 -20 -29 -38 0 
-1 -5 -17 -21 -23 -30 -32 -36 -37 0 
-6 -15 -23 -25 -28 -33 -34 -35 -36 0 
-5 -10 -12 -16 -20 -25 -26 -37 0 
-2 -15 -21 -28 -34 0 
-11 -20 -26 -35 0 
-3 -4 -15 -16 -21 -22 -25 -29 -35 0 
-2 -7 -21 -22 -23 -24 -26 -27 -28 -34 0 
-2 -4 -15 -21 -32 -33 0 
-4 -10 -24 -27 -28 -30 -34 0 
-1 -4 -6 -25 -26 -27 -38 0 
-5 -14 -17 -26 -32 -36 0 
-2 -17 -19 -29 -38 0 
-9 -12 -20 -25 -30 -31 -33 -34 -35 -38 0 
-1 -5 -8 -9 -13 -17 -21 0 
-2 -9 -10 -28 -29 -32 -34 0 
-1 -11 -12 -14 -21 -28 -34 0 
-3 -11 -16 -23 -25 0 
-3 -13 -25 -26 -34 -35 0 
-5 -11 -16 -24 -26 -33 -38 0 
-11 -18 -20 -31 -36 0 
-7 -28 -30 -37 0 
-14 -22 -33 0 
-8 -12 -13 -19 -20 -31 -32 0 
-7 -15 -18 -26 -34 -37 -38 0 
-1 -8 -12 -22 -24 0 
-1 -4 -7 -15 -16 -21 -28 -32 0 
-14 -21 -26 -33 -35 0 
-2 -8 -14 -18 0 
-5 -6 -17 -20 -36 0 
-8 -12 -13 -30 0 
-10 -15 -26 -28 -31 -38 0 
-20 -26 -28 -30 -36 0 
-9 -18 -21 -30 -38 0 
-3 -4 -17 -18 -23 -32 -35 0 
-2 -3 -15 -17 -19 -25 -27 0 
-3 -5 -10 -15 -16 -24 -31 0 
-11 -14 -17 -30 -32 -34 -38 0 
-20 -23 -38 0 
-4 -7 -8 -27 -30 -31 -32 -33 -37 0 
-1 -11 -12 -15 -18 -19 -21 -27 -29 0 
-8 -15 -16 -17 -22 -24 -35 -38 0 
-1 -10 -19 -24 -26 -31 0 
-8 -9 -11 -13 -14 -18 0 
-15 -28 -29 -32 -33 0 
-8 -11 -16 -35 -38 0 
-3 -11 -13 -14 -21 -25 -31 -32 -37 0 
-1 -4 -6 -7 -9 -12 -32 -34 -35 0 
-21 -27 -36 0 
-2 -7 -27 -31 0 
-3 -7 -17 -18 -28 -31 -32 -33 0 
-19 -27 -35 -36 -38 0 
-8 -24 -32 -33 0 
-4 -15 -17 -26 -30 -34 -36 0 
-4 -16 -19 -21 -22 -35 -37 0 
-7 -9 -10 -19 -26 -29 -35 0 
-22 -25 -26 -35 0 
-7 -11 -30 0 
-6 -19 -33 -37 0 
-18 -20 -23 -25 -26 -33 0 
-2 -3 -11 -12 -13 -19 -26 -37 0 
-17 -20 -26 -33 0 
-10 -15 -31 -32 -34 -36 0 
-6 -19 -21 -24 -28 -38 0 
-5 -14 -25 0 
-6 -11 -15 -18 -22 -29 -31 -32 -34 -37 -38 0 
-6 -11 -13 -18 -20 -30 -31 -36 -38 0 
-3 -4 -16 -21 -25 -33 0 
-3 -16 -17 -28 0 
-2 -12 -13 -16 -17 -33 -36 0 
-11 -14 -16 -22 -27 -34 0 
-2 -10 -11 -17 -19 -23 -30 0 
-6 -10 -23 -28 -31 -34 -37 0 
-1 -9 -10 -14 -18 -20 -23 -25 -29 -33 -35 -36 0 
-19 -25 -27 -29 -30 -34 -37 0 
-4 -7 -8 -15 -19 -29 -32 0 
-6 -14 -20 -21 -24 -26 -29 -32 -33 0 
-4 -11 -25 -36 -37 -38 0 
-7 -11 -26 -33 -35 0 
-2 -3 -8 -18 -31 0 
-10 -17 -34 -37 0 
-12 -17 -34 -38 0 
-21 -23 -31 0 
-2 -10 -11 -23 -35 -36 0 
-11 -20 -21 -22 -25 -26 -36 0 
-1 -11 -13 -14 -15 -20 -21 -30 -33 -35 -37 -38 0 
-1 -5 -12 -21 -25 -29 -36 -38 0 
-2 -8 -9 -11 -17 -21 -26 -36 0 
