p cnf 38 800
1 2 6 19 22 24 25 0 
1 3 16 35 37 0 
1 2 6 13 18 25 34 38 0 
6 16 23 24 0 
14 27 29 34 37 38 0 
10 15 24 32 37 0 
1 3 6 10 17 18 32 38 0 
1 9 13 17 18 28 29 0 
11 18 21 23 26 38 0 
1 20 29 38 0 
1 11 22 27 28 31 35 0 
3 6 21 23 27 31 35 36 0 
1 3 5 18 24 31 37 0 
2 3 14 17 20 24 26 29 35 37 38 0 
1 3 6 10 13 28 0 
16 24 35 0 
19 21 22 28 36 0 
16 19 21 22 24 0 
9 15 16 26 33 36 37 0 
7 21 23 27 33 0 
20 21 24 32 0 
6 13 14 20 21 32 38 0 
3 6 16 22 26 31 36 37 38 0 
1 7 14 27 36 0 
1 2 6 7 9 25 28 32 33 34 35 0 
2 7 23 29 34 0 
1 7 11 14 16 23 0 
12 22 24 35 0 
1 17 18 19 21 22 29 31 32 33 35 0 
4 19 26 31 35 0 
3 11 18 26 31 0 
6 15 16 19 28 30 0 
4 11 12 17 28 32 33 37 0 
11 12 15 34 36 0 
3 8 9 14 15 20 36 0 
3 11 20 23 25 29 34 35 37 0 
5 8 13 23 24 29 38 0 
2 12 32 33 38 0 
6 30 31 0 
1 2 3 10 11 21 25 33 34 0 
2 7 11 15 26 34 35 36 0 
5 20 31 32 34 35 0 
5 10 13 21 28 33 0 
7 8 18 21 28 0 
8 9 22 31 37 0 
6 18 26 32 0 
1 2 3 19 34 35 0 
10 28 32 0 
2 17 19 35 37 0 
3 4 6 17 0 
6 7 14 15 16 23 24 26 33 38 0 
2 11 29 35 0 
3 5 9 12 13 14 16 34 0 
13 21 26 33 0 
7 14 15 19 25 0 
1 3 8 13 15 28 31 33 0 
6 26 29 31 32 34 38 0 
2 18 28 36 0 
14 17 21 27 28 33 35 0 
7 11 20 26 29 35 0 
10 22 36 38 0 
4 5 9 15 18 21 0 
18 21 24 25 31 33 0 
14 30 32 37 0 
5 9 10 13 15 24 27 33 0 
5 16 18 19 23 26 32 34 0 
1 9 20 26 27 36 0 
1 2 11 29 38 0 
14 17 22 29 32 0 
5 8 9 10 25 26 33 0 
6 7 11 15 36 0 
9 13 20 26 27 28 29 35 37 0 
4 7 11 15 16 21 24 0 
13 14 15 32 33 36 0 
19 28 29 33 36 0 
23 25 26 27 28 35 37 0 
2 5 6 14 16 20 29 0 
6 8 12 16 25 32 34 0 
10 13 21 34 36 0 
3 5 6 13 20 25 33 36 0 
11 13 14 19 20 28 37 0 
7 8 12 17 19 23 33 36 37 0 
7 20 32 38 0 
3 7 9 27 30 0 
5 6 10 16 21 32 0 
4 13 14 16 19 32 0 
4 6 8 12 17 20 24 28 0 
4 5 8 9 28 29 33 36 0 
3 9 11 12 23 0 
2 9 12 16 23 38 0 
7 19 21 25 35 36 38 0 
1 5 7 19 20 27 0 
3 9 12 18 21 22 28 31 35 0 
5 26 28 30 31 0 
1 2 3 5 6 21 25 35 0 
2 4 9 24 29 33 0 
1 12 24 27 38 0 
2 6 9 10 30 34 36 0 
7 13 15 32 33 0 
2 4 13 17 21 29 30 0 
2 3 5 8 9 12 16 19 20 26 29 0 
2 17 24 26 31 38 0 
9 25 27 32 37 0 
3 8 21 30 33 0 
9 16 20 24 25 26 28 34 0 
7 8 16 29 36 0 
13 14 15 20 29 32 35 37 0 
2 5 9 12 17 23 25 31 32 0 
5 7 19 34 38 0 
3 8 14 19 23 34 36 37 0 
6 8 14 34 0 
2 5 19 24 31 0 
8 14 19 21 25 34 38 0 
17 24 26 27 38 0 
1 3 5 7 9 14 26 27 28 37 0 
2 7 8 12 23 29 32 0 
7 15 26 32 0 
6 7 14 17 19 31 0 
3 6 9 16 22 25 28 0 
1 2 6 13 14 28 36 0 
4 7 10 11 23 37 38 0 
1 14 27 30 36 0 
2 7 9 17 24 26 28 30 31 34 38 0 
2 12 16 23 31 33 0 
6 12 21 23 27 30 31 33 38 0 
3 4 9 15 18 23 26 30 32 34 0 
1 3 4 7 8 19 20 28 29 30 0 
1 6 10 15 16 19 30 36 37 0 
5 6 7 8 13 16 17 28 32 0 
1 8 10 15 18 19 25 37 0 
11 29 31 35 0 
9 15 17 18 23 25 28 0 
3 15 17 18 21 37 0 
5 12 14 20 25 34 0 
8 12 17 21 32 38 0 
5 9 14 25 30 0 
5 7 9 16 21 24 25 27 32 0 
4 6 7 8 12 14 32 33 0 
5 10 15 28 32 0 
9 20 23 26 29 30 33 38 0 
1 4 8 21 24 27 38 0 
7 9 23 26 37 0 
2 6 8 12 14 25 26 30 0 
8 9 19 25 36 0 
13 14 16 37 38 0 
10 13 19 20 26 29 30 36 38 0 
5 6 13 19 23 24 27 34 35 0 
3 15 17 22 25 30 34 38 0 
24 32 37 0 
13 21 31 32 34 37 0 
10 12 19 23 29 30 31 33 0 
1 22 27 29 36 38 0 
6 12 21 30 38 0 
5 6 20 25 30 34 0 
4 12 17 27 0 
5 13 15 24 26 28 30 32 0 
13 15 18 19 0 
2 4 25 33 38 0 
2 3 7 27 30 0 
3 4 9 14 27 32 33 37 0 
3 10 12 16 30 32 0 
15 17 21 29 33 0 
4 6 9 10 14 17 22 26 0 
1 3 4 10 20 25 31 38 0 
2 10 14 15 16 19 32 0 
4 11 16 26 35 37 0 
9 11 18 34 0 
1 6 9 14 26 0 
7 17 19 20 23 0 
8 9 10 14 17 22 23 25 28 0 
2 3 9 12 17 18 26 28 0 
1 3 29 32 34 38 0 
4 5 15 19 22 26 0 
10 16 17 25 31 33 0 
2 9 14 19 22 0 
2 5 6 7 10 23 29 0 
2 6 10 17 0 
2 10 12 14 18 26 36 38 0 
2 14 15 16 19 26 38 0 
1 5 12 17 19 30 32 35 0 
4 6 18 20 26 32 33 34 37 0 
7 8 19 27 32 0 
7 23 24 28 0 
5 12 13 31 0 
3 4 15 18 24 32 33 35 38 0 
4 11 12 19 22 23 26 36 0 
12 17 20 26 32 33 38 0 
1 2 4 12 15 16 33 0 
3 12 14 24 31 0 
2 4 7 21 23 28 0 
2 3 4 12 14 17 20 22 32 0 
6 11 20 25 31 33 35 36 37 0 
8 13 15 26 27 0 
5 11 16 17 32 0 
5 10 11 21 23 27 28 30 32 33 37 0 
12 15 30 37 0 
3 5 11 24 29 30 33 36 37 0 
3 10 18 24 33 36 38 0 
7 18 34 0 
9 10 11 12 13 22 0 
10 12 18 19 31 32 33 38 0 
3 10 14 16 36 0 
19 25 29 35 0 
24 27 31 0 
8 30 32 0 
3 4 6 7 13 20 21 0 
3 10 17 21 33 0 
1 6 7 12 23 24 26 0 
2 7 9 14 16 17 28 29 38 0 
1 14 17 23 26 0 
12 25 27 32 0 
1 6 12 13 17 22 30 34 0 
4 22 26 30 35 0 
1 5 16 23 32 36 38 0 
12 17 19 24 36 0 
13 25 28 30 0 
6 9 20 22 25 37 38 0 
2 18 20 30 0 
13 23 27 34 0 
1 5 12 17 20 25 30 0 
15 18 28 29 32 0 
7 12 22 26 29 35 0 
2 8 11 15 19 20 26 28 35 0 
3 19 20 31 0 
3 6 11 13 34 0 
11 22 32 35 0 
1 7 9 14 22 30 33 35 0 
3 4 13 23 26 30 34 0 
1 3 5 7 21 23 38 0 
5 6 12 26 30 31 36 0 
12 20 30 38 0 
9 12 13 19 27 0 
7 12 15 22 27 29 37 0 
13 21 28 31 0 
3 4 22 38 0 
1 12 20 22 28 35 38 0 
2 5 6 11 13 18 19 25 32 0 
1 12 29 32 0 
9 24 35 36 37 0 
2 11 27 32 36 38 0 
3 16 18 19 21 28 29 32 36 0 
3 8 10 18 21 35 0 
5 7 13 28 0 
1 6 8 10 12 15 22 29 31 34 0 
14 15 18 20 22 29 33 37 0 
7 8 17 19 23 0 
10 15 23 28 30 34 38 0 
2 8 11 13 18 19 28 29 34 0 
2 3 5 6 11 12 28 37 0 
3 6 10 23 37 0 
5 8 10 15 18 20 30 37 0 
3 11 12 22 29 35 36 0 
3 19 20 24 28 31 32 34 0 
6 8 10 11 13 17 0 
9 12 13 15 17 20 28 31 38 0 
13 18 21 26 27 31 33 36 0 
4 8 20 24 28 31 36 0 
8 13 15 31 34 0 
1 2 6 26 30 38 0 
7 11 13 23 36 0 
17 24 26 29 35 0 
1 2 18 20 24 37 0 
6 14 20 22 31 37 38 0 
5 9 12 20 24 31 0 
7 11 28 33 0 
6 10 17 23 32 35 0 
5 12 16 23 25 0 
14 15 18 20 22 29 30 33 35 36 0 
5 7 8 19 20 21 24 29 31 0 
1 3 6 12 22 24 29 36 0 
3 5 7 11 21 25 30 31 33 35 36 37 0 
1 14 16 23 24 37 0 
2 7 17 21 24 32 33 0 
2 10 13 18 24 33 37 0 
1 3 14 17 21 23 38 0 
4 6 11 19 22 26 0 
1 10 12 20 25 26 0 
9 12 27 29 37 0 
1 9 12 19 21 22 0 
8 20 32 35 0 
2 19 24 27 31 0 
3 4 7 8 14 16 17 18 26 29 32 37 0 
5 6 9 15 17 22 27 35 37 0 
1 7 8 9 10 20 28 29 31 0 
1 6 7 10 15 16 19 24 27 0 
2 4 7 10 14 16 31 35 36 0 
8 15 25 27 38 0 
2 10 13 20 30 0 
7 9 17 24 25 33 36 0 
1 8 17 20 29 30 31 0 
2 6 10 13 0 
4 6 10 19 20 21 22 33 0 
9 10 16 18 22 35 0 
3 8 18 29 34 0 
8 12 13 17 32 33 0 
1 9 14 19 26 35 0 
4 9 12 13 22 32 34 36 0 
2 8 9 17 21 0 
4 10 12 26 0 
7 13 14 26 30 38 0 
11 12 14 16 17 18 22 0 
10 13 16 20 23 34 35 0 
6 10 12 26 0 
6 20 22 27 29 0 
2 7 8 9 15 16 26 30 32 0 
7 28 30 33 0 
1 5 11 23 27 0 
2 3 13 17 19 23 0 
1 8 13 24 25 30 31 0 
5 7 22 23 35 36 37 0 
1 10 16 21 35 37 0 
5 20 22 27 30 37 0 
1 2 5 12 15 16 17 24 30 34 0 
1 2 5 13 18 0 
2 4 20 23 31 33 35 0 
6 9 10 23 24 29 30 31 33 36 0 
9 11 24 25 33 34 0 
1 4 7 13 15 21 26 32 0 
6 9 16 18 25 0 
1 4 7 10 24 26 27 0 
9 11 12 38 0 
4 22 24 30 34 36 0 
10 14 15 17 22 28 31 32 0 
7 10 16 17 19 20 29 33 0 
1 2 3 4 14 20 22 33 34 0 
2 9 21 29 30 0 
10 13 16 36 0 
6 10 13 18 22 29 30 0 
2 4 10 17 19 24 26 30 35 0 
3 6 9 11 14 24 27 0 
2 3 14 18 20 28 37 0 
5 7 10 13 14 20 28 0 
12 16 18 25 30 38 0 
4 7 13 17 20 28 0 
2 4 9 18 20 22 0 
9 10 16 22 24 25 26 30 38 0 
1 3 5 11 17 21 23 24 34 0 
4 12 16 17 21 23 29 30 0 
1 17 28 30 0 
15 17 19 24 29 0 
1 4 10 12 19 23 25 0 
5 7 12 13 15 23 0 
2 5 6 9 18 21 26 27 30 32 0 
25 27 33 0 
5 11 13 22 24 27 31 0 
2 28 33 35 36 0 
3 5 19 20 26 0 
15 25 28 30 36 37 0 
7 14 35 36 38 0 
9 38 0 
7 16 17 0 
12 15 16 18 20 25 30 0 
6 9 17 0 
10 12 13 19 26 0 
7 12 13 26 0 
2 5 15 24 25 30 35 0 
8 11 12 35 0 
3 9 11 22 28 31 34 0 
16 20 21 24 27 32 33 0 
1 3 17 22 24 0 
24 28 29 34 0 
14 18 21 27 31 37 0 
8 18 19 22 33 0 
2 6 7 8 18 25 32 0 
3 29 0 
5 14 15 21 22 25 32 34 0 
11 15 21 24 31 33 35 0 
2 13 14 18 25 27 29 34 36 0 
1 13 21 23 24 25 28 32 0 
2 3 6 9 10 16 28 30 31 0 
5 18 21 27 32 38 0 
9 15 16 20 23 30 35 0 
2 3 17 0 
1 2 6 7 31 35 0 
1 2 3 4 8 11 18 24 26 27 36 38 0 
4 8 20 26 29 30 0 
9 13 14 21 24 26 38 0 
15 16 36 37 0 
17 25 28 37 0 
5 10 19 24 25 35 0 
4 8 13 19 22 23 30 0 
2 14 18 19 20 27 31 34 0 
6 8 10 14 22 26 0 
2 5 7 18 19 22 24 31 35 0 
4 10 14 19 23 34 0 
4 5 6 8 13 21 29 34 0 
6 7 10 14 21 24 33 0 
6 7 9 13 22 23 0 
13 15 19 30 38 0 
2 4 7 18 19 25 27 28 0 
12 16 38 0 
1 5 25 33 0 
8 13 15 18 25 34 0 
3 6 13 15 19 25 36 37 0 
10 14 37 0 
1 5 7 11 13 20 25 31 0 
5 7 12 17 19 31 32 0 
11 12 15 19 22 28 30 34 0 
1 10 11 13 23 26 31 33 34 0 
3 6 11 13 15 23 25 36 0 
-1 -2 -6 -19 -22 -24 -25 0 
-1 -3 -16 -35 -37 0 
-1 -2 -6 -13 -18 -25 -34 -38 0 
-6 -16 -23 -24 0 
-14 -27 -29 -34 -37 -38 0 
-10 -15 -24 -32 -37 0 
-1 -3 -6 -10 -17 -18 -32 -38 0 
-1 -9 -13 -17 -18 -28 -29 0 
-11 -18 -21 -23 -26 -38 0 
-1 -20 -29 -38 0 
-1 -11 -22 -27 -28 -31 -35 0 
-3 -6 -21 -23 -27 -31 -35 -36 0 
-1 -3 -5 -18 -24 -31 -37 0 
-2 -3 -14 -17 -20 -24 -26 -29 -35 -37 -38 0 
-1 -3 -6 -10 -13 -28 0 
-16 -24 -35 0 
-19 -21 -22 -28 -36 0 
-16 -19 -21 -22 -24 0 
-9 -15 -16 -26 -33 -36 -37 0 
-7 -21 -23 -27 -33 0 
-20 -21 -24 -32 0 
-6 -13 -14 -20 -21 -32 -38 0 
-3 -6 -16 -22 -26 -31 -36 -37 -38 0 
-1 -7 -14 -27 -36 0 
-1 -2 -6 -7 -9 -25 -28 -32 -33 -34 -35 0 
-2 -7 -23 -29 -34 0 
-1 -7 -11 -14 -16 -23 0 
-12 -22 -24 -35 0 
-1 -17 -18 -19 -21 -22 -29 -31 -32 -33 -35 0 
-4 -19 -26 -31 -35 0 
-3 -11 -18 -26 -31 0 
-6 -15 -16 -19 -28 -30 0 
-4 -11 -12 -17 -28 -32 -33 -37 0 
-11 -12 -15 -34 -36 0 
-3 -8 -9 -14 -15 -20 -36 0 
-3 -11 -20 -23 -25 -29 -34 -35 -37 0 
-5 -8 -13 -23 -24 -29 -38 0 
-2 -12 -32 -33 -38 0 
-6 -30 -31 0 
-1 -2 -3 -10 -11 -21 -25 -33 -34 0 
-2 -7 -11 -15 -26 -34 -35 -36 0 
-5 -20 -31 -32 -34 -35 0 
-5 -10 -13 -21 -28 -33 0 
-7 -8 -18 -21 -28 0 
-8 -9 -22 -31 -37 0 
-6 -18 -26 -32 0 
-1 -2 -3 -19 -34 -35 0 
-10 -28 -32 0 
-2 -17 -19 -35 -37 0 
-3 -4 -6 -17 0 
-6 -7 -14 -15 -16 -23 -24 -26 -33 -38 0 
-2 -11 -29 -35 0 
-3 -5 -9 -12 -13 -14 -16 -34 0 
-13 -21 -26 -33 0 
-7 -14 -15 -19 -25 0 
-1 -3 -8 -13 -15 -28 -31 -33 0 
-6 -26 -29 -31 -32 -34 -38 0 
-2 -18 -28 -36 0 
-14 -17 -21 -27 -28 -33 -35 0 
-7 -11 -20 -26 -29 -35 0 
-10 -22 -36 -38 0 
-4 -5 -9 -15 -18 -21 0 
-18 -21 -24 -25 -31 -33 0 
-14 -30 -32 -37 0 
-5 -9 -10 -13 -15 -24 -27 -33 0 
-5 -16 -18 -19 -23 -26 -32 -34 0 
-1 -9 -20 -26 -27 -36 0 
-1 -2 -11 -29 -38 0 
-14 -17 -22 -29 -32 0 
-5 -8 -9 -10 -25 -26 -33 0 
-6 -7 -11 -15 -36 0 
-9 -13 -20 -26 -27 -28 -29 -35 -37 0 
-4 -7 -11 -15 -16 -21 -24 0 
-13 -14 -15 -32 -33 -36 0 
-19 -28 -29 -33 -36 0 
-23 -25 -26 -27 -28 -35 -37 0 
-2 -5 -6 -14 -16 -20 -29 0 
-6 -8 -12 -16 -25 -32 -34 0 
-10 -13 -21 -34 -36 0 
-3 -5 -6 -13 -20 -25 -33 -36 0 
-11 -13 -14 -19 -20 -28 -37 0 
-7 -8 -12 -17 -19 -23 -33 -36 -37 0 
-7 -20 -32 -38 0 
-3 -7 -9 -27 -30 0 
-5 -6 -10 -16 -21 -32 0 
-4 -13 -14 -16 -19 -32 0 
-4 -6 -8 -12 -17 -20 -24 -28 0 
-4 -5 -8 -9 -28 -29 -33 -36 0 
-3 -9 -11 -12 -23 0 
-2 -9 -12 -16 -23 -38 0 
-7 -19 -21 -25 -35 -36 -38 0 
-1 -5 -7 -19 -20 -27 0 
-3 -9 -12 -18 -21 -22 -28 -31 -35 0 
-5 -26 -28 -30 -31 0 
-1 -2 -3 -5 -6 -21 -25 -35 0 
-2 -4 -9 -24 -29 -33 0 
-1 -12 -24 -27 -38 0 
-2 -6 -9 -10 -30 -34 -36 0 
-7 -13 -15 -32 -33 0 
-2 -4 -13 -17 -21 -29 -30 0 
-2 -3 -5 -8 -9 -12 -16 -19 -20 -26 -29 0 
-2 -17 -24 -26 -31 -38 0 
-9 -25 -27 -32 -37 0 
-3 -8 -21 -30 -33 0 
-9 -16 -20 -24 -25 -26 -28 -34 0 
-7 -8 -16 -29 -36 0 
-13 -14 -15 -20 -29 -32 -35 -37 0 
-2 -5 -9 -12 -17 -23 -25 -31 -32 0 
-5 -7 -19 -34 -38 0 
-3 -8 -14 -19 -23 -34 -36 -37 0 
-6 -8 -14 -34 0 
-2 -5 -19 -24 -31 0 
-8 -14 -19 -21 -25 -34 -38 0 
-17 -24 -26 -27 -38 0 
-1 -3 -5 -7 -9 -14 -26 -27 -28 -37 0 
-2 -7 -8 -12 -23 -29 -32 0 
-7 -15 -26 -32 0 
-6 -7 -14 -17 -19 -31 0 
-3 -6 -9 -16 -22 -25 -28 0 
-1 -2 -6 -13 -14 -28 -36 0 
-4 -7 -10 -11 -23 -37 -38 0 
-1 -14 -27 -30 -36 0 
-2 -7 -9 -17 -24 -26 -28 -30 -31 -34 -38 0 
-2 -12 -16 -23 -31 -33 0 
-6 -12 -21 -23 -27 -30 -31 -33 -38 0 
-3 -4 -9 -15 -18 -23 -26 -30 -32 -34 0 
-1 -3 -4 -7 -8 -19 -20 -28 -29 -30 0 
-1 -6 -10 -15 -16 -19 -30 -36 -37 0 
-5 -6 -7 -8 -13 -16 -17 -28 -32 0 
-1 -8 -10 -15 -18 -19 -25 -37 0 
-11 -29 -31 -35 0 
-9 -15 -17 -18 -23 -25 -28 0 
-3 -15 -17 -18 -21 -37 0 
-5 -12 -14 -20 -25 -34 0 
-8 -12 -17 -21 -32 -38 0 
-5 -9 -14 -25 -30 0 
-5 -7 -9 -16 -21 -24 -25 -27 -32 0 
-4 -6 -7 -8 -12 -14 -32 -33 0 
-5 -10 -15 -28 -32 0 
-9 -20 -23 -26 -29 -30 -33 -38 0 
-1 -4 -8 -21 -24 -27 -38 0 
-7 -9 -23 -26 -37 0 
-2 -6 -8 -12 -14 -25 -26 -30 0 
-8 -9 -19 -25 -36 0 
-13 -14 -16 -37 -38 0 
-10 -13 -19 -20 -26 -29 -30 -36 -38 0 
-5 -6 -13 -19 -23 -24 -27 -34 -35 0 
-3 -15 -17 -22 -25 -30 -34 -38 0 
-24 -32 -37 0 
-13 -21 -31 -32 -34 -37 0 
-10 -12 -19 -23 -29 -30 -31 -33 0 
-1 -22 -27 -29 -36 -38 0 
-6 -12 -21 -30 -38 0 
-5 -6 -20 -25 -30 -34 0 
-4 -12 -17 -27 0 
-5 -13 -15 -24 -26 -28 -30 -32 0 
-13 -15 -18 -19 0 
-2 -4 -25 -33 -38 0 
-2 -3 -7 -27 -30 0 
-3 -4 -9 -14 -27 -32 -33 -37 0 
-3 -10 -12 -16 -30 -32 0 
-15 -17 -21 -29 -33 0 
-4 -6 -9 -10 -14 -17 -22 -26 0 
-1 -3 -4 -10 -20 -25 -31 -38 0 
-2 -10 -14 -15 -16 -19 -32 0 
-4 -11 -16 -26 -35 -37 0 
-9 -11 -18 -34 0 
-1 -6 -9 -14 -26 0 
-7 -17 -19 -20 -23 0 
-8 -9 -10 -14 -17 -22 -23 -25 -28 0 
-2 -3 -9 -12 -17 -18 -26 -28 0 
-1 -3 -29 -32 -34 -38 0 
-4 -5 -15 -19 -22 -26 0 
-10 -16 -17 -25 -31 -33 0 
-2 -9 -14 -19 -22 0 
-2 -5 -6 -7 -10 -23 -29 0 
-2 -6 -10 -17 0 
-2 -10 -12 -14 -18 -26 -36 -38 0 
-2 -14 -15 -16 -19 -26 -38 0 
-1 -5 -12 -17 -19 -30 -32 -35 0 
-4 -6 -18 -20 -26 -32 -33 -34 -37 0 
-7 -8 -19 -27 -32 0 
-7 -23 -24 -28 0 
-5 -12 -13 -31 0 
-3 -4 -15 -18 -24 -32 -33 -35 -38 0 
-4 -11 -12 -19 -22 -23 -26 -36 0 
-12 -17 -20 -26 -32 -33 -38 0 
-1 -2 -4 -12 -15 -16 -33 0 
-3 -12 -14 -24 -31 0 
-2 -4 -7 -21 -23 -28 0 
-2 -3 -4 -12 -14 -17 -20 -22 -32 0 
-6 -11 -20 -25 -31 -33 -35 -36 -37 0 
-8 -13 -15 -26 -27 0 
-5 -11 -16 -17 -32 0 
-5 -10 -11 -21 -23 -27 -28 -30 -32 -33 -37 0 
-12 -15 -30 -37 0 
-3 -5 -11 -24 -29 -30 -33 -36 -37 0 
-3 -10 -18 -24 -33 -36 -38 0 
-7 -18 -34 0 
-9 -10 -11 -12 -13 -22 0 
-10 -12 -18 -19 -31 -32 -33 -38 0 
-3 -10 -14 -16 -36 0 
-19 -25 -29 -35 0 
-24 -27 -31 0 
-8 -30 -32 0 
-3 -4 -6 -7 -13 -20 -21 0 
-3 -10 -17 -21 -33 0 
-1 -6 -7 -12 -23 -24 -26 0 
-2 -7 -9 -14 -16 -17 -28 -29 -38 0 
-1 -14 -17 -23 -26 0 
-12 -25 -27 -32 0 
-1 -6 -12 -13 -17 -22 -30 -34 0 
-4 -22 -26 -30 -35 0 
-1 -5 -16 -23 -32 -36 -38 0 
-12 -17 -19 -24 -36 0 
-13 -25 -28 -30 0 
-6 -9 -20 -22 -25 -37 -38 0 
-2 -18 -20 -30 0 
-13 -23 -27 -34 0 
-1 -5 -12 -17 -20 -25 -30 0 
-15 -18 -28 -29 -32 0 
-7 -12 -22 -26 -29 -35 0 
-2 -8 -11 -15 -19 -20 -26 -28 -35 0 
-3 -19 -20 -31 0 
-3 -6 -11 -13 -34 0 
-11 -22 -32 -35 0 
-1 -7 -9 -14 -22 -30 -33 -35 0 
-3 -4 -13 -23 -26 -30 -34 0 
-1 -3 -5 -7 -21 -23 -38 0 
-5 -6 -12 -26 -30 -31 -36 0 
-12 -20 -30 -38 0 
-9 -12 -13 -19 -27 0 
-7 -12 -15 -22 -27 -29 -37 0 
-13 -21 -28 -31 0 
-3 -4 -22 -38 0 
-1 -12 -20 -22 -28 -35 -38 0 
-2 -5 -6 -11 -13 -18 -19 -25 -32 0 
-1 -12 -29 -32 0 
-9 -24 -35 -36 -37 0 
-2 -11 -27 -32 -36 -38 0 
-3 -16 -18 -19 -21 -28 -29 -32 -36 0 
-3 -8 -10 -18 -21 -35 0 
-5 -7 -13 -28 0 
-1 -6 -8 -10 -12 -15 -22 -29 -31 -34 0 
-14 -15 -18 -20 -22 -29 -33 -37 0 
-7 -8 -17 -19 -23 0 
-10 -15 -23 -28 -30 -34 -38 0 
-2 -8 -11 -13 -18 -19 -28 -29 -34 0 
-2 -3 -5 -6 -11 -12 -28 -37 0 
-3 -6 -10 -23 -37 0 
-5 -8 -10 -15 -18 -20 -30 -37 0 
-3 -11 -12 -22 -29 -35 -36 0 
-3 -19 -20 -24 -28 -31 -32 -34 0 
-6 -8 -10 -11 -13 -17 0 
-9 -12 -13 -15 -17 -20 -28 -31 -38 0 
-13 -18 -21 -26 -27 -31 -33 -36 0 
-4 -8 -20 -24 -28 -31 -36 0 
-8 -13 -15 -31 -34 0 
-1 -2 -6 -26 -30 -38 0 
-7 -11 -13 -23 -36 0 
-17 -24 -26 -29 -35 0 
-1 -2 -18 -20 -24 -37 0 
-6 -14 -20 -22 -31 -37 -38 0 
-5 -9 -12 -20 -24 -31 0 
-7 -11 -28 -33 0 
-6 -10 -17 -23 -32 -35 0 
-5 -12 -16 -23 -25 0 
-14 -15 -18 -20 -22 -29 -30 -33 -35 -36 0 
-5 -7 -8 -19 -20 -21 -24 -29 -31 0 
-1 -3 -6 -12 -22 -24 -29 -36 0 
-3 -5 -7 -11 -21 -25 -30 -31 -33 -35 -36 -37 0 
-1 -14 -16 -23 -24 -37 0 
-2 -7 -17 -21 -24 -32 -33 0 
-2 -10 -13 -18 -24 -33 -37 0 
-1 -3 -14 -17 -21 -23 -38 0 
-4 -6 -11 -19 -22 -26 0 
-1 -10 -12 -20 -25 -26 0 
-9 -12 -27 -29 -37 0 
-1 -9 -12 -19 -21 -22 0 
-8 -20 -32 -35 0 
-2 -19 -24 -27 -31 0 
-3 -4 -7 -8 -14 -16 -17 -18 -26 -29 -32 -37 0 
-5 -6 -9 -15 -17 -22 -27 -35 -37 0 
-1 -7 -8 -9 -10 -20 -28 -29 -31 0 
-1 -6 -7 -10 -15 -16 -19 -24 -27 0 
-2 -4 -7 -10 -14 -16 -31 -35 -36 0 
-8 -15 -25 -27 -38 0 
-2 -10 -13 -20 -30 0 
-7 -9 -17 -24 -25 -33 -36 0 
-1 -8 -17 -20 -29 -30 -31 0 
-2 -6 -10 -13 0 
-4 -6 -10 -19 -20 -21 -22 -33 0 
-9 -10 -16 -18 -22 -35 0 
-3 -8 -18 -29 -34 0 
-8 -12 -13 -17 -32 -33 0 
-1 -9 -14 -19 -26 -35 0 
-4 -9 -12 -13 -22 -32 -34 -36 0 
-2 -8 -9 -17 -21 0 
-4 -10 -12 -26 0 
-7 -13 -14 -26 -30 -38 0 
-11 -12 -14 -16 -17 -18 -22 0 
-10 -13 -16 -20 -23 -34 -35 0 
-6 -10 -12 -26 0 
-6 -20 -22 -27 -29 0 
-2 -7 -8 -9 -15 -16 -26 -30 -32 0 
-7 -28 -30 -33 0 
-1 -5 -11 -23 -27 0 
-2 -3 -13 -17 -19 -23 0 
-1 -8 -13 -24 -25 -30 -31 0 
-5 -7 -22 -23 -35 -36 -37 0 
-1 -10 -16 -21 -35 -37 0 
-5 -20 -22 -27 -30 -37 0 
-1 -2 -5 -12 -15 -16 -17 -24 -30 -34 0 
-1 -2 -5 -13 -18 0 
-2 -4 -20 -23 -31 -33 -35 0 
-6 -9 -10 -23 -24 -29 -30 -31 -33 -36 0 
-9 -11 -24 -25 -33 -34 0 
-1 -4 -7 -13 -15 -21 -26 -32 0 
-6 -9 -16 -18 -25 0 
-1 -4 -7 -10 -24 -26 -27 0 
-9 -11 -12 -38 0 
-4 -22 -24 -30 -34 -36 0 
-10 -14 -15 -17 -22 -28 -31 -32 0 
-7 -10 -16 -17 -19 -20 -29 -33 0 
-1 -2 -3 -4 -14 -20 -22 -33 -34 0 
-2 -9 -21 -29 -30 0 
-10 -13 -16 -36 0 
-6 -10 -13 -18 -22 -29 -30 0 
-2 -4 -10 -17 -19 -24 -26 -30 -35 0 
-3 -6 -9 -11 -14 -24 -27 0 
-2 -3 -14 -18 -20 -28 -37 0 
-5 -7 -10 -13 -14 -20 -28 0 
-12 -16 -18 -25 -30 -38 0 
-4 -7 -13 -17 -20 -28 0 
-2 -4 -9 -18 -20 -22 0 
-9 -10 -16 -22 -24 -25 -26 -30 -38 0 
-1 -3 -5 -11 -17 -21 -23 -24 -34 0 
-4 -12 -16 -17 -21 -23 -29 -30 0 
-1 -17 -28 -30 0 
-15 -17 -19 -24 -29 0 
-1 -4 -10 -12 -19 -23 -25 0 
-5 -7 -12 -13 -15 -23 0 
-2 -5 -6 -9 -18 -21 -26 -27 -30 -32 0 
-25 -27 -33 0 
-5 -11 -13 -22 -24 -27 -31 0 
-2 -28 -33 -35 -36 0 
-3 -5 -19 -20 -26 0 
-15 -25 -28 -30 -36 -37 0 
-7 -14 -35 -36 -38 0 
-9 -38 0 
-7 -16 -17 0 
-12 -15 -16 -18 -20 -25 -30 0 
-6 -9 -17 0 
-10 -12 -13 -19 -26 0 
-7 -12 -13 -26 0 
-2 -5 -15 -24 -25 -30 -35 0 
-8 -11 -12 -35 0 
-3 -9 -11 -22 -28 -31 -34 0 
-16 -20 -21 -24 -27 -32 -33 0 
-1 -3 -17 -22 -24 0 
-24 -28 -29 -34 0 
-14 -18 -21 -27 -31 -37 0 
-8 -18 -19 -22 -33 0 
-2 -6 -7 -8 -18 -25 -32 0 
-3 -29 0 
-5 -14 -15 -21 -22 -25 -32 -34 0 
-11 -15 -21 -24 -31 -33 -35 0 
-2 -13 -14 -18 -25 -27 -29 -34 -36 0 
-1 -13 -21 -23 -24 -25 -28 -32 0 
-2 -3 -6 -9 -10 -16 -28 -30 -31 0 
-5 -18 -21 -27 -32 -38 0 
-9 -15 -16 -20 -23 -30 -35 0 
-2 -3 -17 0 
-1 -2 -6 -7 -31 -35 0 
-1 -2 -3 -4 -8 -11 -18 -24 -26 -27 -36 -38 0 
-4 -8 -20 -26 -29 -30 0 
-9 -13 -14 -21 -24 -26 -38 0 
-15 -16 -36 -37 0 
-17 -25 -28 -37 0 
-5 -10 -19 -24 -25 -35 0 
-4 -8 -13 -19 -22 -23 -30 0 
-2 -14 -18 -19 -20 -27 -31 -34 0 
-6 -8 -10 -14 -22 -26 0 
-2 -5 -7 -18 -19 -22 -24 -31 -35 0 
-4 -10 -14 -19 -23 -34 0 
-4 -5 -6 -8 -13 -21 -29 -34 0 
-6 -7 -10 -14 -21 -24 -33 0 
-6 -7 -9 -13 -22 -23 0 
-13 -15 -19 -30 -38 0 
-2 -4 -7 -18 -19 -25 -27 -28 0 
-12 -16 -38 0 
-1 -5 -25 -33 0 
-8 -13 -15 -18 -25 -34 0 
-3 -6 -13 -15 -19 -25 -36 -37 0 
-10 -14 -37 0 
-1 -5 -7 -11 -13 -20 -25 -31 0 
-5 -7 -12 -17 -19 -31 -32 0 
-11 -12 -15 -19 -22 -28 -30 -34 0 
-1 -10 -11 -13 -23 -26 -31 -33 -34 0 
-3 -6 -11 -13 -15 -23 -25 -36 0 
