p cnf 38 800
6 17 25 27 30 0 
1 4 14 17 26 0 
16 20 21 24 0 
6 23 30 32 35 37 38 0 
10 19 22 33 0 
5 10 14 18 22 31 33 38 0 
3 6 10 12 14 20 0 
1 2 10 12 16 22 31 37 0 
1 4 5 17 28 0 
6 9 14 15 19 24 25 32 34 0 
1 8 13 14 17 26 34 0 
1 2 16 25 28 30 35 36 0 
3 4 10 19 24 28 34 0 
12 25 29 30 0 
1 10 23 27 0 
1 12 38 0 
5 7 11 12 25 27 28 35 0 
2 8 13 14 19 20 22 26 27 29 0 
10 18 23 28 31 33 37 0 
3 15 20 31 33 0 
6 7 13 14 16 18 24 38 0 
3 13 14 15 22 35 36 38 0 
1 5 18 22 33 34 37 0 
15 26 32 0 
12 17 23 0 
2 4 10 12 15 19 31 37 0 
5 11 12 25 0 
11 13 24 25 29 32 38 0 
24 30 36 0 
1 11 16 25 29 32 36 0 
2 9 20 21 24 27 28 0 
2 7 18 0 
9 12 15 29 33 36 0 
5 6 10 12 22 32 38 0 
8 9 10 12 17 18 19 25 26 32 37 0 
2 12 21 22 26 33 36 0 
11 19 21 24 0 
10 26 31 32 0 
4 9 10 12 18 36 0 
3 4 14 18 34 35 37 38 0 
1 5 8 9 14 30 0 
1 3 15 19 24 27 0 
4 10 20 30 35 0 
5 10 0 
10 12 17 19 22 27 38 0 
4 6 10 13 16 17 26 35 37 0 
10 14 15 19 28 31 0 
2 3 20 21 28 36 0 
7 15 17 19 31 36 0 
6 7 13 24 28 29 36 0 
6 12 15 17 18 28 35 0 
3 4 8 11 17 26 29 33 36 38 0 
4 5 14 15 22 24 29 34 0 
1 10 32 38 0 
3 13 17 19 26 29 30 34 37 38 0 
4 20 30 32 34 0 
10 15 18 19 20 31 0 
5 13 14 22 29 31 32 0 
4 17 19 20 28 33 0 
1 8 10 16 18 0 
2 16 22 23 36 0 
6 7 10 15 29 36 0 
9 11 26 35 0 
4 16 22 24 0 
10 14 22 28 32 38 0 
1 3 7 15 16 17 26 29 30 35 0 
1 6 8 19 30 35 36 0 
11 12 16 19 21 23 29 35 36 0 
5 7 9 11 12 13 15 17 19 28 0 
7 8 21 29 0 
2 11 12 18 24 28 0 
1 3 4 7 14 15 17 19 20 22 25 27 34 0 
1 5 12 14 15 36 37 0 
1 18 21 25 0 
3 4 6 7 12 0 
3 8 22 28 29 0 
6 12 19 22 23 31 33 34 38 0 
4 6 10 17 21 22 26 27 0 
8 10 19 30 31 32 35 0 
5 8 10 11 12 19 21 22 27 28 31 0 
8 12 20 21 26 32 35 0 
14 22 28 37 0 
3 17 19 37 38 0 
2 8 11 32 34 0 
2 3 7 27 31 32 35 37 0 
6 7 13 14 23 36 0 
7 9 12 14 21 25 26 36 37 38 0 
10 22 26 27 36 0 
8 9 10 14 20 28 35 0 
1 7 15 27 31 32 38 0 
3 10 11 14 19 27 34 35 0 
4 7 12 22 29 31 0 
4 14 18 22 23 29 31 32 36 37 0 
6 16 25 28 29 31 33 35 0 
3 11 18 22 35 36 38 0 
15 21 22 24 26 0 
13 27 36 0 
1 5 6 23 25 27 30 0 
8 21 29 0 
4 6 10 15 18 20 0 
4 5 12 18 27 28 31 33 0 
4 13 16 18 35 0 
5 10 13 14 17 21 34 37 0 
4 6 19 22 25 30 0 
6 14 33 34 0 
12 17 19 22 26 0 
6 8 9 12 20 30 35 0 
2 12 26 31 37 38 0 
1 3 4 10 13 23 24 29 30 36 0 
14 15 20 23 35 0 
2 3 6 18 28 38 0 
2 10 12 13 26 27 35 0 
1 21 22 24 29 33 0 
9 14 19 32 0 
2 4 16 34 35 0 
1 9 16 20 23 25 30 0 
13 18 21 0 
7 8 10 17 28 34 0 
1 15 16 0 
3 5 25 28 29 35 36 0 
11 15 17 20 22 24 31 33 37 0 
4 6 12 13 21 24 25 29 32 0 
2 7 12 18 34 37 0 
4 6 13 19 26 27 30 0 
1 4 5 14 22 37 0 
1 3 12 17 19 27 0 
2 12 31 36 0 
1 5 7 9 11 17 22 24 27 29 32 38 0 
3 9 15 20 21 23 31 33 34 0 
3 11 12 20 26 27 29 0 
2 5 14 20 23 26 27 35 0 
1 7 15 27 29 0 
2 13 17 18 22 33 34 37 38 0 
4 17 19 28 30 31 33 0 
7 9 23 28 0 
9 16 18 21 26 27 35 37 0 
9 12 15 19 21 26 37 0 
1 7 8 10 15 16 21 26 36 37 0 
5 13 16 33 0 
3 12 15 17 23 24 31 0 
4 9 15 18 20 24 27 30 31 32 36 0 
2 4 6 19 24 26 35 0 
18 20 27 32 37 0 
2 10 11 12 13 23 26 30 33 36 0 
4 13 16 30 37 38 0 
1 7 10 12 20 27 29 35 0 
2 5 10 12 18 19 21 28 30 33 0 
4 17 23 36 0 
6 16 19 22 26 28 33 36 37 0 
4 14 16 17 24 30 33 36 0 
7 8 10 12 24 31 37 38 0 
5 6 8 9 26 0 
1 24 25 29 30 31 32 33 35 38 0 
3 9 11 12 15 16 23 30 35 0 
3 4 19 26 30 0 
1 4 9 23 29 32 35 0 
10 12 16 19 24 26 36 0 
3 6 7 9 14 15 22 26 36 0 
1 7 16 24 29 36 0 
1 10 16 17 19 20 38 0 
5 8 20 24 33 38 0 
2 28 33 35 36 0 
13 14 18 0 
13 15 16 18 27 28 30 37 0 
3 23 29 30 37 0 
8 26 30 0 
2 7 12 13 20 22 29 31 38 0 
1 21 31 33 38 0 
3 6 9 13 0 
6 9 16 17 22 33 0 
6 8 12 28 30 37 38 0 
2 14 25 0 
18 19 20 0 
6 7 8 10 18 20 22 28 31 36 38 0 
1 7 12 19 0 
8 21 22 24 27 35 38 0 
23 24 28 29 0 
5 7 10 19 21 29 32 37 0 
5 17 21 30 0 
14 19 20 24 35 0 
5 9 14 19 23 0 
7 10 12 16 18 22 28 34 0 
1 4 7 14 15 31 0 
14 18 19 21 22 25 30 35 0 
16 17 24 25 28 36 0 
4 5 8 11 15 30 31 0 
2 16 21 22 24 28 29 30 0 
3 14 17 19 23 25 26 31 0 
1 3 4 9 24 26 31 32 36 37 0 
3 11 13 15 20 33 37 38 0 
2 13 17 20 27 0 
16 17 21 27 36 0 
3 8 15 18 20 24 0 
9 10 26 33 36 0 
1 14 19 20 22 32 33 0 
5 8 18 21 24 30 35 37 0 
6 12 17 18 30 0 
3 7 16 21 24 0 
4 14 25 0 
2 11 13 17 21 25 30 38 0 
3 11 20 25 0 
9 10 14 22 37 0 
4 7 9 14 15 18 28 30 0 
2 9 14 17 23 29 0 
4 7 15 18 19 27 28 37 0 
8 13 15 30 32 33 0 
7 9 11 20 21 22 25 29 31 0 
8 21 26 27 29 0 
24 25 27 29 34 0 
2 6 12 17 30 0 
3 7 11 12 13 16 18 19 20 22 24 33 0 
8 9 14 18 22 25 29 30 31 32 33 38 0 
7 10 31 0 
1 4 19 24 30 0 
5 9 12 23 25 27 0 
4 5 8 13 24 26 28 30 0 
1 3 5 10 19 31 32 37 0 
11 16 26 38 0 
5 8 10 27 29 32 35 38 0 
7 16 20 21 31 32 0 
2 4 11 17 18 20 24 38 0 
3 18 24 27 36 0 
8 19 31 38 0 
3 19 23 31 0 
10 11 16 18 20 24 27 32 34 37 0 
23 33 35 36 38 0 
1 12 16 21 25 37 0 
15 25 26 27 37 0 
14 17 28 33 0 
20 25 32 33 36 37 38 0 
4 6 19 30 34 38 0 
1 3 8 9 19 21 28 33 0 
3 7 28 31 0 
2 6 8 10 11 12 18 0 
18 19 25 28 0 
4 13 18 20 28 29 36 37 0 
1 4 9 13 16 24 28 0 
9 14 19 21 23 28 37 0 
4 6 7 21 28 34 37 0 
1 3 13 22 27 28 37 0 
2 20 23 31 32 0 
5 7 21 0 
6 7 21 23 24 31 33 35 0 
8 11 19 23 0 
9 13 14 23 34 0 
3 8 10 15 19 20 0 
21 22 30 33 37 0 
5 10 14 17 24 36 0 
6 10 12 18 29 31 38 0 
5 6 8 11 19 35 38 0 
8 11 15 30 33 0 
17 20 31 0 
4 8 10 16 30 31 33 34 0 
4 17 26 35 0 
1 2 5 9 13 17 34 0 
21 23 26 29 31 34 0 
6 10 13 14 28 36 0 
5 7 11 17 19 23 27 0 
8 9 16 20 24 29 0 
21 23 26 27 38 0 
2 4 12 25 26 35 0 
11 17 18 22 30 31 38 0 
9 22 23 27 38 0 
2 18 20 25 26 28 33 36 0 
1 2 5 9 16 34 0 
4 13 14 15 18 21 29 31 0 
4 7 10 12 19 24 26 27 0 
4 5 9 17 21 23 31 36 0 
1 2 3 15 16 22 29 33 0 
7 22 23 24 0 
4 9 24 31 34 0 
2 6 10 23 29 31 0 
1 4 5 7 11 13 25 29 32 33 0 
7 10 12 18 19 29 30 0 
1 5 6 12 18 25 34 0 
3 8 23 28 33 0 
2 3 4 7 17 32 34 0 
12 18 19 20 22 33 0 
6 8 19 0 
1 5 27 36 0 
3 9 15 31 33 37 0 
1 19 25 36 0 
7 15 19 21 28 34 0 
2 9 12 17 21 30 32 34 38 0 
1 8 20 27 32 0 
1 7 9 10 17 18 24 29 34 0 
24 28 31 0 
13 26 32 0 
5 13 17 22 28 33 34 0 
3 4 5 8 12 17 30 31 37 38 0 
4 13 15 16 20 21 30 31 33 37 0 
7 8 11 12 26 27 28 30 31 32 37 38 0 
4 6 12 16 17 19 22 23 35 0 
1 11 24 31 32 34 37 0 
2 13 15 26 29 0 
3 5 10 24 25 26 37 0 
22 24 25 0 
2 5 7 8 16 21 26 32 0 
2 10 14 18 33 35 0 
5 10 11 19 27 35 36 0 
5 7 10 28 29 35 0 
6 24 27 28 32 34 38 0 
2 22 24 25 29 33 0 
1 12 15 20 25 30 31 34 35 0 
5 8 13 17 23 24 0 
1 12 13 14 16 23 24 26 29 0 
7 10 18 31 32 33 0 
1 25 27 28 29 0 
5 13 20 27 28 0 
1 12 15 19 26 27 30 34 35 0 
3 6 13 19 20 23 0 
16 18 25 28 34 37 0 
17 18 20 21 29 30 35 0 
1 9 15 20 31 32 0 
5 11 15 16 22 25 32 38 0 
2 4 7 8 23 26 27 0 
10 15 22 26 31 33 0 
4 5 15 17 19 28 31 32 0 
5 7 8 29 31 32 33 0 
1 5 11 17 25 36 0 
6 11 12 19 32 0 
1 29 38 0 
2 5 6 11 14 16 25 32 0 
4 8 11 12 16 18 20 0 
3 7 11 25 32 36 0 
3 11 13 16 28 33 38 0 
3 15 16 24 26 31 0 
5 6 10 14 21 23 32 38 0 
1 3 8 14 18 20 26 29 30 34 0 
5 6 8 14 24 27 30 31 36 37 0 
3 7 22 30 32 37 0 
2 3 5 21 30 32 35 36 0 
1 11 16 21 23 29 33 35 0 
9 12 13 14 27 30 32 34 0 
5 6 15 23 32 0 
1 3 4 10 13 37 0 
1 11 27 31 32 33 37 0 
7 9 21 33 36 0 
5 8 18 25 28 30 38 0 
2 16 25 27 28 0 
13 24 26 27 34 36 38 0 
6 23 27 32 35 36 0 
4 6 10 14 15 23 25 27 29 36 0 
2 5 7 28 29 30 31 36 0 
5 15 16 19 28 0 
6 18 19 28 36 38 0 
1 10 12 15 32 0 
19 21 22 26 29 35 0 
19 22 26 28 37 0 
1 12 18 36 0 
1 2 11 16 23 30 31 33 38 0 
2 5 21 26 31 32 35 38 0 
6 8 12 14 17 18 30 33 34 0 
6 11 12 16 19 21 25 31 35 0 
17 23 28 32 36 0 
13 22 23 0 
5 10 19 21 24 32 34 0 
14 15 25 34 35 0 
10 11 15 18 22 28 0 
6 10 11 16 20 21 0 
7 9 25 28 31 32 35 0 
1 4 12 16 21 24 35 0 
2 10 14 25 31 0 
1 7 9 24 32 0 
3 6 8 17 20 32 33 35 0 
3 6 10 14 17 18 35 0 
2 3 11 13 18 19 21 34 0 
3 7 12 27 31 32 33 38 0 
11 22 30 36 0 
9 10 21 22 27 29 31 34 38 0 
2 7 10 16 18 24 30 0 
7 21 28 0 
7 27 35 36 0 
15 18 19 0 
7 9 15 30 36 37 38 0 
1 7 8 17 22 0 
7 18 24 26 31 33 38 0 
5 8 19 31 0 
3 6 9 18 26 27 32 34 0 
9 12 15 30 0 
7 10 18 25 34 38 0 
3 4 21 29 31 32 35 37 38 0 
2 3 6 7 10 11 14 21 23 35 37 0 
2 8 26 37 0 
2 6 15 19 23 0 
4 9 13 17 25 36 0 
1 10 11 30 33 37 0 
12 14 34 0 
1 3 5 11 14 15 32 0 
4 6 24 26 0 
2 7 23 26 33 38 0 
3 6 7 9 15 21 29 0 
8 18 29 30 32 36 37 0 
13 17 26 30 34 37 0 
2 9 19 22 23 24 0 
8 20 25 31 35 0 
19 25 34 0 
3 5 7 9 14 0 
5 21 31 32 35 38 0 
2 5 16 23 25 28 0 
-6 -17 -25 -27 -30 0 
-1 -4 -14 -17 -26 0 
-16 -20 -21 -24 0 
-6 -23 -30 -32 -35 -37 -38 0 
-10 -19 -22 -33 0 
-5 -10 -14 -18 -22 -31 -33 -38 0 
-3 -6 -10 -12 -14 -20 0 
-1 -2 -10 -12 -16 -22 -31 -37 0 
-1 -4 -5 -17 -28 0 
-6 -9 -14 -15 -19 -24 -25 -32 -34 0 
-1 -8 -13 -14 -17 -26 -34 0 
-1 -2 -16 -25 -28 -30 -35 -36 0 
-3 -4 -10 -19 -24 -28 -34 0 
-12 -25 -29 -30 0 
-1 -10 -23 -27 0 
-1 -12 -38 0 
-5 -7 -11 -12 -25 -27 -28 -35 0 
-2 -8 -13 -14 -19 -20 -22 -26 -27 -29 0 
-10 -18 -23 -28 -31 -33 -37 0 
-3 -15 -20 -31 -33 0 
-6 -7 -13 -14 -16 -18 -24 -38 0 
-3 -13 -14 -15 -22 -35 -36 -38 0 
-1 -5 -18 -22 -33 -34 -37 0 
-15 -26 -32 0 
-12 -17 -23 0 
-2 -4 -10 -12 -15 -19 -31 -37 0 
-5 -11 -12 -25 0 
-11 -13 -24 -25 -29 -32 -38 0 
-24 -30 -36 0 
-1 -11 -16 -25 -29 -32 -36 0 
-2 -9 -20 -21 -24 -27 -28 0 
-2 -7 -18 0 
-9 -12 -15 -29 -33 -36 0 
-5 -6 -10 -12 -22 -32 -38 0 
-8 -9 -10 -12 -17 -18 -19 -25 -26 -32 -37 0 
-2 -12 -21 -22 -26 -33 -36 0 
-11 -19 -21 -24 0 
-10 -26 -31 -32 0 
-4 -9 -10 -12 -18 -36 0 
-3 -4 -14 -18 -34 -35 -37 -38 0 
-1 -5 -8 -9 -14 -30 0 
-1 -3 -15 -19 -24 -27 0 
-4 -10 -20 -30 -35 0 
-5 -10 0 
-10 -12 -17 -19 -22 -27 -38 0 
-4 -6 -10 -13 -16 -17 -26 -35 -37 0 
-10 -14 -15 -19 -28 -31 0 
-2 -3 -20 -21 -28 -36 0 
-7 -15 -17 -19 -31 -36 0 
-6 -7 -13 -24 -28 -29 -36 0 
-6 -12 -15 -17 -18 -28 -35 0 
-3 -4 -8 -11 -17 -26 -29 -33 -36 -38 0 
-4 -5 -14 -15 -22 -24 -29 -34 0 
-1 -10 -32 -38 0 
-3 -13 -17 -19 -26 -29 -30 -34 -37 -38 0 
-4 -20 -30 -32 -34 0 
-10 -15 -18 -19 -20 -31 0 
-5 -13 -14 -22 -29 -31 -32 0 
-4 -17 -19 -20 -28 -33 0 
-1 -8 -10 -16 -18 0 
-2 -16 -22 -23 -36 0 
-6 -7 -10 -15 -29 -36 0 
-9 -11 -26 -35 0 
-4 -16 -22 -24 0 
-10 -14 -22 -28 -32 -38 0 
-1 -3 -7 -15 -16 -17 -26 -29 -30 -35 0 
-1 -6 -8 -19 -30 -35 -36 0 
-11 -12 -16 -19 -21 -23 -29 -35 -36 0 
-5 -7 -9 -11 -12 -13 -15 -17 -19 -28 0 
-7 -8 -21 -29 0 
-2 -11 -12 -18 -24 -28 0 
-1 -3 -4 -7 -14 -15 -17 -19 -20 -22 -25 -27 -34 0 
-1 -5 -12 -14 -15 -36 -37 0 
-1 -18 -21 -25 0 
-3 -4 -6 -7 -12 0 
-3 -8 -22 -28 -29 0 
-6 -12 -19 -22 -23 -31 -33 -34 -38 0 
-4 -6 -10 -17 -21 -22 -26 -27 0 
-8 -10 -19 -30 -31 -32 -35 0 
-5 -8 -10 -11 -12 -19 -21 -22 -27 -28 -31 0 
-8 -12 -20 -21 -26 -32 -35 0 
-14 -22 -28 -37 0 
-3 -17 -19 -37 -38 0 
-2 -8 -11 -32 -34 0 
-2 -3 -7 -27 -31 -32 -35 -37 0 
-6 -7 -13 -14 -23 -36 0 
-7 -9 -12 -14 -21 -25 -26 -36 -37 -38 0 
-10 -22 -26 -27 -36 0 
-8 -9 -10 -14 -20 -28 -35 0 
-1 -7 -15 -27 -31 -32 -38 0 
-3 -10 -11 -14 -19 -27 -34 -35 0 
-4 -7 -12 -22 -29 -31 0 
-4 -14 -18 -22 -23 -29 -31 -32 -36 -37 0 
-6 -16 -25 -28 -29 -31 -33 -35 0 
-3 -11 -18 -22 -35 -36 -38 0 
-15 -21 -22 -24 -26 0 
-13 -27 -36 0 
-1 -5 -6 -23 -25 -27 -30 0 
-8 -21 -29 0 
-4 -6 -10 -15 -18 -20 0 
-4 -5 -12 -18 -27 -28 -31 -33 0 
-4 -13 -16 -18 -35 0 
-5 -10 -13 -14 -17 -21 -34 -37 0 
-4 -6 -19 -22 -25 -30 0 
-6 -14 -33 -34 0 
-12 -17 -19 -22 -26 0 
-6 -8 -9 -12 -20 -30 -35 0 
-2 -12 -26 -31 -37 -38 0 
-1 -3 -4 -10 -13 -23 -24 -29 -30 -36 0 
-14 -15 -20 -23 -35 0 
-2 -3 -6 -18 -28 -38 0 
-2 -10 -12 -13 -26 -27 -35 0 
-1 -21 -22 -24 -29 -33 0 
-9 -14 -19 -32 0 
-2 -4 -16 -34 -35 0 
-1 -9 -16 -20 -23 -25 -30 0 
-13 -18 -21 0 
-7 -8 -10 -17 -28 -34 0 
-1 -15 -16 0 
-3 -5 -25 -28 -29 -35 -36 0 
-11 -15 -17 -20 -22 -24 -31 -33 -37 0 
-4 -6 -12 -13 -21 -24 -25 -29 -32 0 
-2 -7 -12 -18 -34 -37 0 
-4 -6 -13 -19 -26 -27 -30 0 
-1 -4 -5 -14 -22 -37 0 
-1 -3 -12 -17 -19 -27 0 
-2 -12 -31 -36 0 
-1 -5 -7 -9 -11 -17 -22 -24 -27 -29 -32 -38 0 
-3 -9 -15 -20 -21 -23 -31 -33 -34 0 
-3 -11 -12 -20 -26 -27 -29 0 
-2 -5 -14 -20 -23 -26 -27 -35 0 
-1 -7 -15 -27 -29 0 
-2 -13 -17 -18 -22 -33 -34 -37 -38 0 
-4 -17 -19 -28 -30 -31 -33 0 
-7 -9 -23 -28 0 
-9 -16 -18 -21 -26 -27 -35 -37 0 
-9 -12 -15 -19 -21 -26 -37 0 
-1 -7 -8 -10 -15 -16 -21 -26 -36 -37 0 
-5 -13 -16 -33 0 
-3 -12 -15 -17 -23 -24 -31 0 
-4 -9 -15 -18 -20 -24 -27 -30 -31 -32 -36 0 
-2 -4 -6 -19 -24 -26 -35 0 
-18 -20 -27 -32 -37 0 
-2 -10 -11 -12 -13 -23 -26 -30 -33 -36 0 
-4 -13 -16 -30 -37 -38 0 
-1 -7 -10 -12 -20 -27 -29 -35 0 
-2 -5 -10 -12 -18 -19 -21 -28 -30 -33 0 
-4 -17 -23 -36 0 
-6 -16 -19 -22 -26 -28 -33 -36 -37 0 
-4 -14 -16 -17 -24 -30 -33 -36 0 
-7 -8 -10 -12 -24 -31 -37 -38 0 
-5 -6 -8 -9 -26 0 
-1 -24 -25 -29 -30 -31 -32 -33 -35 -38 0 
-3 -9 -11 -12 -15 -16 -23 -30 -35 0 
-3 -4 -19 -26 -30 0 
-1 -4 -9 -23 -29 -32 -35 0 
-10 -12 -16 -19 -24 -26 -36 0 
-3 -6 -7 -9 -14 -15 -22 -26 -36 0 
-1 -7 -16 -24 -29 -36 0 
-1 -10 -16 -17 -19 -20 -38 0 
-5 -8 -20 -24 -33 -38 0 
-2 -28 -33 -35 -36 0 
-13 -14 -18 0 
-13 -15 -16 -18 -27 -28 -30 -37 0 
-3 -23 -29 -30 -37 0 
-8 -26 -30 0 
-2 -7 -12 -13 -20 -22 -29 -31 -38 0 
-1 -21 -31 -33 -38 0 
-3 -6 -9 -13 0 
-6 -9 -16 -17 -22 -33 0 
-6 -8 -12 -28 -30 -37 -38 0 
-2 -14 -25 0 
-18 -19 -20 0 
-6 -7 -8 -10 -18 -20 -22 -28 -31 -36 -38 0 
-1 -7 -12 -19 0 
-8 -21 -22 -24 -27 -35 -38 0 
-23 -24 -28 -29 0 
-5 -7 -10 -19 -21 -29 -32 -37 0 
-5 -17 -21 -30 0 
-14 -19 -20 -24 -35 0 
-5 -9 -14 -19 -23 0 
-7 -10 -12 -16 -18 -22 -28 -34 0 
-1 -4 -7 -14 -15 -31 0 
-14 -18 -19 -21 -22 -25 -30 -35 0 
-16 -17 -24 -25 -28 -36 0 
-4 -5 -8 -11 -15 -30 -31 0 
-2 -16 -21 -22 -24 -28 -29 -30 0 
-3 -14 -17 -19 -23 -25 -26 -31 0 
-1 -3 -4 -9 -24 -26 -31 -32 -36 -37 0 
-3 -11 -13 -15 -20 -33 -37 -38 0 
-2 -13 -17 -20 -27 0 
-16 -17 -21 -27 -36 0 
-3 -8 -15 -18 -20 -24 0 
-9 -10 -26 -33 -36 0 
-1 -14 -19 -20 -22 -32 -33 0 
-5 -8 -18 -21 -24 -30 -35 -37 0 
-6 -12 -17 -18 -30 0 
-3 -7 -16 -21 -24 0 
-4 -14 -25 0 
-2 -11 -13 -17 -21 -25 -30 -38 0 
-3 -11 -20 -25 0 
-9 -10 -14 -22 -37 0 
-4 -7 -9 -14 -15 -18 -28 -30 0 
-2 -9 -14 -17 -23 -29 0 
-4 -7 -15 -18 -19 -27 -28 -37 0 
-8 -13 -15 -30 -32 -33 0 
-7 -9 -11 -20 -21 -22 -25 -29 -31 0 
-8 -21 -26 -27 -29 0 
-24 -25 -27 -29 -34 0 
-2 -6 -12 -17 -30 0 
-3 -7 -11 -12 -13 -16 -18 -19 -20 -22 -24 -33 0 
-8 -9 -14 -18 -22 -25 -29 -30 -31 -32 -33 -38 0 
-7 -10 -31 0 
-1 -4 -19 -24 -30 0 
-5 -9 -12 -23 -25 -27 0 
-4 -5 -8 -13 -24 -26 -28 -30 0 
-1 -3 -5 -10 -19 -31 -32 -37 0 
-11 -16 -26 -38 0 
-5 -8 -10 -27 -29 -32 -35 -38 0 
-7 -16 -20 -21 -31 -32 0 
-2 -4 -11 -17 -18 -20 -24 -38 0 
-3 -18 -24 -27 -36 0 
-8 -19 -31 -38 0 
-3 -19 -23 -31 0 
-10 -11 -16 -18 -20 -24 -27 -32 -34 -37 0 
-23 -33 -35 -36 -38 0 
-1 -12 -16 -21 -25 -37 0 
-15 -25 -26 -27 -37 0 
-14 -17 -28 -33 0 
-20 -25 -32 -33 -36 -37 -38 0 
-4 -6 -19 -30 -34 -38 0 
-1 -3 -8 -9 -19 -21 -28 -33 0 
-3 -7 -28 -31 0 
-2 -6 -8 -10 -11 -12 -18 0 
-18 -19 -25 -28 0 
-4 -13 -18 -20 -28 -29 -36 -37 0 
-1 -4 -9 -13 -16 -24 -28 0 
-9 -14 -19 -21 -23 -28 -37 0 
-4 -6 -7 -21 -28 -34 -37 0 
-1 -3 -13 -22 -27 -28 -37 0 
-2 -20 -23 -31 -32 0 
-5 -7 -21 0 
-6 -7 -21 -23 -24 -31 -33 -35 0 
-8 -11 -19 -23 0 
-9 -13 -14 -23 -34 0 
-3 -8 -10 -15 -19 -20 0 
-21 -22 -30 -33 -37 0 
-5 -10 -14 -17 -24 -36 0 
-6 -10 -12 -18 -29 -31 -38 0 
-5 -6 -8 -11 -19 -35 -38 0 
-8 -11 -15 -30 -33 0 
-17 -20 -31 0 
-4 -8 -10 -16 -30 -31 -33 -34 0 
-4 -17 -26 -35 0 
-1 -2 -5 -9 -13 -17 -34 0 
-21 -23 -26 -29 -31 -34 0 
-6 -10 -13 -14 -28 -36 0 
-5 -7 -11 -17 -19 -23 -27 0 
-8 -9 -16 -20 -24 -29 0 
-21 -23 -26 -27 -38 0 
-2 -4 -12 -25 -26 -35 0 
-11 -17 -18 -22 -30 -31 -38 0 
-9 -22 -23 -27 -38 0 
-2 -18 -20 -25 -26 -28 -33 -36 0 
-1 -2 -5 -9 -16 -34 0 
-4 -13 -14 -15 -18 -21 -29 -31 0 
-4 -7 -10 -12 -19 -24 -26 -27 0 
-4 -5 -9 -17 -21 -23 -31 -36 0 
-1 -2 -3 -15 -16 -22 -29 -33 0 
-7 -22 -23 -24 0 
-4 -9 -24 -31 -34 0 
-2 -6 -10 -23 -29 -31 0 
-1 -4 -5 -7 -11 -13 -25 -29 -32 -33 0 
-7 -10 -12 -18 -19 -29 -30 0 
-1 -5 -6 -12 -18 -25 -34 0 
-3 -8 -23 -28 -33 0 
-2 -3 -4 -7 -17 -32 -34 0 
-12 -18 -19 -20 -22 -33 0 
-6 -8 -19 0 
-1 -5 -27 -36 0 
-3 -9 -15 -31 -33 -37 0 
-1 -19 -25 -36 0 
-7 -15 -19 -21 -28 -34 0 
-2 -9 -12 -17 -21 -30 -32 -34 -38 0 
-1 -8 -20 -27 -32 0 
-1 -7 -9 -10 -17 -18 -24 -29 -34 0 
-24 -28 -31 0 
-13 -26 -32 0 
-5 -13 -17 -22 -28 -33 -34 0 
-3 -4 -5 -8 -12 -17 -30 -31 -37 -38 0 
-4 -13 -15 -16 -20 -21 -30 -31 -33 -37 0 
-7 -8 -11 -12 -26 -27 -28 -30 -31 -32 -37 -38 0 
-4 -6 -12 -16 -17 -19 -22 -23 -35 0 
-1 -11 -24 -31 -32 -34 -37 0 
-2 -13 -15 -26 -29 0 
-3 -5 -10 -24 -25 -26 -37 0 
-22 -24 -25 0 
-2 -5 -7 -8 -16 -21 -26 -32 0 
-2 -10 -14 -18 -33 -35 0 
-5 -10 -11 -19 -27 -35 -36 0 
-5 -7 -10 -28 -29 -35 0 
-6 -24 -27 -28 -32 -34 -38 0 
-2 -22 -24 -25 -29 -33 0 
-1 -12 -15 -20 -25 -30 -31 -34 -35 0 
-5 -8 -13 -17 -23 -24 0 
-1 -12 -13 -14 -16 -23 -24 -26 -29 0 
-7 -10 -18 -31 -32 -33 0 
-1 -25 -27 -28 -29 0 
-5 -13 -20 -27 -28 0 
-1 -12 -15 -19 -26 -27 -30 -34 -35 0 
-3 -6 -13 -19 -20 -23 0 
-16 -18 -25 -28 -34 -37 0 
-17 -18 -20 -21 -29 -30 -35 0 
-1 -9 -15 -20 -31 -32 0 
-5 -11 -15 -16 -22 -25 -32 -38 0 
-2 -4 -7 -8 -23 -26 -27 0 
-10 -15 -22 -26 -31 -33 0 
-4 -5 -15 -17 -19 -28 -31 -32 0 
-5 -7 -8 -29 -31 -32 -33 0 
-1 -5 -11 -17 -25 -36 0 
-6 -11 -12 -19 -32 0 
-1 -29 -38 0 
-2 -5 -6 -11 -14 -16 -25 -32 0 
-4 -8 -11 -12 -16 -18 -20 0 
-3 -7 -11 -25 -32 -36 0 
-3 -11 -13 -16 -28 -33 -38 0 
-3 -15 -16 -24 -26 -31 0 
-5 -6 -10 -14 -21 -23 -32 -38 0 
-1 -3 -8 -14 -18 -20 -26 -29 -30 -34 0 
-5 -6 -8 -14 -24 -27 -30 -31 -36 -37 0 
-3 -7 -22 -30 -32 -37 0 
-2 -3 -5 -21 -30 -32 -35 -36 0 
-1 -11 -16 -21 -23 -29 -33 -35 0 
-9 -12 -13 -14 -27 -30 -32 -34 0 
-5 -6 -15 -23 -32 0 
-1 -3 -4 -10 -13 -37 0 
-1 -11 -27 -31 -32 -33 -37 0 
-7 -9 -21 -33 -36 0 
-5 -8 -18 -25 -28 -30 -38 0 
-2 -16 -25 -27 -28 0 
-13 -24 -26 -27 -34 -36 -38 0 
-6 -23 -27 -32 -35 -36 0 
-4 -6 -10 -14 -15 -23 -25 -27 -29 -36 0 
-2 -5 -7 -28 -29 -30 -31 -36 0 
-5 -15 -16 -19 -28 0 
-6 -18 -19 -28 -36 -38 0 
-1 -10 -12 -15 -32 0 
-19 -21 -22 -26 -29 -35 0 
-19 -22 -26 -28 -37 0 
-1 -12 -18 -36 0 
-1 -2 -11 -16 -23 -30 -31 -33 -38 0 
-2 -5 -21 -26 -31 -32 -35 -38 0 
-6 -8 -12 -14 -17 -18 -30 -33 -34 0 
-6 -11 -12 -16 -19 -21 -25 -31 -35 0 
-17 -23 -28 -32 -36 0 
-13 -22 -23 0 
-5 -10 -19 -21 -24 -32 -34 0 
-14 -15 -25 -34 -35 0 
-10 -11 -15 -18 -22 -28 0 
-6 -10 -11 -16 -20 -21 0 
-7 -9 -25 -28 -31 -32 -35 0 
-1 -4 -12 -16 -21 -24 -35 0 
-2 -10 -14 -25 -31 0 
-1 -7 -9 -24 -32 0 
-3 -6 -8 -17 -20 -32 -33 -35 0 
-3 -6 -10 -14 -17 -18 -35 0 
-2 -3 -11 -13 -18 -19 -21 -34 0 
-3 -7 -12 -27 -31 -32 -33 -38 0 
-11 -22 -30 -36 0 
-9 -10 -21 -22 -27 -29 -31 -34 -38 0 
-2 -7 -10 -16 -18 -24 -30 0 
-7 -21 -28 0 
-7 -27 -35 -36 0 
-15 -18 -19 0 
-7 -9 -15 -30 -36 -37 -38 0 
-1 -7 -8 -17 -22 0 
-7 -18 -24 -26 -31 -33 -38 0 
-5 -8 -19 -31 0 
-3 -6 -9 -18 -26 -27 -32 -34 0 
-9 -12 -15 -30 0 
-7 -10 -18 -25 -34 -38 0 
-3 -4 -21 -29 -31 -32 -35 -37 -38 0 
-2 -3 -6 -7 -10 -11 -14 -21 -23 -35 -37 0 
-2 -8 -26 -37 0 
-2 -6 -15 -19 -23 0 
-4 -9 -13 -17 -25 -36 0 
-1 -10 -11 -30 -33 -37 0 
-12 -14 -34 0 
-1 -3 -5 -11 -14 -15 -32 0 
-4 -6 -24 -26 0 
-2 -7 -23 -26 -33 -38 0 
-3 -6 -7 -9 -15 -21 -29 0 
-8 -18 -29 -30 -32 -36 -37 0 
-13 -17 -26 -30 -34 -37 0 
-2 -9 -19 -22 -23 -24 0 
-8 -20 -25 -31 -35 0 
-19 -25 -34 0 
-3 -5 -7 -9 -14 0 
-5 -21 -31 -32 -35 -38 0 
-2 -5 -16 -23 -25 -28 0 
