p cnf 38 800
9 11 14 17 21 31 32 37 0 
2 9 15 18 24 28 32 33 0 
4 15 17 20 24 28 30 38 0 
1 2 3 4 16 36 0 
2 3 15 27 28 29 32 0 
1 9 11 17 19 21 24 30 32 0 
1 8 15 31 0 
2 18 24 30 33 0 
17 18 19 25 37 0 
13 16 18 21 23 37 0 
1 3 13 17 24 30 0 
4 7 9 27 29 38 0 
10 15 18 21 0 
16 28 36 38 0 
12 14 15 26 27 32 33 0 
10 14 20 27 28 38 0 
4 12 13 23 28 31 0 
7 9 16 20 25 26 35 38 0 
3 10 16 29 30 37 38 0 
1 19 26 38 0 
1 3 9 12 16 26 31 33 36 0 
8 20 22 29 30 38 0 
4 8 14 36 37 38 0 
8 32 37 38 0 
3 6 18 22 34 0 
5 12 13 19 23 25 34 0 
14 19 24 25 26 29 31 32 0 
2 7 9 17 19 24 25 33 0 
2 5 10 11 16 29 33 35 0 
2 12 16 18 23 31 32 0 
5 8 9 13 17 21 30 0 
2 10 16 22 26 31 32 0 
1 2 3 28 35 0 
8 9 12 21 23 25 0 
4 6 7 9 24 30 0 
8 17 21 24 27 36 0 
4 5 17 20 21 32 34 37 0 
10 12 22 23 33 35 0 
7 15 16 22 25 28 30 31 33 0 
3 7 14 16 20 26 28 30 0 
7 9 10 14 18 20 21 28 30 38 0 
8 14 21 0 
8 15 17 18 22 24 26 34 0 
15 26 28 31 0 
2 4 13 20 27 28 36 0 
5 17 20 21 22 26 30 31 38 0 
3 5 7 21 27 35 36 37 0 
1 14 27 29 33 35 0 
10 11 20 22 23 38 0 
13 15 21 26 38 0 
2 6 26 0 
1 6 8 10 12 18 26 28 35 0 
3 12 13 24 25 27 28 31 35 0 
1 15 23 38 0 
3 9 14 17 35 37 0 
2 10 12 16 23 28 36 0 
5 13 14 16 18 23 32 0 
1 12 15 23 24 28 35 0 
14 17 21 29 31 33 36 38 0 
7 14 25 34 0 
18 21 28 29 37 0 
3 7 8 13 19 24 31 32 36 0 
3 4 10 20 31 34 35 0 
1 11 24 26 29 30 35 0 
4 13 16 21 0 
10 11 17 18 23 28 33 0 
6 9 13 17 21 24 27 28 0 
8 9 12 17 21 22 0 
10 19 20 26 27 32 0 
2 4 6 8 10 12 24 25 27 29 0 
2 21 22 32 0 
3 10 16 18 23 30 33 38 0 
4 7 15 26 27 30 31 0 
10 20 21 29 31 0 
13 17 24 26 27 32 0 
3 23 25 29 36 0 
3 5 8 13 16 19 21 29 37 38 0 
6 8 13 16 21 35 0 
12 13 14 15 33 36 38 0 
7 9 21 26 31 32 33 0 
6 10 11 29 32 38 0 
6 12 19 21 24 25 31 0 
4 7 27 30 36 0 
4 11 14 19 23 35 37 38 0 
4 8 15 20 31 34 0 
8 14 19 27 29 36 0 
29 32 33 38 0 
1 3 5 15 21 23 24 0 
6 8 10 26 34 36 0 
2 3 24 27 33 0 
4 17 21 22 28 0 
2 12 27 0 
5 10 19 24 27 0 
11 14 15 26 28 29 31 32 35 0 
3 8 9 22 37 0 
12 16 31 36 0 
5 8 9 21 25 31 33 36 38 0 
12 19 23 36 37 0 
4 5 6 7 22 24 30 36 37 0 
6 9 15 36 0 
3 7 8 10 12 21 22 25 33 35 0 
3 4 6 7 12 22 28 30 33 34 0 
6 7 9 11 19 27 35 37 0 
1 7 24 26 27 30 0 
2 8 11 13 17 23 31 32 0 
2 5 8 34 0 
2 3 4 8 9 11 12 16 18 33 34 0 
14 21 35 0 
1 4 6 8 14 17 24 25 30 31 36 0 
3 14 15 19 20 22 24 33 34 0 
5 13 17 18 20 34 35 36 0 
16 18 25 34 0 
3 13 22 26 28 31 0 
13 17 20 31 0 
3 5 6 7 14 16 21 23 29 37 38 0 
9 12 13 19 0 
2 5 6 7 12 14 24 28 34 0 
4 17 19 26 0 
1 10 13 17 23 25 28 29 0 
1 4 10 19 36 0 
2 7 9 12 24 29 30 32 33 0 
2 20 25 37 0 
5 12 0 
2 3 9 11 13 14 21 26 30 0 
2 16 25 32 38 0 
7 19 22 26 29 35 36 0 
6 12 17 20 21 23 0 
3 25 28 29 33 35 0 
3 4 6 12 16 26 27 28 38 0 
1 12 19 24 38 0 
7 22 23 25 26 29 32 36 0 
11 15 18 21 27 31 0 
4 6 27 0 
12 14 20 32 0 
2 4 10 13 15 17 28 29 34 38 0 
5 10 20 32 33 34 0 
2 4 8 15 21 24 28 0 
6 9 15 18 20 22 28 31 0 
6 12 21 35 36 0 
6 10 14 27 36 37 0 
7 21 29 36 0 
5 7 9 12 16 26 33 36 0 
5 9 11 13 21 28 29 34 38 0 
9 10 11 13 20 33 35 38 0 
11 13 18 30 0 
1 12 13 24 29 33 0 
6 35 37 0 
9 10 13 15 23 34 0 
3 7 18 23 28 29 34 0 
1 6 9 10 17 20 22 23 33 36 0 
1 4 5 7 8 14 23 25 26 27 31 35 0 
7 16 18 27 33 0 
9 12 23 25 26 38 0 
13 23 30 0 
2 10 14 34 0 
6 8 28 32 34 36 0 
7 11 12 22 23 25 32 0 
2 15 29 32 0 
4 5 7 9 15 17 22 26 37 0 
3 4 14 28 29 33 0 
10 11 18 21 27 35 0 
3 10 11 20 23 0 
1 6 9 10 11 15 38 0 
9 11 23 24 27 32 34 38 0 
2 3 28 37 38 0 
14 20 23 25 29 30 35 38 0 
10 11 21 22 31 0 
2 8 12 23 35 0 
1 9 17 34 37 0 
1 6 8 29 35 36 37 0 
11 23 35 0 
1 3 8 21 22 28 29 32 35 38 0 
18 22 29 32 0 
12 24 35 0 
3 5 7 8 14 15 16 22 24 0 
4 7 11 14 19 29 30 32 33 38 0 
4 33 38 0 
3 6 9 10 12 17 25 26 28 29 38 0 
4 16 36 0 
5 17 23 25 33 0 
2 10 18 29 0 
7 10 21 23 26 27 30 0 
3 4 10 11 21 0 
4 8 12 17 24 27 32 36 37 0 
6 17 28 34 0 
19 21 24 29 34 0 
11 16 19 21 28 30 31 32 33 38 0 
3 5 6 21 37 0 
5 11 15 16 22 0 
7 11 24 36 37 0 
1 7 9 10 17 21 25 29 0 
4 9 11 12 14 22 34 37 0 
3 10 15 23 24 35 0 
2 8 12 18 24 28 0 
12 18 19 26 0 
5 29 0 
5 6 8 13 19 21 22 0 
2 5 6 7 9 15 25 26 31 0 
4 12 20 29 32 35 0 
1 12 16 17 21 22 23 26 29 30 31 0 
29 33 37 0 
15 23 27 33 38 0 
1 7 18 21 27 0 
1 17 28 29 32 38 0 
1 5 6 17 27 28 32 38 0 
13 20 21 22 25 27 29 33 0 
1 4 6 7 11 26 27 33 0 
23 25 29 31 35 0 
10 15 18 26 29 31 33 0 
4 6 8 32 36 0 
8 21 31 32 0 
2 20 21 28 35 36 0 
3 7 14 20 22 23 0 
4 22 34 38 0 
4 9 10 14 33 34 36 0 
1 5 7 11 13 26 37 38 0 
3 13 14 19 22 23 31 33 0 
9 10 20 21 23 37 0 
8 10 16 27 36 38 0 
4 9 12 27 30 34 0 
21 27 28 36 37 0 
2 5 8 15 16 21 27 28 0 
2 3 7 9 18 25 34 0 
3 19 21 26 34 36 38 0 
2 4 6 10 13 23 24 33 0 
8 10 18 28 33 34 38 0 
1 4 5 11 13 17 27 34 0 
2 3 4 5 11 13 19 33 0 
3 24 25 30 38 0 
1 2 10 21 27 29 33 37 0 
9 20 25 31 36 0 
1 2 9 12 17 23 27 31 38 0 
1 24 30 37 38 0 
9 15 16 17 18 19 25 29 36 37 0 
3 5 7 13 15 16 17 28 0 
9 14 17 31 37 0 
3 4 11 20 26 27 29 34 0 
3 6 15 16 25 0 
1 7 9 13 16 18 19 23 33 0 
3 5 26 30 35 38 0 
3 7 18 24 36 0 
9 18 19 20 0 
2 6 8 13 16 18 20 23 32 34 0 
12 22 23 29 31 0 
12 16 19 22 29 0 
8 12 14 19 32 33 0 
9 11 19 23 27 33 36 38 0 
4 14 15 17 18 35 0 
1 2 14 16 30 32 0 
8 18 19 20 22 23 27 0 
2 3 13 17 20 21 31 0 
4 11 15 17 18 29 33 36 0 
8 17 22 27 36 0 
2 7 8 10 12 15 27 0 
8 12 17 19 23 24 34 37 0 
13 15 16 29 30 32 0 
7 11 14 27 28 0 
5 10 18 23 27 34 0 
2 10 11 16 27 28 29 33 38 0 
1 6 7 28 37 0 
1 7 11 14 19 20 22 38 0 
3 5 20 24 37 0 
1 9 10 11 16 24 30 0 
18 20 22 25 28 30 0 
18 19 26 36 0 
1 14 17 22 29 30 35 37 38 0 
1 9 21 29 36 0 
1 5 6 13 15 19 23 33 35 0 
2 21 26 27 36 0 
14 26 28 35 37 0 
6 8 10 14 30 34 35 38 0 
1 7 11 19 24 0 
1 15 24 28 30 0 
1 3 10 13 14 21 34 0 
3 25 26 31 32 34 0 
16 17 21 23 38 0 
1 11 13 21 23 24 0 
5 30 31 32 33 38 0 
4 5 7 10 17 22 26 33 0 
8 10 13 14 21 27 29 34 0 
10 11 30 35 37 0 
3 5 24 28 32 0 
6 12 16 18 20 23 26 34 0 
2 7 10 11 17 19 23 33 36 0 
2 4 5 28 32 36 38 0 
1 7 15 17 29 31 34 35 38 0 
6 24 25 26 34 0 
14 34 35 38 0 
18 20 23 24 27 29 35 38 0 
3 8 9 12 28 29 0 
3 4 14 16 22 28 36 38 0 
12 13 14 20 24 25 32 0 
7 20 26 29 0 
7 10 11 22 33 35 37 0 
6 18 24 26 30 31 33 34 0 
13 17 28 29 38 0 
15 16 17 22 0 
11 16 24 32 36 0 
12 18 23 0 
6 7 15 27 31 32 33 0 
1 4 6 12 23 25 29 0 
1 4 8 12 15 20 26 0 
2 6 9 10 16 18 25 28 34 38 0 
6 13 17 18 19 28 29 31 38 0 
8 12 16 18 26 30 36 0 
13 32 33 36 38 0 
10 27 37 0 
4 7 9 18 31 34 38 0 
21 28 30 36 37 0 
1 9 21 22 25 30 34 38 0 
3 9 12 23 24 0 
6 8 17 19 26 30 38 0 
9 17 23 24 25 29 35 0 
1 13 14 16 18 20 21 24 27 37 0 
29 32 0 
7 8 25 28 29 35 0 
1 4 7 13 14 21 22 23 34 36 37 38 0 
6 9 10 11 22 23 33 0 
2 8 24 33 38 0 
6 11 12 34 37 0 
7 10 19 21 22 28 33 0 
2 7 9 11 19 24 25 31 0 
9 11 15 19 23 35 0 
4 9 16 17 23 25 29 31 33 0 
4 5 15 18 28 29 34 0 
20 24 27 29 38 0 
8 9 20 22 24 28 35 37 0 
6 9 12 13 16 18 21 26 0 
5 13 14 0 
10 14 19 21 37 0 
3 6 12 20 25 30 0 
17 21 25 26 35 0 
6 9 10 34 0 
3 9 12 14 25 28 29 31 36 38 0 
4 8 13 15 16 18 25 36 0 
11 13 20 23 26 0 
12 19 21 26 29 33 0 
3 5 13 17 31 36 0 
4 12 13 18 19 23 24 28 34 0 
2 4 7 10 12 18 22 26 27 38 0 
4 13 15 24 31 32 0 
7 11 13 31 0 
5 6 13 15 16 31 0 
5 16 17 20 22 32 37 0 
4 6 12 24 34 0 
1 13 15 19 28 29 30 31 0 
7 15 21 27 31 36 37 0 
1 4 6 8 21 22 0 
3 7 14 20 25 29 36 0 
16 17 19 26 32 36 0 
6 13 16 23 26 34 36 0 
7 8 18 20 0 
8 33 34 0 
3 12 13 17 19 21 24 29 0 
6 8 13 15 21 0 
2 7 12 15 17 18 33 36 0 
4 10 20 23 31 38 0 
8 9 15 16 19 21 27 0 
1 3 9 16 25 29 31 0 
8 9 10 13 20 25 35 0 
8 18 25 27 30 32 37 0 
3 14 18 30 32 33 34 36 0 
28 30 36 0 
3 15 22 30 36 0 
9 14 16 22 28 29 30 37 0 
2 6 17 22 25 26 31 0 
9 29 34 36 0 
13 16 18 27 31 37 0 
9 11 15 17 0 
12 18 23 29 33 0 
2 5 6 8 13 28 30 32 0 
1 2 8 19 21 23 27 31 0 
6 11 28 32 0 
1 4 7 10 17 18 27 29 0 
1 11 13 14 18 19 23 0 
7 8 15 17 27 29 35 0 
1 2 3 8 11 22 26 27 31 0 
12 14 22 24 26 34 0 
4 13 16 18 23 36 0 
7 11 14 20 22 29 37 0 
2 3 6 15 24 33 35 38 0 
1 3 14 20 27 29 31 33 0 
3 6 12 25 28 31 0 
2 4 12 16 18 20 23 29 0 
2 3 6 21 23 24 0 
15 16 18 20 0 
3 8 17 19 24 36 0 
12 15 18 21 34 36 0 
1 9 15 33 37 38 0 
1 12 18 19 27 0 
2 3 8 12 22 30 31 33 0 
6 11 14 20 31 36 0 
14 27 31 32 35 36 37 0 
1 3 5 13 24 30 33 36 0 
3 5 9 18 26 29 30 32 37 0 
6 12 13 23 25 27 37 0 
2 13 15 29 0 
3 7 11 21 23 30 35 0 
14 16 18 36 0 
4 7 16 22 0 
-9 -11 -14 -17 -21 -31 -32 -37 0 
-2 -9 -15 -18 -24 -28 -32 -33 0 
-4 -15 -17 -20 -24 -28 -30 -38 0 
-1 -2 -3 -4 -16 -36 0 
-2 -3 -15 -27 -28 -29 -32 0 
-1 -9 -11 -17 -19 -21 -24 -30 -32 0 
-1 -8 -15 -31 0 
-2 -18 -24 -30 -33 0 
-17 -18 -19 -25 -37 0 
-13 -16 -18 -21 -23 -37 0 
-1 -3 -13 -17 -24 -30 0 
-4 -7 -9 -27 -29 -38 0 
-10 -15 -18 -21 0 
-16 -28 -36 -38 0 
-12 -14 -15 -26 -27 -32 -33 0 
-10 -14 -20 -27 -28 -38 0 
-4 -12 -13 -23 -28 -31 0 
-7 -9 -16 -20 -25 -26 -35 -38 0 
-3 -10 -16 -29 -30 -37 -38 0 
-1 -19 -26 -38 0 
-1 -3 -9 -12 -16 -26 -31 -33 -36 0 
-8 -20 -22 -29 -30 -38 0 
-4 -8 -14 -36 -37 -38 0 
-8 -32 -37 -38 0 
-3 -6 -18 -22 -34 0 
-5 -12 -13 -19 -23 -25 -34 0 
-14 -19 -24 -25 -26 -29 -31 -32 0 
-2 -7 -9 -17 -19 -24 -25 -33 0 
-2 -5 -10 -11 -16 -29 -33 -35 0 
-2 -12 -16 -18 -23 -31 -32 0 
-5 -8 -9 -13 -17 -21 -30 0 
-2 -10 -16 -22 -26 -31 -32 0 
-1 -2 -3 -28 -35 0 
-8 -9 -12 -21 -23 -25 0 
-4 -6 -7 -9 -24 -30 0 
-8 -17 -21 -24 -27 -36 0 
-4 -5 -17 -20 -21 -32 -34 -37 0 
-10 -12 -22 -23 -33 -35 0 
-7 -15 -16 -22 -25 -28 -30 -31 -33 0 
-3 -7 -14 -16 -20 -26 -28 -30 0 
-7 -9 -10 -14 -18 -20 -21 -28 -30 -38 0 
-8 -14 -21 0 
-8 -15 -17 -18 -22 -24 -26 -34 0 
-15 -26 -28 -31 0 
-2 -4 -13 -20 -27 -28 -36 0 
-5 -17 -20 -21 -22 -26 -30 -31 -38 0 
-3 -5 -7 -21 -27 -35 -36 -37 0 
-1 -14 -27 -29 -33 -35 0 
-10 -11 -20 -22 -23 -38 0 
-13 -15 -21 -26 -38 0 
-2 -6 -26 0 
-1 -6 -8 -10 -12 -18 -26 -28 -35 0 
-3 -12 -13 -24 -25 -27 -28 -31 -35 0 
-1 -15 -23 -38 0 
-3 -9 -14 -17 -35 -37 0 
-2 -10 -12 -16 -23 -28 -36 0 
-5 -13 -14 -16 -18 -23 -32 0 
-1 -12 -15 -23 -24 -28 -35 0 
-14 -17 -21 -29 -31 -33 -36 -38 0 
-7 -14 -25 -34 0 
-18 -21 -28 -29 -37 0 
-3 -7 -8 -13 -19 -24 -31 -32 -36 0 
-3 -4 -10 -20 -31 -34 -35 0 
-1 -11 -24 -26 -29 -30 -35 0 
-4 -13 -16 -21 0 
-10 -11 -17 -18 -23 -28 -33 0 
-6 -9 -13 -17 -21 -24 -27 -28 0 
-8 -9 -12 -17 -21 -22 0 
-10 -19 -20 -26 -27 -32 0 
-2 -4 -6 -8 -10 -12 -24 -25 -27 -29 0 
-2 -21 -22 -32 0 
-3 -10 -16 -18 -23 -30 -33 -38 0 
-4 -7 -15 -26 -27 -30 -31 0 
-10 -20 -21 -29 -31 0 
-13 -17 -24 -26 -27 -32 0 
-3 -23 -25 -29 -36 0 
-3 -5 -8 -13 -16 -19 -21 -29 -37 -38 0 
-6 -8 -13 -16 -21 -35 0 
-12 -13 -14 -15 -33 -36 -38 0 
-7 -9 -21 -26 -31 -32 -33 0 
-6 -10 -11 -29 -32 -38 0 
-6 -12 -19 -21 -24 -25 -31 0 
-4 -7 -27 -30 -36 0 
-4 -11 -14 -19 -23 -35 -37 -38 0 
-4 -8 -15 -20 -31 -34 0 
-8 -14 -19 -27 -29 -36 0 
-29 -32 -33 -38 0 
-1 -3 -5 -15 -21 -23 -24 0 
-6 -8 -10 -26 -34 -36 0 
-2 -3 -24 -27 -33 0 
-4 -17 -21 -22 -28 0 
-2 -12 -27 0 
-5 -10 -19 -24 -27 0 
-11 -14 -15 -26 -28 -29 -31 -32 -35 0 
-3 -8 -9 -22 -37 0 
-12 -16 -31 -36 0 
-5 -8 -9 -21 -25 -31 -33 -36 -38 0 
-12 -19 -23 -36 -37 0 
-4 -5 -6 -7 -22 -24 -30 -36 -37 0 
-6 -9 -15 -36 0 
-3 -7 -8 -10 -12 -21 -22 -25 -33 -35 0 
-3 -4 -6 -7 -12 -22 -28 -30 -33 -34 0 
-6 -7 -9 -11 -19 -27 -35 -37 0 
-1 -7 -24 -26 -27 -30 0 
-2 -8 -11 -13 -17 -23 -31 -32 0 
-2 -5 -8 -34 0 
-2 -3 -4 -8 -9 -11 -12 -16 -18 -33 -34 0 
-14 -21 -35 0 
-1 -4 -6 -8 -14 -17 -24 -25 -30 -31 -36 0 
-3 -14 -15 -19 -20 -22 -24 -33 -34 0 
-5 -13 -17 -18 -20 -34 -35 -36 0 
-16 -18 -25 -34 0 
-3 -13 -22 -26 -28 -31 0 
-13 -17 -20 -31 0 
-3 -5 -6 -7 -14 -16 -21 -23 -29 -37 -38 0 
-9 -12 -13 -19 0 
-2 -5 -6 -7 -12 -14 -24 -28 -34 0 
-4 -17 -19 -26 0 
-1 -10 -13 -17 -23 -25 -28 -29 0 
-1 -4 -10 -19 -36 0 
-2 -7 -9 -12 -24 -29 -30 -32 -33 0 
-2 -20 -25 -37 0 
-5 -12 0 
-2 -3 -9 -11 -13 -14 -21 -26 -30 0 
-2 -16 -25 -32 -38 0 
-7 -19 -22 -26 -29 -35 -36 0 
-6 -12 -17 -20 -21 -23 0 
-3 -25 -28 -29 -33 -35 0 
-3 -4 -6 -12 -16 -26 -27 -28 -38 0 
-1 -12 -19 -24 -38 0 
-7 -22 -23 -25 -26 -29 -32 -36 0 
-11 -15 -18 -21 -27 -31 0 
-4 -6 -27 0 
-12 -14 -20 -32 0 
-2 -4 -10 -13 -15 -17 -28 -29 -34 -38 0 
-5 -10 -20 -32 -33 -34 0 
-2 -4 -8 -15 -21 -24 -28 0 
-6 -9 -15 -18 -20 -22 -28 -31 0 
-6 -12 -21 -35 -36 0 
-6 -10 -14 -27 -36 -37 0 
-7 -21 -29 -36 0 
-5 -7 -9 -12 -16 -26 -33 -36 0 
-5 -9 -11 -13 -21 -28 -29 -34 -38 0 
-9 -10 -11 -13 -20 -33 -35 -38 0 
-11 -13 -18 -30 0 
-1 -12 -13 -24 -29 -33 0 
-6 -35 -37 0 
-9 -10 -13 -15 -23 -34 0 
-3 -7 -18 -23 -28 -29 -34 0 
-1 -6 -9 -10 -17 -20 -22 -23 -33 -36 0 
-1 -4 -5 -7 -8 -14 -23 -25 -26 -27 -31 -35 0 
-7 -16 -18 -27 -33 0 
-9 -12 -23 -25 -26 -38 0 
-13 -23 -30 0 
-2 -10 -14 -34 0 
-6 -8 -28 -32 -34 -36 0 
-7 -11 -12 -22 -23 -25 -32 0 
-2 -15 -29 -32 0 
-4 -5 -7 -9 -15 -17 -22 -26 -37 0 
-3 -4 -14 -28 -29 -33 0 
-10 -11 -18 -21 -27 -35 0 
-3 -10 -11 -20 -23 0 
-1 -6 -9 -10 -11 -15 -38 0 
-9 -11 -23 -24 -27 -32 -34 -38 0 
-2 -3 -28 -37 -38 0 
-14 -20 -23 -25 -29 -30 -35 -38 0 
-10 -11 -21 -22 -31 0 
-2 -8 -12 -23 -35 0 
-1 -9 -17 -34 -37 0 
-1 -6 -8 -29 -35 -36 -37 0 
-11 -23 -35 0 
-1 -3 -8 -21 -22 -28 -29 -32 -35 -38 0 
-18 -22 -29 -32 0 
-12 -24 -35 0 
-3 -5 -7 -8 -14 -15 -16 -22 -24 0 
-4 -7 -11 -14 -19 -29 -30 -32 -33 -38 0 
-4 -33 -38 0 
-3 -6 -9 -10 -12 -17 -25 -26 -28 -29 -38 0 
-4 -16 -36 0 
-5 -17 -23 -25 -33 0 
-2 -10 -18 -29 0 
-7 -10 -21 -23 -26 -27 -30 0 
-3 -4 -10 -11 -21 0 
-4 -8 -12 -17 -24 -27 -32 -36 -37 0 
-6 -17 -28 -34 0 
-19 -21 -24 -29 -34 0 
-11 -16 -19 -21 -28 -30 -31 -32 -33 -38 0 
-3 -5 -6 -21 -37 0 
-5 -11 -15 -16 -22 0 
-7 -11 -24 -36 -37 0 
-1 -7 -9 -10 -17 -21 -25 -29 0 
-4 -9 -11 -12 -14 -22 -34 -37 0 
-3 -10 -15 -23 -24 -35 0 
-2 -8 -12 -18 -24 -28 0 
-12 -18 -19 -26 0 
-5 -29 0 
-5 -6 -8 -13 -19 -21 -22 0 
-2 -5 -6 -7 -9 -15 -25 -26 -31 0 
-4 -12 -20 -29 -32 -35 0 
-1 -12 -16 -17 -21 -22 -23 -26 -29 -30 -31 0 
-29 -33 -37 0 
-15 -23 -27 -33 -38 0 
-1 -7 -18 -21 -27 0 
-1 -17 -28 -29 -32 -38 0 
-1 -5 -6 -17 -27 -28 -32 -38 0 
-13 -20 -21 -22 -25 -27 -29 -33 0 
-1 -4 -6 -7 -11 -26 -27 -33 0 
-23 -25 -29 -31 -35 0 
-10 -15 -18 -26 -29 -31 -33 0 
-4 -6 -8 -32 -36 0 
-8 -21 -31 -32 0 
-2 -20 -21 -28 -35 -36 0 
-3 -7 -14 -20 -22 -23 0 
-4 -22 -34 -38 0 
-4 -9 -10 -14 -33 -34 -36 0 
-1 -5 -7 -11 -13 -26 -37 -38 0 
-3 -13 -14 -19 -22 -23 -31 -33 0 
-9 -10 -20 -21 -23 -37 0 
-8 -10 -16 -27 -36 -38 0 
-4 -9 -12 -27 -30 -34 0 
-21 -27 -28 -36 -37 0 
-2 -5 -8 -15 -16 -21 -27 -28 0 
-2 -3 -7 -9 -18 -25 -34 0 
-3 -19 -21 -26 -34 -36 -38 0 
-2 -4 -6 -10 -13 -23 -24 -33 0 
-8 -10 -18 -28 -33 -34 -38 0 
-1 -4 -5 -11 -13 -17 -27 -34 0 
-2 -3 -4 -5 -11 -13 -19 -33 0 
-3 -24 -25 -30 -38 0 
-1 -2 -10 -21 -27 -29 -33 -37 0 
-9 -20 -25 -31 -36 0 
-1 -2 -9 -12 -17 -23 -27 -31 -38 0 
-1 -24 -30 -37 -38 0 
-9 -15 -16 -17 -18 -19 -25 -29 -36 -37 0 
-3 -5 -7 -13 -15 -16 -17 -28 0 
-9 -14 -17 -31 -37 0 
-3 -4 -11 -20 -26 -27 -29 -34 0 
-3 -6 -15 -16 -25 0 
-1 -7 -9 -13 -16 -18 -19 -23 -33 0 
-3 -5 -26 -30 -35 -38 0 
-3 -7 -18 -24 -36 0 
-9 -18 -19 -20 0 
-2 -6 -8 -13 -16 -18 -20 -23 -32 -34 0 
-12 -22 -23 -29 -31 0 
-12 -16 -19 -22 -29 0 
-8 -12 -14 -19 -32 -33 0 
-9 -11 -19 -23 -27 -33 -36 -38 0 
-4 -14 -15 -17 -18 -35 0 
-1 -2 -14 -16 -30 -32 0 
-8 -18 -19 -20 -22 -23 -27 0 
-2 -3 -13 -17 -20 -21 -31 0 
-4 -11 -15 -17 -18 -29 -33 -36 0 
-8 -17 -22 -27 -36 0 
-2 -7 -8 -10 -12 -15 -27 0 
-8 -12 -17 -19 -23 -24 -34 -37 0 
-13 -15 -16 -29 -30 -32 0 
-7 -11 -14 -27 -28 0 
-5 -10 -18 -23 -27 -34 0 
-2 -10 -11 -16 -27 -28 -29 -33 -38 0 
-1 -6 -7 -28 -37 0 
-1 -7 -11 -14 -19 -20 -22 -38 0 
-3 -5 -20 -24 -37 0 
-1 -9 -10 -11 -16 -24 -30 0 
-18 -20 -22 -25 -28 -30 0 
-18 -19 -26 -36 0 
-1 -14 -17 -22 -29 -30 -35 -37 -38 0 
-1 -9 -21 -29 -36 0 
-1 -5 -6 -13 -15 -19 -23 -33 -35 0 
-2 -21 -26 -27 -36 0 
-14 -26 -28 -35 -37 0 
-6 -8 -10 -14 -30 -34 -35 -38 0 
-1 -7 -11 -19 -24 0 
-1 -15 -24 -28 -30 0 
-1 -3 -10 -13 -14 -21 -34 0 
-3 -25 -26 -31 -32 -34 0 
-16 -17 -21 -23 -38 0 
-1 -11 -13 -21 -23 -24 0 
-5 -30 -31 -32 -33 -38 0 
-4 -5 -7 -10 -17 -22 -26 -33 0 
-8 -10 -13 -14 -21 -27 -29 -34 0 
-10 -11 -30 -35 -37 0 
-3 -5 -24 -28 -32 0 
-6 -12 -16 -18 -20 -23 -26 -34 0 
-2 -7 -10 -11 -17 -19 -23 -33 -36 0 
-2 -4 -5 -28 -32 -36 -38 0 
-1 -7 -15 -17 -29 -31 -34 -35 -38 0 
-6 -24 -25 -26 -34 0 
-14 -34 -35 -38 0 
-18 -20 -23 -24 -27 -29 -35 -38 0 
-3 -8 -9 -12 -28 -29 0 
-3 -4 -14 -16 -22 -28 -36 -38 0 
-12 -13 -14 -20 -24 -25 -32 0 
-7 -20 -26 -29 0 
-7 -10 -11 -22 -33 -35 -37 0 
-6 -18 -24 -26 -30 -31 -33 -34 0 
-13 -17 -28 -29 -38 0 
-15 -16 -17 -22 0 
-11 -16 -24 -32 -36 0 
-12 -18 -23 0 
-6 -7 -15 -27 -31 -32 -33 0 
-1 -4 -6 -12 -23 -25 -29 0 
-1 -4 -8 -12 -15 -20 -26 0 
-2 -6 -9 -10 -16 -18 -25 -28 -34 -38 0 
-6 -13 -17 -18 -19 -28 -29 -31 -38 0 
-8 -12 -16 -18 -26 -30 -36 0 
-13 -32 -33 -36 -38 0 
-10 -27 -37 0 
-4 -7 -9 -18 -31 -34 -38 0 
-21 -28 -30 -36 -37 0 
-1 -9 -21 -22 -25 -30 -34 -38 0 
-3 -9 -12 -23 -24 0 
-6 -8 -17 -19 -26 -30 -38 0 
-9 -17 -23 -24 -25 -29 -35 0 
-1 -13 -14 -16 -18 -20 -21 -24 -27 -37 0 
-29 -32 0 
-7 -8 -25 -28 -29 -35 0 
-1 -4 -7 -13 -14 -21 -22 -23 -34 -36 -37 -38 0 
-6 -9 -10 -11 -22 -23 -33 0 
-2 -8 -24 -33 -38 0 
-6 -11 -12 -34 -37 0 
-7 -10 -19 -21 -22 -28 -33 0 
-2 -7 -9 -11 -19 -24 -25 -31 0 
-9 -11 -15 -19 -23 -35 0 
-4 -9 -16 -17 -23 -25 -29 -31 -33 0 
-4 -5 -15 -18 -28 -29 -34 0 
-20 -24 -27 -29 -38 0 
-8 -9 -20 -22 -24 -28 -35 -37 0 
-6 -9 -12 -13 -16 -18 -21 -26 0 
-5 -13 -14 0 
-10 -14 -19 -21 -37 0 
-3 -6 -12 -20 -25 -30 0 
-17 -21 -25 -26 -35 0 
-6 -9 -10 -34 0 
-3 -9 -12 -14 -25 -28 -29 -31 -36 -38 0 
-4 -8 -13 -15 -16 -18 -25 -36 0 
-11 -13 -20 -23 -26 0 
-12 -19 -21 -26 -29 -33 0 
-3 -5 -13 -17 -31 -36 0 
-4 -12 -13 -18 -19 -23 -24 -28 -34 0 
-2 -4 -7 -10 -12 -18 -22 -26 -27 -38 0 
-4 -13 -15 -24 -31 -32 0 
-7 -11 -13 -31 0 
-5 -6 -13 -15 -16 -31 0 
-5 -16 -17 -20 -22 -32 -37 0 
-4 -6 -12 -24 -34 0 
-1 -13 -15 -19 -28 -29 -30 -31 0 
-7 -15 -21 -27 -31 -36 -37 0 
-1 -4 -6 -8 -21 -22 0 
-3 -7 -14 -20 -25 -29 -36 0 
-16 -17 -19 -26 -32 -36 0 
-6 -13 -16 -23 -26 -34 -36 0 
-7 -8 -18 -20 0 
-8 -33 -34 0 
-3 -12 -13 -17 -19 -21 -24 -29 0 
-6 -8 -13 -15 -21 0 
-2 -7 -12 -15 -17 -18 -33 -36 0 
-4 -10 -20 -23 -31 -38 0 
-8 -9 -15 -16 -19 -21 -27 0 
-1 -3 -9 -16 -25 -29 -31 0 
-8 -9 -10 -13 -20 -25 -35 0 
-8 -18 -25 -27 -30 -32 -37 0 
-3 -14 -18 -30 -32 -33 -34 -36 0 
-28 -30 -36 0 
-3 -15 -22 -30 -36 0 
-9 -14 -16 -22 -28 -29 -30 -37 0 
-2 -6 -17 -22 -25 -26 -31 0 
-9 -29 -34 -36 0 
-13 -16 -18 -27 -31 -37 0 
-9 -11 -15 -17 0 
-12 -18 -23 -29 -33 0 
-2 -5 -6 -8 -13 -28 -30 -32 0 
-1 -2 -8 -19 -21 -23 -27 -31 0 
-6 -11 -28 -32 0 
-1 -4 -7 -10 -17 -18 -27 -29 0 
-1 -11 -13 -14 -18 -19 -23 0 
-7 -8 -15 -17 -27 -29 -35 0 
-1 -2 -3 -8 -11 -22 -26 -27 -31 0 
-12 -14 -22 -24 -26 -34 0 
-4 -13 -16 -18 -23 -36 0 
-7 -11 -14 -20 -22 -29 -37 0 
-2 -3 -6 -15 -24 -33 -35 -38 0 
-1 -3 -14 -20 -27 -29 -31 -33 0 
-3 -6 -12 -25 -28 -31 0 
-2 -4 -12 -16 -18 -20 -23 -29 0 
-2 -3 -6 -21 -23 -24 0 
-15 -16 -18 -20 0 
-3 -8 -17 -19 -24 -36 0 
-12 -15 -18 -21 -34 -36 0 
-1 -9 -15 -33 -37 -38 0 
-1 -12 -18 -19 -27 0 
-2 -3 -8 -12 -22 -30 -31 -33 0 
-6 -11 -14 -20 -31 -36 0 
-14 -27 -31 -32 -35 -36 -37 0 
-1 -3 -5 -13 -24 -30 -33 -36 0 
-3 -5 -9 -18 -26 -29 -30 -32 -37 0 
-6 -12 -13 -23 -25 -27 -37 0 
-2 -13 -15 -29 0 
-3 -7 -11 -21 -23 -30 -35 0 
-14 -16 -18 -36 0 
-4 -7 -16 -22 0 
