p cnf 39 800
3 4 9 13 14 16 31 0 
4 20 24 0 
4 8 12 23 26 34 35 0 
10 25 34 35 0 
12 14 26 27 28 29 0 
11 15 16 24 29 30 0 
11 13 31 33 0 
8 16 18 0 
2 28 30 0 
4 8 30 33 37 38 0 
2 8 24 28 34 0 
4 10 15 23 28 39 0 
16 22 23 28 31 37 0 
4 7 14 19 22 24 29 33 0 
3 6 10 14 16 19 27 30 0 
5 9 11 14 17 22 30 0 
10 19 21 25 30 36 38 0 
4 11 20 21 23 0 
2 3 4 7 14 23 27 36 0 
13 14 19 20 24 29 37 0 
7 12 14 20 22 0 
2 17 20 28 30 0 
5 7 9 17 18 19 26 30 34 35 0 
5 10 17 21 24 29 37 0 
6 12 13 26 30 35 0 
2 14 16 17 21 30 36 37 38 0 
10 11 13 17 23 26 35 37 0 
1 3 5 36 38 0 
15 23 37 0 
1 4 11 12 16 17 22 33 35 0 
10 12 19 26 30 0 
2 7 8 9 12 17 31 32 39 0 
1 4 5 7 15 22 23 0 
8 9 12 18 23 24 31 33 36 37 39 0 
13 14 19 31 36 0 
1 8 33 35 0 
1 8 15 18 27 30 32 34 35 36 39 0 
5 34 36 0 
6 14 23 33 35 0 
7 14 16 22 23 29 39 0 
9 16 25 32 39 0 
6 22 26 38 0 
3 5 6 13 14 15 17 21 28 35 0 
8 24 29 31 34 0 
4 5 8 13 16 24 29 31 0 
2 11 14 17 18 29 30 35 0 
5 21 27 28 35 38 0 
11 16 19 20 28 31 34 0 
3 5 10 17 20 22 28 37 0 
3 9 19 22 37 38 0 
5 38 0 
1 16 18 19 26 33 36 0 
3 9 10 12 14 15 23 29 30 0 
8 18 21 22 23 24 26 35 0 
16 20 26 27 28 37 0 
3 27 34 0 
20 23 24 29 30 31 32 37 0 
1 3 6 13 20 33 0 
3 4 14 15 20 25 33 34 0 
6 18 21 25 28 29 35 0 
2 5 8 11 16 25 27 29 32 0 
16 20 28 30 33 0 
1 8 11 17 20 23 29 36 39 0 
1 21 26 28 38 39 0 
3 9 18 21 22 23 28 30 0 
16 27 30 37 0 
11 16 30 0 
1 6 7 8 16 23 26 36 37 0 
3 18 25 29 30 35 36 0 
7 10 12 20 24 26 28 31 39 0 
2 10 14 23 26 34 0 
2 3 6 9 10 15 16 32 33 0 
4 7 8 21 28 30 31 37 0 
7 8 9 10 17 23 25 26 28 0 
17 23 24 32 0 
1 9 17 26 31 33 35 39 0 
18 37 38 39 0 
1 3 5 30 35 38 0 
8 21 26 0 
24 29 31 35 39 0 
14 15 16 23 24 33 38 0 
2 17 39 0 
7 12 25 28 32 35 0 
14 18 27 30 31 32 39 0 
3 8 11 14 36 0 
9 17 22 25 31 0 
4 17 20 21 34 38 0 
5 7 15 22 25 29 36 0 
7 11 12 14 16 22 23 33 39 0 
8 12 20 27 39 0 
4 5 10 16 21 29 0 
2 5 14 22 27 30 31 33 36 37 0 
18 19 22 32 37 0 
7 22 25 36 0 
1 3 13 16 21 25 39 0 
12 16 18 20 23 26 31 0 
3 16 17 21 27 32 35 37 38 0 
1 12 13 21 38 39 0 
1 13 19 20 23 27 28 30 0 
4 5 8 9 10 12 21 23 30 31 34 37 0 
9 17 20 22 38 0 
4 5 25 29 36 0 
4 6 7 21 28 0 
11 12 16 23 39 0 
7 10 11 15 18 19 28 29 32 39 0 
4 10 15 25 28 38 0 
3 5 11 14 20 26 38 0 
5 30 31 34 38 0 
4 10 15 16 23 39 0 
3 16 20 27 32 0 
7 17 20 21 22 25 35 38 0 
1 10 17 18 25 29 31 33 0 
1 5 9 12 24 27 29 32 0 
6 9 13 19 22 29 30 34 0 
1 2 18 23 0 
3 5 21 29 30 0 
4 15 17 19 20 24 25 29 34 36 37 0 
2 11 14 22 0 
1 7 8 24 27 29 35 36 0 
1 9 16 20 24 34 0 
2 17 19 26 27 28 29 0 
3 4 5 14 19 28 31 0 
2 5 8 10 11 25 30 0 
16 17 19 29 33 0 
17 22 29 32 33 0 
2 10 12 13 19 27 0 
3 9 18 19 23 36 39 0 
16 19 23 24 36 37 0 
8 15 16 31 35 0 
20 37 0 
2 11 20 24 26 27 30 34 0 
15 16 17 25 26 27 29 31 38 0 
1 3 8 10 12 14 19 24 37 39 0 
1 13 20 22 25 30 35 37 0 
18 19 24 25 30 33 0 
10 19 22 27 29 30 0 
13 15 17 22 25 28 39 0 
6 7 9 10 11 29 35 36 0 
2 7 18 22 23 28 0 
4 10 12 23 24 26 34 0 
13 17 27 28 29 35 0 
6 21 22 24 28 38 0 
6 19 32 39 0 
2 10 13 17 32 34 35 38 39 0 
7 18 27 29 34 0 
8 9 10 12 24 34 38 39 0 
2 12 14 16 25 28 36 0 
2 7 13 17 22 38 0 
4 8 11 34 35 39 0 
2 4 7 14 16 21 26 27 32 0 
7 12 14 28 34 39 0 
15 16 17 24 26 32 39 0 
4 5 10 15 16 39 0 
8 23 24 31 33 0 
6 15 18 22 26 0 
10 13 18 25 31 33 0 
4 10 16 30 39 0 
2 3 15 26 28 33 0 
13 16 18 19 20 0 
4 14 18 20 21 30 32 38 0 
7 14 22 23 29 37 0 
2 8 27 35 38 0 
1 8 14 17 25 32 38 0 
14 16 18 26 27 33 36 0 
1 7 11 17 18 23 26 0 
2 16 23 36 37 0 
6 8 13 16 22 26 31 32 0 
3 5 7 22 25 31 32 37 0 
14 17 23 0 
12 13 15 26 34 37 39 0 
4 5 6 7 13 15 17 23 28 30 36 37 38 39 0 
4 6 8 12 14 18 24 34 37 39 0 
1 7 15 22 34 0 
9 16 20 22 31 35 36 0 
6 15 22 24 35 37 0 
9 14 18 24 0 
4 10 18 21 29 34 0 
11 15 16 17 20 25 26 31 32 37 38 0 
13 19 26 35 36 0 
9 12 24 25 30 35 0 
1 3 9 10 17 21 0 
7 27 32 35 39 0 
16 27 28 33 37 0 
7 20 22 27 31 35 0 
2 7 8 19 20 28 32 35 39 0 
3 10 17 22 37 39 0 
13 15 23 26 28 33 0 
2 5 8 14 30 32 33 0 
1 3 7 8 12 18 21 28 33 38 0 
6 7 24 26 29 31 0 
2 3 11 14 21 34 38 39 0 
10 12 13 35 36 37 0 
4 5 6 8 12 13 15 26 39 0 
4 8 16 17 22 27 29 0 
1 2 17 25 36 0 
1 9 11 14 17 21 39 0 
6 7 19 32 38 0 
7 13 15 17 21 23 25 27 31 0 
3 4 9 19 22 30 33 34 37 38 0 
2 11 16 25 36 0 
4 7 12 16 17 24 27 29 34 38 0 
2 3 5 6 11 13 28 0 
3 7 8 29 33 39 0 
1 4 9 11 14 16 20 23 25 28 0 
16 20 24 29 0 
11 20 30 33 35 0 
4 7 11 13 23 25 0 
6 15 38 0 
6 7 32 38 0 
1 4 10 20 24 31 0 
15 20 23 25 26 27 30 38 0 
9 17 31 0 
1 8 9 14 26 33 34 35 0 
10 12 29 34 37 0 
2 3 5 6 14 17 30 32 35 0 
3 11 34 0 
4 5 9 18 27 29 30 31 32 39 0 
4 6 13 16 31 39 0 
4 12 15 21 25 27 28 30 36 39 0 
7 8 16 21 27 29 30 36 0 
1 3 17 20 21 34 0 
4 12 20 23 26 0 
1 6 16 21 34 37 0 
5 9 11 16 23 28 0 
1 8 10 11 12 20 23 34 35 39 0 
6 8 11 21 31 36 0 
2 4 24 27 33 0 
16 18 19 23 25 26 29 39 0 
1 2 5 10 11 13 24 36 0 
2 4 5 13 14 27 29 36 0 
10 20 21 30 38 0 
5 8 15 16 28 35 38 0 
4 15 20 21 23 27 35 37 39 0 
11 13 22 31 35 0 
16 19 22 24 25 32 38 0 
11 21 23 26 28 38 0 
1 4 24 27 0 
11 20 27 28 38 0 
4 10 14 29 35 38 39 0 
8 15 17 26 30 34 0 
1 18 19 21 27 36 39 0 
7 12 13 27 30 39 0 
8 11 15 19 25 28 34 0 
1 3 4 9 10 15 21 37 0 
16 30 35 0 
5 8 17 23 27 29 0 
17 28 31 36 0 
4 9 19 21 23 31 36 0 
1 5 9 15 16 18 21 30 34 0 
5 12 15 16 17 27 30 31 34 0 
5 16 18 19 24 31 32 37 0 
3 7 10 17 24 31 32 35 0 
8 10 22 27 29 33 38 0 
2 4 16 20 23 30 31 37 0 
2 5 6 15 18 36 0 
1 7 20 22 29 33 35 0 
4 15 21 34 36 0 
7 13 15 19 33 34 39 0 
10 13 16 19 27 30 33 0 
3 10 12 21 0 
2 9 12 15 17 29 32 0 
3 16 17 36 38 0 
12 13 16 23 25 36 0 
2 4 10 14 19 36 0 
4 16 18 20 23 26 39 0 
7 12 15 19 38 0 
2 28 29 30 32 39 0 
10 17 23 26 29 35 0 
11 20 37 0 
9 15 27 28 37 39 0 
4 23 24 28 0 
3 8 9 13 16 17 21 27 0 
11 16 18 23 26 35 0 
3 4 12 18 20 22 27 31 0 
11 20 29 31 33 36 0 
11 13 14 23 30 38 0 
5 13 16 23 26 28 35 0 
6 12 17 18 32 34 35 39 0 
9 24 29 31 37 0 
4 8 10 12 14 22 26 34 0 
3 5 6 10 12 13 23 31 0 
5 7 11 13 24 28 36 0 
16 22 28 30 35 39 0 
9 10 14 17 24 28 30 38 0 
2 9 13 15 28 29 0 
8 11 23 27 32 33 0 
6 9 15 18 19 27 29 39 0 
2 4 15 35 36 37 0 
11 19 22 39 0 
2 6 8 14 28 32 33 0 
1 3 8 13 38 0 
1 9 17 19 27 0 
1 2 5 14 24 25 28 37 0 
12 13 16 24 34 35 39 0 
5 6 8 15 22 25 27 0 
1 3 4 5 16 22 28 36 37 0 
3 11 37 38 0 
1 7 14 19 29 32 37 0 
5 20 21 22 28 29 0 
1 11 17 20 24 26 31 0 
5 8 9 10 15 16 22 27 30 31 37 39 0 
12 13 18 26 31 35 36 0 
2 8 11 25 39 0 
4 8 14 22 25 27 29 30 32 33 0 
3 4 11 15 30 33 0 
1 4 9 13 15 16 26 29 30 35 0 
8 20 29 31 35 0 
4 8 32 0 
14 15 21 27 34 0 
1 2 8 9 10 19 30 32 0 
8 11 36 37 0 
20 22 25 28 29 31 33 35 0 
1 6 10 11 16 23 31 34 39 0 
4 6 8 16 18 21 22 30 31 0 
1 6 11 21 28 35 0 
3 13 16 24 27 38 0 
1 24 26 27 29 35 0 
17 21 26 29 37 0 
1 8 10 13 25 28 0 
5 15 18 19 28 0 
2 22 33 35 36 39 0 
1 4 25 30 36 0 
7 10 17 19 22 23 25 35 0 
1 4 5 14 28 0 
9 11 18 22 34 0 
7 10 11 17 20 33 36 37 0 
3 7 11 21 22 25 31 32 0 
5 9 10 16 26 27 32 34 38 0 
2 3 19 25 32 34 37 0 
2 8 11 14 15 19 21 37 39 0 
8 14 24 29 0 
1 4 5 10 16 20 27 0 
3 5 13 28 34 37 0 
1 5 8 10 13 18 25 31 34 38 0 
2 4 7 13 16 31 36 0 
9 12 19 23 25 27 30 34 0 
13 15 17 19 25 36 0 
2 8 10 20 32 0 
2 6 13 26 33 34 0 
10 22 24 30 0 
4 6 9 19 20 39 0 
3 5 7 18 20 28 38 0 
19 22 29 30 0 
20 24 27 28 34 0 
3 5 7 8 33 0 
2 7 8 13 16 21 27 28 32 0 
1 10 11 23 32 36 0 
11 16 21 26 29 36 0 
2 3 9 10 13 23 0 
1 13 16 20 0 
9 21 31 37 38 0 
6 11 17 20 23 25 36 0 
5 16 19 32 36 0 
5 7 22 23 27 28 29 32 0 
5 9 18 21 26 27 31 0 
7 21 25 37 0 
10 16 17 18 28 0 
5 17 19 22 38 39 0 
8 19 31 35 0 
4 13 16 26 29 34 35 0 
6 7 13 24 25 33 38 0 
3 6 12 24 32 35 0 
1 20 30 0 
21 22 33 35 39 0 
7 8 19 28 37 0 
6 13 21 24 26 30 36 37 38 0 
5 15 22 23 28 33 0 
3 5 6 7 10 14 18 19 22 23 0 
2 13 21 32 35 37 0 
2 4 13 25 27 35 38 0 
5 8 10 15 0 
4 12 18 28 36 0 
2 8 9 12 18 19 25 28 32 36 0 
3 22 32 39 0 
6 11 17 20 26 31 37 38 0 
1 13 14 19 21 25 29 35 0 
1 19 31 32 35 39 0 
21 28 38 0 
3 7 18 20 38 0 
1 5 9 17 30 38 0 
4 9 10 12 16 25 39 0 
11 12 16 20 29 30 34 0 
2 6 9 10 14 15 17 19 23 33 38 0 
6 7 8 19 23 35 0 
5 10 20 32 0 
17 22 27 32 34 37 0 
13 14 19 20 23 31 0 
4 19 22 24 26 30 37 0 
1 2 0 
7 12 18 19 23 39 0 
1 2 15 21 0 
2 3 16 19 27 0 
2 3 5 7 12 15 16 18 24 26 28 38 0 
1 22 23 24 29 36 38 0 
6 30 38 0 
15 19 31 0 
9 17 37 0 
4 7 14 16 21 24 28 0 
5 6 8 12 13 14 30 31 39 0 
1 15 20 22 26 34 35 38 0 
-3 -4 -9 -13 -14 -16 -31 0 
-4 -20 -24 0 
-4 -8 -12 -23 -26 -34 -35 0 
-10 -25 -34 -35 0 
-12 -14 -26 -27 -28 -29 0 
-11 -15 -16 -24 -29 -30 0 
-11 -13 -31 -33 0 
-8 -16 -18 0 
-2 -28 -30 0 
-4 -8 -30 -33 -37 -38 0 
-2 -8 -24 -28 -34 0 
-4 -10 -15 -23 -28 -39 0 
-16 -22 -23 -28 -31 -37 0 
-4 -7 -14 -19 -22 -24 -29 -33 0 
-3 -6 -10 -14 -16 -19 -27 -30 0 
-5 -9 -11 -14 -17 -22 -30 0 
-10 -19 -21 -25 -30 -36 -38 0 
-4 -11 -20 -21 -23 0 
-2 -3 -4 -7 -14 -23 -27 -36 0 
-13 -14 -19 -20 -24 -29 -37 0 
-7 -12 -14 -20 -22 0 
-2 -17 -20 -28 -30 0 
-5 -7 -9 -17 -18 -19 -26 -30 -34 -35 0 
-5 -10 -17 -21 -24 -29 -37 0 
-6 -12 -13 -26 -30 -35 0 
-2 -14 -16 -17 -21 -30 -36 -37 -38 0 
-10 -11 -13 -17 -23 -26 -35 -37 0 
-1 -3 -5 -36 -38 0 
-15 -23 -37 0 
-1 -4 -11 -12 -16 -17 -22 -33 -35 0 
-10 -12 -19 -26 -30 0 
-2 -7 -8 -9 -12 -17 -31 -32 -39 0 
-1 -4 -5 -7 -15 -22 -23 0 
-8 -9 -12 -18 -23 -24 -31 -33 -36 -37 -39 0 
-13 -14 -19 -31 -36 0 
-1 -8 -33 -35 0 
-1 -8 -15 -18 -27 -30 -32 -34 -35 -36 -39 0 
-5 -34 -36 0 
-6 -14 -23 -33 -35 0 
-7 -14 -16 -22 -23 -29 -39 0 
-9 -16 -25 -32 -39 0 
-6 -22 -26 -38 0 
-3 -5 -6 -13 -14 -15 -17 -21 -28 -35 0 
-8 -24 -29 -31 -34 0 
-4 -5 -8 -13 -16 -24 -29 -31 0 
-2 -11 -14 -17 -18 -29 -30 -35 0 
-5 -21 -27 -28 -35 -38 0 
-11 -16 -19 -20 -28 -31 -34 0 
-3 -5 -10 -17 -20 -22 -28 -37 0 
-3 -9 -19 -22 -37 -38 0 
-5 -38 0 
-1 -16 -18 -19 -26 -33 -36 0 
-3 -9 -10 -12 -14 -15 -23 -29 -30 0 
-8 -18 -21 -22 -23 -24 -26 -35 0 
-16 -20 -26 -27 -28 -37 0 
-3 -27 -34 0 
-20 -23 -24 -29 -30 -31 -32 -37 0 
-1 -3 -6 -13 -20 -33 0 
-3 -4 -14 -15 -20 -25 -33 -34 0 
-6 -18 -21 -25 -28 -29 -35 0 
-2 -5 -8 -11 -16 -25 -27 -29 -32 0 
-16 -20 -28 -30 -33 0 
-1 -8 -11 -17 -20 -23 -29 -36 -39 0 
-1 -21 -26 -28 -38 -39 0 
-3 -9 -18 -21 -22 -23 -28 -30 0 
-16 -27 -30 -37 0 
-11 -16 -30 0 
-1 -6 -7 -8 -16 -23 -26 -36 -37 0 
-3 -18 -25 -29 -30 -35 -36 0 
-7 -10 -12 -20 -24 -26 -28 -31 -39 0 
-2 -10 -14 -23 -26 -34 0 
-2 -3 -6 -9 -10 -15 -16 -32 -33 0 
-4 -7 -8 -21 -28 -30 -31 -37 0 
-7 -8 -9 -10 -17 -23 -25 -26 -28 0 
-17 -23 -24 -32 0 
-1 -9 -17 -26 -31 -33 -35 -39 0 
-18 -37 -38 -39 0 
-1 -3 -5 -30 -35 -38 0 
-8 -21 -26 0 
-24 -29 -31 -35 -39 0 
-14 -15 -16 -23 -24 -33 -38 0 
-2 -17 -39 0 
-7 -12 -25 -28 -32 -35 0 
-14 -18 -27 -30 -31 -32 -39 0 
-3 -8 -11 -14 -36 0 
-9 -17 -22 -25 -31 0 
-4 -17 -20 -21 -34 -38 0 
-5 -7 -15 -22 -25 -29 -36 0 
-7 -11 -12 -14 -16 -22 -23 -33 -39 0 
-8 -12 -20 -27 -39 0 
-4 -5 -10 -16 -21 -29 0 
-2 -5 -14 -22 -27 -30 -31 -33 -36 -37 0 
-18 -19 -22 -32 -37 0 
-7 -22 -25 -36 0 
-1 -3 -13 -16 -21 -25 -39 0 
-12 -16 -18 -20 -23 -26 -31 0 
-3 -16 -17 -21 -27 -32 -35 -37 -38 0 
-1 -12 -13 -21 -38 -39 0 
-1 -13 -19 -20 -23 -27 -28 -30 0 
-4 -5 -8 -9 -10 -12 -21 -23 -30 -31 -34 -37 0 
-9 -17 -20 -22 -38 0 
-4 -5 -25 -29 -36 0 
-4 -6 -7 -21 -28 0 
-11 -12 -16 -23 -39 0 
-7 -10 -11 -15 -18 -19 -28 -29 -32 -39 0 
-4 -10 -15 -25 -28 -38 0 
-3 -5 -11 -14 -20 -26 -38 0 
-5 -30 -31 -34 -38 0 
-4 -10 -15 -16 -23 -39 0 
-3 -16 -20 -27 -32 0 
-7 -17 -20 -21 -22 -25 -35 -38 0 
-1 -10 -17 -18 -25 -29 -31 -33 0 
-1 -5 -9 -12 -24 -27 -29 -32 0 
-6 -9 -13 -19 -22 -29 -30 -34 0 
-1 -2 -18 -23 0 
-3 -5 -21 -29 -30 0 
-4 -15 -17 -19 -20 -24 -25 -29 -34 -36 -37 0 
-2 -11 -14 -22 0 
-1 -7 -8 -24 -27 -29 -35 -36 0 
-1 -9 -16 -20 -24 -34 0 
-2 -17 -19 -26 -27 -28 -29 0 
-3 -4 -5 -14 -19 -28 -31 0 
-2 -5 -8 -10 -11 -25 -30 0 
-16 -17 -19 -29 -33 0 
-17 -22 -29 -32 -33 0 
-2 -10 -12 -13 -19 -27 0 
-3 -9 -18 -19 -23 -36 -39 0 
-16 -19 -23 -24 -36 -37 0 
-8 -15 -16 -31 -35 0 
-20 -37 0 
-2 -11 -20 -24 -26 -27 -30 -34 0 
-15 -16 -17 -25 -26 -27 -29 -31 -38 0 
-1 -3 -8 -10 -12 -14 -19 -24 -37 -39 0 
-1 -13 -20 -22 -25 -30 -35 -37 0 
-18 -19 -24 -25 -30 -33 0 
-10 -19 -22 -27 -29 -30 0 
-13 -15 -17 -22 -25 -28 -39 0 
-6 -7 -9 -10 -11 -29 -35 -36 0 
-2 -7 -18 -22 -23 -28 0 
-4 -10 -12 -23 -24 -26 -34 0 
-13 -17 -27 -28 -29 -35 0 
-6 -21 -22 -24 -28 -38 0 
-6 -19 -32 -39 0 
-2 -10 -13 -17 -32 -34 -35 -38 -39 0 
-7 -18 -27 -29 -34 0 
-8 -9 -10 -12 -24 -34 -38 -39 0 
-2 -12 -14 -16 -25 -28 -36 0 
-2 -7 -13 -17 -22 -38 0 
-4 -8 -11 -34 -35 -39 0 
-2 -4 -7 -14 -16 -21 -26 -27 -32 0 
-7 -12 -14 -28 -34 -39 0 
-15 -16 -17 -24 -26 -32 -39 0 
-4 -5 -10 -15 -16 -39 0 
-8 -23 -24 -31 -33 0 
-6 -15 -18 -22 -26 0 
-10 -13 -18 -25 -31 -33 0 
-4 -10 -16 -30 -39 0 
-2 -3 -15 -26 -28 -33 0 
-13 -16 -18 -19 -20 0 
-4 -14 -18 -20 -21 -30 -32 -38 0 
-7 -14 -22 -23 -29 -37 0 
-2 -8 -27 -35 -38 0 
-1 -8 -14 -17 -25 -32 -38 0 
-14 -16 -18 -26 -27 -33 -36 0 
-1 -7 -11 -17 -18 -23 -26 0 
-2 -16 -23 -36 -37 0 
-6 -8 -13 -16 -22 -26 -31 -32 0 
-3 -5 -7 -22 -25 -31 -32 -37 0 
-14 -17 -23 0 
-12 -13 -15 -26 -34 -37 -39 0 
-4 -5 -6 -7 -13 -15 -17 -23 -28 -30 -36 -37 -38 -39 0 
-4 -6 -8 -12 -14 -18 -24 -34 -37 -39 0 
-1 -7 -15 -22 -34 0 
-9 -16 -20 -22 -31 -35 -36 0 
-6 -15 -22 -24 -35 -37 0 
-9 -14 -18 -24 0 
-4 -10 -18 -21 -29 -34 0 
-11 -15 -16 -17 -20 -25 -26 -31 -32 -37 -38 0 
-13 -19 -26 -35 -36 0 
-9 -12 -24 -25 -30 -35 0 
-1 -3 -9 -10 -17 -21 0 
-7 -27 -32 -35 -39 0 
-16 -27 -28 -33 -37 0 
-7 -20 -22 -27 -31 -35 0 
-2 -7 -8 -19 -20 -28 -32 -35 -39 0 
-3 -10 -17 -22 -37 -39 0 
-13 -15 -23 -26 -28 -33 0 
-2 -5 -8 -14 -30 -32 -33 0 
-1 -3 -7 -8 -12 -18 -21 -28 -33 -38 0 
-6 -7 -24 -26 -29 -31 0 
-2 -3 -11 -14 -21 -34 -38 -39 0 
-10 -12 -13 -35 -36 -37 0 
-4 -5 -6 -8 -12 -13 -15 -26 -39 0 
-4 -8 -16 -17 -22 -27 -29 0 
-1 -2 -17 -25 -36 0 
-1 -9 -11 -14 -17 -21 -39 0 
-6 -7 -19 -32 -38 0 
-7 -13 -15 -17 -21 -23 -25 -27 -31 0 
-3 -4 -9 -19 -22 -30 -33 -34 -37 -38 0 
-2 -11 -16 -25 -36 0 
-4 -7 -12 -16 -17 -24 -27 -29 -34 -38 0 
-2 -3 -5 -6 -11 -13 -28 0 
-3 -7 -8 -29 -33 -39 0 
-1 -4 -9 -11 -14 -16 -20 -23 -25 -28 0 
-16 -20 -24 -29 0 
-11 -20 -30 -33 -35 0 
-4 -7 -11 -13 -23 -25 0 
-6 -15 -38 0 
-6 -7 -32 -38 0 
-1 -4 -10 -20 -24 -31 0 
-15 -20 -23 -25 -26 -27 -30 -38 0 
-9 -17 -31 0 
-1 -8 -9 -14 -26 -33 -34 -35 0 
-10 -12 -29 -34 -37 0 
-2 -3 -5 -6 -14 -17 -30 -32 -35 0 
-3 -11 -34 0 
-4 -5 -9 -18 -27 -29 -30 -31 -32 -39 0 
-4 -6 -13 -16 -31 -39 0 
-4 -12 -15 -21 -25 -27 -28 -30 -36 -39 0 
-7 -8 -16 -21 -27 -29 -30 -36 0 
-1 -3 -17 -20 -21 -34 0 
-4 -12 -20 -23 -26 0 
-1 -6 -16 -21 -34 -37 0 
-5 -9 -11 -16 -23 -28 0 
-1 -8 -10 -11 -12 -20 -23 -34 -35 -39 0 
-6 -8 -11 -21 -31 -36 0 
-2 -4 -24 -27 -33 0 
-16 -18 -19 -23 -25 -26 -29 -39 0 
-1 -2 -5 -10 -11 -13 -24 -36 0 
-2 -4 -5 -13 -14 -27 -29 -36 0 
-10 -20 -21 -30 -38 0 
-5 -8 -15 -16 -28 -35 -38 0 
-4 -15 -20 -21 -23 -27 -35 -37 -39 0 
-11 -13 -22 -31 -35 0 
-16 -19 -22 -24 -25 -32 -38 0 
-11 -21 -23 -26 -28 -38 0 
-1 -4 -24 -27 0 
-11 -20 -27 -28 -38 0 
-4 -10 -14 -29 -35 -38 -39 0 
-8 -15 -17 -26 -30 -34 0 
-1 -18 -19 -21 -27 -36 -39 0 
-7 -12 -13 -27 -30 -39 0 
-8 -11 -15 -19 -25 -28 -34 0 
-1 -3 -4 -9 -10 -15 -21 -37 0 
-16 -30 -35 0 
-5 -8 -17 -23 -27 -29 0 
-17 -28 -31 -36 0 
-4 -9 -19 -21 -23 -31 -36 0 
-1 -5 -9 -15 -16 -18 -21 -30 -34 0 
-5 -12 -15 -16 -17 -27 -30 -31 -34 0 
-5 -16 -18 -19 -24 -31 -32 -37 0 
-3 -7 -10 -17 -24 -31 -32 -35 0 
-8 -10 -22 -27 -29 -33 -38 0 
-2 -4 -16 -20 -23 -30 -31 -37 0 
-2 -5 -6 -15 -18 -36 0 
-1 -7 -20 -22 -29 -33 -35 0 
-4 -15 -21 -34 -36 0 
-7 -13 -15 -19 -33 -34 -39 0 
-10 -13 -16 -19 -27 -30 -33 0 
-3 -10 -12 -21 0 
-2 -9 -12 -15 -17 -29 -32 0 
-3 -16 -17 -36 -38 0 
-12 -13 -16 -23 -25 -36 0 
-2 -4 -10 -14 -19 -36 0 
-4 -16 -18 -20 -23 -26 -39 0 
-7 -12 -15 -19 -38 0 
-2 -28 -29 -30 -32 -39 0 
-10 -17 -23 -26 -29 -35 0 
-11 -20 -37 0 
-9 -15 -27 -28 -37 -39 0 
-4 -23 -24 -28 0 
-3 -8 -9 -13 -16 -17 -21 -27 0 
-11 -16 -18 -23 -26 -35 0 
-3 -4 -12 -18 -20 -22 -27 -31 0 
-11 -20 -29 -31 -33 -36 0 
-11 -13 -14 -23 -30 -38 0 
-5 -13 -16 -23 -26 -28 -35 0 
-6 -12 -17 -18 -32 -34 -35 -39 0 
-9 -24 -29 -31 -37 0 
-4 -8 -10 -12 -14 -22 -26 -34 0 
-3 -5 -6 -10 -12 -13 -23 -31 0 
-5 -7 -11 -13 -24 -28 -36 0 
-16 -22 -28 -30 -35 -39 0 
-9 -10 -14 -17 -24 -28 -30 -38 0 
-2 -9 -13 -15 -28 -29 0 
-8 -11 -23 -27 -32 -33 0 
-6 -9 -15 -18 -19 -27 -29 -39 0 
-2 -4 -15 -35 -36 -37 0 
-11 -19 -22 -39 0 
-2 -6 -8 -14 -28 -32 -33 0 
-1 -3 -8 -13 -38 0 
-1 -9 -17 -19 -27 0 
-1 -2 -5 -14 -24 -25 -28 -37 0 
-12 -13 -16 -24 -34 -35 -39 0 
-5 -6 -8 -15 -22 -25 -27 0 
-1 -3 -4 -5 -16 -22 -28 -36 -37 0 
-3 -11 -37 -38 0 
-1 -7 -14 -19 -29 -32 -37 0 
-5 -20 -21 -22 -28 -29 0 
-1 -11 -17 -20 -24 -26 -31 0 
-5 -8 -9 -10 -15 -16 -22 -27 -30 -31 -37 -39 0 
-12 -13 -18 -26 -31 -35 -36 0 
-2 -8 -11 -25 -39 0 
-4 -8 -14 -22 -25 -27 -29 -30 -32 -33 0 
-3 -4 -11 -15 -30 -33 0 
-1 -4 -9 -13 -15 -16 -26 -29 -30 -35 0 
-8 -20 -29 -31 -35 0 
-4 -8 -32 0 
-14 -15 -21 -27 -34 0 
-1 -2 -8 -9 -10 -19 -30 -32 0 
-8 -11 -36 -37 0 
-20 -22 -25 -28 -29 -31 -33 -35 0 
-1 -6 -10 -11 -16 -23 -31 -34 -39 0 
-4 -6 -8 -16 -18 -21 -22 -30 -31 0 
-1 -6 -11 -21 -28 -35 0 
-3 -13 -16 -24 -27 -38 0 
-1 -24 -26 -27 -29 -35 0 
-17 -21 -26 -29 -37 0 
-1 -8 -10 -13 -25 -28 0 
-5 -15 -18 -19 -28 0 
-2 -22 -33 -35 -36 -39 0 
-1 -4 -25 -30 -36 0 
-7 -10 -17 -19 -22 -23 -25 -35 0 
-1 -4 -5 -14 -28 0 
-9 -11 -18 -22 -34 0 
-7 -10 -11 -17 -20 -33 -36 -37 0 
-3 -7 -11 -21 -22 -25 -31 -32 0 
-5 -9 -10 -16 -26 -27 -32 -34 -38 0 
-2 -3 -19 -25 -32 -34 -37 0 
-2 -8 -11 -14 -15 -19 -21 -37 -39 0 
-8 -14 -24 -29 0 
-1 -4 -5 -10 -16 -20 -27 0 
-3 -5 -13 -28 -34 -37 0 
-1 -5 -8 -10 -13 -18 -25 -31 -34 -38 0 
-2 -4 -7 -13 -16 -31 -36 0 
-9 -12 -19 -23 -25 -27 -30 -34 0 
-13 -15 -17 -19 -25 -36 0 
-2 -8 -10 -20 -32 0 
-2 -6 -13 -26 -33 -34 0 
-10 -22 -24 -30 0 
-4 -6 -9 -19 -20 -39 0 
-3 -5 -7 -18 -20 -28 -38 0 
-19 -22 -29 -30 0 
-20 -24 -27 -28 -34 0 
-3 -5 -7 -8 -33 0 
-2 -7 -8 -13 -16 -21 -27 -28 -32 0 
-1 -10 -11 -23 -32 -36 0 
-11 -16 -21 -26 -29 -36 0 
-2 -3 -9 -10 -13 -23 0 
-1 -13 -16 -20 0 
-9 -21 -31 -37 -38 0 
-6 -11 -17 -20 -23 -25 -36 0 
-5 -16 -19 -32 -36 0 
-5 -7 -22 -23 -27 -28 -29 -32 0 
-5 -9 -18 -21 -26 -27 -31 0 
-7 -21 -25 -37 0 
-10 -16 -17 -18 -28 0 
-5 -17 -19 -22 -38 -39 0 
-8 -19 -31 -35 0 
-4 -13 -16 -26 -29 -34 -35 0 
-6 -7 -13 -24 -25 -33 -38 0 
-3 -6 -12 -24 -32 -35 0 
-1 -20 -30 0 
-21 -22 -33 -35 -39 0 
-7 -8 -19 -28 -37 0 
-6 -13 -21 -24 -26 -30 -36 -37 -38 0 
-5 -15 -22 -23 -28 -33 0 
-3 -5 -6 -7 -10 -14 -18 -19 -22 -23 0 
-2 -13 -21 -32 -35 -37 0 
-2 -4 -13 -25 -27 -35 -38 0 
-5 -8 -10 -15 0 
-4 -12 -18 -28 -36 0 
-2 -8 -9 -12 -18 -19 -25 -28 -32 -36 0 
-3 -22 -32 -39 0 
-6 -11 -17 -20 -26 -31 -37 -38 0 
-1 -13 -14 -19 -21 -25 -29 -35 0 
-1 -19 -31 -32 -35 -39 0 
-21 -28 -38 0 
-3 -7 -18 -20 -38 0 
-1 -5 -9 -17 -30 -38 0 
-4 -9 -10 -12 -16 -25 -39 0 
-11 -12 -16 -20 -29 -30 -34 0 
-2 -6 -9 -10 -14 -15 -17 -19 -23 -33 -38 0 
-6 -7 -8 -19 -23 -35 0 
-5 -10 -20 -32 0 
-17 -22 -27 -32 -34 -37 0 
-13 -14 -19 -20 -23 -31 0 
-4 -19 -22 -24 -26 -30 -37 0 
-1 -2 0 
-7 -12 -18 -19 -23 -39 0 
-1 -2 -15 -21 0 
-2 -3 -16 -19 -27 0 
-2 -3 -5 -7 -12 -15 -16 -18 -24 -26 -28 -38 0 
-1 -22 -23 -24 -29 -36 -38 0 
-6 -30 -38 0 
-15 -19 -31 0 
-9 -17 -37 0 
-4 -7 -14 -16 -21 -24 -28 0 
-5 -6 -8 -12 -13 -14 -30 -31 -39 0 
-1 -15 -20 -22 -26 -34 -35 -38 0 
