p cnf 39 800
4 11 17 18 22 23 28 31 36 38 0 
11 12 16 19 21 29 33 39 0 
2 6 7 14 17 32 38 0 
19 28 36 39 0 
2 10 18 21 23 29 31 36 0 
2 12 14 20 21 32 0 
1 11 16 18 20 22 23 0 
8 9 10 12 25 27 31 33 36 37 0 
9 12 23 25 31 32 39 0 
4 5 13 15 21 31 0 
17 26 27 0 
12 22 27 28 29 31 34 0 
14 17 0 
1 5 11 15 16 30 33 35 36 0 
2 5 12 23 28 32 38 0 
10 23 24 29 30 0 
5 16 18 24 30 0 
5 10 17 26 27 35 0 
10 15 17 21 30 0 
4 5 27 32 38 0 
1 3 19 25 26 36 37 0 
16 18 19 24 27 30 35 38 0 
9 11 19 22 23 30 0 
5 9 36 37 0 
5 10 11 15 25 30 31 36 0 
1 14 21 0 
3 14 18 22 26 29 0 
1 3 4 8 17 31 32 35 39 0 
4 5 12 21 29 39 0 
20 26 32 37 0 
5 15 29 35 38 0 
11 13 14 15 25 29 33 35 38 0 
8 14 17 21 25 31 32 33 0 
14 19 21 25 26 33 34 39 0 
6 10 13 15 21 22 29 0 
2 7 8 24 33 34 38 39 0 
24 26 27 31 32 38 39 0 
2 4 7 17 23 25 35 0 
4 8 21 30 38 0 
3 10 17 39 0 
9 28 32 34 0 
2 14 18 20 31 34 0 
4 7 24 35 37 38 0 
4 5 8 15 25 26 37 0 
10 11 26 0 
1 8 23 34 38 0 
4 5 23 33 34 0 
9 13 20 23 25 0 
21 23 28 30 33 34 39 0 
3 5 17 28 29 31 0 
1 10 24 26 35 0 
10 11 12 22 38 0 
13 16 22 23 34 0 
4 5 6 8 23 28 32 33 36 39 0 
1 29 30 31 34 35 36 0 
5 7 9 22 24 30 39 0 
8 9 13 16 22 0 
2 4 10 14 30 32 35 0 
5 6 10 11 16 21 39 0 
4 6 39 0 
2 11 35 39 0 
5 9 11 18 19 26 32 33 39 0 
1 7 9 11 14 26 36 0 
6 9 26 28 38 0 
4 12 39 0 
4 5 6 11 13 15 23 38 0 
5 19 20 27 29 36 0 
11 17 26 27 33 0 
13 27 29 30 34 37 0 
13 14 17 28 29 32 35 39 0 
2 5 7 13 15 22 28 0 
2 11 17 18 20 29 38 0 
2 4 6 21 35 0 
1 28 29 32 0 
14 15 20 22 24 29 36 0 
2 7 16 20 30 34 35 0 
1 10 15 23 26 29 37 0 
2 8 12 16 23 32 33 36 37 0 
9 19 25 26 30 31 32 33 0 
4 16 18 23 34 0 
15 18 19 22 32 34 39 0 
1 2 11 23 30 31 38 0 
17 28 32 0 
1 2 7 18 24 34 36 0 
6 9 14 25 26 34 36 0 
2 9 18 22 32 0 
1 3 5 7 16 18 28 33 0 
15 18 23 32 0 
1 4 6 14 20 21 25 26 38 39 0 
5 9 17 22 31 0 
3 11 16 17 19 23 28 33 37 39 0 
1 3 11 21 31 38 0 
22 25 27 30 0 
3 11 17 20 23 37 0 
11 24 30 33 0 
16 27 31 36 39 0 
2 9 14 27 28 38 0 
1 3 11 12 19 31 37 0 
15 27 31 34 35 0 
1 6 9 19 32 34 37 0 
2 3 9 16 19 29 30 38 0 
1 6 7 14 18 21 35 0 
9 14 30 33 36 37 0 
6 9 12 20 29 31 34 36 0 
5 6 16 19 21 29 33 36 0 
5 10 19 23 29 35 38 0 
1 3 6 14 20 21 25 26 29 32 35 0 
3 8 14 21 22 24 27 0 
1 7 10 17 18 21 26 33 34 0 
3 7 16 23 28 38 39 0 
4 5 9 10 16 0 
7 10 12 33 0 
4 12 15 22 28 30 35 0 
5 15 17 31 0 
10 12 21 23 24 27 35 37 0 
5 13 14 39 0 
4 8 15 19 25 28 0 
4 7 12 20 34 0 
6 20 35 0 
3 4 6 10 14 24 32 37 0 
5 8 21 25 31 38 0 
10 14 17 18 19 24 25 26 35 0 
11 14 16 19 24 32 36 0 
2 16 21 30 0 
4 9 13 30 33 34 39 0 
6 19 29 39 0 
1 11 13 35 39 0 
1 10 17 20 25 32 34 0 
5 18 20 35 0 
2 8 22 28 29 31 32 0 
13 19 31 32 39 0 
8 16 17 21 26 27 29 30 0 
3 9 23 24 39 0 
1 5 18 28 29 34 35 39 0 
7 8 27 29 36 0 
12 14 15 17 20 22 28 32 38 0 
2 12 23 35 39 0 
8 12 18 21 25 39 0 
1 14 18 20 24 27 33 0 
6 8 12 28 31 38 0 
4 9 10 32 34 0 
5 15 27 33 34 0 
16 22 24 0 
1 12 16 19 20 21 31 35 37 39 0 
4 21 23 29 39 0 
8 22 29 34 37 0 
2 4 7 14 21 24 29 32 34 0 
3 8 9 30 33 0 
4 9 14 15 16 25 26 36 0 
13 18 32 36 37 0 
2 4 29 38 0 
4 13 15 19 25 30 31 35 0 
1 3 9 21 24 27 28 0 
7 9 16 20 23 29 33 37 0 
3 8 17 18 19 22 0 
9 12 16 17 21 29 31 34 36 0 
5 11 16 25 30 33 0 
9 17 26 35 36 0 
12 20 25 27 28 35 36 38 0 
5 8 17 25 31 35 0 
4 12 13 15 22 34 0 
2 3 4 12 22 26 0 
2 10 13 24 29 35 37 0 
5 12 15 21 25 30 32 0 
3 24 0 
1 13 14 17 18 32 39 0 
2 5 10 13 19 24 31 35 0 
2 6 7 20 21 22 26 31 0 
1 16 21 28 33 35 0 
1 2 10 19 20 26 35 37 38 0 
2 6 10 15 29 0 
10 12 22 23 24 34 39 0 
10 18 20 21 22 32 36 0 
12 13 16 20 21 27 28 30 33 37 0 
2 5 11 13 22 29 0 
7 14 17 21 31 34 37 0 
19 26 27 31 32 38 0 
19 26 28 36 0 
4 17 18 24 26 27 33 35 39 0 
2 4 9 11 20 30 35 36 0 
2 9 10 16 26 27 28 29 35 37 0 
1 3 5 7 9 19 21 27 0 
14 19 37 38 39 0 
1 17 29 30 35 0 
14 17 22 23 25 32 34 38 0 
13 31 0 
4 5 12 18 27 33 0 
8 14 19 20 27 29 30 31 32 39 0 
2 6 16 24 31 34 0 
3 5 11 13 14 16 20 26 0 
1 4 19 25 32 0 
6 7 13 19 21 22 0 
11 17 27 37 0 
5 7 9 21 22 30 31 33 0 
4 10 11 17 32 38 0 
2 3 17 19 34 0 
11 14 16 28 31 34 0 
1 2 13 30 31 38 0 
4 5 17 22 24 30 31 32 34 35 0 
2 3 7 9 13 15 16 25 31 0 
3 9 22 24 33 35 0 
17 18 27 37 0 
4 5 11 17 28 31 34 37 39 0 
5 14 15 19 30 35 0 
6 8 18 19 26 31 36 0 
5 11 21 28 29 32 0 
6 7 16 18 24 26 28 0 
2 9 11 39 0 
3 22 23 35 37 0 
1 3 12 14 25 35 0 
28 32 36 0 
7 17 19 22 23 25 32 34 36 0 
3 13 26 34 0 
1 16 19 22 23 33 0 
3 11 20 23 0 
5 9 11 20 22 37 38 0 
8 9 12 15 20 21 22 35 38 0 
2 7 18 21 37 0 
7 9 10 12 15 20 21 27 34 37 0 
3 10 20 27 36 0 
12 18 20 26 27 28 29 31 33 37 0 
10 11 19 23 32 0 
1 2 4 16 19 39 0 
1 3 5 6 9 18 19 27 32 0 
6 17 29 30 32 0 
3 6 16 17 37 39 0 
1 4 12 18 20 24 25 30 31 37 0 
8 14 18 21 29 32 34 39 0 
10 13 14 29 36 37 0 
1 6 12 16 18 19 23 30 32 38 0 
7 14 17 30 37 0 
12 13 21 0 
9 11 15 29 34 37 0 
11 20 24 26 36 0 
10 23 35 0 
12 16 19 24 26 37 0 
7 12 15 18 19 28 38 0 
2 8 10 19 20 33 34 0 
11 13 14 22 33 0 
14 16 33 34 38 0 
2 3 5 11 14 15 0 
3 15 16 18 21 27 33 38 0 
10 12 19 33 38 0 
6 7 16 19 32 0 
2 3 4 9 16 22 28 35 37 0 
1 3 5 10 37 39 0 
2 10 12 13 24 0 
6 35 36 39 0 
2 3 13 15 27 31 37 0 
1 6 7 23 28 32 33 36 0 
11 17 20 24 29 32 33 38 0 
6 9 13 15 18 20 33 38 0 
2 10 17 19 30 32 35 0 
3 23 26 27 29 31 0 
3 13 19 23 33 36 0 
2 6 7 22 25 30 0 
2 3 23 28 30 38 0 
9 12 19 22 24 35 0 
16 19 22 23 28 30 32 36 0 
1 6 12 19 27 30 37 0 
6 8 16 20 25 35 37 0 
6 11 13 16 22 25 27 31 35 0 
1 13 36 0 
4 7 9 12 13 14 18 20 22 31 0 
8 13 16 27 33 0 
13 14 23 33 38 0 
2 5 16 17 39 0 
3 6 14 17 20 25 33 34 37 39 0 
3 11 12 13 16 17 21 29 31 33 39 0 
3 14 16 25 31 33 0 
4 6 22 23 24 27 36 37 39 0 
11 13 17 21 23 26 28 0 
7 13 28 35 39 0 
15 22 23 28 30 34 37 0 
5 8 28 34 39 0 
3 6 13 14 15 22 23 24 30 0 
1 5 10 17 21 27 0 
6 17 24 25 34 0 
5 11 12 17 28 35 0 
2 3 5 8 30 0 
2 6 9 10 22 23 24 29 36 38 0 
7 17 19 21 23 28 29 30 0 
13 14 20 24 37 0 
1 7 12 20 29 30 0 
1 4 11 22 23 24 37 0 
7 8 13 14 25 26 27 31 0 
2 8 27 30 35 0 
1 24 28 31 33 0 
8 10 16 21 23 25 32 36 0 
12 17 29 38 0 
6 7 9 14 16 20 27 39 0 
2 5 8 11 12 16 20 27 29 31 38 0 
3 7 12 22 25 29 31 36 0 
2 7 14 17 19 23 26 0 
5 16 36 38 0 
3 9 10 12 20 34 36 39 0 
10 15 17 23 24 25 26 28 0 
4 17 27 29 38 0 
13 16 17 30 0 
1 21 26 27 28 29 30 36 0 
9 20 23 27 34 35 36 0 
4 13 15 18 20 39 0 
4 16 23 25 30 36 0 
2 7 10 22 24 28 34 0 
2 4 6 14 22 26 36 0 
4 5 6 7 10 29 34 0 
2 7 14 16 35 0 
1 4 12 20 32 34 38 0 
5 27 28 0 
3 6 14 17 22 23 25 32 0 
4 9 14 15 20 24 30 33 35 0 
4 7 14 19 37 0 
1 2 6 9 35 0 
6 8 10 19 21 24 39 0 
11 17 37 0 
12 20 22 28 30 34 0 
6 8 19 24 30 0 
4 11 15 24 25 31 35 39 0 
2 4 20 30 0 
1 12 16 20 30 34 35 37 38 39 0 
4 6 8 11 14 28 30 34 35 0 
9 11 19 22 24 28 36 37 38 39 0 
3 8 11 18 19 26 34 0 
2 8 10 17 20 24 26 30 35 0 
3 5 6 7 12 16 18 19 20 29 33 36 0 
7 12 15 26 32 36 0 
6 12 17 19 24 31 0 
19 20 21 27 28 36 37 0 
1 2 8 17 18 22 32 0 
5 15 25 30 32 35 0 
10 13 15 16 17 25 27 31 0 
7 10 12 18 26 27 38 0 
4 17 21 23 29 0 
9 11 13 14 15 0 
4 13 23 27 0 
8 9 11 12 16 37 38 0 
7 10 17 18 23 28 31 38 0 
8 13 17 22 34 0 
8 11 27 28 30 33 0 
1 7 9 12 35 39 0 
3 7 9 12 23 27 0 
14 21 30 31 38 0 
5 27 29 33 34 0 
6 29 35 38 0 
11 17 18 23 0 
3 18 19 21 26 28 32 0 
8 13 16 30 0 
4 7 10 11 14 23 25 37 39 0 
1 24 31 38 0 
8 15 21 23 27 39 0 
4 17 28 29 31 33 34 0 
10 16 24 25 28 29 39 0 
4 6 9 14 15 20 24 0 
1 2 8 10 13 19 20 25 29 0 
1 9 11 16 18 27 28 35 0 
1 6 7 18 26 27 30 34 36 0 
6 11 14 21 22 0 
8 15 17 35 38 0 
10 15 38 0 
1 2 9 19 22 24 29 0 
9 10 14 17 20 23 26 29 34 35 0 
1 4 6 15 17 22 23 29 30 34 0 
13 14 19 20 25 28 0 
8 12 21 22 37 0 
10 30 34 35 0 
3 7 10 12 22 26 32 36 37 0 
23 24 35 36 0 
15 16 21 24 26 0 
5 15 22 29 33 0 
5 14 19 20 34 0 
2 6 7 9 18 23 33 36 38 0 
9 23 35 37 38 39 0 
9 11 12 15 16 18 27 29 33 0 
2 8 9 13 29 35 38 0 
10 17 18 26 0 
1 3 17 18 35 0 
1 27 30 0 
1 4 13 21 23 26 0 
9 11 16 19 21 34 0 
4 13 24 30 0 
9 13 25 34 0 
2 7 10 21 22 23 37 0 
3 5 7 16 30 33 36 38 0 
4 10 22 29 31 39 0 
5 9 11 14 19 23 36 0 
2 5 7 8 9 12 16 22 34 0 
4 5 6 19 35 0 
5 7 8 14 21 27 31 35 0 
1 8 9 17 22 28 30 0 
1 7 17 20 21 22 0 
2 22 23 0 
10 11 13 18 22 23 32 0 
2 16 21 22 33 37 0 
2 12 14 29 32 0 
2 3 11 18 23 30 38 0 
1 2 3 9 11 16 24 25 29 34 0 
1 2 10 16 19 23 29 30 31 0 
3 16 20 21 26 0 
9 12 14 26 27 37 0 
15 17 22 33 35 37 38 0 
-4 -11 -17 -18 -22 -23 -28 -31 -36 -38 0 
-11 -12 -16 -19 -21 -29 -33 -39 0 
-2 -6 -7 -14 -17 -32 -38 0 
-19 -28 -36 -39 0 
-2 -10 -18 -21 -23 -29 -31 -36 0 
-2 -12 -14 -20 -21 -32 0 
-1 -11 -16 -18 -20 -22 -23 0 
-8 -9 -10 -12 -25 -27 -31 -33 -36 -37 0 
-9 -12 -23 -25 -31 -32 -39 0 
-4 -5 -13 -15 -21 -31 0 
-17 -26 -27 0 
-12 -22 -27 -28 -29 -31 -34 0 
-14 -17 0 
-1 -5 -11 -15 -16 -30 -33 -35 -36 0 
-2 -5 -12 -23 -28 -32 -38 0 
-10 -23 -24 -29 -30 0 
-5 -16 -18 -24 -30 0 
-5 -10 -17 -26 -27 -35 0 
-10 -15 -17 -21 -30 0 
-4 -5 -27 -32 -38 0 
-1 -3 -19 -25 -26 -36 -37 0 
-16 -18 -19 -24 -27 -30 -35 -38 0 
-9 -11 -19 -22 -23 -30 0 
-5 -9 -36 -37 0 
-5 -10 -11 -15 -25 -30 -31 -36 0 
-1 -14 -21 0 
-3 -14 -18 -22 -26 -29 0 
-1 -3 -4 -8 -17 -31 -32 -35 -39 0 
-4 -5 -12 -21 -29 -39 0 
-20 -26 -32 -37 0 
-5 -15 -29 -35 -38 0 
-11 -13 -14 -15 -25 -29 -33 -35 -38 0 
-8 -14 -17 -21 -25 -31 -32 -33 0 
-14 -19 -21 -25 -26 -33 -34 -39 0 
-6 -10 -13 -15 -21 -22 -29 0 
-2 -7 -8 -24 -33 -34 -38 -39 0 
-24 -26 -27 -31 -32 -38 -39 0 
-2 -4 -7 -17 -23 -25 -35 0 
-4 -8 -21 -30 -38 0 
-3 -10 -17 -39 0 
-9 -28 -32 -34 0 
-2 -14 -18 -20 -31 -34 0 
-4 -7 -24 -35 -37 -38 0 
-4 -5 -8 -15 -25 -26 -37 0 
-10 -11 -26 0 
-1 -8 -23 -34 -38 0 
-4 -5 -23 -33 -34 0 
-9 -13 -20 -23 -25 0 
-21 -23 -28 -30 -33 -34 -39 0 
-3 -5 -17 -28 -29 -31 0 
-1 -10 -24 -26 -35 0 
-10 -11 -12 -22 -38 0 
-13 -16 -22 -23 -34 0 
-4 -5 -6 -8 -23 -28 -32 -33 -36 -39 0 
-1 -29 -30 -31 -34 -35 -36 0 
-5 -7 -9 -22 -24 -30 -39 0 
-8 -9 -13 -16 -22 0 
-2 -4 -10 -14 -30 -32 -35 0 
-5 -6 -10 -11 -16 -21 -39 0 
-4 -6 -39 0 
-2 -11 -35 -39 0 
-5 -9 -11 -18 -19 -26 -32 -33 -39 0 
-1 -7 -9 -11 -14 -26 -36 0 
-6 -9 -26 -28 -38 0 
-4 -12 -39 0 
-4 -5 -6 -11 -13 -15 -23 -38 0 
-5 -19 -20 -27 -29 -36 0 
-11 -17 -26 -27 -33 0 
-13 -27 -29 -30 -34 -37 0 
-13 -14 -17 -28 -29 -32 -35 -39 0 
-2 -5 -7 -13 -15 -22 -28 0 
-2 -11 -17 -18 -20 -29 -38 0 
-2 -4 -6 -21 -35 0 
-1 -28 -29 -32 0 
-14 -15 -20 -22 -24 -29 -36 0 
-2 -7 -16 -20 -30 -34 -35 0 
-1 -10 -15 -23 -26 -29 -37 0 
-2 -8 -12 -16 -23 -32 -33 -36 -37 0 
-9 -19 -25 -26 -30 -31 -32 -33 0 
-4 -16 -18 -23 -34 0 
-15 -18 -19 -22 -32 -34 -39 0 
-1 -2 -11 -23 -30 -31 -38 0 
-17 -28 -32 0 
-1 -2 -7 -18 -24 -34 -36 0 
-6 -9 -14 -25 -26 -34 -36 0 
-2 -9 -18 -22 -32 0 
-1 -3 -5 -7 -16 -18 -28 -33 0 
-15 -18 -23 -32 0 
-1 -4 -6 -14 -20 -21 -25 -26 -38 -39 0 
-5 -9 -17 -22 -31 0 
-3 -11 -16 -17 -19 -23 -28 -33 -37 -39 0 
-1 -3 -11 -21 -31 -38 0 
-22 -25 -27 -30 0 
-3 -11 -17 -20 -23 -37 0 
-11 -24 -30 -33 0 
-16 -27 -31 -36 -39 0 
-2 -9 -14 -27 -28 -38 0 
-1 -3 -11 -12 -19 -31 -37 0 
-15 -27 -31 -34 -35 0 
-1 -6 -9 -19 -32 -34 -37 0 
-2 -3 -9 -16 -19 -29 -30 -38 0 
-1 -6 -7 -14 -18 -21 -35 0 
-9 -14 -30 -33 -36 -37 0 
-6 -9 -12 -20 -29 -31 -34 -36 0 
-5 -6 -16 -19 -21 -29 -33 -36 0 
-5 -10 -19 -23 -29 -35 -38 0 
-1 -3 -6 -14 -20 -21 -25 -26 -29 -32 -35 0 
-3 -8 -14 -21 -22 -24 -27 0 
-1 -7 -10 -17 -18 -21 -26 -33 -34 0 
-3 -7 -16 -23 -28 -38 -39 0 
-4 -5 -9 -10 -16 0 
-7 -10 -12 -33 0 
-4 -12 -15 -22 -28 -30 -35 0 
-5 -15 -17 -31 0 
-10 -12 -21 -23 -24 -27 -35 -37 0 
-5 -13 -14 -39 0 
-4 -8 -15 -19 -25 -28 0 
-4 -7 -12 -20 -34 0 
-6 -20 -35 0 
-3 -4 -6 -10 -14 -24 -32 -37 0 
-5 -8 -21 -25 -31 -38 0 
-10 -14 -17 -18 -19 -24 -25 -26 -35 0 
-11 -14 -16 -19 -24 -32 -36 0 
-2 -16 -21 -30 0 
-4 -9 -13 -30 -33 -34 -39 0 
-6 -19 -29 -39 0 
-1 -11 -13 -35 -39 0 
-1 -10 -17 -20 -25 -32 -34 0 
-5 -18 -20 -35 0 
-2 -8 -22 -28 -29 -31 -32 0 
-13 -19 -31 -32 -39 0 
-8 -16 -17 -21 -26 -27 -29 -30 0 
-3 -9 -23 -24 -39 0 
-1 -5 -18 -28 -29 -34 -35 -39 0 
-7 -8 -27 -29 -36 0 
-12 -14 -15 -17 -20 -22 -28 -32 -38 0 
-2 -12 -23 -35 -39 0 
-8 -12 -18 -21 -25 -39 0 
-1 -14 -18 -20 -24 -27 -33 0 
-6 -8 -12 -28 -31 -38 0 
-4 -9 -10 -32 -34 0 
-5 -15 -27 -33 -34 0 
-16 -22 -24 0 
-1 -12 -16 -19 -20 -21 -31 -35 -37 -39 0 
-4 -21 -23 -29 -39 0 
-8 -22 -29 -34 -37 0 
-2 -4 -7 -14 -21 -24 -29 -32 -34 0 
-3 -8 -9 -30 -33 0 
-4 -9 -14 -15 -16 -25 -26 -36 0 
-13 -18 -32 -36 -37 0 
-2 -4 -29 -38 0 
-4 -13 -15 -19 -25 -30 -31 -35 0 
-1 -3 -9 -21 -24 -27 -28 0 
-7 -9 -16 -20 -23 -29 -33 -37 0 
-3 -8 -17 -18 -19 -22 0 
-9 -12 -16 -17 -21 -29 -31 -34 -36 0 
-5 -11 -16 -25 -30 -33 0 
-9 -17 -26 -35 -36 0 
-12 -20 -25 -27 -28 -35 -36 -38 0 
-5 -8 -17 -25 -31 -35 0 
-4 -12 -13 -15 -22 -34 0 
-2 -3 -4 -12 -22 -26 0 
-2 -10 -13 -24 -29 -35 -37 0 
-5 -12 -15 -21 -25 -30 -32 0 
-3 -24 0 
-1 -13 -14 -17 -18 -32 -39 0 
-2 -5 -10 -13 -19 -24 -31 -35 0 
-2 -6 -7 -20 -21 -22 -26 -31 0 
-1 -16 -21 -28 -33 -35 0 
-1 -2 -10 -19 -20 -26 -35 -37 -38 0 
-2 -6 -10 -15 -29 0 
-10 -12 -22 -23 -24 -34 -39 0 
-10 -18 -20 -21 -22 -32 -36 0 
-12 -13 -16 -20 -21 -27 -28 -30 -33 -37 0 
-2 -5 -11 -13 -22 -29 0 
-7 -14 -17 -21 -31 -34 -37 0 
-19 -26 -27 -31 -32 -38 0 
-19 -26 -28 -36 0 
-4 -17 -18 -24 -26 -27 -33 -35 -39 0 
-2 -4 -9 -11 -20 -30 -35 -36 0 
-2 -9 -10 -16 -26 -27 -28 -29 -35 -37 0 
-1 -3 -5 -7 -9 -19 -21 -27 0 
-14 -19 -37 -38 -39 0 
-1 -17 -29 -30 -35 0 
-14 -17 -22 -23 -25 -32 -34 -38 0 
-13 -31 0 
-4 -5 -12 -18 -27 -33 0 
-8 -14 -19 -20 -27 -29 -30 -31 -32 -39 0 
-2 -6 -16 -24 -31 -34 0 
-3 -5 -11 -13 -14 -16 -20 -26 0 
-1 -4 -19 -25 -32 0 
-6 -7 -13 -19 -21 -22 0 
-11 -17 -27 -37 0 
-5 -7 -9 -21 -22 -30 -31 -33 0 
-4 -10 -11 -17 -32 -38 0 
-2 -3 -17 -19 -34 0 
-11 -14 -16 -28 -31 -34 0 
-1 -2 -13 -30 -31 -38 0 
-4 -5 -17 -22 -24 -30 -31 -32 -34 -35 0 
-2 -3 -7 -9 -13 -15 -16 -25 -31 0 
-3 -9 -22 -24 -33 -35 0 
-17 -18 -27 -37 0 
-4 -5 -11 -17 -28 -31 -34 -37 -39 0 
-5 -14 -15 -19 -30 -35 0 
-6 -8 -18 -19 -26 -31 -36 0 
-5 -11 -21 -28 -29 -32 0 
-6 -7 -16 -18 -24 -26 -28 0 
-2 -9 -11 -39 0 
-3 -22 -23 -35 -37 0 
-1 -3 -12 -14 -25 -35 0 
-28 -32 -36 0 
-7 -17 -19 -22 -23 -25 -32 -34 -36 0 
-3 -13 -26 -34 0 
-1 -16 -19 -22 -23 -33 0 
-3 -11 -20 -23 0 
-5 -9 -11 -20 -22 -37 -38 0 
-8 -9 -12 -15 -20 -21 -22 -35 -38 0 
-2 -7 -18 -21 -37 0 
-7 -9 -10 -12 -15 -20 -21 -27 -34 -37 0 
-3 -10 -20 -27 -36 0 
-12 -18 -20 -26 -27 -28 -29 -31 -33 -37 0 
-10 -11 -19 -23 -32 0 
-1 -2 -4 -16 -19 -39 0 
-1 -3 -5 -6 -9 -18 -19 -27 -32 0 
-6 -17 -29 -30 -32 0 
-3 -6 -16 -17 -37 -39 0 
-1 -4 -12 -18 -20 -24 -25 -30 -31 -37 0 
-8 -14 -18 -21 -29 -32 -34 -39 0 
-10 -13 -14 -29 -36 -37 0 
-1 -6 -12 -16 -18 -19 -23 -30 -32 -38 0 
-7 -14 -17 -30 -37 0 
-12 -13 -21 0 
-9 -11 -15 -29 -34 -37 0 
-11 -20 -24 -26 -36 0 
-10 -23 -35 0 
-12 -16 -19 -24 -26 -37 0 
-7 -12 -15 -18 -19 -28 -38 0 
-2 -8 -10 -19 -20 -33 -34 0 
-11 -13 -14 -22 -33 0 
-14 -16 -33 -34 -38 0 
-2 -3 -5 -11 -14 -15 0 
-3 -15 -16 -18 -21 -27 -33 -38 0 
-10 -12 -19 -33 -38 0 
-6 -7 -16 -19 -32 0 
-2 -3 -4 -9 -16 -22 -28 -35 -37 0 
-1 -3 -5 -10 -37 -39 0 
-2 -10 -12 -13 -24 0 
-6 -35 -36 -39 0 
-2 -3 -13 -15 -27 -31 -37 0 
-1 -6 -7 -23 -28 -32 -33 -36 0 
-11 -17 -20 -24 -29 -32 -33 -38 0 
-6 -9 -13 -15 -18 -20 -33 -38 0 
-2 -10 -17 -19 -30 -32 -35 0 
-3 -23 -26 -27 -29 -31 0 
-3 -13 -19 -23 -33 -36 0 
-2 -6 -7 -22 -25 -30 0 
-2 -3 -23 -28 -30 -38 0 
-9 -12 -19 -22 -24 -35 0 
-16 -19 -22 -23 -28 -30 -32 -36 0 
-1 -6 -12 -19 -27 -30 -37 0 
-6 -8 -16 -20 -25 -35 -37 0 
-6 -11 -13 -16 -22 -25 -27 -31 -35 0 
-1 -13 -36 0 
-4 -7 -9 -12 -13 -14 -18 -20 -22 -31 0 
-8 -13 -16 -27 -33 0 
-13 -14 -23 -33 -38 0 
-2 -5 -16 -17 -39 0 
-3 -6 -14 -17 -20 -25 -33 -34 -37 -39 0 
-3 -11 -12 -13 -16 -17 -21 -29 -31 -33 -39 0 
-3 -14 -16 -25 -31 -33 0 
-4 -6 -22 -23 -24 -27 -36 -37 -39 0 
-11 -13 -17 -21 -23 -26 -28 0 
-7 -13 -28 -35 -39 0 
-15 -22 -23 -28 -30 -34 -37 0 
-5 -8 -28 -34 -39 0 
-3 -6 -13 -14 -15 -22 -23 -24 -30 0 
-1 -5 -10 -17 -21 -27 0 
-6 -17 -24 -25 -34 0 
-5 -11 -12 -17 -28 -35 0 
-2 -3 -5 -8 -30 0 
-2 -6 -9 -10 -22 -23 -24 -29 -36 -38 0 
-7 -17 -19 -21 -23 -28 -29 -30 0 
-13 -14 -20 -24 -37 0 
-1 -7 -12 -20 -29 -30 0 
-1 -4 -11 -22 -23 -24 -37 0 
-7 -8 -13 -14 -25 -26 -27 -31 0 
-2 -8 -27 -30 -35 0 
-1 -24 -28 -31 -33 0 
-8 -10 -16 -21 -23 -25 -32 -36 0 
-12 -17 -29 -38 0 
-6 -7 -9 -14 -16 -20 -27 -39 0 
-2 -5 -8 -11 -12 -16 -20 -27 -29 -31 -38 0 
-3 -7 -12 -22 -25 -29 -31 -36 0 
-2 -7 -14 -17 -19 -23 -26 0 
-5 -16 -36 -38 0 
-3 -9 -10 -12 -20 -34 -36 -39 0 
-10 -15 -17 -23 -24 -25 -26 -28 0 
-4 -17 -27 -29 -38 0 
-13 -16 -17 -30 0 
-1 -21 -26 -27 -28 -29 -30 -36 0 
-9 -20 -23 -27 -34 -35 -36 0 
-4 -13 -15 -18 -20 -39 0 
-4 -16 -23 -25 -30 -36 0 
-2 -7 -10 -22 -24 -28 -34 0 
-2 -4 -6 -14 -22 -26 -36 0 
-4 -5 -6 -7 -10 -29 -34 0 
-2 -7 -14 -16 -35 0 
-1 -4 -12 -20 -32 -34 -38 0 
-5 -27 -28 0 
-3 -6 -14 -17 -22 -23 -25 -32 0 
-4 -9 -14 -15 -20 -24 -30 -33 -35 0 
-4 -7 -14 -19 -37 0 
-1 -2 -6 -9 -35 0 
-6 -8 -10 -19 -21 -24 -39 0 
-11 -17 -37 0 
-12 -20 -22 -28 -30 -34 0 
-6 -8 -19 -24 -30 0 
-4 -11 -15 -24 -25 -31 -35 -39 0 
-2 -4 -20 -30 0 
-1 -12 -16 -20 -30 -34 -35 -37 -38 -39 0 
-4 -6 -8 -11 -14 -28 -30 -34 -35 0 
-9 -11 -19 -22 -24 -28 -36 -37 -38 -39 0 
-3 -8 -11 -18 -19 -26 -34 0 
-2 -8 -10 -17 -20 -24 -26 -30 -35 0 
-3 -5 -6 -7 -12 -16 -18 -19 -20 -29 -33 -36 0 
-7 -12 -15 -26 -32 -36 0 
-6 -12 -17 -19 -24 -31 0 
-19 -20 -21 -27 -28 -36 -37 0 
-1 -2 -8 -17 -18 -22 -32 0 
-5 -15 -25 -30 -32 -35 0 
-10 -13 -15 -16 -17 -25 -27 -31 0 
-7 -10 -12 -18 -26 -27 -38 0 
-4 -17 -21 -23 -29 0 
-9 -11 -13 -14 -15 0 
-4 -13 -23 -27 0 
-8 -9 -11 -12 -16 -37 -38 0 
-7 -10 -17 -18 -23 -28 -31 -38 0 
-8 -13 -17 -22 -34 0 
-8 -11 -27 -28 -30 -33 0 
-1 -7 -9 -12 -35 -39 0 
-3 -7 -9 -12 -23 -27 0 
-14 -21 -30 -31 -38 0 
-5 -27 -29 -33 -34 0 
-6 -29 -35 -38 0 
-11 -17 -18 -23 0 
-3 -18 -19 -21 -26 -28 -32 0 
-8 -13 -16 -30 0 
-4 -7 -10 -11 -14 -23 -25 -37 -39 0 
-1 -24 -31 -38 0 
-8 -15 -21 -23 -27 -39 0 
-4 -17 -28 -29 -31 -33 -34 0 
-10 -16 -24 -25 -28 -29 -39 0 
-4 -6 -9 -14 -15 -20 -24 0 
-1 -2 -8 -10 -13 -19 -20 -25 -29 0 
-1 -9 -11 -16 -18 -27 -28 -35 0 
-1 -6 -7 -18 -26 -27 -30 -34 -36 0 
-6 -11 -14 -21 -22 0 
-8 -15 -17 -35 -38 0 
-10 -15 -38 0 
-1 -2 -9 -19 -22 -24 -29 0 
-9 -10 -14 -17 -20 -23 -26 -29 -34 -35 0 
-1 -4 -6 -15 -17 -22 -23 -29 -30 -34 0 
-13 -14 -19 -20 -25 -28 0 
-8 -12 -21 -22 -37 0 
-10 -30 -34 -35 0 
-3 -7 -10 -12 -22 -26 -32 -36 -37 0 
-23 -24 -35 -36 0 
-15 -16 -21 -24 -26 0 
-5 -15 -22 -29 -33 0 
-5 -14 -19 -20 -34 0 
-2 -6 -7 -9 -18 -23 -33 -36 -38 0 
-9 -23 -35 -37 -38 -39 0 
-9 -11 -12 -15 -16 -18 -27 -29 -33 0 
-2 -8 -9 -13 -29 -35 -38 0 
-10 -17 -18 -26 0 
-1 -3 -17 -18 -35 0 
-1 -27 -30 0 
-1 -4 -13 -21 -23 -26 0 
-9 -11 -16 -19 -21 -34 0 
-4 -13 -24 -30 0 
-9 -13 -25 -34 0 
-2 -7 -10 -21 -22 -23 -37 0 
-3 -5 -7 -16 -30 -33 -36 -38 0 
-4 -10 -22 -29 -31 -39 0 
-5 -9 -11 -14 -19 -23 -36 0 
-2 -5 -7 -8 -9 -12 -16 -22 -34 0 
-4 -5 -6 -19 -35 0 
-5 -7 -8 -14 -21 -27 -31 -35 0 
-1 -8 -9 -17 -22 -28 -30 0 
-1 -7 -17 -20 -21 -22 0 
-2 -22 -23 0 
-10 -11 -13 -18 -22 -23 -32 0 
-2 -16 -21 -22 -33 -37 0 
-2 -12 -14 -29 -32 0 
-2 -3 -11 -18 -23 -30 -38 0 
-1 -2 -3 -9 -11 -16 -24 -25 -29 -34 0 
-1 -2 -10 -16 -19 -23 -29 -30 -31 0 
-3 -16 -20 -21 -26 0 
-9 -12 -14 -26 -27 -37 0 
-15 -17 -22 -33 -35 -37 -38 0 
