p cnf 39 800
1 11 13 17 18 26 33 37 0 
10 11 14 17 18 29 34 0 
1 7 11 22 28 32 38 0 
6 9 11 16 23 28 29 0 
1 9 13 28 32 37 0 
4 7 11 13 20 23 24 26 35 37 0 
18 20 22 0 
2 6 14 20 0 
1 10 16 17 20 30 36 39 0 
3 9 11 14 15 18 28 39 0 
15 18 38 0 
4 10 11 16 29 0 
10 20 24 36 0 
1 3 9 12 18 19 36 0 
3 6 18 20 29 30 34 37 0 
1 4 5 11 21 0 
4 7 9 18 20 26 28 36 38 0 
4 7 14 27 35 38 0 
8 9 15 29 35 38 0 
13 14 15 20 30 36 0 
5 8 12 13 17 18 23 35 0 
2 3 8 12 13 29 30 0 
9 17 18 25 27 31 34 36 38 0 
9 19 21 23 26 32 0 
8 21 25 29 30 0 
2 4 27 32 0 
10 12 18 21 0 
8 9 31 0 
2 6 25 32 34 0 
9 10 11 16 39 0 
5 6 10 20 38 0 
2 8 15 18 23 31 0 
6 7 16 30 0 
3 33 39 0 
4 8 12 25 30 35 39 0 
4 15 39 0 
3 7 11 13 18 26 0 
3 9 16 18 36 0 
2 7 19 23 27 31 0 
4 14 18 20 24 29 30 0 
3 5 21 29 33 0 
17 23 25 28 29 0 
5 13 24 26 28 30 32 33 35 36 0 
9 22 34 36 0 
2 8 15 26 29 33 35 0 
3 12 20 22 33 35 0 
4 7 10 11 28 0 
3 4 15 22 27 29 0 
1 3 22 23 24 29 31 32 37 0 
3 14 15 29 38 0 
7 19 23 26 29 0 
2 10 23 27 29 32 37 0 
6 10 11 13 21 22 33 0 
2 6 19 20 32 33 34 36 38 0 
10 19 27 31 33 0 
2 3 7 9 13 22 23 0 
6 16 17 23 30 32 0 
7 11 14 38 0 
8 10 15 16 23 27 0 
11 18 21 32 0 
5 19 23 29 39 0 
4 14 17 27 30 0 
3 28 34 38 39 0 
1 4 13 18 22 23 24 26 37 0 
2 21 23 26 33 35 0 
2 15 28 38 0 
8 10 17 20 27 28 29 34 0 
1 9 20 37 0 
15 19 26 29 32 38 0 
9 13 14 15 27 30 39 0 
6 21 22 31 36 38 0 
2 10 11 17 21 25 32 39 0 
4 5 17 25 28 31 37 0 
7 8 17 19 24 27 33 0 
4 5 10 12 32 36 0 
1 14 16 26 36 0 
5 7 11 19 25 26 35 0 
3 4 6 7 23 29 32 34 0 
4 8 10 13 14 15 16 18 20 29 32 0 
12 26 28 29 32 34 35 0 
1 10 18 22 28 33 35 39 0 
6 9 12 23 26 28 35 0 
9 11 13 16 17 20 27 30 31 36 37 0 
4 6 11 14 29 35 36 0 
14 15 23 24 29 0 
8 11 14 15 16 35 0 
2 16 18 26 28 32 0 
8 23 25 31 33 0 
8 11 19 23 0 
6 8 10 19 23 30 32 0 
4 11 15 33 0 
2 8 9 18 20 30 35 39 0 
2 11 29 33 35 36 37 0 
10 14 18 29 31 33 34 38 0 
2 5 14 21 23 32 0 
3 8 11 20 21 28 36 0 
1 2 20 28 31 35 0 
1 5 16 18 25 0 
2 10 11 16 22 28 35 0 
7 10 15 18 19 20 24 25 32 39 0 
3 6 11 25 29 33 0 
4 10 11 14 17 23 27 33 39 0 
2 3 5 6 7 8 16 27 34 0 
2 11 20 29 31 32 34 0 
12 15 16 20 24 0 
4 5 12 16 23 25 29 30 0 
8 11 14 21 35 39 0 
3 21 23 25 37 0 
1 4 7 13 19 26 29 30 39 0 
2 8 9 16 28 31 33 39 0 
9 13 24 39 0 
2 26 27 28 30 37 0 
6 17 21 28 31 0 
5 6 9 14 15 24 38 0 
15 24 38 0 
3 6 16 17 26 28 30 0 
1 4 7 13 14 26 30 31 34 0 
5 12 14 21 27 34 0 
9 12 25 26 33 0 
15 22 26 27 35 39 0 
3 5 12 15 29 33 38 0 
10 11 18 19 28 30 0 
3 6 11 13 16 20 30 31 39 0 
3 7 15 18 27 31 35 37 39 0 
6 20 30 0 
2 4 10 16 17 24 29 0 
14 17 19 21 22 31 34 0 
5 19 31 34 36 0 
5 8 14 18 32 0 
17 26 36 0 
1 14 19 31 37 0 
1 7 20 26 28 31 0 
3 4 7 20 23 26 33 39 0 
5 7 9 14 20 30 32 0 
1 8 9 10 15 23 24 35 39 0 
8 20 23 27 31 34 37 0 
3 24 36 38 0 
3 8 15 37 0 
14 15 17 21 23 37 38 0 
3 13 14 15 26 34 38 0 
7 8 15 21 22 23 24 35 0 
1 4 21 32 34 0 
1 4 15 23 34 38 0 
6 15 18 26 34 36 38 0 
2 3 10 20 22 34 36 0 
5 6 21 25 28 33 34 37 0 
2 3 6 13 14 31 38 39 0 
16 24 29 0 
9 11 15 21 22 24 25 27 30 33 36 0 
4 9 23 25 27 38 0 
15 24 30 35 0 
10 15 22 23 24 26 37 0 
1 7 10 13 16 18 20 26 0 
14 15 16 30 35 0 
8 9 11 12 16 18 24 27 37 38 0 
13 15 18 19 25 38 39 0 
2 5 15 21 32 34 35 0 
2 9 15 17 19 22 24 28 32 33 35 0 
4 7 9 11 12 13 17 20 33 35 38 0 
9 20 21 27 29 0 
9 18 22 28 31 32 0 
5 11 14 22 29 34 0 
2 3 11 18 28 0 
1 7 12 16 24 29 32 39 0 
2 16 18 20 22 24 34 35 0 
8 16 20 24 29 30 32 0 
2 22 36 39 0 
6 8 9 10 17 23 24 26 31 32 34 0 
2 3 8 15 16 21 26 29 0 
32 37 38 0 
1 15 16 27 28 31 32 37 38 39 0 
1 11 19 32 35 37 38 0 
10 18 23 29 31 34 37 0 
3 16 21 36 39 0 
5 12 15 19 26 31 35 38 0 
3 28 36 37 0 
1 25 26 28 34 36 0 
20 29 33 37 38 39 0 
12 24 30 33 37 39 0 
4 6 9 12 14 23 24 25 26 27 28 37 39 0 
2 9 20 21 22 23 26 38 0 
5 6 13 19 26 33 0 
7 9 20 23 24 27 29 36 38 0 
1 6 7 13 36 38 0 
4 14 22 25 27 0 
3 5 7 18 23 24 26 28 29 30 0 
3 7 11 28 29 0 
9 10 15 29 39 0 
17 19 29 31 33 0 
1 5 10 12 22 23 25 0 
4 10 15 21 25 26 34 38 39 0 
6 14 23 26 28 33 0 
3 9 20 24 25 26 31 0 
6 8 10 17 19 26 0 
5 16 19 23 28 36 0 
1 4 7 14 27 0 
2 9 21 26 0 
10 14 19 32 33 35 37 0 
10 14 22 24 32 34 38 39 0 
8 9 11 12 15 22 28 30 33 0 
4 13 21 26 30 0 
1 4 10 22 24 25 27 30 31 33 34 0 
2 4 7 10 11 15 21 28 37 0 
5 14 21 28 0 
1 2 3 10 39 0 
6 7 19 30 37 0 
11 24 25 32 39 0 
4 15 16 21 27 30 0 
2 15 17 20 39 0 
6 7 13 16 19 20 26 27 36 0 
6 9 10 11 13 16 18 24 26 37 0 
18 27 32 0 
4 7 18 25 0 
2 8 17 33 34 0 
6 13 15 17 23 33 34 0 
1 3 8 9 11 15 16 17 27 34 0 
2 5 9 13 19 24 27 31 37 38 39 0 
16 25 30 32 34 0 
1 19 20 35 37 0 
2 6 8 12 15 17 21 23 27 0 
1 4 18 20 24 32 0 
3 5 6 8 9 10 11 14 15 16 17 35 0 
7 8 14 22 36 0 
4 10 11 17 23 25 31 0 
6 16 19 24 31 0 
28 30 0 
8 17 18 22 27 36 39 0 
5 6 9 10 12 15 19 29 34 0 
10 11 19 20 29 35 36 38 0 
7 9 12 17 18 26 29 30 31 33 0 
7 9 12 18 23 28 32 33 34 0 
5 9 18 20 24 28 31 39 0 
19 21 22 29 30 31 32 38 0 
5 6 9 11 18 24 28 0 
5 10 12 21 22 28 39 0 
5 8 9 16 19 20 27 32 0 
6 12 22 23 28 35 38 0 
9 17 20 31 34 38 0 
1 2 8 28 32 36 39 0 
9 13 20 30 0 
1 2 7 8 19 20 38 0 
5 12 21 24 36 0 
3 12 20 23 25 31 34 36 38 39 0 
6 15 16 21 23 0 
3 7 13 0 
6 9 13 21 22 23 25 33 0 
4 11 12 13 23 34 37 0 
3 4 13 20 23 31 0 
6 10 11 16 17 20 34 36 0 
4 5 13 27 33 0 
10 12 13 15 27 35 39 0 
2 9 25 28 33 0 
8 9 10 14 18 21 0 
2 3 15 18 21 24 25 28 34 0 
21 26 29 0 
3 7 9 12 14 28 0 
7 26 0 
10 23 26 32 34 37 0 
2 19 22 35 39 0 
4 11 12 30 38 0 
9 11 14 21 22 0 
11 13 14 30 34 0 
1 21 25 27 29 34 39 0 
4 6 8 11 15 22 29 33 0 
13 14 15 16 24 32 37 39 0 
7 9 19 21 27 31 33 0 
1 4 11 17 19 20 21 26 38 0 
15 16 27 28 0 
4 17 26 29 30 37 0 
4 10 19 0 
2 10 12 33 34 39 0 
3 5 6 8 19 26 32 34 35 38 0 
16 24 25 27 32 34 0 
5 12 14 17 25 26 30 31 34 39 0 
14 17 23 24 31 32 0 
6 7 8 12 15 16 20 22 31 32 0 
2 10 14 18 19 21 27 31 34 0 
5 11 12 18 26 30 36 0 
5 21 24 32 38 0 
11 16 23 25 35 0 
8 17 19 21 23 31 32 33 38 0 
3 8 19 24 30 32 35 0 
2 7 8 16 18 19 39 0 
6 7 15 23 0 
1 2 13 17 22 24 31 36 37 0 
6 9 12 16 19 23 24 27 0 
7 14 16 22 25 27 30 0 
18 26 30 37 0 
3 8 9 15 18 19 39 0 
3 8 13 14 21 24 26 34 39 0 
1 14 18 39 0 
3 14 22 36 38 0 
2 3 14 25 26 32 35 36 37 0 
10 27 0 
1 5 6 19 23 26 28 35 0 
3 21 29 33 35 36 39 0 
1 6 8 14 21 33 0 
2 4 6 38 0 
1 4 5 17 24 27 0 
1 12 15 19 32 35 37 0 
4 13 35 37 0 
1 4 8 10 19 20 28 33 35 0 
1 2 14 21 25 28 37 38 0 
6 7 16 17 0 
2 3 12 27 29 36 0 
2 9 25 26 35 0 
7 21 39 0 
11 19 32 36 38 0 
2 14 22 23 31 0 
3 7 9 15 16 17 23 29 37 0 
6 21 22 28 33 34 0 
2 6 20 24 34 38 0 
2 3 23 30 0 
4 17 19 21 24 25 32 0 
3 9 17 18 32 35 39 0 
19 20 23 28 35 0 
12 26 29 0 
4 5 6 8 16 22 31 38 39 0 
4 15 32 39 0 
4 5 11 13 17 21 29 30 35 0 
2 3 4 6 11 12 17 18 30 35 0 
10 20 30 36 0 
7 10 16 19 36 39 0 
7 16 20 23 27 34 39 0 
5 7 20 21 35 0 
5 10 12 13 15 16 24 0 
1 14 16 21 24 35 36 39 0 
22 23 25 34 39 0 
7 15 18 26 30 38 0 
7 10 17 18 19 27 30 33 36 38 0 
5 10 17 21 30 34 36 37 0 
8 23 24 0 
4 5 10 25 26 32 0 
4 5 14 18 29 38 0 
7 17 24 0 
9 13 14 18 20 21 35 37 0 
6 8 12 15 22 30 32 0 
4 7 8 20 29 32 33 38 0 
3 12 17 20 24 25 33 37 0 
5 18 23 27 30 34 36 0 
6 12 20 21 29 31 32 34 0 
1 4 13 21 39 0 
8 10 11 14 35 0 
9 18 22 24 29 30 31 0 
2 6 9 25 32 0 
5 12 17 19 20 25 30 38 0 
1 2 11 22 33 0 
6 28 38 0 
6 10 12 25 32 35 0 
5 34 38 0 
1 3 9 22 24 0 
12 13 16 18 19 30 0 
4 7 11 14 17 19 23 26 29 35 36 37 39 0 
2 8 9 11 16 38 0 
1 5 9 19 23 27 28 36 0 
13 21 28 35 39 0 
2 9 16 22 27 36 0 
1 12 18 23 35 39 0 
1 2 7 9 13 15 21 27 0 
2 3 4 13 14 16 28 30 31 0 
6 11 12 17 21 26 0 
6 7 11 13 14 22 34 0 
4 5 16 33 38 0 
4 19 20 27 34 0 
3 14 16 26 0 
3 6 13 14 17 26 28 32 0 
2 4 25 30 32 0 
1 5 6 15 36 37 0 
1 8 10 16 17 20 22 25 29 0 
17 19 24 29 0 
1 17 22 28 32 0 
3 13 22 23 27 28 38 0 
5 7 15 17 32 0 
14 18 20 29 36 0 
9 10 18 32 39 0 
1 16 25 37 38 0 
6 8 9 21 33 38 0 
7 12 13 25 31 0 
13 14 15 20 21 24 35 0 
1 6 9 14 15 16 19 24 34 0 
10 12 29 30 32 39 0 
3 9 13 14 0 
7 12 16 17 18 21 30 34 0 
1 3 7 37 0 
1 2 8 14 17 19 20 22 26 0 
4 12 17 19 21 25 0 
4 8 9 17 23 28 37 39 0 
1 8 10 14 15 28 0 
5 6 7 8 14 32 0 
20 22 29 32 35 0 
3 10 13 25 26 27 30 31 33 35 0 
2 5 10 24 26 34 37 0 
2 4 7 12 28 36 0 
2 5 10 0 
1 17 19 21 30 36 0 
1 8 17 21 25 28 29 35 38 39 0 
4 6 8 19 27 37 0 
2 9 15 16 0 
1 2 5 15 21 25 26 27 31 0 
5 10 35 0 
-1 -11 -13 -17 -18 -26 -33 -37 0 
-10 -11 -14 -17 -18 -29 -34 0 
-1 -7 -11 -22 -28 -32 -38 0 
-6 -9 -11 -16 -23 -28 -29 0 
-1 -9 -13 -28 -32 -37 0 
-4 -7 -11 -13 -20 -23 -24 -26 -35 -37 0 
-18 -20 -22 0 
-2 -6 -14 -20 0 
-1 -10 -16 -17 -20 -30 -36 -39 0 
-3 -9 -11 -14 -15 -18 -28 -39 0 
-15 -18 -38 0 
-4 -10 -11 -16 -29 0 
-10 -20 -24 -36 0 
-1 -3 -9 -12 -18 -19 -36 0 
-3 -6 -18 -20 -29 -30 -34 -37 0 
-1 -4 -5 -11 -21 0 
-4 -7 -9 -18 -20 -26 -28 -36 -38 0 
-4 -7 -14 -27 -35 -38 0 
-8 -9 -15 -29 -35 -38 0 
-13 -14 -15 -20 -30 -36 0 
-5 -8 -12 -13 -17 -18 -23 -35 0 
-2 -3 -8 -12 -13 -29 -30 0 
-9 -17 -18 -25 -27 -31 -34 -36 -38 0 
-9 -19 -21 -23 -26 -32 0 
-8 -21 -25 -29 -30 0 
-2 -4 -27 -32 0 
-10 -12 -18 -21 0 
-8 -9 -31 0 
-2 -6 -25 -32 -34 0 
-9 -10 -11 -16 -39 0 
-5 -6 -10 -20 -38 0 
-2 -8 -15 -18 -23 -31 0 
-6 -7 -16 -30 0 
-3 -33 -39 0 
-4 -8 -12 -25 -30 -35 -39 0 
-4 -15 -39 0 
-3 -7 -11 -13 -18 -26 0 
-3 -9 -16 -18 -36 0 
-2 -7 -19 -23 -27 -31 0 
-4 -14 -18 -20 -24 -29 -30 0 
-3 -5 -21 -29 -33 0 
-17 -23 -25 -28 -29 0 
-5 -13 -24 -26 -28 -30 -32 -33 -35 -36 0 
-9 -22 -34 -36 0 
-2 -8 -15 -26 -29 -33 -35 0 
-3 -12 -20 -22 -33 -35 0 
-4 -7 -10 -11 -28 0 
-3 -4 -15 -22 -27 -29 0 
-1 -3 -22 -23 -24 -29 -31 -32 -37 0 
-3 -14 -15 -29 -38 0 
-7 -19 -23 -26 -29 0 
-2 -10 -23 -27 -29 -32 -37 0 
-6 -10 -11 -13 -21 -22 -33 0 
-2 -6 -19 -20 -32 -33 -34 -36 -38 0 
-10 -19 -27 -31 -33 0 
-2 -3 -7 -9 -13 -22 -23 0 
-6 -16 -17 -23 -30 -32 0 
-7 -11 -14 -38 0 
-8 -10 -15 -16 -23 -27 0 
-11 -18 -21 -32 0 
-5 -19 -23 -29 -39 0 
-4 -14 -17 -27 -30 0 
-3 -28 -34 -38 -39 0 
-1 -4 -13 -18 -22 -23 -24 -26 -37 0 
-2 -21 -23 -26 -33 -35 0 
-2 -15 -28 -38 0 
-8 -10 -17 -20 -27 -28 -29 -34 0 
-1 -9 -20 -37 0 
-15 -19 -26 -29 -32 -38 0 
-9 -13 -14 -15 -27 -30 -39 0 
-6 -21 -22 -31 -36 -38 0 
-2 -10 -11 -17 -21 -25 -32 -39 0 
-4 -5 -17 -25 -28 -31 -37 0 
-7 -8 -17 -19 -24 -27 -33 0 
-4 -5 -10 -12 -32 -36 0 
-1 -14 -16 -26 -36 0 
-5 -7 -11 -19 -25 -26 -35 0 
-3 -4 -6 -7 -23 -29 -32 -34 0 
-4 -8 -10 -13 -14 -15 -16 -18 -20 -29 -32 0 
-12 -26 -28 -29 -32 -34 -35 0 
-1 -10 -18 -22 -28 -33 -35 -39 0 
-6 -9 -12 -23 -26 -28 -35 0 
-9 -11 -13 -16 -17 -20 -27 -30 -31 -36 -37 0 
-4 -6 -11 -14 -29 -35 -36 0 
-14 -15 -23 -24 -29 0 
-8 -11 -14 -15 -16 -35 0 
-2 -16 -18 -26 -28 -32 0 
-8 -23 -25 -31 -33 0 
-8 -11 -19 -23 0 
-6 -8 -10 -19 -23 -30 -32 0 
-4 -11 -15 -33 0 
-2 -8 -9 -18 -20 -30 -35 -39 0 
-2 -11 -29 -33 -35 -36 -37 0 
-10 -14 -18 -29 -31 -33 -34 -38 0 
-2 -5 -14 -21 -23 -32 0 
-3 -8 -11 -20 -21 -28 -36 0 
-1 -2 -20 -28 -31 -35 0 
-1 -5 -16 -18 -25 0 
-2 -10 -11 -16 -22 -28 -35 0 
-7 -10 -15 -18 -19 -20 -24 -25 -32 -39 0 
-3 -6 -11 -25 -29 -33 0 
-4 -10 -11 -14 -17 -23 -27 -33 -39 0 
-2 -3 -5 -6 -7 -8 -16 -27 -34 0 
-2 -11 -20 -29 -31 -32 -34 0 
-12 -15 -16 -20 -24 0 
-4 -5 -12 -16 -23 -25 -29 -30 0 
-8 -11 -14 -21 -35 -39 0 
-3 -21 -23 -25 -37 0 
-1 -4 -7 -13 -19 -26 -29 -30 -39 0 
-2 -8 -9 -16 -28 -31 -33 -39 0 
-9 -13 -24 -39 0 
-2 -26 -27 -28 -30 -37 0 
-6 -17 -21 -28 -31 0 
-5 -6 -9 -14 -15 -24 -38 0 
-15 -24 -38 0 
-3 -6 -16 -17 -26 -28 -30 0 
-1 -4 -7 -13 -14 -26 -30 -31 -34 0 
-5 -12 -14 -21 -27 -34 0 
-9 -12 -25 -26 -33 0 
-15 -22 -26 -27 -35 -39 0 
-3 -5 -12 -15 -29 -33 -38 0 
-10 -11 -18 -19 -28 -30 0 
-3 -6 -11 -13 -16 -20 -30 -31 -39 0 
-3 -7 -15 -18 -27 -31 -35 -37 -39 0 
-6 -20 -30 0 
-2 -4 -10 -16 -17 -24 -29 0 
-14 -17 -19 -21 -22 -31 -34 0 
-5 -19 -31 -34 -36 0 
-5 -8 -14 -18 -32 0 
-17 -26 -36 0 
-1 -14 -19 -31 -37 0 
-1 -7 -20 -26 -28 -31 0 
-3 -4 -7 -20 -23 -26 -33 -39 0 
-5 -7 -9 -14 -20 -30 -32 0 
-1 -8 -9 -10 -15 -23 -24 -35 -39 0 
-8 -20 -23 -27 -31 -34 -37 0 
-3 -24 -36 -38 0 
-3 -8 -15 -37 0 
-14 -15 -17 -21 -23 -37 -38 0 
-3 -13 -14 -15 -26 -34 -38 0 
-7 -8 -15 -21 -22 -23 -24 -35 0 
-1 -4 -21 -32 -34 0 
-1 -4 -15 -23 -34 -38 0 
-6 -15 -18 -26 -34 -36 -38 0 
-2 -3 -10 -20 -22 -34 -36 0 
-5 -6 -21 -25 -28 -33 -34 -37 0 
-2 -3 -6 -13 -14 -31 -38 -39 0 
-16 -24 -29 0 
-9 -11 -15 -21 -22 -24 -25 -27 -30 -33 -36 0 
-4 -9 -23 -25 -27 -38 0 
-15 -24 -30 -35 0 
-10 -15 -22 -23 -24 -26 -37 0 
-1 -7 -10 -13 -16 -18 -20 -26 0 
-14 -15 -16 -30 -35 0 
-8 -9 -11 -12 -16 -18 -24 -27 -37 -38 0 
-13 -15 -18 -19 -25 -38 -39 0 
-2 -5 -15 -21 -32 -34 -35 0 
-2 -9 -15 -17 -19 -22 -24 -28 -32 -33 -35 0 
-4 -7 -9 -11 -12 -13 -17 -20 -33 -35 -38 0 
-9 -20 -21 -27 -29 0 
-9 -18 -22 -28 -31 -32 0 
-5 -11 -14 -22 -29 -34 0 
-2 -3 -11 -18 -28 0 
-1 -7 -12 -16 -24 -29 -32 -39 0 
-2 -16 -18 -20 -22 -24 -34 -35 0 
-8 -16 -20 -24 -29 -30 -32 0 
-2 -22 -36 -39 0 
-6 -8 -9 -10 -17 -23 -24 -26 -31 -32 -34 0 
-2 -3 -8 -15 -16 -21 -26 -29 0 
-32 -37 -38 0 
-1 -15 -16 -27 -28 -31 -32 -37 -38 -39 0 
-1 -11 -19 -32 -35 -37 -38 0 
-10 -18 -23 -29 -31 -34 -37 0 
-3 -16 -21 -36 -39 0 
-5 -12 -15 -19 -26 -31 -35 -38 0 
-3 -28 -36 -37 0 
-1 -25 -26 -28 -34 -36 0 
-20 -29 -33 -37 -38 -39 0 
-12 -24 -30 -33 -37 -39 0 
-4 -6 -9 -12 -14 -23 -24 -25 -26 -27 -28 -37 -39 0 
-2 -9 -20 -21 -22 -23 -26 -38 0 
-5 -6 -13 -19 -26 -33 0 
-7 -9 -20 -23 -24 -27 -29 -36 -38 0 
-1 -6 -7 -13 -36 -38 0 
-4 -14 -22 -25 -27 0 
-3 -5 -7 -18 -23 -24 -26 -28 -29 -30 0 
-3 -7 -11 -28 -29 0 
-9 -10 -15 -29 -39 0 
-17 -19 -29 -31 -33 0 
-1 -5 -10 -12 -22 -23 -25 0 
-4 -10 -15 -21 -25 -26 -34 -38 -39 0 
-6 -14 -23 -26 -28 -33 0 
-3 -9 -20 -24 -25 -26 -31 0 
-6 -8 -10 -17 -19 -26 0 
-5 -16 -19 -23 -28 -36 0 
-1 -4 -7 -14 -27 0 
-2 -9 -21 -26 0 
-10 -14 -19 -32 -33 -35 -37 0 
-10 -14 -22 -24 -32 -34 -38 -39 0 
-8 -9 -11 -12 -15 -22 -28 -30 -33 0 
-4 -13 -21 -26 -30 0 
-1 -4 -10 -22 -24 -25 -27 -30 -31 -33 -34 0 
-2 -4 -7 -10 -11 -15 -21 -28 -37 0 
-5 -14 -21 -28 0 
-1 -2 -3 -10 -39 0 
-6 -7 -19 -30 -37 0 
-11 -24 -25 -32 -39 0 
-4 -15 -16 -21 -27 -30 0 
-2 -15 -17 -20 -39 0 
-6 -7 -13 -16 -19 -20 -26 -27 -36 0 
-6 -9 -10 -11 -13 -16 -18 -24 -26 -37 0 
-18 -27 -32 0 
-4 -7 -18 -25 0 
-2 -8 -17 -33 -34 0 
-6 -13 -15 -17 -23 -33 -34 0 
-1 -3 -8 -9 -11 -15 -16 -17 -27 -34 0 
-2 -5 -9 -13 -19 -24 -27 -31 -37 -38 -39 0 
-16 -25 -30 -32 -34 0 
-1 -19 -20 -35 -37 0 
-2 -6 -8 -12 -15 -17 -21 -23 -27 0 
-1 -4 -18 -20 -24 -32 0 
-3 -5 -6 -8 -9 -10 -11 -14 -15 -16 -17 -35 0 
-7 -8 -14 -22 -36 0 
-4 -10 -11 -17 -23 -25 -31 0 
-6 -16 -19 -24 -31 0 
-28 -30 0 
-8 -17 -18 -22 -27 -36 -39 0 
-5 -6 -9 -10 -12 -15 -19 -29 -34 0 
-10 -11 -19 -20 -29 -35 -36 -38 0 
-7 -9 -12 -17 -18 -26 -29 -30 -31 -33 0 
-7 -9 -12 -18 -23 -28 -32 -33 -34 0 
-5 -9 -18 -20 -24 -28 -31 -39 0 
-19 -21 -22 -29 -30 -31 -32 -38 0 
-5 -6 -9 -11 -18 -24 -28 0 
-5 -10 -12 -21 -22 -28 -39 0 
-5 -8 -9 -16 -19 -20 -27 -32 0 
-6 -12 -22 -23 -28 -35 -38 0 
-9 -17 -20 -31 -34 -38 0 
-1 -2 -8 -28 -32 -36 -39 0 
-9 -13 -20 -30 0 
-1 -2 -7 -8 -19 -20 -38 0 
-5 -12 -21 -24 -36 0 
-3 -12 -20 -23 -25 -31 -34 -36 -38 -39 0 
-6 -15 -16 -21 -23 0 
-3 -7 -13 0 
-6 -9 -13 -21 -22 -23 -25 -33 0 
-4 -11 -12 -13 -23 -34 -37 0 
-3 -4 -13 -20 -23 -31 0 
-6 -10 -11 -16 -17 -20 -34 -36 0 
-4 -5 -13 -27 -33 0 
-10 -12 -13 -15 -27 -35 -39 0 
-2 -9 -25 -28 -33 0 
-8 -9 -10 -14 -18 -21 0 
-2 -3 -15 -18 -21 -24 -25 -28 -34 0 
-21 -26 -29 0 
-3 -7 -9 -12 -14 -28 0 
-7 -26 0 
-10 -23 -26 -32 -34 -37 0 
-2 -19 -22 -35 -39 0 
-4 -11 -12 -30 -38 0 
-9 -11 -14 -21 -22 0 
-11 -13 -14 -30 -34 0 
-1 -21 -25 -27 -29 -34 -39 0 
-4 -6 -8 -11 -15 -22 -29 -33 0 
-13 -14 -15 -16 -24 -32 -37 -39 0 
-7 -9 -19 -21 -27 -31 -33 0 
-1 -4 -11 -17 -19 -20 -21 -26 -38 0 
-15 -16 -27 -28 0 
-4 -17 -26 -29 -30 -37 0 
-4 -10 -19 0 
-2 -10 -12 -33 -34 -39 0 
-3 -5 -6 -8 -19 -26 -32 -34 -35 -38 0 
-16 -24 -25 -27 -32 -34 0 
-5 -12 -14 -17 -25 -26 -30 -31 -34 -39 0 
-14 -17 -23 -24 -31 -32 0 
-6 -7 -8 -12 -15 -16 -20 -22 -31 -32 0 
-2 -10 -14 -18 -19 -21 -27 -31 -34 0 
-5 -11 -12 -18 -26 -30 -36 0 
-5 -21 -24 -32 -38 0 
-11 -16 -23 -25 -35 0 
-8 -17 -19 -21 -23 -31 -32 -33 -38 0 
-3 -8 -19 -24 -30 -32 -35 0 
-2 -7 -8 -16 -18 -19 -39 0 
-6 -7 -15 -23 0 
-1 -2 -13 -17 -22 -24 -31 -36 -37 0 
-6 -9 -12 -16 -19 -23 -24 -27 0 
-7 -14 -16 -22 -25 -27 -30 0 
-18 -26 -30 -37 0 
-3 -8 -9 -15 -18 -19 -39 0 
-3 -8 -13 -14 -21 -24 -26 -34 -39 0 
-1 -14 -18 -39 0 
-3 -14 -22 -36 -38 0 
-2 -3 -14 -25 -26 -32 -35 -36 -37 0 
-10 -27 0 
-1 -5 -6 -19 -23 -26 -28 -35 0 
-3 -21 -29 -33 -35 -36 -39 0 
-1 -6 -8 -14 -21 -33 0 
-2 -4 -6 -38 0 
-1 -4 -5 -17 -24 -27 0 
-1 -12 -15 -19 -32 -35 -37 0 
-4 -13 -35 -37 0 
-1 -4 -8 -10 -19 -20 -28 -33 -35 0 
-1 -2 -14 -21 -25 -28 -37 -38 0 
-6 -7 -16 -17 0 
-2 -3 -12 -27 -29 -36 0 
-2 -9 -25 -26 -35 0 
-7 -21 -39 0 
-11 -19 -32 -36 -38 0 
-2 -14 -22 -23 -31 0 
-3 -7 -9 -15 -16 -17 -23 -29 -37 0 
-6 -21 -22 -28 -33 -34 0 
-2 -6 -20 -24 -34 -38 0 
-2 -3 -23 -30 0 
-4 -17 -19 -21 -24 -25 -32 0 
-3 -9 -17 -18 -32 -35 -39 0 
-19 -20 -23 -28 -35 0 
-12 -26 -29 0 
-4 -5 -6 -8 -16 -22 -31 -38 -39 0 
-4 -15 -32 -39 0 
-4 -5 -11 -13 -17 -21 -29 -30 -35 0 
-2 -3 -4 -6 -11 -12 -17 -18 -30 -35 0 
-10 -20 -30 -36 0 
-7 -10 -16 -19 -36 -39 0 
-7 -16 -20 -23 -27 -34 -39 0 
-5 -7 -20 -21 -35 0 
-5 -10 -12 -13 -15 -16 -24 0 
-1 -14 -16 -21 -24 -35 -36 -39 0 
-22 -23 -25 -34 -39 0 
-7 -15 -18 -26 -30 -38 0 
-7 -10 -17 -18 -19 -27 -30 -33 -36 -38 0 
-5 -10 -17 -21 -30 -34 -36 -37 0 
-8 -23 -24 0 
-4 -5 -10 -25 -26 -32 0 
-4 -5 -14 -18 -29 -38 0 
-7 -17 -24 0 
-9 -13 -14 -18 -20 -21 -35 -37 0 
-6 -8 -12 -15 -22 -30 -32 0 
-4 -7 -8 -20 -29 -32 -33 -38 0 
-3 -12 -17 -20 -24 -25 -33 -37 0 
-5 -18 -23 -27 -30 -34 -36 0 
-6 -12 -20 -21 -29 -31 -32 -34 0 
-1 -4 -13 -21 -39 0 
-8 -10 -11 -14 -35 0 
-9 -18 -22 -24 -29 -30 -31 0 
-2 -6 -9 -25 -32 0 
-5 -12 -17 -19 -20 -25 -30 -38 0 
-1 -2 -11 -22 -33 0 
-6 -28 -38 0 
-6 -10 -12 -25 -32 -35 0 
-5 -34 -38 0 
-1 -3 -9 -22 -24 0 
-12 -13 -16 -18 -19 -30 0 
-4 -7 -11 -14 -17 -19 -23 -26 -29 -35 -36 -37 -39 0 
-2 -8 -9 -11 -16 -38 0 
-1 -5 -9 -19 -23 -27 -28 -36 0 
-13 -21 -28 -35 -39 0 
-2 -9 -16 -22 -27 -36 0 
-1 -12 -18 -23 -35 -39 0 
-1 -2 -7 -9 -13 -15 -21 -27 0 
-2 -3 -4 -13 -14 -16 -28 -30 -31 0 
-6 -11 -12 -17 -21 -26 0 
-6 -7 -11 -13 -14 -22 -34 0 
-4 -5 -16 -33 -38 0 
-4 -19 -20 -27 -34 0 
-3 -14 -16 -26 0 
-3 -6 -13 -14 -17 -26 -28 -32 0 
-2 -4 -25 -30 -32 0 
-1 -5 -6 -15 -36 -37 0 
-1 -8 -10 -16 -17 -20 -22 -25 -29 0 
-17 -19 -24 -29 0 
-1 -17 -22 -28 -32 0 
-3 -13 -22 -23 -27 -28 -38 0 
-5 -7 -15 -17 -32 0 
-14 -18 -20 -29 -36 0 
-9 -10 -18 -32 -39 0 
-1 -16 -25 -37 -38 0 
-6 -8 -9 -21 -33 -38 0 
-7 -12 -13 -25 -31 0 
-13 -14 -15 -20 -21 -24 -35 0 
-1 -6 -9 -14 -15 -16 -19 -24 -34 0 
-10 -12 -29 -30 -32 -39 0 
-3 -9 -13 -14 0 
-7 -12 -16 -17 -18 -21 -30 -34 0 
-1 -3 -7 -37 0 
-1 -2 -8 -14 -17 -19 -20 -22 -26 0 
-4 -12 -17 -19 -21 -25 0 
-4 -8 -9 -17 -23 -28 -37 -39 0 
-1 -8 -10 -14 -15 -28 0 
-5 -6 -7 -8 -14 -32 0 
-20 -22 -29 -32 -35 0 
-3 -10 -13 -25 -26 -27 -30 -31 -33 -35 0 
-2 -5 -10 -24 -26 -34 -37 0 
-2 -4 -7 -12 -28 -36 0 
-2 -5 -10 0 
-1 -17 -19 -21 -30 -36 0 
-1 -8 -17 -21 -25 -28 -29 -35 -38 -39 0 
-4 -6 -8 -19 -27 -37 0 
-2 -9 -15 -16 0 
-1 -2 -5 -15 -21 -25 -26 -27 -31 0 
-5 -10 -35 0 
