p cnf 39 800
4 5 11 13 22 24 33 0 
23 24 25 26 31 32 35 0 
2 12 31 34 0 
6 10 0 
3 5 7 15 20 24 25 31 0 
8 9 11 25 26 31 32 36 37 38 0 
2 10 28 31 0 
2 18 19 35 39 0 
2 4 8 17 22 28 29 37 0 
4 9 12 15 21 22 27 35 38 0 
7 8 9 10 18 21 0 
3 11 21 24 30 32 0 
10 13 20 21 30 0 
1 3 7 9 21 23 39 0 
10 20 21 26 31 0 
2 3 8 13 16 18 36 0 
2 3 4 15 18 20 0 
6 17 21 25 27 28 29 0 
4 7 9 13 23 0 
1 4 5 17 22 34 0 
3 6 14 15 19 20 24 33 38 0 
5 11 15 16 24 26 32 33 36 0 
6 9 18 21 27 38 39 0 
7 8 12 21 29 34 0 
5 7 16 18 22 30 33 0 
4 6 9 10 11 17 26 37 0 
2 17 24 28 0 
5 9 18 20 27 28 31 0 
8 9 23 24 31 35 0 
1 4 9 10 11 16 29 0 
3 17 18 19 33 0 
5 6 8 24 32 34 36 0 
9 11 16 17 34 0 
23 32 33 35 38 0 
3 13 14 18 22 24 27 28 37 0 
1 14 17 19 22 31 34 38 0 
5 8 11 15 24 33 34 35 0 
6 13 17 23 32 39 0 
2 6 9 21 34 37 0 
8 16 22 24 25 27 31 32 0 
16 28 31 39 0 
4 5 6 9 15 18 29 0 
6 7 9 12 13 15 16 24 28 30 0 
1 4 6 11 14 20 34 0 
3 4 9 15 23 26 28 31 32 0 
5 8 9 21 26 29 32 34 37 0 
8 19 20 31 36 0 
5 10 16 23 27 30 38 0 
6 9 27 31 33 0 
2 7 10 15 19 20 38 0 
3 4 8 15 18 20 24 27 28 0 
6 15 20 0 
10 15 19 29 0 
3 20 21 28 29 32 34 37 0 
4 5 26 28 0 
12 18 19 20 25 28 29 34 0 
1 4 16 19 27 29 35 0 
14 18 24 28 32 0 
1 11 17 22 32 34 39 0 
1 10 21 22 30 36 0 
8 9 13 18 29 31 32 0 
17 19 25 38 39 0 
5 8 16 19 25 30 0 
3 7 11 16 29 34 0 
3 10 14 20 21 25 29 0 
15 22 24 25 0 
4 9 18 27 30 0 
1 5 22 25 29 31 0 
13 26 32 34 35 0 
5 6 7 24 0 
5 6 17 19 22 25 0 
5 9 13 18 0 
7 10 13 0 
7 10 12 13 17 20 21 31 32 36 0 
2 4 6 10 13 31 0 
1 2 19 23 29 36 0 
2 13 14 15 17 20 27 31 38 0 
10 13 20 23 35 0 
4 11 16 17 24 25 30 36 0 
6 12 18 23 30 33 34 0 
1 2 7 13 16 21 26 30 32 35 0 
1 17 18 20 21 30 31 37 0 
1 11 19 22 24 29 32 0 
6 12 13 30 39 0 
4 10 17 26 28 30 33 34 35 0 
8 25 31 35 0 
4 14 16 22 36 0 
5 9 12 15 17 23 24 0 
9 11 19 21 30 31 0 
7 15 17 19 22 35 36 0 
8 10 11 19 24 25 31 34 36 39 0 
13 18 33 34 0 
1 13 20 26 0 
2 6 24 25 32 36 0 
6 7 8 17 26 38 0 
19 38 0 
5 23 31 33 37 0 
4 7 8 9 19 21 29 35 0 
8 21 31 37 0 
11 15 18 23 37 39 0 
2 13 15 16 31 38 39 0 
3 6 18 19 22 24 0 
2 16 21 31 34 35 39 0 
10 13 20 25 31 39 0 
8 15 28 36 39 0 
2 4 24 27 35 39 0 
12 14 17 18 20 27 29 36 0 
9 17 20 22 37 0 
3 10 19 31 0 
2 3 4 5 8 9 10 16 23 0 
7 11 15 19 21 29 38 0 
4 21 23 26 38 0 
6 7 12 18 35 36 37 38 0 
1 4 9 10 15 24 34 0 
8 14 17 19 0 
9 13 19 26 27 34 36 0 
1 3 10 17 28 36 0 
1 4 8 11 16 17 20 21 29 0 
14 21 23 26 29 30 32 0 
1 11 31 37 0 
5 9 10 21 39 0 
1 5 8 14 15 16 20 23 27 30 31 0 
2 18 27 30 0 
19 33 34 0 
15 17 19 30 31 36 39 0 
1 8 11 13 0 
1 6 9 24 31 33 0 
1 3 15 18 35 0 
14 20 21 27 28 37 0 
16 17 26 27 36 38 0 
4 9 12 17 21 23 25 35 39 0 
1 17 22 37 0 
1 10 16 19 22 38 0 
3 19 20 21 24 26 0 
2 3 5 6 7 14 16 28 29 31 0 
2 3 7 10 13 20 22 24 34 0 
2 20 37 0 
4 8 10 19 27 30 39 0 
2 13 20 21 22 35 0 
1 8 10 20 0 
9 14 15 17 30 32 0 
4 14 20 23 25 34 38 0 
3 6 11 12 17 21 25 29 36 0 
7 11 14 20 33 38 39 0 
11 18 21 26 27 29 38 0 
2 13 22 23 26 27 29 32 0 
3 8 9 10 21 23 24 32 36 0 
6 20 26 30 34 0 
7 23 32 37 39 0 
12 29 0 
5 34 39 0 
4 10 14 22 26 37 0 
2 3 10 33 36 0 
4 7 9 17 23 28 0 
1 6 13 18 27 30 38 39 0 
17 22 24 31 38 0 
1 3 12 26 34 0 
1 6 14 23 25 38 0 
1 35 38 0 
2 5 6 14 17 18 0 
2 5 9 11 17 35 38 0 
6 7 9 17 19 23 26 38 0 
7 9 11 16 18 26 31 37 38 0 
1 3 21 22 23 28 30 0 
3 12 18 19 20 23 26 35 0 
8 11 22 28 29 36 0 
6 9 10 18 19 20 31 34 0 
3 4 9 17 25 28 29 39 0 
15 18 20 39 0 
9 10 16 20 34 0 
4 14 16 30 32 0 
4 7 31 34 37 0 
12 15 24 25 34 38 0 
12 19 30 32 33 35 36 39 0 
2 10 27 29 34 0 
10 11 17 31 33 36 0 
5 10 25 29 33 36 0 
4 7 18 36 0 
1 5 9 12 18 0 
5 8 23 28 38 0 
8 9 16 28 29 31 34 0 
1 10 13 19 30 31 34 0 
8 13 19 33 34 36 39 0 
9 12 15 20 21 24 26 32 0 
2 6 11 17 26 0 
8 21 22 27 30 34 0 
23 25 30 35 38 0 
5 11 13 26 31 0 
8 17 28 29 31 0 
2 4 5 10 29 35 39 0 
8 14 15 17 0 
4 13 21 0 
12 15 16 19 24 38 39 0 
1 5 6 17 23 28 0 
9 12 17 23 29 30 31 0 
8 17 33 0 
2 3 7 13 35 36 39 0 
15 19 21 28 0 
2 3 10 11 18 19 20 24 26 35 0 
13 19 26 29 38 0 
3 5 6 8 11 13 15 19 26 36 0 
10 14 25 35 0 
19 20 25 33 38 0 
2 18 19 21 25 26 32 37 38 0 
1 18 21 29 33 35 0 
3 8 10 11 19 22 25 34 37 0 
5 11 20 25 29 36 39 0 
4 7 23 25 27 29 34 35 0 
1 5 19 23 24 27 30 0 
3 7 24 27 35 36 0 
3 10 13 18 22 0 
1 2 12 13 14 24 39 0 
6 24 25 26 27 29 32 36 0 
9 12 25 32 39 0 
3 7 19 20 21 26 30 33 0 
14 17 20 23 29 31 38 0 
8 20 35 36 0 
16 17 31 34 0 
11 23 29 37 0 
2 18 22 29 30 0 
3 9 15 21 22 36 37 0 
7 16 20 23 28 0 
10 16 18 27 29 33 36 0 
5 12 28 34 39 0 
7 8 13 17 25 26 31 38 0 
10 15 20 21 24 34 0 
5 13 15 22 24 32 33 34 36 37 39 0 
4 22 37 0 
6 13 19 25 28 33 39 0 
24 25 33 36 0 
8 19 22 23 31 0 
3 7 18 25 27 29 35 0 
14 15 19 26 0 
5 18 19 21 30 35 36 0 
2 6 15 23 26 27 37 39 0 
3 8 19 20 27 29 35 36 38 0 
3 9 25 33 0 
5 8 11 24 34 0 
1 4 17 22 33 36 0 
8 11 12 16 20 30 34 0 
3 6 7 12 15 19 22 28 31 0 
15 17 19 38 0 
2 19 21 0 
3 4 10 14 21 29 0 
4 5 9 12 14 18 21 28 37 0 
5 8 10 16 20 22 23 24 26 28 30 31 35 36 0 
2 21 27 31 36 0 
5 6 7 12 21 22 30 35 37 0 
4 21 23 35 0 
21 22 26 32 33 36 38 0 
18 20 22 26 38 0 
5 7 11 12 21 24 29 37 38 0 
4 12 14 20 29 30 0 
3 5 8 17 0 
2 18 20 21 29 33 39 0 
6 8 9 11 19 28 36 0 
4 9 15 20 21 22 25 26 29 0 
1 12 13 16 17 21 28 0 
10 12 16 21 22 25 31 0 
3 4 17 29 0 
9 11 13 21 23 24 25 36 0 
3 10 15 17 21 22 37 39 0 
1 3 8 9 24 29 0 
1 7 8 9 15 16 19 29 34 39 0 
2 5 12 17 22 25 26 30 31 32 33 34 0 
15 16 22 31 0 
8 9 11 28 38 0 
3 9 18 23 26 28 35 36 38 0 
7 20 24 27 34 35 37 0 
2 19 25 26 35 36 37 0 
2 3 9 16 31 36 0 
2 4 5 10 17 20 33 35 0 
5 8 10 11 13 17 20 37 0 
6 8 11 24 30 32 34 0 
3 8 14 20 22 27 30 0 
4 7 9 11 23 39 0 
5 8 12 17 21 25 27 39 0 
2 3 12 14 18 22 26 0 
2 5 15 22 30 31 35 38 0 
3 8 14 16 21 29 31 35 0 
2 5 7 25 27 29 32 37 0 
8 19 21 22 25 35 36 0 
8 10 17 23 26 0 
4 5 12 20 30 32 0 
4 11 14 18 19 28 33 34 37 39 0 
2 3 8 14 19 25 29 34 35 37 39 0 
5 6 7 19 29 33 36 0 
7 9 11 12 13 16 22 24 27 39 0 
15 16 26 33 35 37 0 
3 7 23 25 37 0 
12 13 26 32 0 
2 9 18 24 32 0 
7 10 12 25 34 39 0 
1 2 4 5 11 14 37 39 0 
5 7 15 24 28 29 34 39 0 
3 4 6 9 17 19 21 23 26 35 38 0 
1 4 8 9 11 23 35 0 
1 23 25 0 
5 18 36 38 0 
1 3 5 7 15 24 0 
6 7 8 9 15 22 35 0 
2 4 21 23 26 32 39 0 
4 8 11 20 23 28 0 
1 6 23 27 0 
4 7 9 18 26 29 34 35 0 
6 17 20 23 27 0 
9 16 17 18 19 22 27 36 39 0 
4 6 16 30 33 38 0 
4 14 19 20 23 24 38 0 
10 22 23 28 34 35 38 0 
10 11 19 27 28 33 37 0 
1 2 16 29 30 0 
1 22 23 29 31 36 0 
9 13 15 18 22 24 29 33 0 
1 2 12 14 22 27 33 37 0 
9 18 19 21 23 27 30 32 38 0 
3 5 0 
4 6 15 27 36 37 38 0 
5 27 28 0 
3 7 19 21 22 24 29 38 0 
12 13 16 18 20 35 39 0 
6 13 15 17 23 26 28 29 30 38 0 
2 24 25 32 36 39 0 
2 17 20 23 39 0 
18 19 20 26 0 
7 8 10 16 21 26 36 0 
5 6 9 12 23 30 33 35 39 0 
4 5 11 16 18 28 32 34 35 37 0 
1 10 25 28 29 36 0 
2 14 15 16 32 36 0 
19 32 33 34 0 
10 15 19 33 36 38 0 
7 9 10 14 23 24 32 38 0 
3 5 6 15 16 32 33 0 
2 8 19 23 38 39 0 
3 5 16 18 23 34 35 0 
25 26 27 30 32 37 0 
12 13 15 19 28 0 
5 7 13 17 18 21 30 0 
10 14 16 24 31 34 0 
8 9 12 14 22 28 29 36 0 
6 10 13 16 24 31 34 0 
2 7 13 25 29 32 36 0 
2 8 9 12 14 21 27 31 34 0 
3 8 19 28 30 32 33 0 
2 6 11 14 16 20 22 24 25 28 0 
5 6 8 12 13 15 19 23 30 0 
12 22 25 28 30 31 35 0 
3 7 17 29 31 32 33 35 37 39 0 
2 5 6 11 32 0 
1 9 20 25 29 35 0 
6 11 16 30 32 38 39 0 
1 12 16 18 20 27 30 31 34 38 0 
2 3 8 13 0 
4 12 19 24 35 0 
8 12 21 29 30 0 
2 13 14 19 28 29 37 0 
3 6 8 12 26 28 0 
1 2 7 16 24 25 29 36 0 
10 13 19 22 25 29 33 0 
4 8 15 20 27 37 38 0 
5 6 16 26 29 31 0 
6 10 16 32 33 0 
3 11 12 16 24 30 37 38 0 
7 14 21 26 29 31 0 
5 10 18 27 28 31 37 0 
12 15 16 20 21 23 30 35 0 
1 4 12 28 38 0 
3 9 11 12 14 20 25 28 39 0 
17 21 28 32 36 39 0 
5 15 17 18 20 31 37 39 0 
12 16 18 38 0 
5 8 12 16 20 27 35 38 0 
4 6 7 15 19 24 28 37 0 
3 13 15 26 28 29 0 
1 5 8 13 32 0 
16 25 26 30 0 
3 8 10 16 20 22 23 30 0 
1 5 24 26 35 39 0 
3 18 24 29 37 39 0 
16 27 28 34 0 
6 17 25 26 32 0 
3 6 12 14 35 38 39 0 
1 5 19 25 26 30 31 36 37 0 
2 11 18 19 25 27 0 
10 12 17 0 
2 5 12 13 19 26 28 0 
6 31 32 36 0 
3 5 11 15 16 38 0 
10 13 17 18 22 23 24 33 36 0 
4 15 17 28 33 36 0 
4 7 8 11 17 21 33 0 
1 5 9 13 23 26 28 31 0 
11 22 33 35 0 
8 10 16 17 23 24 29 32 0 
9 11 20 26 29 0 
5 7 12 18 21 26 27 29 30 32 0 
7 9 13 15 22 23 29 0 
1 8 12 23 31 34 35 37 0 
2 3 16 35 39 0 
-4 -5 -11 -13 -22 -24 -33 0 
-23 -24 -25 -26 -31 -32 -35 0 
-2 -12 -31 -34 0 
-6 -10 0 
-3 -5 -7 -15 -20 -24 -25 -31 0 
-8 -9 -11 -25 -26 -31 -32 -36 -37 -38 0 
-2 -10 -28 -31 0 
-2 -18 -19 -35 -39 0 
-2 -4 -8 -17 -22 -28 -29 -37 0 
-4 -9 -12 -15 -21 -22 -27 -35 -38 0 
-7 -8 -9 -10 -18 -21 0 
-3 -11 -21 -24 -30 -32 0 
-10 -13 -20 -21 -30 0 
-1 -3 -7 -9 -21 -23 -39 0 
-10 -20 -21 -26 -31 0 
-2 -3 -8 -13 -16 -18 -36 0 
-2 -3 -4 -15 -18 -20 0 
-6 -17 -21 -25 -27 -28 -29 0 
-4 -7 -9 -13 -23 0 
-1 -4 -5 -17 -22 -34 0 
-3 -6 -14 -15 -19 -20 -24 -33 -38 0 
-5 -11 -15 -16 -24 -26 -32 -33 -36 0 
-6 -9 -18 -21 -27 -38 -39 0 
-7 -8 -12 -21 -29 -34 0 
-5 -7 -16 -18 -22 -30 -33 0 
-4 -6 -9 -10 -11 -17 -26 -37 0 
-2 -17 -24 -28 0 
-5 -9 -18 -20 -27 -28 -31 0 
-8 -9 -23 -24 -31 -35 0 
-1 -4 -9 -10 -11 -16 -29 0 
-3 -17 -18 -19 -33 0 
-5 -6 -8 -24 -32 -34 -36 0 
-9 -11 -16 -17 -34 0 
-23 -32 -33 -35 -38 0 
-3 -13 -14 -18 -22 -24 -27 -28 -37 0 
-1 -14 -17 -19 -22 -31 -34 -38 0 
-5 -8 -11 -15 -24 -33 -34 -35 0 
-6 -13 -17 -23 -32 -39 0 
-2 -6 -9 -21 -34 -37 0 
-8 -16 -22 -24 -25 -27 -31 -32 0 
-16 -28 -31 -39 0 
-4 -5 -6 -9 -15 -18 -29 0 
-6 -7 -9 -12 -13 -15 -16 -24 -28 -30 0 
-1 -4 -6 -11 -14 -20 -34 0 
-3 -4 -9 -15 -23 -26 -28 -31 -32 0 
-5 -8 -9 -21 -26 -29 -32 -34 -37 0 
-8 -19 -20 -31 -36 0 
-5 -10 -16 -23 -27 -30 -38 0 
-6 -9 -27 -31 -33 0 
-2 -7 -10 -15 -19 -20 -38 0 
-3 -4 -8 -15 -18 -20 -24 -27 -28 0 
-6 -15 -20 0 
-10 -15 -19 -29 0 
-3 -20 -21 -28 -29 -32 -34 -37 0 
-4 -5 -26 -28 0 
-12 -18 -19 -20 -25 -28 -29 -34 0 
-1 -4 -16 -19 -27 -29 -35 0 
-14 -18 -24 -28 -32 0 
-1 -11 -17 -22 -32 -34 -39 0 
-1 -10 -21 -22 -30 -36 0 
-8 -9 -13 -18 -29 -31 -32 0 
-17 -19 -25 -38 -39 0 
-5 -8 -16 -19 -25 -30 0 
-3 -7 -11 -16 -29 -34 0 
-3 -10 -14 -20 -21 -25 -29 0 
-15 -22 -24 -25 0 
-4 -9 -18 -27 -30 0 
-1 -5 -22 -25 -29 -31 0 
-13 -26 -32 -34 -35 0 
-5 -6 -7 -24 0 
-5 -6 -17 -19 -22 -25 0 
-5 -9 -13 -18 0 
-7 -10 -13 0 
-7 -10 -12 -13 -17 -20 -21 -31 -32 -36 0 
-2 -4 -6 -10 -13 -31 0 
-1 -2 -19 -23 -29 -36 0 
-2 -13 -14 -15 -17 -20 -27 -31 -38 0 
-10 -13 -20 -23 -35 0 
-4 -11 -16 -17 -24 -25 -30 -36 0 
-6 -12 -18 -23 -30 -33 -34 0 
-1 -2 -7 -13 -16 -21 -26 -30 -32 -35 0 
-1 -17 -18 -20 -21 -30 -31 -37 0 
-1 -11 -19 -22 -24 -29 -32 0 
-6 -12 -13 -30 -39 0 
-4 -10 -17 -26 -28 -30 -33 -34 -35 0 
-8 -25 -31 -35 0 
-4 -14 -16 -22 -36 0 
-5 -9 -12 -15 -17 -23 -24 0 
-9 -11 -19 -21 -30 -31 0 
-7 -15 -17 -19 -22 -35 -36 0 
-8 -10 -11 -19 -24 -25 -31 -34 -36 -39 0 
-13 -18 -33 -34 0 
-1 -13 -20 -26 0 
-2 -6 -24 -25 -32 -36 0 
-6 -7 -8 -17 -26 -38 0 
-19 -38 0 
-5 -23 -31 -33 -37 0 
-4 -7 -8 -9 -19 -21 -29 -35 0 
-8 -21 -31 -37 0 
-11 -15 -18 -23 -37 -39 0 
-2 -13 -15 -16 -31 -38 -39 0 
-3 -6 -18 -19 -22 -24 0 
-2 -16 -21 -31 -34 -35 -39 0 
-10 -13 -20 -25 -31 -39 0 
-8 -15 -28 -36 -39 0 
-2 -4 -24 -27 -35 -39 0 
-12 -14 -17 -18 -20 -27 -29 -36 0 
-9 -17 -20 -22 -37 0 
-3 -10 -19 -31 0 
-2 -3 -4 -5 -8 -9 -10 -16 -23 0 
-7 -11 -15 -19 -21 -29 -38 0 
-4 -21 -23 -26 -38 0 
-6 -7 -12 -18 -35 -36 -37 -38 0 
-1 -4 -9 -10 -15 -24 -34 0 
-8 -14 -17 -19 0 
-9 -13 -19 -26 -27 -34 -36 0 
-1 -3 -10 -17 -28 -36 0 
-1 -4 -8 -11 -16 -17 -20 -21 -29 0 
-14 -21 -23 -26 -29 -30 -32 0 
-1 -11 -31 -37 0 
-5 -9 -10 -21 -39 0 
-1 -5 -8 -14 -15 -16 -20 -23 -27 -30 -31 0 
-2 -18 -27 -30 0 
-19 -33 -34 0 
-15 -17 -19 -30 -31 -36 -39 0 
-1 -8 -11 -13 0 
-1 -6 -9 -24 -31 -33 0 
-1 -3 -15 -18 -35 0 
-14 -20 -21 -27 -28 -37 0 
-16 -17 -26 -27 -36 -38 0 
-4 -9 -12 -17 -21 -23 -25 -35 -39 0 
-1 -17 -22 -37 0 
-1 -10 -16 -19 -22 -38 0 
-3 -19 -20 -21 -24 -26 0 
-2 -3 -5 -6 -7 -14 -16 -28 -29 -31 0 
-2 -3 -7 -10 -13 -20 -22 -24 -34 0 
-2 -20 -37 0 
-4 -8 -10 -19 -27 -30 -39 0 
-2 -13 -20 -21 -22 -35 0 
-1 -8 -10 -20 0 
-9 -14 -15 -17 -30 -32 0 
-4 -14 -20 -23 -25 -34 -38 0 
-3 -6 -11 -12 -17 -21 -25 -29 -36 0 
-7 -11 -14 -20 -33 -38 -39 0 
-11 -18 -21 -26 -27 -29 -38 0 
-2 -13 -22 -23 -26 -27 -29 -32 0 
-3 -8 -9 -10 -21 -23 -24 -32 -36 0 
-6 -20 -26 -30 -34 0 
-7 -23 -32 -37 -39 0 
-12 -29 0 
-5 -34 -39 0 
-4 -10 -14 -22 -26 -37 0 
-2 -3 -10 -33 -36 0 
-4 -7 -9 -17 -23 -28 0 
-1 -6 -13 -18 -27 -30 -38 -39 0 
-17 -22 -24 -31 -38 0 
-1 -3 -12 -26 -34 0 
-1 -6 -14 -23 -25 -38 0 
-1 -35 -38 0 
-2 -5 -6 -14 -17 -18 0 
-2 -5 -9 -11 -17 -35 -38 0 
-6 -7 -9 -17 -19 -23 -26 -38 0 
-7 -9 -11 -16 -18 -26 -31 -37 -38 0 
-1 -3 -21 -22 -23 -28 -30 0 
-3 -12 -18 -19 -20 -23 -26 -35 0 
-8 -11 -22 -28 -29 -36 0 
-6 -9 -10 -18 -19 -20 -31 -34 0 
-3 -4 -9 -17 -25 -28 -29 -39 0 
-15 -18 -20 -39 0 
-9 -10 -16 -20 -34 0 
-4 -14 -16 -30 -32 0 
-4 -7 -31 -34 -37 0 
-12 -15 -24 -25 -34 -38 0 
-12 -19 -30 -32 -33 -35 -36 -39 0 
-2 -10 -27 -29 -34 0 
-10 -11 -17 -31 -33 -36 0 
-5 -10 -25 -29 -33 -36 0 
-4 -7 -18 -36 0 
-1 -5 -9 -12 -18 0 
-5 -8 -23 -28 -38 0 
-8 -9 -16 -28 -29 -31 -34 0 
-1 -10 -13 -19 -30 -31 -34 0 
-8 -13 -19 -33 -34 -36 -39 0 
-9 -12 -15 -20 -21 -24 -26 -32 0 
-2 -6 -11 -17 -26 0 
-8 -21 -22 -27 -30 -34 0 
-23 -25 -30 -35 -38 0 
-5 -11 -13 -26 -31 0 
-8 -17 -28 -29 -31 0 
-2 -4 -5 -10 -29 -35 -39 0 
-8 -14 -15 -17 0 
-4 -13 -21 0 
-12 -15 -16 -19 -24 -38 -39 0 
-1 -5 -6 -17 -23 -28 0 
-9 -12 -17 -23 -29 -30 -31 0 
-8 -17 -33 0 
-2 -3 -7 -13 -35 -36 -39 0 
-15 -19 -21 -28 0 
-2 -3 -10 -11 -18 -19 -20 -24 -26 -35 0 
-13 -19 -26 -29 -38 0 
-3 -5 -6 -8 -11 -13 -15 -19 -26 -36 0 
-10 -14 -25 -35 0 
-19 -20 -25 -33 -38 0 
-2 -18 -19 -21 -25 -26 -32 -37 -38 0 
-1 -18 -21 -29 -33 -35 0 
-3 -8 -10 -11 -19 -22 -25 -34 -37 0 
-5 -11 -20 -25 -29 -36 -39 0 
-4 -7 -23 -25 -27 -29 -34 -35 0 
-1 -5 -19 -23 -24 -27 -30 0 
-3 -7 -24 -27 -35 -36 0 
-3 -10 -13 -18 -22 0 
-1 -2 -12 -13 -14 -24 -39 0 
-6 -24 -25 -26 -27 -29 -32 -36 0 
-9 -12 -25 -32 -39 0 
-3 -7 -19 -20 -21 -26 -30 -33 0 
-14 -17 -20 -23 -29 -31 -38 0 
-8 -20 -35 -36 0 
-16 -17 -31 -34 0 
-11 -23 -29 -37 0 
-2 -18 -22 -29 -30 0 
-3 -9 -15 -21 -22 -36 -37 0 
-7 -16 -20 -23 -28 0 
-10 -16 -18 -27 -29 -33 -36 0 
-5 -12 -28 -34 -39 0 
-7 -8 -13 -17 -25 -26 -31 -38 0 
-10 -15 -20 -21 -24 -34 0 
-5 -13 -15 -22 -24 -32 -33 -34 -36 -37 -39 0 
-4 -22 -37 0 
-6 -13 -19 -25 -28 -33 -39 0 
-24 -25 -33 -36 0 
-8 -19 -22 -23 -31 0 
-3 -7 -18 -25 -27 -29 -35 0 
-14 -15 -19 -26 0 
-5 -18 -19 -21 -30 -35 -36 0 
-2 -6 -15 -23 -26 -27 -37 -39 0 
-3 -8 -19 -20 -27 -29 -35 -36 -38 0 
-3 -9 -25 -33 0 
-5 -8 -11 -24 -34 0 
-1 -4 -17 -22 -33 -36 0 
-8 -11 -12 -16 -20 -30 -34 0 
-3 -6 -7 -12 -15 -19 -22 -28 -31 0 
-15 -17 -19 -38 0 
-2 -19 -21 0 
-3 -4 -10 -14 -21 -29 0 
-4 -5 -9 -12 -14 -18 -21 -28 -37 0 
-5 -8 -10 -16 -20 -22 -23 -24 -26 -28 -30 -31 -35 -36 0 
-2 -21 -27 -31 -36 0 
-5 -6 -7 -12 -21 -22 -30 -35 -37 0 
-4 -21 -23 -35 0 
-21 -22 -26 -32 -33 -36 -38 0 
-18 -20 -22 -26 -38 0 
-5 -7 -11 -12 -21 -24 -29 -37 -38 0 
-4 -12 -14 -20 -29 -30 0 
-3 -5 -8 -17 0 
-2 -18 -20 -21 -29 -33 -39 0 
-6 -8 -9 -11 -19 -28 -36 0 
-4 -9 -15 -20 -21 -22 -25 -26 -29 0 
-1 -12 -13 -16 -17 -21 -28 0 
-10 -12 -16 -21 -22 -25 -31 0 
-3 -4 -17 -29 0 
-9 -11 -13 -21 -23 -24 -25 -36 0 
-3 -10 -15 -17 -21 -22 -37 -39 0 
-1 -3 -8 -9 -24 -29 0 
-1 -7 -8 -9 -15 -16 -19 -29 -34 -39 0 
-2 -5 -12 -17 -22 -25 -26 -30 -31 -32 -33 -34 0 
-15 -16 -22 -31 0 
-8 -9 -11 -28 -38 0 
-3 -9 -18 -23 -26 -28 -35 -36 -38 0 
-7 -20 -24 -27 -34 -35 -37 0 
-2 -19 -25 -26 -35 -36 -37 0 
-2 -3 -9 -16 -31 -36 0 
-2 -4 -5 -10 -17 -20 -33 -35 0 
-5 -8 -10 -11 -13 -17 -20 -37 0 
-6 -8 -11 -24 -30 -32 -34 0 
-3 -8 -14 -20 -22 -27 -30 0 
-4 -7 -9 -11 -23 -39 0 
-5 -8 -12 -17 -21 -25 -27 -39 0 
-2 -3 -12 -14 -18 -22 -26 0 
-2 -5 -15 -22 -30 -31 -35 -38 0 
-3 -8 -14 -16 -21 -29 -31 -35 0 
-2 -5 -7 -25 -27 -29 -32 -37 0 
-8 -19 -21 -22 -25 -35 -36 0 
-8 -10 -17 -23 -26 0 
-4 -5 -12 -20 -30 -32 0 
-4 -11 -14 -18 -19 -28 -33 -34 -37 -39 0 
-2 -3 -8 -14 -19 -25 -29 -34 -35 -37 -39 0 
-5 -6 -7 -19 -29 -33 -36 0 
-7 -9 -11 -12 -13 -16 -22 -24 -27 -39 0 
-15 -16 -26 -33 -35 -37 0 
-3 -7 -23 -25 -37 0 
-12 -13 -26 -32 0 
-2 -9 -18 -24 -32 0 
-7 -10 -12 -25 -34 -39 0 
-1 -2 -4 -5 -11 -14 -37 -39 0 
-5 -7 -15 -24 -28 -29 -34 -39 0 
-3 -4 -6 -9 -17 -19 -21 -23 -26 -35 -38 0 
-1 -4 -8 -9 -11 -23 -35 0 
-1 -23 -25 0 
-5 -18 -36 -38 0 
-1 -3 -5 -7 -15 -24 0 
-6 -7 -8 -9 -15 -22 -35 0 
-2 -4 -21 -23 -26 -32 -39 0 
-4 -8 -11 -20 -23 -28 0 
-1 -6 -23 -27 0 
-4 -7 -9 -18 -26 -29 -34 -35 0 
-6 -17 -20 -23 -27 0 
-9 -16 -17 -18 -19 -22 -27 -36 -39 0 
-4 -6 -16 -30 -33 -38 0 
-4 -14 -19 -20 -23 -24 -38 0 
-10 -22 -23 -28 -34 -35 -38 0 
-10 -11 -19 -27 -28 -33 -37 0 
-1 -2 -16 -29 -30 0 
-1 -22 -23 -29 -31 -36 0 
-9 -13 -15 -18 -22 -24 -29 -33 0 
-1 -2 -12 -14 -22 -27 -33 -37 0 
-9 -18 -19 -21 -23 -27 -30 -32 -38 0 
-3 -5 0 
-4 -6 -15 -27 -36 -37 -38 0 
-5 -27 -28 0 
-3 -7 -19 -21 -22 -24 -29 -38 0 
-12 -13 -16 -18 -20 -35 -39 0 
-6 -13 -15 -17 -23 -26 -28 -29 -30 -38 0 
-2 -24 -25 -32 -36 -39 0 
-2 -17 -20 -23 -39 0 
-18 -19 -20 -26 0 
-7 -8 -10 -16 -21 -26 -36 0 
-5 -6 -9 -12 -23 -30 -33 -35 -39 0 
-4 -5 -11 -16 -18 -28 -32 -34 -35 -37 0 
-1 -10 -25 -28 -29 -36 0 
-2 -14 -15 -16 -32 -36 0 
-19 -32 -33 -34 0 
-10 -15 -19 -33 -36 -38 0 
-7 -9 -10 -14 -23 -24 -32 -38 0 
-3 -5 -6 -15 -16 -32 -33 0 
-2 -8 -19 -23 -38 -39 0 
-3 -5 -16 -18 -23 -34 -35 0 
-25 -26 -27 -30 -32 -37 0 
-12 -13 -15 -19 -28 0 
-5 -7 -13 -17 -18 -21 -30 0 
-10 -14 -16 -24 -31 -34 0 
-8 -9 -12 -14 -22 -28 -29 -36 0 
-6 -10 -13 -16 -24 -31 -34 0 
-2 -7 -13 -25 -29 -32 -36 0 
-2 -8 -9 -12 -14 -21 -27 -31 -34 0 
-3 -8 -19 -28 -30 -32 -33 0 
-2 -6 -11 -14 -16 -20 -22 -24 -25 -28 0 
-5 -6 -8 -12 -13 -15 -19 -23 -30 0 
-12 -22 -25 -28 -30 -31 -35 0 
-3 -7 -17 -29 -31 -32 -33 -35 -37 -39 0 
-2 -5 -6 -11 -32 0 
-1 -9 -20 -25 -29 -35 0 
-6 -11 -16 -30 -32 -38 -39 0 
-1 -12 -16 -18 -20 -27 -30 -31 -34 -38 0 
-2 -3 -8 -13 0 
-4 -12 -19 -24 -35 0 
-8 -12 -21 -29 -30 0 
-2 -13 -14 -19 -28 -29 -37 0 
-3 -6 -8 -12 -26 -28 0 
-1 -2 -7 -16 -24 -25 -29 -36 0 
-10 -13 -19 -22 -25 -29 -33 0 
-4 -8 -15 -20 -27 -37 -38 0 
-5 -6 -16 -26 -29 -31 0 
-6 -10 -16 -32 -33 0 
-3 -11 -12 -16 -24 -30 -37 -38 0 
-7 -14 -21 -26 -29 -31 0 
-5 -10 -18 -27 -28 -31 -37 0 
-12 -15 -16 -20 -21 -23 -30 -35 0 
-1 -4 -12 -28 -38 0 
-3 -9 -11 -12 -14 -20 -25 -28 -39 0 
-17 -21 -28 -32 -36 -39 0 
-5 -15 -17 -18 -20 -31 -37 -39 0 
-12 -16 -18 -38 0 
-5 -8 -12 -16 -20 -27 -35 -38 0 
-4 -6 -7 -15 -19 -24 -28 -37 0 
-3 -13 -15 -26 -28 -29 0 
-1 -5 -8 -13 -32 0 
-16 -25 -26 -30 0 
-3 -8 -10 -16 -20 -22 -23 -30 0 
-1 -5 -24 -26 -35 -39 0 
-3 -18 -24 -29 -37 -39 0 
-16 -27 -28 -34 0 
-6 -17 -25 -26 -32 0 
-3 -6 -12 -14 -35 -38 -39 0 
-1 -5 -19 -25 -26 -30 -31 -36 -37 0 
-2 -11 -18 -19 -25 -27 0 
-10 -12 -17 0 
-2 -5 -12 -13 -19 -26 -28 0 
-6 -31 -32 -36 0 
-3 -5 -11 -15 -16 -38 0 
-10 -13 -17 -18 -22 -23 -24 -33 -36 0 
-4 -15 -17 -28 -33 -36 0 
-4 -7 -8 -11 -17 -21 -33 0 
-1 -5 -9 -13 -23 -26 -28 -31 0 
-11 -22 -33 -35 0 
-8 -10 -16 -17 -23 -24 -29 -32 0 
-9 -11 -20 -26 -29 0 
-5 -7 -12 -18 -21 -26 -27 -29 -30 -32 0 
-7 -9 -13 -15 -22 -23 -29 0 
-1 -8 -12 -23 -31 -34 -35 -37 0 
-2 -3 -16 -35 -39 0 
