p cnf 39 800
2 4 7 19 21 25 28 0 
1 3 15 20 25 35 37 0 
18 24 0 
1 2 11 17 18 21 23 27 30 31 38 39 0 
19 20 24 27 28 30 31 33 36 38 0 
5 8 25 27 28 29 32 36 0 
3 8 12 13 17 0 
2 10 13 15 16 20 21 27 30 33 35 0 
5 22 31 36 0 
2 5 7 9 14 15 27 30 33 0 
4 11 13 17 22 30 0 
11 14 18 30 32 0 
5 6 8 9 10 13 17 19 28 36 0 
19 22 25 27 28 0 
3 12 20 22 29 0 
3 4 9 12 13 16 18 35 0 
11 12 29 32 35 36 37 38 0 
4 6 10 14 17 18 20 34 0 
16 28 31 33 34 39 0 
2 4 20 29 0 
5 13 35 37 0 
7 8 23 26 33 0 
1 3 8 10 23 29 33 0 
27 28 31 37 39 0 
3 7 10 27 34 35 0 
5 15 18 20 21 32 0 
16 24 30 0 
1 6 7 13 21 22 29 0 
9 10 17 22 24 32 34 0 
2 11 25 27 31 0 
1 6 12 17 18 0 
8 9 15 26 37 0 
10 21 29 30 34 36 37 0 
12 14 24 29 33 35 39 0 
5 12 15 20 30 0 
7 9 15 19 20 36 38 0 
1 10 11 21 23 28 35 0 
1 10 11 20 0 
2 17 21 26 0 
5 9 10 14 19 23 24 0 
6 8 15 16 30 34 38 0 
19 21 22 24 35 36 0 
11 12 22 25 27 30 34 35 0 
5 6 9 10 13 20 32 33 34 0 
1 13 26 31 32 38 39 0 
7 17 34 0 
5 25 26 27 35 37 0 
10 21 32 35 0 
7 8 24 36 0 
3 5 16 21 0 
3 5 10 11 21 0 
7 11 14 18 19 31 37 0 
4 6 16 18 21 26 29 34 36 0 
2 8 10 11 16 38 0 
4 10 13 22 24 0 
7 11 12 13 19 22 27 33 37 0 
4 17 30 35 37 39 0 
7 8 13 20 21 27 0 
3 4 20 22 23 33 0 
9 12 13 24 31 0 
4 5 20 25 28 35 0 
3 9 15 19 21 24 26 29 33 0 
2 5 11 12 14 20 29 38 0 
7 13 22 26 30 0 
7 8 14 33 0 
6 7 9 10 19 23 24 30 35 39 0 
3 4 5 6 9 14 17 19 37 0 
1 4 7 9 16 24 38 0 
10 11 15 16 23 31 32 0 
2 7 12 17 21 24 31 32 34 36 0 
1 4 9 10 14 21 23 26 27 30 34 0 
16 21 22 30 34 0 
7 12 14 24 29 36 0 
4 5 6 7 19 24 27 34 36 0 
2 6 18 30 32 35 37 0 
4 10 12 18 36 37 0 
7 12 17 19 27 30 0 
3 5 6 8 10 20 25 28 32 36 0 
4 6 10 33 38 0 
3 12 17 31 36 37 0 
7 10 13 19 28 36 0 
5 9 21 23 33 38 0 
7 11 15 17 22 0 
5 11 15 24 26 37 0 
4 19 20 26 27 0 
8 10 11 24 28 31 0 
19 33 36 0 
5 10 11 12 30 35 0 
2 11 22 25 28 32 35 38 0 
4 23 26 27 0 
2 8 9 10 16 26 27 35 0 
2 4 21 23 24 29 34 0 
7 10 17 19 21 24 26 28 38 39 0 
14 15 28 30 36 0 
4 8 20 29 37 38 0 
3 20 21 23 28 0 
5 12 14 32 33 35 0 
5 15 22 23 25 27 34 35 36 39 0 
4 12 19 20 27 0 
4 7 20 21 0 
1 11 15 18 20 22 37 0 
4 6 7 19 21 24 34 0 
10 13 15 29 31 36 38 39 0 
1 16 17 23 25 34 0 
2 15 19 21 26 39 0 
3 6 7 11 15 24 30 33 36 39 0 
6 10 13 14 24 25 27 30 31 36 0 
11 15 23 27 30 37 0 
1 6 8 15 30 38 0 
4 9 24 25 26 34 35 38 0 
8 10 11 18 26 29 0 
2 14 18 27 31 38 0 
2 3 6 8 10 13 26 28 0 
1 10 11 15 16 31 39 0 
4 5 7 13 20 21 29 30 34 36 38 0 
4 10 14 15 24 35 36 38 0 
10 13 21 29 0 
11 13 17 19 23 28 31 32 39 0 
2 5 19 25 34 0 
12 24 33 0 
3 4 9 16 30 37 39 0 
3 15 17 20 21 35 0 
6 13 20 24 32 0 
16 17 19 23 29 39 0 
1 4 21 25 26 27 28 35 0 
5 8 9 18 31 36 0 
6 13 21 23 36 0 
9 10 20 25 26 37 0 
18 19 23 32 33 36 37 0 
1 3 12 23 28 31 37 38 0 
1 4 5 17 22 25 26 0 
2 5 20 21 0 
6 15 20 36 0 
1 2 3 5 7 10 21 31 33 0 
15 24 39 0 
13 17 19 21 35 0 
8 10 15 23 27 32 0 
5 19 20 26 35 0 
18 26 32 36 39 0 
3 8 13 21 22 24 31 34 0 
4 11 17 18 30 35 0 
7 8 12 14 15 17 22 27 33 0 
10 22 25 27 33 34 35 37 39 0 
9 11 13 14 20 0 
4 6 10 18 20 21 31 33 0 
5 7 9 10 17 18 33 0 
1 3 6 8 31 0 
13 20 22 24 26 32 39 0 
1 4 9 10 16 23 30 0 
12 22 28 32 38 0 
3 16 18 33 0 
19 30 35 0 
10 13 19 24 27 28 30 0 
8 14 16 17 33 0 
7 10 13 14 31 34 37 0 
5 17 32 38 0 
11 23 25 27 29 30 31 32 0 
3 14 24 32 0 
8 12 21 22 25 31 35 0 
10 11 16 33 0 
2 7 18 20 35 0 
4 11 29 30 0 
14 15 23 36 39 0 
1 2 6 13 23 35 38 0 
15 30 39 0 
6 9 13 19 23 25 34 36 38 0 
2 4 13 18 25 30 0 
3 8 16 22 26 28 0 
1 7 9 11 18 39 0 
6 7 11 24 25 26 30 34 38 0 
4 9 23 29 32 0 
5 12 13 28 36 0 
1 4 10 14 25 31 34 36 37 0 
1 3 6 13 16 26 27 33 34 0 
6 19 29 36 39 0 
6 7 14 27 0 
13 16 23 27 32 35 39 0 
1 2 10 15 19 28 29 31 0 
3 5 8 11 13 17 19 22 33 39 0 
3 12 17 31 0 
1 11 33 35 39 0 
23 24 25 27 29 0 
14 26 36 0 
5 25 32 39 0 
10 14 16 17 19 29 36 37 38 0 
6 11 15 35 39 0 
8 9 11 14 16 32 0 
1 6 10 14 18 33 0 
2 3 4 15 22 28 32 34 36 37 0 
10 11 13 21 29 33 34 36 0 
8 31 33 35 0 
8 10 22 26 38 39 0 
7 10 26 38 0 
8 11 24 26 30 0 
2 6 14 19 23 27 31 36 0 
8 9 16 35 39 0 
6 9 20 21 26 30 32 34 0 
2 3 5 6 7 15 16 20 31 0 
1 5 6 15 31 37 0 
1 2 12 28 30 34 37 0 
2 3 11 13 17 20 21 36 0 
1 2 11 15 23 0 
2 8 10 12 16 17 19 24 25 27 32 36 38 0 
7 8 23 24 25 31 34 36 37 0 
3 6 10 14 15 16 18 19 0 
9 10 16 25 29 35 0 
12 14 18 27 30 0 
1 11 15 21 23 24 30 31 0 
2 6 10 30 36 0 
7 8 9 11 0 
34 37 38 0 
10 12 21 22 27 30 0 
2 4 5 6 8 14 18 35 36 37 0 
25 27 34 36 0 
13 14 16 18 29 31 35 37 0 
5 6 9 12 16 18 23 25 28 29 33 0 
2 4 5 8 19 33 38 0 
1 7 23 0 
1 6 24 25 28 34 37 0 
9 18 31 33 38 39 0 
3 12 16 17 19 35 0 
17 22 27 33 35 39 0 
2 6 15 16 28 33 34 38 0 
4 5 14 15 23 25 29 31 35 0 
4 13 19 21 25 32 34 37 39 0 
15 16 20 22 27 28 32 0 
15 16 17 19 20 30 31 34 35 39 0 
1 4 7 9 16 26 29 30 31 0 
3 4 9 19 26 0 
16 18 22 24 32 33 35 0 
13 22 23 25 38 0 
7 10 14 23 26 31 39 0 
9 10 20 36 0 
3 9 27 0 
16 20 28 37 39 0 
1 13 35 38 0 
7 10 12 20 23 27 37 0 
1 19 24 31 35 0 
7 9 18 29 30 32 34 35 0 
8 12 13 23 32 39 0 
5 10 13 27 31 38 0 
5 7 12 13 26 29 32 38 0 
8 9 17 19 0 
4 6 14 20 23 25 34 38 0 
3 4 13 26 34 0 
3 4 5 10 15 24 26 34 0 
2 6 7 11 12 13 16 18 30 35 37 0 
1 7 14 16 17 26 38 0 
4 10 13 20 25 30 35 0 
2 8 10 12 15 18 23 27 32 36 37 0 
2 8 11 12 17 0 
10 11 13 18 21 23 28 0 
13 16 22 23 28 36 0 
1 12 13 32 33 36 39 0 
8 15 20 22 23 29 30 38 0 
3 8 19 23 24 26 35 0 
4 5 6 13 16 22 0 
10 19 38 0 
4 13 16 21 36 0 
17 19 21 24 25 30 33 34 0 
1 2 4 6 18 21 29 0 
2 11 23 39 0 
11 15 24 26 28 30 33 39 0 
5 8 10 11 14 22 25 34 38 0 
9 17 21 26 36 0 
8 17 18 21 25 0 
13 17 32 37 0 
2 11 18 20 26 27 32 0 
2 11 19 29 30 37 0 
14 27 29 31 0 
18 19 20 24 29 37 38 0 
6 13 19 26 0 
11 13 22 31 0 
21 33 38 0 
2 12 23 27 31 34 36 37 0 
5 9 20 28 29 30 36 37 39 0 
3 9 17 18 25 32 0 
5 6 14 17 18 29 36 0 
18 23 29 30 31 36 0 
2 6 8 18 19 27 34 36 0 
3 9 10 16 21 26 0 
4 8 22 30 35 0 
12 14 16 32 34 37 0 
2 11 21 24 34 39 0 
7 20 24 31 36 37 38 0 
1 12 14 23 24 27 28 0 
10 13 20 22 28 32 0 
3 4 9 17 18 20 21 24 26 34 36 0 
5 6 10 23 25 34 37 0 
2 14 21 25 27 28 0 
5 13 20 33 35 0 
3 9 10 16 17 21 22 24 38 0 
26 27 28 31 33 0 
3 6 14 15 19 23 25 27 0 
5 7 11 12 22 0 
5 8 12 13 18 20 21 27 0 
3 7 10 13 14 19 29 30 36 38 0 
6 25 27 30 31 0 
2 26 32 36 0 
8 10 11 14 0 
2 4 21 24 33 36 0 
7 11 14 20 22 24 26 34 0 
2 7 9 10 13 15 17 29 30 0 
8 12 15 28 34 37 0 
3 9 15 18 23 26 0 
12 25 33 37 38 0 
2 7 15 31 33 35 0 
1 6 7 11 12 14 25 27 0 
7 8 9 11 16 17 24 32 33 37 0 
1 5 10 11 19 24 25 27 28 33 0 
9 13 15 30 35 0 
4 6 12 15 18 24 0 
1 10 14 15 21 24 32 0 
6 9 22 27 30 31 34 35 0 
5 13 24 31 35 0 
5 11 14 17 19 35 0 
20 22 26 32 36 0 
1 10 12 13 19 30 0 
1 29 31 32 35 38 0 
5 15 16 18 20 24 0 
14 18 21 23 26 28 0 
1 6 10 16 26 27 31 38 39 0 
2 11 21 24 31 32 33 0 
5 21 28 37 38 0 
3 4 16 21 25 26 27 28 33 0 
11 12 15 22 25 26 35 38 0 
7 20 21 28 33 0 
1 2 3 11 20 27 37 0 
9 20 28 31 33 0 
24 28 39 0 
3 4 16 20 25 0 
3 6 10 11 16 18 35 37 0 
23 38 39 0 
1 10 14 24 26 30 34 0 
3 16 20 22 24 31 35 39 0 
8 10 15 21 24 27 32 36 0 
3 6 10 18 20 28 0 
1 3 4 7 10 27 32 0 
7 12 13 14 27 33 0 
13 14 23 24 28 29 30 36 38 39 0 
4 22 23 24 33 34 0 
1 13 17 18 20 22 29 31 0 
8 9 13 21 27 29 34 0 
2 4 12 18 23 36 0 
4 32 33 0 
3 10 12 16 27 29 30 33 35 37 0 
19 24 30 31 32 33 34 0 
2 3 11 32 34 39 0 
2 21 22 24 31 33 35 0 
15 16 19 29 32 34 36 0 
14 16 17 19 24 30 33 0 
16 30 34 35 36 0 
2 10 18 22 31 32 38 39 0 
20 22 23 33 39 0 
2 8 13 17 18 29 38 0 
5 7 10 14 22 33 39 0 
20 25 26 36 0 
4 8 11 12 17 20 0 
3 15 16 18 22 23 32 0 
3 4 7 10 13 15 37 39 0 
1 3 21 0 
2 8 11 14 21 32 33 0 
2 3 4 7 10 22 23 35 0 
7 16 22 30 32 36 0 
4 9 14 21 25 35 36 37 0 
2 10 16 18 23 26 0 
8 11 14 15 27 32 33 36 0 
7 9 13 14 25 36 0 
3 8 9 11 19 21 22 30 37 38 0 
4 5 8 9 11 20 21 24 33 0 
19 23 38 0 
8 14 17 22 25 27 28 34 35 37 0 
5 7 13 18 20 30 31 32 33 0 
10 13 17 31 34 0 
3 10 20 27 30 0 
5 6 8 17 21 25 26 33 0 
6 12 15 19 20 29 33 34 0 
9 13 30 31 32 34 39 0 
10 16 20 35 38 0 
2 3 4 19 24 26 30 35 0 
1 12 31 33 38 0 
1 12 17 20 28 34 37 0 
2 6 7 12 14 0 
17 22 24 26 28 33 38 0 
2 5 14 18 20 34 37 0 
2 12 18 19 26 28 29 31 0 
4 9 10 11 13 15 19 0 
8 14 15 18 25 26 28 29 33 0 
18 30 32 38 39 0 
23 24 28 35 0 
32 36 37 39 0 
7 9 19 23 39 0 
3 4 11 21 25 32 0 
2 8 11 12 18 19 32 34 0 
7 11 12 23 34 0 
2 3 9 12 20 21 25 27 36 37 0 
2 12 14 16 20 21 0 
1 2 6 9 18 24 28 37 0 
1 15 22 23 29 36 0 
9 24 34 35 36 0 
-2 -4 -7 -19 -21 -25 -28 0 
-1 -3 -15 -20 -25 -35 -37 0 
-18 -24 0 
-1 -2 -11 -17 -18 -21 -23 -27 -30 -31 -38 -39 0 
-19 -20 -24 -27 -28 -30 -31 -33 -36 -38 0 
-5 -8 -25 -27 -28 -29 -32 -36 0 
-3 -8 -12 -13 -17 0 
-2 -10 -13 -15 -16 -20 -21 -27 -30 -33 -35 0 
-5 -22 -31 -36 0 
-2 -5 -7 -9 -14 -15 -27 -30 -33 0 
-4 -11 -13 -17 -22 -30 0 
-11 -14 -18 -30 -32 0 
-5 -6 -8 -9 -10 -13 -17 -19 -28 -36 0 
-19 -22 -25 -27 -28 0 
-3 -12 -20 -22 -29 0 
-3 -4 -9 -12 -13 -16 -18 -35 0 
-11 -12 -29 -32 -35 -36 -37 -38 0 
-4 -6 -10 -14 -17 -18 -20 -34 0 
-16 -28 -31 -33 -34 -39 0 
-2 -4 -20 -29 0 
-5 -13 -35 -37 0 
-7 -8 -23 -26 -33 0 
-1 -3 -8 -10 -23 -29 -33 0 
-27 -28 -31 -37 -39 0 
-3 -7 -10 -27 -34 -35 0 
-5 -15 -18 -20 -21 -32 0 
-16 -24 -30 0 
-1 -6 -7 -13 -21 -22 -29 0 
-9 -10 -17 -22 -24 -32 -34 0 
-2 -11 -25 -27 -31 0 
-1 -6 -12 -17 -18 0 
-8 -9 -15 -26 -37 0 
-10 -21 -29 -30 -34 -36 -37 0 
-12 -14 -24 -29 -33 -35 -39 0 
-5 -12 -15 -20 -30 0 
-7 -9 -15 -19 -20 -36 -38 0 
-1 -10 -11 -21 -23 -28 -35 0 
-1 -10 -11 -20 0 
-2 -17 -21 -26 0 
-5 -9 -10 -14 -19 -23 -24 0 
-6 -8 -15 -16 -30 -34 -38 0 
-19 -21 -22 -24 -35 -36 0 
-11 -12 -22 -25 -27 -30 -34 -35 0 
-5 -6 -9 -10 -13 -20 -32 -33 -34 0 
-1 -13 -26 -31 -32 -38 -39 0 
-7 -17 -34 0 
-5 -25 -26 -27 -35 -37 0 
-10 -21 -32 -35 0 
-7 -8 -24 -36 0 
-3 -5 -16 -21 0 
-3 -5 -10 -11 -21 0 
-7 -11 -14 -18 -19 -31 -37 0 
-4 -6 -16 -18 -21 -26 -29 -34 -36 0 
-2 -8 -10 -11 -16 -38 0 
-4 -10 -13 -22 -24 0 
-7 -11 -12 -13 -19 -22 -27 -33 -37 0 
-4 -17 -30 -35 -37 -39 0 
-7 -8 -13 -20 -21 -27 0 
-3 -4 -20 -22 -23 -33 0 
-9 -12 -13 -24 -31 0 
-4 -5 -20 -25 -28 -35 0 
-3 -9 -15 -19 -21 -24 -26 -29 -33 0 
-2 -5 -11 -12 -14 -20 -29 -38 0 
-7 -13 -22 -26 -30 0 
-7 -8 -14 -33 0 
-6 -7 -9 -10 -19 -23 -24 -30 -35 -39 0 
-3 -4 -5 -6 -9 -14 -17 -19 -37 0 
-1 -4 -7 -9 -16 -24 -38 0 
-10 -11 -15 -16 -23 -31 -32 0 
-2 -7 -12 -17 -21 -24 -31 -32 -34 -36 0 
-1 -4 -9 -10 -14 -21 -23 -26 -27 -30 -34 0 
-16 -21 -22 -30 -34 0 
-7 -12 -14 -24 -29 -36 0 
-4 -5 -6 -7 -19 -24 -27 -34 -36 0 
-2 -6 -18 -30 -32 -35 -37 0 
-4 -10 -12 -18 -36 -37 0 
-7 -12 -17 -19 -27 -30 0 
-3 -5 -6 -8 -10 -20 -25 -28 -32 -36 0 
-4 -6 -10 -33 -38 0 
-3 -12 -17 -31 -36 -37 0 
-7 -10 -13 -19 -28 -36 0 
-5 -9 -21 -23 -33 -38 0 
-7 -11 -15 -17 -22 0 
-5 -11 -15 -24 -26 -37 0 
-4 -19 -20 -26 -27 0 
-8 -10 -11 -24 -28 -31 0 
-19 -33 -36 0 
-5 -10 -11 -12 -30 -35 0 
-2 -11 -22 -25 -28 -32 -35 -38 0 
-4 -23 -26 -27 0 
-2 -8 -9 -10 -16 -26 -27 -35 0 
-2 -4 -21 -23 -24 -29 -34 0 
-7 -10 -17 -19 -21 -24 -26 -28 -38 -39 0 
-14 -15 -28 -30 -36 0 
-4 -8 -20 -29 -37 -38 0 
-3 -20 -21 -23 -28 0 
-5 -12 -14 -32 -33 -35 0 
-5 -15 -22 -23 -25 -27 -34 -35 -36 -39 0 
-4 -12 -19 -20 -27 0 
-4 -7 -20 -21 0 
-1 -11 -15 -18 -20 -22 -37 0 
-4 -6 -7 -19 -21 -24 -34 0 
-10 -13 -15 -29 -31 -36 -38 -39 0 
-1 -16 -17 -23 -25 -34 0 
-2 -15 -19 -21 -26 -39 0 
-3 -6 -7 -11 -15 -24 -30 -33 -36 -39 0 
-6 -10 -13 -14 -24 -25 -27 -30 -31 -36 0 
-11 -15 -23 -27 -30 -37 0 
-1 -6 -8 -15 -30 -38 0 
-4 -9 -24 -25 -26 -34 -35 -38 0 
-8 -10 -11 -18 -26 -29 0 
-2 -14 -18 -27 -31 -38 0 
-2 -3 -6 -8 -10 -13 -26 -28 0 
-1 -10 -11 -15 -16 -31 -39 0 
-4 -5 -7 -13 -20 -21 -29 -30 -34 -36 -38 0 
-4 -10 -14 -15 -24 -35 -36 -38 0 
-10 -13 -21 -29 0 
-11 -13 -17 -19 -23 -28 -31 -32 -39 0 
-2 -5 -19 -25 -34 0 
-12 -24 -33 0 
-3 -4 -9 -16 -30 -37 -39 0 
-3 -15 -17 -20 -21 -35 0 
-6 -13 -20 -24 -32 0 
-16 -17 -19 -23 -29 -39 0 
-1 -4 -21 -25 -26 -27 -28 -35 0 
-5 -8 -9 -18 -31 -36 0 
-6 -13 -21 -23 -36 0 
-9 -10 -20 -25 -26 -37 0 
-18 -19 -23 -32 -33 -36 -37 0 
-1 -3 -12 -23 -28 -31 -37 -38 0 
-1 -4 -5 -17 -22 -25 -26 0 
-2 -5 -20 -21 0 
-6 -15 -20 -36 0 
-1 -2 -3 -5 -7 -10 -21 -31 -33 0 
-15 -24 -39 0 
-13 -17 -19 -21 -35 0 
-8 -10 -15 -23 -27 -32 0 
-5 -19 -20 -26 -35 0 
-18 -26 -32 -36 -39 0 
-3 -8 -13 -21 -22 -24 -31 -34 0 
-4 -11 -17 -18 -30 -35 0 
-7 -8 -12 -14 -15 -17 -22 -27 -33 0 
-10 -22 -25 -27 -33 -34 -35 -37 -39 0 
-9 -11 -13 -14 -20 0 
-4 -6 -10 -18 -20 -21 -31 -33 0 
-5 -7 -9 -10 -17 -18 -33 0 
-1 -3 -6 -8 -31 0 
-13 -20 -22 -24 -26 -32 -39 0 
-1 -4 -9 -10 -16 -23 -30 0 
-12 -22 -28 -32 -38 0 
-3 -16 -18 -33 0 
-19 -30 -35 0 
-10 -13 -19 -24 -27 -28 -30 0 
-8 -14 -16 -17 -33 0 
-7 -10 -13 -14 -31 -34 -37 0 
-5 -17 -32 -38 0 
-11 -23 -25 -27 -29 -30 -31 -32 0 
-3 -14 -24 -32 0 
-8 -12 -21 -22 -25 -31 -35 0 
-10 -11 -16 -33 0 
-2 -7 -18 -20 -35 0 
-4 -11 -29 -30 0 
-14 -15 -23 -36 -39 0 
-1 -2 -6 -13 -23 -35 -38 0 
-15 -30 -39 0 
-6 -9 -13 -19 -23 -25 -34 -36 -38 0 
-2 -4 -13 -18 -25 -30 0 
-3 -8 -16 -22 -26 -28 0 
-1 -7 -9 -11 -18 -39 0 
-6 -7 -11 -24 -25 -26 -30 -34 -38 0 
-4 -9 -23 -29 -32 0 
-5 -12 -13 -28 -36 0 
-1 -4 -10 -14 -25 -31 -34 -36 -37 0 
-1 -3 -6 -13 -16 -26 -27 -33 -34 0 
-6 -19 -29 -36 -39 0 
-6 -7 -14 -27 0 
-13 -16 -23 -27 -32 -35 -39 0 
-1 -2 -10 -15 -19 -28 -29 -31 0 
-3 -5 -8 -11 -13 -17 -19 -22 -33 -39 0 
-3 -12 -17 -31 0 
-1 -11 -33 -35 -39 0 
-23 -24 -25 -27 -29 0 
-14 -26 -36 0 
-5 -25 -32 -39 0 
-10 -14 -16 -17 -19 -29 -36 -37 -38 0 
-6 -11 -15 -35 -39 0 
-8 -9 -11 -14 -16 -32 0 
-1 -6 -10 -14 -18 -33 0 
-2 -3 -4 -15 -22 -28 -32 -34 -36 -37 0 
-10 -11 -13 -21 -29 -33 -34 -36 0 
-8 -31 -33 -35 0 
-8 -10 -22 -26 -38 -39 0 
-7 -10 -26 -38 0 
-8 -11 -24 -26 -30 0 
-2 -6 -14 -19 -23 -27 -31 -36 0 
-8 -9 -16 -35 -39 0 
-6 -9 -20 -21 -26 -30 -32 -34 0 
-2 -3 -5 -6 -7 -15 -16 -20 -31 0 
-1 -5 -6 -15 -31 -37 0 
-1 -2 -12 -28 -30 -34 -37 0 
-2 -3 -11 -13 -17 -20 -21 -36 0 
-1 -2 -11 -15 -23 0 
-2 -8 -10 -12 -16 -17 -19 -24 -25 -27 -32 -36 -38 0 
-7 -8 -23 -24 -25 -31 -34 -36 -37 0 
-3 -6 -10 -14 -15 -16 -18 -19 0 
-9 -10 -16 -25 -29 -35 0 
-12 -14 -18 -27 -30 0 
-1 -11 -15 -21 -23 -24 -30 -31 0 
-2 -6 -10 -30 -36 0 
-7 -8 -9 -11 0 
-34 -37 -38 0 
-10 -12 -21 -22 -27 -30 0 
-2 -4 -5 -6 -8 -14 -18 -35 -36 -37 0 
-25 -27 -34 -36 0 
-13 -14 -16 -18 -29 -31 -35 -37 0 
-5 -6 -9 -12 -16 -18 -23 -25 -28 -29 -33 0 
-2 -4 -5 -8 -19 -33 -38 0 
-1 -7 -23 0 
-1 -6 -24 -25 -28 -34 -37 0 
-9 -18 -31 -33 -38 -39 0 
-3 -12 -16 -17 -19 -35 0 
-17 -22 -27 -33 -35 -39 0 
-2 -6 -15 -16 -28 -33 -34 -38 0 
-4 -5 -14 -15 -23 -25 -29 -31 -35 0 
-4 -13 -19 -21 -25 -32 -34 -37 -39 0 
-15 -16 -20 -22 -27 -28 -32 0 
-15 -16 -17 -19 -20 -30 -31 -34 -35 -39 0 
-1 -4 -7 -9 -16 -26 -29 -30 -31 0 
-3 -4 -9 -19 -26 0 
-16 -18 -22 -24 -32 -33 -35 0 
-13 -22 -23 -25 -38 0 
-7 -10 -14 -23 -26 -31 -39 0 
-9 -10 -20 -36 0 
-3 -9 -27 0 
-16 -20 -28 -37 -39 0 
-1 -13 -35 -38 0 
-7 -10 -12 -20 -23 -27 -37 0 
-1 -19 -24 -31 -35 0 
-7 -9 -18 -29 -30 -32 -34 -35 0 
-8 -12 -13 -23 -32 -39 0 
-5 -10 -13 -27 -31 -38 0 
-5 -7 -12 -13 -26 -29 -32 -38 0 
-8 -9 -17 -19 0 
-4 -6 -14 -20 -23 -25 -34 -38 0 
-3 -4 -13 -26 -34 0 
-3 -4 -5 -10 -15 -24 -26 -34 0 
-2 -6 -7 -11 -12 -13 -16 -18 -30 -35 -37 0 
-1 -7 -14 -16 -17 -26 -38 0 
-4 -10 -13 -20 -25 -30 -35 0 
-2 -8 -10 -12 -15 -18 -23 -27 -32 -36 -37 0 
-2 -8 -11 -12 -17 0 
-10 -11 -13 -18 -21 -23 -28 0 
-13 -16 -22 -23 -28 -36 0 
-1 -12 -13 -32 -33 -36 -39 0 
-8 -15 -20 -22 -23 -29 -30 -38 0 
-3 -8 -19 -23 -24 -26 -35 0 
-4 -5 -6 -13 -16 -22 0 
-10 -19 -38 0 
-4 -13 -16 -21 -36 0 
-17 -19 -21 -24 -25 -30 -33 -34 0 
-1 -2 -4 -6 -18 -21 -29 0 
-2 -11 -23 -39 0 
-11 -15 -24 -26 -28 -30 -33 -39 0 
-5 -8 -10 -11 -14 -22 -25 -34 -38 0 
-9 -17 -21 -26 -36 0 
-8 -17 -18 -21 -25 0 
-13 -17 -32 -37 0 
-2 -11 -18 -20 -26 -27 -32 0 
-2 -11 -19 -29 -30 -37 0 
-14 -27 -29 -31 0 
-18 -19 -20 -24 -29 -37 -38 0 
-6 -13 -19 -26 0 
-11 -13 -22 -31 0 
-21 -33 -38 0 
-2 -12 -23 -27 -31 -34 -36 -37 0 
-5 -9 -20 -28 -29 -30 -36 -37 -39 0 
-3 -9 -17 -18 -25 -32 0 
-5 -6 -14 -17 -18 -29 -36 0 
-18 -23 -29 -30 -31 -36 0 
-2 -6 -8 -18 -19 -27 -34 -36 0 
-3 -9 -10 -16 -21 -26 0 
-4 -8 -22 -30 -35 0 
-12 -14 -16 -32 -34 -37 0 
-2 -11 -21 -24 -34 -39 0 
-7 -20 -24 -31 -36 -37 -38 0 
-1 -12 -14 -23 -24 -27 -28 0 
-10 -13 -20 -22 -28 -32 0 
-3 -4 -9 -17 -18 -20 -21 -24 -26 -34 -36 0 
-5 -6 -10 -23 -25 -34 -37 0 
-2 -14 -21 -25 -27 -28 0 
-5 -13 -20 -33 -35 0 
-3 -9 -10 -16 -17 -21 -22 -24 -38 0 
-26 -27 -28 -31 -33 0 
-3 -6 -14 -15 -19 -23 -25 -27 0 
-5 -7 -11 -12 -22 0 
-5 -8 -12 -13 -18 -20 -21 -27 0 
-3 -7 -10 -13 -14 -19 -29 -30 -36 -38 0 
-6 -25 -27 -30 -31 0 
-2 -26 -32 -36 0 
-8 -10 -11 -14 0 
-2 -4 -21 -24 -33 -36 0 
-7 -11 -14 -20 -22 -24 -26 -34 0 
-2 -7 -9 -10 -13 -15 -17 -29 -30 0 
-8 -12 -15 -28 -34 -37 0 
-3 -9 -15 -18 -23 -26 0 
-12 -25 -33 -37 -38 0 
-2 -7 -15 -31 -33 -35 0 
-1 -6 -7 -11 -12 -14 -25 -27 0 
-7 -8 -9 -11 -16 -17 -24 -32 -33 -37 0 
-1 -5 -10 -11 -19 -24 -25 -27 -28 -33 0 
-9 -13 -15 -30 -35 0 
-4 -6 -12 -15 -18 -24 0 
-1 -10 -14 -15 -21 -24 -32 0 
-6 -9 -22 -27 -30 -31 -34 -35 0 
-5 -13 -24 -31 -35 0 
-5 -11 -14 -17 -19 -35 0 
-20 -22 -26 -32 -36 0 
-1 -10 -12 -13 -19 -30 0 
-1 -29 -31 -32 -35 -38 0 
-5 -15 -16 -18 -20 -24 0 
-14 -18 -21 -23 -26 -28 0 
-1 -6 -10 -16 -26 -27 -31 -38 -39 0 
-2 -11 -21 -24 -31 -32 -33 0 
-5 -21 -28 -37 -38 0 
-3 -4 -16 -21 -25 -26 -27 -28 -33 0 
-11 -12 -15 -22 -25 -26 -35 -38 0 
-7 -20 -21 -28 -33 0 
-1 -2 -3 -11 -20 -27 -37 0 
-9 -20 -28 -31 -33 0 
-24 -28 -39 0 
-3 -4 -16 -20 -25 0 
-3 -6 -10 -11 -16 -18 -35 -37 0 
-23 -38 -39 0 
-1 -10 -14 -24 -26 -30 -34 0 
-3 -16 -20 -22 -24 -31 -35 -39 0 
-8 -10 -15 -21 -24 -27 -32 -36 0 
-3 -6 -10 -18 -20 -28 0 
-1 -3 -4 -7 -10 -27 -32 0 
-7 -12 -13 -14 -27 -33 0 
-13 -14 -23 -24 -28 -29 -30 -36 -38 -39 0 
-4 -22 -23 -24 -33 -34 0 
-1 -13 -17 -18 -20 -22 -29 -31 0 
-8 -9 -13 -21 -27 -29 -34 0 
-2 -4 -12 -18 -23 -36 0 
-4 -32 -33 0 
-3 -10 -12 -16 -27 -29 -30 -33 -35 -37 0 
-19 -24 -30 -31 -32 -33 -34 0 
-2 -3 -11 -32 -34 -39 0 
-2 -21 -22 -24 -31 -33 -35 0 
-15 -16 -19 -29 -32 -34 -36 0 
-14 -16 -17 -19 -24 -30 -33 0 
-16 -30 -34 -35 -36 0 
-2 -10 -18 -22 -31 -32 -38 -39 0 
-20 -22 -23 -33 -39 0 
-2 -8 -13 -17 -18 -29 -38 0 
-5 -7 -10 -14 -22 -33 -39 0 
-20 -25 -26 -36 0 
-4 -8 -11 -12 -17 -20 0 
-3 -15 -16 -18 -22 -23 -32 0 
-3 -4 -7 -10 -13 -15 -37 -39 0 
-1 -3 -21 0 
-2 -8 -11 -14 -21 -32 -33 0 
-2 -3 -4 -7 -10 -22 -23 -35 0 
-7 -16 -22 -30 -32 -36 0 
-4 -9 -14 -21 -25 -35 -36 -37 0 
-2 -10 -16 -18 -23 -26 0 
-8 -11 -14 -15 -27 -32 -33 -36 0 
-7 -9 -13 -14 -25 -36 0 
-3 -8 -9 -11 -19 -21 -22 -30 -37 -38 0 
-4 -5 -8 -9 -11 -20 -21 -24 -33 0 
-19 -23 -38 0 
-8 -14 -17 -22 -25 -27 -28 -34 -35 -37 0 
-5 -7 -13 -18 -20 -30 -31 -32 -33 0 
-10 -13 -17 -31 -34 0 
-3 -10 -20 -27 -30 0 
-5 -6 -8 -17 -21 -25 -26 -33 0 
-6 -12 -15 -19 -20 -29 -33 -34 0 
-9 -13 -30 -31 -32 -34 -39 0 
-10 -16 -20 -35 -38 0 
-2 -3 -4 -19 -24 -26 -30 -35 0 
-1 -12 -31 -33 -38 0 
-1 -12 -17 -20 -28 -34 -37 0 
-2 -6 -7 -12 -14 0 
-17 -22 -24 -26 -28 -33 -38 0 
-2 -5 -14 -18 -20 -34 -37 0 
-2 -12 -18 -19 -26 -28 -29 -31 0 
-4 -9 -10 -11 -13 -15 -19 0 
-8 -14 -15 -18 -25 -26 -28 -29 -33 0 
-18 -30 -32 -38 -39 0 
-23 -24 -28 -35 0 
-32 -36 -37 -39 0 
-7 -9 -19 -23 -39 0 
-3 -4 -11 -21 -25 -32 0 
-2 -8 -11 -12 -18 -19 -32 -34 0 
-7 -11 -12 -23 -34 0 
-2 -3 -9 -12 -20 -21 -25 -27 -36 -37 0 
-2 -12 -14 -16 -20 -21 0 
-1 -2 -6 -9 -18 -24 -28 -37 0 
-1 -15 -22 -23 -29 -36 0 
-9 -24 -34 -35 -36 0 
