p cnf 39 800
5 11 13 19 20 22 0 
5 11 27 28 29 30 37 0 
5 12 16 18 32 33 0 
5 13 35 0 
4 12 21 23 24 30 0 
4 9 13 22 23 26 0 
1 11 12 17 18 24 28 33 39 0 
2 6 21 39 0 
3 6 10 14 16 17 21 26 27 37 0 
4 21 25 36 39 0 
4 7 19 29 36 0 
13 16 24 25 27 29 35 38 0 
1 5 10 11 0 
17 28 30 34 35 0 
14 17 20 21 25 29 31 35 39 0 
5 14 16 17 18 24 38 0 
7 9 13 17 24 26 27 30 33 0 
1 2 10 11 16 17 20 22 31 32 35 38 0 
10 13 22 23 28 33 0 
7 15 17 19 21 29 31 39 0 
3 4 8 21 24 25 26 27 36 0 
3 8 16 26 32 33 34 0 
7 20 21 31 32 0 
4 5 7 11 16 18 26 35 36 0 
4 5 15 17 26 29 34 0 
9 13 15 28 39 0 
5 13 28 39 0 
4 9 11 24 31 33 38 39 0 
2 4 5 18 24 25 36 0 
1 11 23 24 37 38 0 
1 29 31 32 0 
3 6 8 17 23 24 27 0 
8 11 20 21 22 34 0 
5 11 14 16 17 20 23 26 29 0 
7 16 27 31 35 0 
4 10 11 15 20 30 0 
3 13 17 30 33 38 39 0 
3 5 11 12 14 27 28 0 
1 4 7 12 13 23 24 0 
2 5 9 14 18 19 36 0 
10 13 23 24 25 0 
3 4 14 16 23 31 37 0 
11 15 21 22 25 27 39 0 
24 25 27 28 31 39 0 
4 5 7 8 13 25 27 0 
16 20 25 26 29 37 0 
10 35 36 0 
7 8 9 10 34 0 
18 20 24 26 32 34 38 0 
17 28 39 0 
8 33 38 0 
1 2 4 9 15 30 0 
8 11 20 21 32 38 0 
13 17 38 0 
4 7 21 31 0 
15 16 21 26 35 36 0 
2 13 24 25 27 32 33 35 0 
1 6 15 21 30 33 37 38 0 
16 28 29 33 37 38 0 
2 5 15 29 31 0 
2 6 35 0 
8 10 11 29 31 0 
15 35 0 
1 4 6 8 12 18 23 26 27 35 0 
8 9 20 23 30 31 35 0 
1 3 6 7 9 19 20 27 33 0 
20 38 0 
5 6 8 14 16 23 32 34 38 0 
16 21 24 25 27 0 
4 19 24 30 33 34 38 0 
5 28 36 37 39 0 
6 20 34 37 0 
3 4 9 12 16 24 25 32 35 38 0 
4 5 9 12 29 0 
2 15 16 39 0 
2 13 0 
20 30 35 37 0 
12 19 20 27 38 0 
4 9 14 24 25 27 0 
5 7 9 21 28 29 30 37 38 0 
8 10 13 16 32 33 34 36 0 
6 11 18 21 23 26 30 31 36 0 
3 11 15 21 29 32 33 34 35 0 
4 13 15 16 17 18 19 21 27 28 34 0 
1 2 11 12 15 19 24 37 0 
1 7 9 20 24 26 37 38 0 
4 12 15 17 20 22 26 30 31 34 0 
5 12 15 39 0 
2 4 17 18 19 20 30 38 0 
2 7 9 10 12 13 15 17 23 39 0 
5 10 16 21 23 0 
2 9 11 15 20 37 0 
5 6 9 29 31 38 0 
4 9 25 36 0 
2 9 13 17 28 33 0 
5 10 15 31 35 39 0 
1 12 13 14 39 0 
2 12 16 18 22 25 30 37 0 
17 18 23 26 30 31 34 35 0 
3 9 12 27 0 
1 6 11 32 33 34 38 0 
7 11 15 17 38 39 0 
2 4 7 11 19 21 26 29 34 0 
5 13 22 26 29 32 34 0 
11 14 16 20 21 29 32 38 0 
4 13 18 22 35 0 
3 4 12 19 22 27 34 36 0 
8 11 22 23 29 0 
7 19 21 30 0 
13 28 29 37 0 
8 11 12 20 21 23 31 35 37 0 
2 3 23 28 33 0 
5 6 10 11 16 20 23 29 31 34 37 0 
1 2 3 9 13 14 20 21 25 29 36 0 
4 5 12 28 0 
8 24 34 35 36 0 
1 10 12 24 35 0 
1 4 12 23 27 28 38 0 
1 3 9 12 15 23 29 31 35 0 
1 3 11 19 27 32 36 0 
3 22 32 0 
4 8 20 38 0 
5 7 13 27 28 39 0 
8 14 22 32 34 36 38 39 0 
1 7 17 18 24 27 29 37 0 
9 18 20 23 31 39 0 
1 14 17 37 0 
2 11 12 17 29 0 
3 5 6 15 24 27 31 33 38 0 
8 18 22 24 25 27 29 32 0 
2 8 19 27 28 30 31 37 0 
3 10 13 17 21 25 28 30 33 0 
2 4 26 30 37 0 
8 9 13 18 20 25 30 0 
6 16 23 24 30 32 0 
1 9 18 31 37 0 
4 5 15 22 25 29 34 0 
2 13 14 21 24 32 33 34 35 0 
5 9 14 17 23 30 31 0 
8 11 15 22 23 25 26 27 37 0 
5 7 8 9 14 26 27 30 0 
9 12 14 16 33 0 
1 11 13 17 23 25 29 33 0 
5 14 19 23 24 30 38 0 
3 9 30 33 34 0 
3 4 39 0 
2 13 20 23 32 0 
2 11 12 15 29 33 39 0 
5 7 8 9 15 20 22 28 32 33 0 
3 5 10 12 24 25 28 29 32 0 
7 11 12 19 29 37 0 
9 10 11 26 28 37 0 
2 7 13 31 34 0 
13 21 23 24 35 36 0 
3 5 25 29 33 37 0 
11 23 33 38 39 0 
1 16 17 19 22 33 37 38 0 
9 10 15 19 24 29 32 36 0 
4 12 24 28 29 35 0 
1 2 12 21 39 0 
19 20 22 28 32 33 34 35 38 0 
4 13 15 21 22 0 
8 9 10 11 21 28 30 38 0 
8 29 38 39 0 
9 10 14 22 27 31 36 0 
8 10 24 26 30 31 0 
2 6 19 22 36 0 
9 14 16 18 24 26 0 
3 9 11 26 27 29 37 38 0 
8 14 29 30 31 34 37 39 0 
1 2 5 7 9 13 17 18 0 
1 15 22 30 31 0 
1 3 4 9 14 16 32 34 35 36 0 
11 13 16 19 26 29 0 
1 5 13 18 26 0 
12 13 21 23 27 32 35 37 0 
5 21 24 39 0 
1 4 5 7 33 38 0 
9 10 16 18 22 24 26 29 30 31 0 
7 8 10 13 16 17 0 
4 5 7 25 33 0 
14 16 17 20 21 23 0 
2 8 10 19 20 25 36 0 
1 6 11 14 24 36 38 39 0 
2 13 15 16 19 20 0 
8 15 17 21 29 32 35 38 0 
1 8 12 15 17 22 28 0 
7 11 20 22 25 26 29 36 38 0 
6 11 26 28 0 
6 16 22 23 25 32 34 39 0 
10 11 12 13 14 15 17 18 37 0 
8 9 22 29 0 
4 9 15 18 21 25 32 33 37 0 
7 8 11 14 21 22 23 32 33 0 
12 13 14 16 18 39 0 
3 8 9 11 28 39 0 
1 2 4 5 32 38 0 
3 12 19 37 38 0 
5 7 10 13 14 19 28 32 0 
6 7 11 12 19 24 25 29 37 38 39 0 
10 14 29 33 0 
3 5 11 17 25 27 35 0 
1 10 14 18 33 0 
1 3 7 13 20 22 23 33 0 
4 7 8 17 19 24 31 39 0 
1 8 10 22 29 30 0 
1 22 23 34 0 
14 16 21 25 26 0 
5 16 24 31 32 39 0 
2 5 7 8 15 20 24 25 35 39 0 
12 28 39 0 
5 11 12 23 28 32 0 
4 7 16 19 27 35 0 
4 11 20 28 29 30 34 0 
8 9 11 13 21 23 24 29 38 0 
7 11 13 17 20 23 33 0 
1 9 12 17 25 27 36 38 0 
12 15 23 29 36 0 
13 15 22 24 25 27 28 31 33 0 
12 14 15 23 25 29 0 
4 10 11 0 
12 13 28 32 33 39 0 
4 11 14 21 26 33 0 
2 9 24 36 37 39 0 
7 10 12 23 33 37 0 
12 18 28 33 34 0 
10 16 29 37 38 0 
6 8 11 22 25 29 0 
6 12 14 17 22 25 35 38 0 
7 10 11 22 39 0 
1 2 10 14 33 34 0 
15 19 23 32 0 
3 18 21 25 26 28 31 39 0 
1 12 20 26 30 32 0 
2 20 24 31 36 0 
1 6 12 16 23 24 35 0 
2 10 18 22 26 39 0 
10 12 13 14 15 16 25 36 37 0 
3 4 7 10 14 27 37 0 
9 15 23 32 33 0 
14 21 23 33 34 37 39 0 
4 8 11 14 32 35 0 
3 6 7 8 12 16 24 28 32 39 0 
11 16 17 23 25 26 28 29 0 
1 2 6 7 9 11 12 17 19 21 25 28 32 33 36 37 0 
1 11 19 26 28 31 34 0 
1 8 9 11 12 28 32 39 0 
8 10 16 18 20 26 35 38 0 
3 8 9 19 21 24 30 39 0 
18 21 31 39 0 
4 9 13 15 0 
4 7 14 16 17 31 39 0 
9 11 16 17 18 24 25 31 34 0 
5 12 16 23 29 0 
1 2 6 14 0 
6 16 18 24 31 35 0 
6 17 31 0 
2 3 8 10 20 24 35 38 39 0 
2 6 12 22 25 31 37 0 
5 11 16 19 24 25 26 34 35 0 
12 15 24 26 34 39 0 
9 18 33 34 36 0 
33 35 0 
2 27 32 0 
7 17 22 26 28 33 0 
8 9 11 12 16 18 28 29 35 0 
3 7 15 21 22 29 30 38 0 
4 8 11 14 16 23 25 29 33 34 0 
2 8 14 25 26 28 32 0 
8 11 20 21 30 31 0 
8 10 20 21 26 28 0 
8 15 21 24 27 33 39 0 
3 8 16 27 33 0 
1 3 23 31 36 37 0 
6 7 9 27 28 32 0 
7 11 29 30 35 39 0 
3 26 27 30 0 
12 15 23 31 32 35 0 
1 3 4 6 10 11 13 30 32 0 
25 27 33 36 0 
1 14 24 30 0 
6 7 14 16 31 34 37 0 
3 6 9 16 17 38 0 
2 6 13 14 15 20 22 25 38 39 0 
1 4 10 12 18 23 33 0 
2 4 8 28 37 0 
5 7 9 11 31 37 38 0 
9 10 19 24 33 0 
3 4 9 30 36 38 0 
2 9 15 24 25 33 36 38 0 
4 9 11 18 25 28 35 36 38 0 
1 5 7 9 14 15 20 24 28 29 35 39 0 
4 6 8 15 25 30 32 33 37 0 
1 7 9 12 18 35 0 
4 8 14 15 20 24 32 0 
7 12 18 20 24 25 30 39 0 
5 13 18 27 29 37 0 
1 2 6 9 13 17 18 35 0 
3 4 11 14 22 30 31 38 0 
1 3 4 5 9 36 0 
6 12 21 26 27 29 38 0 
1 3 4 13 20 26 30 39 0 
1 11 13 20 23 24 31 34 36 0 
22 32 0 
2 18 24 31 32 37 0 
1 2 15 24 35 38 0 
3 7 12 14 17 20 28 32 0 
6 12 14 26 32 35 36 38 0 
5 10 19 20 22 31 37 0 
10 12 17 22 33 34 0 
7 13 20 21 24 33 0 
2 7 21 32 0 
2 8 17 27 36 37 38 39 0 
9 17 29 0 
15 16 17 19 23 29 36 38 39 0 
3 10 17 24 29 32 33 34 0 
2 13 16 18 21 29 31 0 
14 22 25 31 34 39 0 
4 7 9 12 16 17 27 36 39 0 
8 11 16 18 24 25 27 29 34 0 
1 4 7 9 25 33 37 0 
2 12 13 16 19 20 27 30 32 38 0 
2 5 9 17 21 28 32 0 
13 17 21 23 29 34 39 0 
4 11 18 28 34 39 0 
16 21 24 26 29 30 31 34 36 0 
4 12 15 16 19 24 26 36 0 
1 9 14 22 31 32 37 0 
6 14 15 21 24 28 30 35 38 0 
9 12 16 19 35 0 
15 17 23 25 29 0 
1 15 16 27 30 32 0 
17 19 31 33 35 0 
7 11 18 24 32 37 0 
6 11 19 24 26 0 
6 26 35 37 39 0 
3 11 24 26 39 0 
3 5 6 16 17 23 26 36 39 0 
8 12 16 32 35 0 
13 15 21 30 33 35 0 
13 22 25 32 0 
3 5 24 25 29 38 0 
2 7 13 23 35 0 
4 10 14 16 17 23 33 0 
3 5 20 34 37 0 
2 24 26 32 35 39 0 
6 16 22 34 35 36 0 
5 10 12 14 18 24 25 29 31 0 
5 10 13 18 26 32 0 
5 20 30 0 
25 30 0 
9 11 24 32 38 0 
6 7 13 16 28 34 39 0 
1 16 19 21 25 27 39 0 
5 15 20 24 33 34 0 
5 8 15 28 30 37 0 
7 12 14 16 33 34 38 0 
1 8 20 28 29 35 0 
5 13 16 31 33 0 
8 11 22 23 26 35 0 
1 5 7 12 14 22 35 39 0 
2 3 8 15 27 29 33 35 0 
6 8 14 18 27 36 39 0 
7 10 23 34 36 38 0 
1 2 10 15 19 32 33 0 
15 17 18 23 27 33 0 
20 31 0 
2 3 6 19 21 25 0 
3 26 32 0 
1 3 5 10 13 15 18 20 21 0 
2 5 6 21 34 36 0 
4 10 19 23 27 0 
8 13 18 19 31 36 0 
4 16 30 0 
3 5 11 13 19 21 26 33 0 
5 12 14 31 38 0 
4 9 16 36 37 0 
6 25 27 28 38 0 
12 13 17 25 27 35 39 0 
3 10 21 23 34 37 0 
1 3 9 19 34 37 0 
3 7 10 12 15 16 20 22 27 34 0 
4 6 25 28 29 32 36 0 
6 7 19 20 29 30 34 0 
9 20 23 28 34 0 
4 7 20 21 0 
10 16 18 27 29 31 38 0 
5 12 15 17 25 27 30 35 37 0 
4 13 15 16 29 30 34 35 0 
8 15 17 29 0 
8 10 20 31 32 39 0 
6 7 8 18 38 0 
12 19 23 30 0 
16 17 22 28 30 33 34 36 0 
2 7 25 27 0 
25 29 34 35 0 
4 6 9 13 15 0 
4 9 10 14 23 33 35 0 
1 4 13 14 21 23 24 31 33 39 0 
22 32 33 35 38 39 0 
-5 -11 -13 -19 -20 -22 0 
-5 -11 -27 -28 -29 -30 -37 0 
-5 -12 -16 -18 -32 -33 0 
-5 -13 -35 0 
-4 -12 -21 -23 -24 -30 0 
-4 -9 -13 -22 -23 -26 0 
-1 -11 -12 -17 -18 -24 -28 -33 -39 0 
-2 -6 -21 -39 0 
-3 -6 -10 -14 -16 -17 -21 -26 -27 -37 0 
-4 -21 -25 -36 -39 0 
-4 -7 -19 -29 -36 0 
-13 -16 -24 -25 -27 -29 -35 -38 0 
-1 -5 -10 -11 0 
-17 -28 -30 -34 -35 0 
-14 -17 -20 -21 -25 -29 -31 -35 -39 0 
-5 -14 -16 -17 -18 -24 -38 0 
-7 -9 -13 -17 -24 -26 -27 -30 -33 0 
-1 -2 -10 -11 -16 -17 -20 -22 -31 -32 -35 -38 0 
-10 -13 -22 -23 -28 -33 0 
-7 -15 -17 -19 -21 -29 -31 -39 0 
-3 -4 -8 -21 -24 -25 -26 -27 -36 0 
-3 -8 -16 -26 -32 -33 -34 0 
-7 -20 -21 -31 -32 0 
-4 -5 -7 -11 -16 -18 -26 -35 -36 0 
-4 -5 -15 -17 -26 -29 -34 0 
-9 -13 -15 -28 -39 0 
-5 -13 -28 -39 0 
-4 -9 -11 -24 -31 -33 -38 -39 0 
-2 -4 -5 -18 -24 -25 -36 0 
-1 -11 -23 -24 -37 -38 0 
-1 -29 -31 -32 0 
-3 -6 -8 -17 -23 -24 -27 0 
-8 -11 -20 -21 -22 -34 0 
-5 -11 -14 -16 -17 -20 -23 -26 -29 0 
-7 -16 -27 -31 -35 0 
-4 -10 -11 -15 -20 -30 0 
-3 -13 -17 -30 -33 -38 -39 0 
-3 -5 -11 -12 -14 -27 -28 0 
-1 -4 -7 -12 -13 -23 -24 0 
-2 -5 -9 -14 -18 -19 -36 0 
-10 -13 -23 -24 -25 0 
-3 -4 -14 -16 -23 -31 -37 0 
-11 -15 -21 -22 -25 -27 -39 0 
-24 -25 -27 -28 -31 -39 0 
-4 -5 -7 -8 -13 -25 -27 0 
-16 -20 -25 -26 -29 -37 0 
-10 -35 -36 0 
-7 -8 -9 -10 -34 0 
-18 -20 -24 -26 -32 -34 -38 0 
-17 -28 -39 0 
-8 -33 -38 0 
-1 -2 -4 -9 -15 -30 0 
-8 -11 -20 -21 -32 -38 0 
-13 -17 -38 0 
-4 -7 -21 -31 0 
-15 -16 -21 -26 -35 -36 0 
-2 -13 -24 -25 -27 -32 -33 -35 0 
-1 -6 -15 -21 -30 -33 -37 -38 0 
-16 -28 -29 -33 -37 -38 0 
-2 -5 -15 -29 -31 0 
-2 -6 -35 0 
-8 -10 -11 -29 -31 0 
-15 -35 0 
-1 -4 -6 -8 -12 -18 -23 -26 -27 -35 0 
-8 -9 -20 -23 -30 -31 -35 0 
-1 -3 -6 -7 -9 -19 -20 -27 -33 0 
-20 -38 0 
-5 -6 -8 -14 -16 -23 -32 -34 -38 0 
-16 -21 -24 -25 -27 0 
-4 -19 -24 -30 -33 -34 -38 0 
-5 -28 -36 -37 -39 0 
-6 -20 -34 -37 0 
-3 -4 -9 -12 -16 -24 -25 -32 -35 -38 0 
-4 -5 -9 -12 -29 0 
-2 -15 -16 -39 0 
-2 -13 0 
-20 -30 -35 -37 0 
-12 -19 -20 -27 -38 0 
-4 -9 -14 -24 -25 -27 0 
-5 -7 -9 -21 -28 -29 -30 -37 -38 0 
-8 -10 -13 -16 -32 -33 -34 -36 0 
-6 -11 -18 -21 -23 -26 -30 -31 -36 0 
-3 -11 -15 -21 -29 -32 -33 -34 -35 0 
-4 -13 -15 -16 -17 -18 -19 -21 -27 -28 -34 0 
-1 -2 -11 -12 -15 -19 -24 -37 0 
-1 -7 -9 -20 -24 -26 -37 -38 0 
-4 -12 -15 -17 -20 -22 -26 -30 -31 -34 0 
-5 -12 -15 -39 0 
-2 -4 -17 -18 -19 -20 -30 -38 0 
-2 -7 -9 -10 -12 -13 -15 -17 -23 -39 0 
-5 -10 -16 -21 -23 0 
-2 -9 -11 -15 -20 -37 0 
-5 -6 -9 -29 -31 -38 0 
-4 -9 -25 -36 0 
-2 -9 -13 -17 -28 -33 0 
-5 -10 -15 -31 -35 -39 0 
-1 -12 -13 -14 -39 0 
-2 -12 -16 -18 -22 -25 -30 -37 0 
-17 -18 -23 -26 -30 -31 -34 -35 0 
-3 -9 -12 -27 0 
-1 -6 -11 -32 -33 -34 -38 0 
-7 -11 -15 -17 -38 -39 0 
-2 -4 -7 -11 -19 -21 -26 -29 -34 0 
-5 -13 -22 -26 -29 -32 -34 0 
-11 -14 -16 -20 -21 -29 -32 -38 0 
-4 -13 -18 -22 -35 0 
-3 -4 -12 -19 -22 -27 -34 -36 0 
-8 -11 -22 -23 -29 0 
-7 -19 -21 -30 0 
-13 -28 -29 -37 0 
-8 -11 -12 -20 -21 -23 -31 -35 -37 0 
-2 -3 -23 -28 -33 0 
-5 -6 -10 -11 -16 -20 -23 -29 -31 -34 -37 0 
-1 -2 -3 -9 -13 -14 -20 -21 -25 -29 -36 0 
-4 -5 -12 -28 0 
-8 -24 -34 -35 -36 0 
-1 -10 -12 -24 -35 0 
-1 -4 -12 -23 -27 -28 -38 0 
-1 -3 -9 -12 -15 -23 -29 -31 -35 0 
-1 -3 -11 -19 -27 -32 -36 0 
-3 -22 -32 0 
-4 -8 -20 -38 0 
-5 -7 -13 -27 -28 -39 0 
-8 -14 -22 -32 -34 -36 -38 -39 0 
-1 -7 -17 -18 -24 -27 -29 -37 0 
-9 -18 -20 -23 -31 -39 0 
-1 -14 -17 -37 0 
-2 -11 -12 -17 -29 0 
-3 -5 -6 -15 -24 -27 -31 -33 -38 0 
-8 -18 -22 -24 -25 -27 -29 -32 0 
-2 -8 -19 -27 -28 -30 -31 -37 0 
-3 -10 -13 -17 -21 -25 -28 -30 -33 0 
-2 -4 -26 -30 -37 0 
-8 -9 -13 -18 -20 -25 -30 0 
-6 -16 -23 -24 -30 -32 0 
-1 -9 -18 -31 -37 0 
-4 -5 -15 -22 -25 -29 -34 0 
-2 -13 -14 -21 -24 -32 -33 -34 -35 0 
-5 -9 -14 -17 -23 -30 -31 0 
-8 -11 -15 -22 -23 -25 -26 -27 -37 0 
-5 -7 -8 -9 -14 -26 -27 -30 0 
-9 -12 -14 -16 -33 0 
-1 -11 -13 -17 -23 -25 -29 -33 0 
-5 -14 -19 -23 -24 -30 -38 0 
-3 -9 -30 -33 -34 0 
-3 -4 -39 0 
-2 -13 -20 -23 -32 0 
-2 -11 -12 -15 -29 -33 -39 0 
-5 -7 -8 -9 -15 -20 -22 -28 -32 -33 0 
-3 -5 -10 -12 -24 -25 -28 -29 -32 0 
-7 -11 -12 -19 -29 -37 0 
-9 -10 -11 -26 -28 -37 0 
-2 -7 -13 -31 -34 0 
-13 -21 -23 -24 -35 -36 0 
-3 -5 -25 -29 -33 -37 0 
-11 -23 -33 -38 -39 0 
-1 -16 -17 -19 -22 -33 -37 -38 0 
-9 -10 -15 -19 -24 -29 -32 -36 0 
-4 -12 -24 -28 -29 -35 0 
-1 -2 -12 -21 -39 0 
-19 -20 -22 -28 -32 -33 -34 -35 -38 0 
-4 -13 -15 -21 -22 0 
-8 -9 -10 -11 -21 -28 -30 -38 0 
-8 -29 -38 -39 0 
-9 -10 -14 -22 -27 -31 -36 0 
-8 -10 -24 -26 -30 -31 0 
-2 -6 -19 -22 -36 0 
-9 -14 -16 -18 -24 -26 0 
-3 -9 -11 -26 -27 -29 -37 -38 0 
-8 -14 -29 -30 -31 -34 -37 -39 0 
-1 -2 -5 -7 -9 -13 -17 -18 0 
-1 -15 -22 -30 -31 0 
-1 -3 -4 -9 -14 -16 -32 -34 -35 -36 0 
-11 -13 -16 -19 -26 -29 0 
-1 -5 -13 -18 -26 0 
-12 -13 -21 -23 -27 -32 -35 -37 0 
-5 -21 -24 -39 0 
-1 -4 -5 -7 -33 -38 0 
-9 -10 -16 -18 -22 -24 -26 -29 -30 -31 0 
-7 -8 -10 -13 -16 -17 0 
-4 -5 -7 -25 -33 0 
-14 -16 -17 -20 -21 -23 0 
-2 -8 -10 -19 -20 -25 -36 0 
-1 -6 -11 -14 -24 -36 -38 -39 0 
-2 -13 -15 -16 -19 -20 0 
-8 -15 -17 -21 -29 -32 -35 -38 0 
-1 -8 -12 -15 -17 -22 -28 0 
-7 -11 -20 -22 -25 -26 -29 -36 -38 0 
-6 -11 -26 -28 0 
-6 -16 -22 -23 -25 -32 -34 -39 0 
-10 -11 -12 -13 -14 -15 -17 -18 -37 0 
-8 -9 -22 -29 0 
-4 -9 -15 -18 -21 -25 -32 -33 -37 0 
-7 -8 -11 -14 -21 -22 -23 -32 -33 0 
-12 -13 -14 -16 -18 -39 0 
-3 -8 -9 -11 -28 -39 0 
-1 -2 -4 -5 -32 -38 0 
-3 -12 -19 -37 -38 0 
-5 -7 -10 -13 -14 -19 -28 -32 0 
-6 -7 -11 -12 -19 -24 -25 -29 -37 -38 -39 0 
-10 -14 -29 -33 0 
-3 -5 -11 -17 -25 -27 -35 0 
-1 -10 -14 -18 -33 0 
-1 -3 -7 -13 -20 -22 -23 -33 0 
-4 -7 -8 -17 -19 -24 -31 -39 0 
-1 -8 -10 -22 -29 -30 0 
-1 -22 -23 -34 0 
-14 -16 -21 -25 -26 0 
-5 -16 -24 -31 -32 -39 0 
-2 -5 -7 -8 -15 -20 -24 -25 -35 -39 0 
-12 -28 -39 0 
-5 -11 -12 -23 -28 -32 0 
-4 -7 -16 -19 -27 -35 0 
-4 -11 -20 -28 -29 -30 -34 0 
-8 -9 -11 -13 -21 -23 -24 -29 -38 0 
-7 -11 -13 -17 -20 -23 -33 0 
-1 -9 -12 -17 -25 -27 -36 -38 0 
-12 -15 -23 -29 -36 0 
-13 -15 -22 -24 -25 -27 -28 -31 -33 0 
-12 -14 -15 -23 -25 -29 0 
-4 -10 -11 0 
-12 -13 -28 -32 -33 -39 0 
-4 -11 -14 -21 -26 -33 0 
-2 -9 -24 -36 -37 -39 0 
-7 -10 -12 -23 -33 -37 0 
-12 -18 -28 -33 -34 0 
-10 -16 -29 -37 -38 0 
-6 -8 -11 -22 -25 -29 0 
-6 -12 -14 -17 -22 -25 -35 -38 0 
-7 -10 -11 -22 -39 0 
-1 -2 -10 -14 -33 -34 0 
-15 -19 -23 -32 0 
-3 -18 -21 -25 -26 -28 -31 -39 0 
-1 -12 -20 -26 -30 -32 0 
-2 -20 -24 -31 -36 0 
-1 -6 -12 -16 -23 -24 -35 0 
-2 -10 -18 -22 -26 -39 0 
-10 -12 -13 -14 -15 -16 -25 -36 -37 0 
-3 -4 -7 -10 -14 -27 -37 0 
-9 -15 -23 -32 -33 0 
-14 -21 -23 -33 -34 -37 -39 0 
-4 -8 -11 -14 -32 -35 0 
-3 -6 -7 -8 -12 -16 -24 -28 -32 -39 0 
-11 -16 -17 -23 -25 -26 -28 -29 0 
-1 -2 -6 -7 -9 -11 -12 -17 -19 -21 -25 -28 -32 -33 -36 -37 0 
-1 -11 -19 -26 -28 -31 -34 0 
-1 -8 -9 -11 -12 -28 -32 -39 0 
-8 -10 -16 -18 -20 -26 -35 -38 0 
-3 -8 -9 -19 -21 -24 -30 -39 0 
-18 -21 -31 -39 0 
-4 -9 -13 -15 0 
-4 -7 -14 -16 -17 -31 -39 0 
-9 -11 -16 -17 -18 -24 -25 -31 -34 0 
-5 -12 -16 -23 -29 0 
-1 -2 -6 -14 0 
-6 -16 -18 -24 -31 -35 0 
-6 -17 -31 0 
-2 -3 -8 -10 -20 -24 -35 -38 -39 0 
-2 -6 -12 -22 -25 -31 -37 0 
-5 -11 -16 -19 -24 -25 -26 -34 -35 0 
-12 -15 -24 -26 -34 -39 0 
-9 -18 -33 -34 -36 0 
-33 -35 0 
-2 -27 -32 0 
-7 -17 -22 -26 -28 -33 0 
-8 -9 -11 -12 -16 -18 -28 -29 -35 0 
-3 -7 -15 -21 -22 -29 -30 -38 0 
-4 -8 -11 -14 -16 -23 -25 -29 -33 -34 0 
-2 -8 -14 -25 -26 -28 -32 0 
-8 -11 -20 -21 -30 -31 0 
-8 -10 -20 -21 -26 -28 0 
-8 -15 -21 -24 -27 -33 -39 0 
-3 -8 -16 -27 -33 0 
-1 -3 -23 -31 -36 -37 0 
-6 -7 -9 -27 -28 -32 0 
-7 -11 -29 -30 -35 -39 0 
-3 -26 -27 -30 0 
-12 -15 -23 -31 -32 -35 0 
-1 -3 -4 -6 -10 -11 -13 -30 -32 0 
-25 -27 -33 -36 0 
-1 -14 -24 -30 0 
-6 -7 -14 -16 -31 -34 -37 0 
-3 -6 -9 -16 -17 -38 0 
-2 -6 -13 -14 -15 -20 -22 -25 -38 -39 0 
-1 -4 -10 -12 -18 -23 -33 0 
-2 -4 -8 -28 -37 0 
-5 -7 -9 -11 -31 -37 -38 0 
-9 -10 -19 -24 -33 0 
-3 -4 -9 -30 -36 -38 0 
-2 -9 -15 -24 -25 -33 -36 -38 0 
-4 -9 -11 -18 -25 -28 -35 -36 -38 0 
-1 -5 -7 -9 -14 -15 -20 -24 -28 -29 -35 -39 0 
-4 -6 -8 -15 -25 -30 -32 -33 -37 0 
-1 -7 -9 -12 -18 -35 0 
-4 -8 -14 -15 -20 -24 -32 0 
-7 -12 -18 -20 -24 -25 -30 -39 0 
-5 -13 -18 -27 -29 -37 0 
-1 -2 -6 -9 -13 -17 -18 -35 0 
-3 -4 -11 -14 -22 -30 -31 -38 0 
-1 -3 -4 -5 -9 -36 0 
-6 -12 -21 -26 -27 -29 -38 0 
-1 -3 -4 -13 -20 -26 -30 -39 0 
-1 -11 -13 -20 -23 -24 -31 -34 -36 0 
-22 -32 0 
-2 -18 -24 -31 -32 -37 0 
-1 -2 -15 -24 -35 -38 0 
-3 -7 -12 -14 -17 -20 -28 -32 0 
-6 -12 -14 -26 -32 -35 -36 -38 0 
-5 -10 -19 -20 -22 -31 -37 0 
-10 -12 -17 -22 -33 -34 0 
-7 -13 -20 -21 -24 -33 0 
-2 -7 -21 -32 0 
-2 -8 -17 -27 -36 -37 -38 -39 0 
-9 -17 -29 0 
-15 -16 -17 -19 -23 -29 -36 -38 -39 0 
-3 -10 -17 -24 -29 -32 -33 -34 0 
-2 -13 -16 -18 -21 -29 -31 0 
-14 -22 -25 -31 -34 -39 0 
-4 -7 -9 -12 -16 -17 -27 -36 -39 0 
-8 -11 -16 -18 -24 -25 -27 -29 -34 0 
-1 -4 -7 -9 -25 -33 -37 0 
-2 -12 -13 -16 -19 -20 -27 -30 -32 -38 0 
-2 -5 -9 -17 -21 -28 -32 0 
-13 -17 -21 -23 -29 -34 -39 0 
-4 -11 -18 -28 -34 -39 0 
-16 -21 -24 -26 -29 -30 -31 -34 -36 0 
-4 -12 -15 -16 -19 -24 -26 -36 0 
-1 -9 -14 -22 -31 -32 -37 0 
-6 -14 -15 -21 -24 -28 -30 -35 -38 0 
-9 -12 -16 -19 -35 0 
-15 -17 -23 -25 -29 0 
-1 -15 -16 -27 -30 -32 0 
-17 -19 -31 -33 -35 0 
-7 -11 -18 -24 -32 -37 0 
-6 -11 -19 -24 -26 0 
-6 -26 -35 -37 -39 0 
-3 -11 -24 -26 -39 0 
-3 -5 -6 -16 -17 -23 -26 -36 -39 0 
-8 -12 -16 -32 -35 0 
-13 -15 -21 -30 -33 -35 0 
-13 -22 -25 -32 0 
-3 -5 -24 -25 -29 -38 0 
-2 -7 -13 -23 -35 0 
-4 -10 -14 -16 -17 -23 -33 0 
-3 -5 -20 -34 -37 0 
-2 -24 -26 -32 -35 -39 0 
-6 -16 -22 -34 -35 -36 0 
-5 -10 -12 -14 -18 -24 -25 -29 -31 0 
-5 -10 -13 -18 -26 -32 0 
-5 -20 -30 0 
-25 -30 0 
-9 -11 -24 -32 -38 0 
-6 -7 -13 -16 -28 -34 -39 0 
-1 -16 -19 -21 -25 -27 -39 0 
-5 -15 -20 -24 -33 -34 0 
-5 -8 -15 -28 -30 -37 0 
-7 -12 -14 -16 -33 -34 -38 0 
-1 -8 -20 -28 -29 -35 0 
-5 -13 -16 -31 -33 0 
-8 -11 -22 -23 -26 -35 0 
-1 -5 -7 -12 -14 -22 -35 -39 0 
-2 -3 -8 -15 -27 -29 -33 -35 0 
-6 -8 -14 -18 -27 -36 -39 0 
-7 -10 -23 -34 -36 -38 0 
-1 -2 -10 -15 -19 -32 -33 0 
-15 -17 -18 -23 -27 -33 0 
-20 -31 0 
-2 -3 -6 -19 -21 -25 0 
-3 -26 -32 0 
-1 -3 -5 -10 -13 -15 -18 -20 -21 0 
-2 -5 -6 -21 -34 -36 0 
-4 -10 -19 -23 -27 0 
-8 -13 -18 -19 -31 -36 0 
-4 -16 -30 0 
-3 -5 -11 -13 -19 -21 -26 -33 0 
-5 -12 -14 -31 -38 0 
-4 -9 -16 -36 -37 0 
-6 -25 -27 -28 -38 0 
-12 -13 -17 -25 -27 -35 -39 0 
-3 -10 -21 -23 -34 -37 0 
-1 -3 -9 -19 -34 -37 0 
-3 -7 -10 -12 -15 -16 -20 -22 -27 -34 0 
-4 -6 -25 -28 -29 -32 -36 0 
-6 -7 -19 -20 -29 -30 -34 0 
-9 -20 -23 -28 -34 0 
-4 -7 -20 -21 0 
-10 -16 -18 -27 -29 -31 -38 0 
-5 -12 -15 -17 -25 -27 -30 -35 -37 0 
-4 -13 -15 -16 -29 -30 -34 -35 0 
-8 -15 -17 -29 0 
-8 -10 -20 -31 -32 -39 0 
-6 -7 -8 -18 -38 0 
-12 -19 -23 -30 0 
-16 -17 -22 -28 -30 -33 -34 -36 0 
-2 -7 -25 -27 0 
-25 -29 -34 -35 0 
-4 -6 -9 -13 -15 0 
-4 -9 -10 -14 -23 -33 -35 0 
-1 -4 -13 -14 -21 -23 -24 -31 -33 -39 0 
-22 -32 -33 -35 -38 -39 0 
