p cnf 39 800
11 31 33 36 0 
4 13 16 17 28 29 32 35 0 
16 17 19 26 30 34 0 
9 13 24 28 32 0 
5 12 14 18 19 33 0 
1 11 13 16 17 19 20 21 23 28 0 
3 6 7 28 29 0 
1 10 21 28 31 37 0 
18 19 20 22 29 31 0 
10 16 17 18 20 21 24 31 38 0 
4 5 12 19 20 25 30 37 39 0 
1 5 10 15 18 27 28 0 
11 18 22 23 30 31 0 
14 15 20 24 27 29 32 0 
9 10 16 18 20 28 32 37 39 0 
3 8 10 15 18 30 38 0 
2 4 5 14 22 26 37 38 0 
13 33 0 
11 20 35 38 0 
1 6 10 17 18 22 28 33 0 
9 13 14 39 0 
1 5 6 19 30 34 37 0 
9 12 16 17 25 29 31 33 37 0 
1 10 18 25 33 0 
9 13 14 18 24 28 32 35 0 
1 12 15 16 20 21 23 31 36 37 38 0 
1 9 16 25 39 0 
2 17 19 21 22 32 36 0 
10 12 23 24 26 27 0 
17 18 24 25 31 35 39 0 
10 14 15 18 26 0 
2 4 7 17 21 0 
4 10 16 17 25 30 31 36 0 
14 39 0 
14 23 24 29 32 0 
8 15 16 26 35 37 0 
9 18 20 21 27 29 32 0 
1 4 5 10 14 16 32 33 38 0 
2 4 9 14 20 31 32 38 0 
3 7 10 11 23 30 0 
8 10 17 28 34 36 0 
1 16 32 33 0 
1 6 13 23 24 26 32 36 0 
8 23 24 26 35 0 
11 21 0 
16 23 28 30 36 38 0 
3 15 21 25 39 0 
5 13 16 19 26 27 30 35 0 
2 19 25 26 29 0 
1 3 9 10 14 19 37 0 
1 6 15 19 32 34 37 0 
1 10 18 24 32 33 34 39 0 
2 11 17 26 0 
2 4 5 11 13 15 0 
14 21 24 27 28 31 0 
9 10 23 24 26 31 33 38 0 
3 4 5 14 24 32 35 0 
1 8 9 17 0 
17 22 26 32 33 34 0 
2 3 7 20 31 34 0 
7 14 27 33 37 39 0 
4 5 8 13 16 32 35 36 0 
3 6 7 9 28 30 36 0 
3 12 29 32 37 0 
4 9 12 14 16 21 23 28 30 0 
3 4 6 9 11 13 18 29 0 
6 14 19 33 36 37 0 
11 15 19 26 31 38 39 0 
7 8 10 11 13 14 15 25 28 0 
7 10 11 24 30 32 33 0 
5 11 16 18 26 28 36 38 0 
1 4 8 11 32 0 
1 6 11 24 30 35 0 
16 18 24 35 0 
24 25 31 36 0 
11 18 26 36 37 0 
4 8 12 14 20 35 38 0 
2 3 14 0 
2 13 22 27 30 33 39 0 
2 8 12 19 24 26 27 31 34 35 38 0 
1 6 11 15 22 24 0 
5 7 12 15 23 38 39 0 
4 10 13 20 25 27 0 
7 9 25 29 32 38 0 
9 13 15 16 19 23 0 
2 4 6 10 23 25 26 34 36 0 
2 8 12 17 21 30 31 32 33 36 39 0 
2 8 18 20 23 29 33 0 
2 14 15 16 32 36 39 0 
14 17 21 22 31 36 39 0 
2 3 9 10 14 20 24 32 35 0 
4 13 20 30 31 32 0 
3 10 16 22 36 0 
1 3 5 9 12 17 20 27 35 36 0 
8 14 19 21 26 0 
2 3 5 29 38 0 
1 26 28 38 0 
2 4 9 11 14 15 16 18 26 33 38 0 
4 5 8 14 18 20 26 37 0 
8 18 22 30 36 37 38 0 
13 17 23 32 0 
4 22 25 33 39 0 
13 14 17 20 30 31 0 
12 27 28 33 0 
4 6 9 14 21 31 36 38 0 
16 25 26 29 0 
3 17 20 22 25 27 30 0 
10 12 20 22 29 31 0 
5 19 30 0 
15 20 33 39 0 
2 18 20 22 25 33 0 
2 14 15 17 19 24 25 31 32 0 
5 7 11 12 18 29 36 0 
9 10 13 18 21 22 25 26 27 29 33 0 
1 10 11 13 21 31 33 34 37 39 0 
5 12 13 14 21 30 31 37 0 
14 15 16 18 23 36 37 0 
15 23 25 28 31 37 0 
15 25 26 28 35 0 
5 8 10 13 15 32 0 
20 24 28 0 
1 9 10 12 34 38 0 
20 22 33 35 36 38 0 
3 4 8 18 21 0 
4 12 13 16 21 30 35 37 0 
3 12 16 20 28 37 0 
11 17 21 25 33 37 0 
8 12 28 36 0 
22 23 34 36 0 
4 9 18 21 24 25 27 29 38 0 
9 27 29 35 0 
3 6 8 9 16 22 24 33 34 38 0 
1 15 22 23 37 38 0 
3 4 12 17 25 26 38 0 
16 17 25 29 0 
4 10 31 37 0 
2 9 16 33 0 
2 6 10 15 20 22 23 24 27 28 0 
10 25 26 37 38 0 
3 7 13 14 18 22 27 33 36 38 0 
2 5 14 21 28 30 31 36 0 
10 15 16 19 21 27 32 33 35 38 39 0 
17 25 0 
6 21 39 0 
5 15 23 24 0 
1 9 10 15 23 33 0 
15 21 30 31 32 0 
1 5 18 28 32 33 35 38 0 
6 22 25 26 28 36 0 
18 31 34 37 0 
4 16 20 21 22 24 31 36 0 
13 18 20 21 35 0 
3 5 12 14 0 
6 7 8 9 11 16 18 38 0 
1 3 7 9 14 28 32 33 34 36 0 
5 11 15 21 31 0 
7 10 11 12 16 19 21 28 32 37 0 
9 10 14 15 22 23 25 29 35 39 0 
2 3 6 34 0 
7 8 9 18 21 24 26 0 
1 18 19 22 24 30 36 0 
4 5 9 16 17 21 39 0 
4 7 9 15 0 
3 9 12 19 21 22 25 27 34 0 
6 15 31 32 0 
1 8 29 31 33 36 0 
11 13 18 33 34 35 0 
12 15 18 27 36 0 
3 29 30 33 36 37 0 
4 6 18 19 27 29 31 34 0 
3 5 10 15 16 23 30 31 35 38 0 
4 11 15 20 33 37 0 
3 8 12 22 25 27 30 34 38 0 
21 30 38 0 
5 9 21 23 28 30 31 0 
7 18 24 28 34 0 
4 5 6 8 11 14 39 0 
11 12 14 15 17 37 0 
2 7 8 13 19 27 28 0 
17 26 30 33 0 
6 17 26 36 39 0 
1 2 24 28 30 36 0 
10 11 22 26 0 
5 12 25 35 0 
2 6 19 26 30 32 35 0 
4 10 11 12 23 27 31 34 35 39 0 
4 8 13 15 20 37 0 
1 4 6 8 12 15 18 39 0 
1 13 19 26 28 0 
2 6 9 12 30 33 37 38 0 
2 6 16 17 24 32 39 0 
5 8 15 16 20 26 29 0 
4 9 14 21 31 36 0 
1 11 16 22 29 37 0 
5 6 8 11 35 0 
1 8 9 15 16 17 22 27 31 39 0 
5 6 18 24 34 39 0 
1 4 26 28 39 0 
2 4 17 20 27 28 29 31 0 
5 9 10 13 19 25 27 39 0 
2 14 25 27 28 35 39 0 
3 7 8 26 31 32 39 0 
11 12 14 26 31 33 0 
3 13 17 21 25 0 
2 4 12 14 16 0 
3 5 15 21 29 36 39 0 
3 7 16 17 19 26 33 0 
19 25 36 37 0 
13 19 22 31 35 0 
9 10 16 24 29 30 32 0 
2 10 15 24 28 0 
2 31 33 37 0 
15 20 22 28 34 0 
2 12 18 19 22 23 25 26 29 30 34 0 
2 5 19 23 28 32 34 0 
11 14 28 34 0 
3 11 16 22 24 27 28 31 34 0 
9 14 18 30 0 
4 11 26 28 30 31 34 39 0 
6 10 12 22 27 31 36 0 
10 11 20 22 25 27 32 37 38 0 
1 6 8 9 14 15 19 21 22 36 0 
12 20 24 29 30 32 0 
1 32 39 0 
4 5 8 19 31 36 39 0 
3 9 20 23 27 29 30 31 0 
1 14 15 21 26 27 32 0 
6 14 15 19 20 27 34 36 0 
10 20 23 35 36 0 
1 3 15 20 0 
2 3 24 26 31 32 36 0 
12 15 18 19 30 31 0 
3 18 20 22 27 0 
1 16 18 20 23 27 37 0 
3 5 7 14 17 19 29 30 36 0 
3 6 8 9 17 19 32 34 37 39 0 
5 18 35 39 0 
8 14 15 18 21 23 24 30 31 34 0 
11 21 22 37 0 
5 9 15 17 18 25 26 31 34 35 38 0 
2 9 18 20 21 0 
2 4 7 18 20 28 0 
4 15 17 20 31 38 0 
10 21 27 31 0 
13 14 23 24 27 0 
1 16 18 19 20 25 0 
11 14 15 21 0 
4 15 23 26 34 0 
1 21 23 33 0 
5 6 10 12 13 14 16 20 23 26 27 0 
6 8 10 15 21 30 32 34 35 0 
2 4 5 18 23 30 0 
8 12 13 14 15 19 25 0 
4 16 19 22 24 28 36 0 
9 39 0 
6 8 31 36 37 38 0 
2 4 16 30 39 0 
7 13 14 24 0 
4 20 30 39 0 
31 32 36 0 
1 8 15 0 
4 7 9 11 23 35 0 
16 19 21 23 32 33 37 0 
1 10 13 16 31 32 36 38 0 
2 5 9 31 38 39 0 
12 14 17 22 32 33 34 36 0 
7 8 11 12 23 25 0 
13 20 29 37 0 
1 2 11 19 20 29 32 35 0 
14 15 17 21 23 29 30 33 35 0 
17 18 19 22 29 0 
4 8 13 19 25 31 33 39 0 
2 5 14 16 18 23 26 32 33 34 0 
6 8 17 20 27 0 
2 6 7 12 17 20 28 29 39 0 
2 5 8 11 16 17 24 28 33 0 
2 4 6 31 33 0 
8 12 13 17 22 23 26 27 31 33 38 0 
22 25 26 30 33 0 
6 15 18 20 23 32 0 
2 6 11 13 17 38 0 
17 28 35 39 0 
15 24 27 28 29 36 37 0 
3 8 11 22 25 34 0 
7 28 36 0 
1 3 5 8 18 37 0 
5 8 15 16 22 24 26 33 0 
11 12 26 29 32 36 0 
5 6 16 17 20 0 
19 24 29 37 0 
9 12 17 23 27 30 35 36 37 38 0 
1 3 9 18 20 39 0 
11 17 18 19 23 0 
1 8 17 19 21 23 25 29 36 0 
7 19 21 23 24 25 26 32 37 0 
14 16 23 38 39 0 
1 9 11 17 20 36 0 
3 5 9 11 21 22 29 37 38 0 
3 6 15 16 17 28 35 36 0 
3 19 25 30 0 
1 4 8 12 13 23 26 0 
3 15 21 22 25 28 31 32 37 38 0 
2 13 15 24 28 0 
4 23 28 29 31 37 38 0 
4 7 9 26 27 28 35 36 37 38 0 
3 9 11 13 14 15 19 29 33 0 
1 2 6 16 18 23 24 28 32 0 
3 8 17 21 28 29 39 0 
1 13 14 15 17 18 21 30 38 0 
9 11 25 31 33 37 0 
3 17 19 27 31 32 36 38 39 0 
1 10 30 35 36 38 0 
3 12 14 30 31 0 
5 10 11 12 17 21 27 29 39 0 
2 7 25 34 36 0 
4 13 16 24 29 30 38 0 
7 8 10 15 0 
6 12 15 26 28 30 0 
5 9 10 16 22 0 
19 20 32 39 0 
2 5 7 20 23 27 29 32 0 
3 7 9 12 14 24 25 27 34 0 
3 4 7 10 16 24 26 29 33 0 
5 10 13 15 24 28 0 
2 15 22 27 32 35 0 
8 15 19 21 22 23 26 32 39 0 
20 24 25 26 31 35 36 0 
1 4 12 26 29 32 34 36 0 
1 18 27 38 0 
4 6 7 14 17 25 26 30 33 37 0 
16 29 31 32 33 38 0 
6 12 20 21 24 39 0 
4 14 19 20 24 26 29 30 32 37 0 
18 22 27 29 36 37 0 
8 10 19 36 0 
1 2 4 20 21 25 28 29 0 
2 5 31 0 
6 14 16 21 22 26 31 0 
1 5 6 14 22 26 0 
4 5 24 33 0 
4 10 12 20 21 24 36 0 
6 9 12 16 18 23 25 29 36 0 
16 32 36 0 
3 5 8 14 19 32 0 
4 14 23 24 25 30 34 0 
8 11 14 16 18 24 32 37 39 0 
8 21 35 0 
9 15 39 0 
9 10 22 30 33 34 38 39 0 
1 34 35 39 0 
5 6 12 15 17 18 19 23 31 0 
1 7 10 23 28 30 37 0 
5 13 16 18 20 27 31 37 0 
5 12 18 25 26 34 0 
7 9 20 26 34 35 37 38 0 
9 14 16 18 22 0 
3 7 8 17 23 0 
1 6 12 16 32 37 0 
11 14 25 38 39 0 
5 6 9 11 14 15 17 18 22 23 27 34 37 0 
6 22 32 38 0 
2 3 8 24 25 28 37 0 
3 16 18 23 34 36 39 0 
2 19 20 27 29 0 
13 14 17 23 32 34 35 39 0 
3 11 17 22 27 34 36 0 
1 5 11 20 22 24 0 
3 5 6 12 23 33 34 37 0 
3 6 13 17 26 30 31 34 0 
1 23 28 30 32 35 37 0 
3 4 6 13 16 36 39 0 
1 12 18 20 25 29 31 0 
3 14 20 21 27 31 35 0 
6 14 26 33 36 0 
1 8 9 14 26 27 30 31 32 0 
1 13 0 
4 12 15 22 31 34 0 
1 2 4 11 14 16 26 0 
5 15 19 22 32 36 0 
13 20 35 37 0 
11 23 26 34 39 0 
1 2 3 4 5 7 26 28 32 0 
8 24 26 27 35 0 
2 12 16 21 22 25 28 32 36 38 0 
3 14 16 23 24 31 33 35 36 0 
24 26 36 0 
4 5 6 21 22 24 25 29 0 
2 5 9 17 26 28 37 0 
9 11 12 21 0 
13 24 37 38 0 
8 22 23 26 36 37 0 
1 15 18 20 31 0 
2 3 6 25 33 35 37 39 0 
1 3 8 11 23 26 33 35 0 
3 7 32 33 34 0 
1 2 10 11 15 23 0 
1 5 16 18 19 25 35 38 0 
10 15 25 0 
14 23 25 28 30 0 
7 15 20 24 38 0 
-11 -31 -33 -36 0 
-4 -13 -16 -17 -28 -29 -32 -35 0 
-16 -17 -19 -26 -30 -34 0 
-9 -13 -24 -28 -32 0 
-5 -12 -14 -18 -19 -33 0 
-1 -11 -13 -16 -17 -19 -20 -21 -23 -28 0 
-3 -6 -7 -28 -29 0 
-1 -10 -21 -28 -31 -37 0 
-18 -19 -20 -22 -29 -31 0 
-10 -16 -17 -18 -20 -21 -24 -31 -38 0 
-4 -5 -12 -19 -20 -25 -30 -37 -39 0 
-1 -5 -10 -15 -18 -27 -28 0 
-11 -18 -22 -23 -30 -31 0 
-14 -15 -20 -24 -27 -29 -32 0 
-9 -10 -16 -18 -20 -28 -32 -37 -39 0 
-3 -8 -10 -15 -18 -30 -38 0 
-2 -4 -5 -14 -22 -26 -37 -38 0 
-13 -33 0 
-11 -20 -35 -38 0 
-1 -6 -10 -17 -18 -22 -28 -33 0 
-9 -13 -14 -39 0 
-1 -5 -6 -19 -30 -34 -37 0 
-9 -12 -16 -17 -25 -29 -31 -33 -37 0 
-1 -10 -18 -25 -33 0 
-9 -13 -14 -18 -24 -28 -32 -35 0 
-1 -12 -15 -16 -20 -21 -23 -31 -36 -37 -38 0 
-1 -9 -16 -25 -39 0 
-2 -17 -19 -21 -22 -32 -36 0 
-10 -12 -23 -24 -26 -27 0 
-17 -18 -24 -25 -31 -35 -39 0 
-10 -14 -15 -18 -26 0 
-2 -4 -7 -17 -21 0 
-4 -10 -16 -17 -25 -30 -31 -36 0 
-14 -39 0 
-14 -23 -24 -29 -32 0 
-8 -15 -16 -26 -35 -37 0 
-9 -18 -20 -21 -27 -29 -32 0 
-1 -4 -5 -10 -14 -16 -32 -33 -38 0 
-2 -4 -9 -14 -20 -31 -32 -38 0 
-3 -7 -10 -11 -23 -30 0 
-8 -10 -17 -28 -34 -36 0 
-1 -16 -32 -33 0 
-1 -6 -13 -23 -24 -26 -32 -36 0 
-8 -23 -24 -26 -35 0 
-11 -21 0 
-16 -23 -28 -30 -36 -38 0 
-3 -15 -21 -25 -39 0 
-5 -13 -16 -19 -26 -27 -30 -35 0 
-2 -19 -25 -26 -29 0 
-1 -3 -9 -10 -14 -19 -37 0 
-1 -6 -15 -19 -32 -34 -37 0 
-1 -10 -18 -24 -32 -33 -34 -39 0 
-2 -11 -17 -26 0 
-2 -4 -5 -11 -13 -15 0 
-14 -21 -24 -27 -28 -31 0 
-9 -10 -23 -24 -26 -31 -33 -38 0 
-3 -4 -5 -14 -24 -32 -35 0 
-1 -8 -9 -17 0 
-17 -22 -26 -32 -33 -34 0 
-2 -3 -7 -20 -31 -34 0 
-7 -14 -27 -33 -37 -39 0 
-4 -5 -8 -13 -16 -32 -35 -36 0 
-3 -6 -7 -9 -28 -30 -36 0 
-3 -12 -29 -32 -37 0 
-4 -9 -12 -14 -16 -21 -23 -28 -30 0 
-3 -4 -6 -9 -11 -13 -18 -29 0 
-6 -14 -19 -33 -36 -37 0 
-11 -15 -19 -26 -31 -38 -39 0 
-7 -8 -10 -11 -13 -14 -15 -25 -28 0 
-7 -10 -11 -24 -30 -32 -33 0 
-5 -11 -16 -18 -26 -28 -36 -38 0 
-1 -4 -8 -11 -32 0 
-1 -6 -11 -24 -30 -35 0 
-16 -18 -24 -35 0 
-24 -25 -31 -36 0 
-11 -18 -26 -36 -37 0 
-4 -8 -12 -14 -20 -35 -38 0 
-2 -3 -14 0 
-2 -13 -22 -27 -30 -33 -39 0 
-2 -8 -12 -19 -24 -26 -27 -31 -34 -35 -38 0 
-1 -6 -11 -15 -22 -24 0 
-5 -7 -12 -15 -23 -38 -39 0 
-4 -10 -13 -20 -25 -27 0 
-7 -9 -25 -29 -32 -38 0 
-9 -13 -15 -16 -19 -23 0 
-2 -4 -6 -10 -23 -25 -26 -34 -36 0 
-2 -8 -12 -17 -21 -30 -31 -32 -33 -36 -39 0 
-2 -8 -18 -20 -23 -29 -33 0 
-2 -14 -15 -16 -32 -36 -39 0 
-14 -17 -21 -22 -31 -36 -39 0 
-2 -3 -9 -10 -14 -20 -24 -32 -35 0 
-4 -13 -20 -30 -31 -32 0 
-3 -10 -16 -22 -36 0 
-1 -3 -5 -9 -12 -17 -20 -27 -35 -36 0 
-8 -14 -19 -21 -26 0 
-2 -3 -5 -29 -38 0 
-1 -26 -28 -38 0 
-2 -4 -9 -11 -14 -15 -16 -18 -26 -33 -38 0 
-4 -5 -8 -14 -18 -20 -26 -37 0 
-8 -18 -22 -30 -36 -37 -38 0 
-13 -17 -23 -32 0 
-4 -22 -25 -33 -39 0 
-13 -14 -17 -20 -30 -31 0 
-12 -27 -28 -33 0 
-4 -6 -9 -14 -21 -31 -36 -38 0 
-16 -25 -26 -29 0 
-3 -17 -20 -22 -25 -27 -30 0 
-10 -12 -20 -22 -29 -31 0 
-5 -19 -30 0 
-15 -20 -33 -39 0 
-2 -18 -20 -22 -25 -33 0 
-2 -14 -15 -17 -19 -24 -25 -31 -32 0 
-5 -7 -11 -12 -18 -29 -36 0 
-9 -10 -13 -18 -21 -22 -25 -26 -27 -29 -33 0 
-1 -10 -11 -13 -21 -31 -33 -34 -37 -39 0 
-5 -12 -13 -14 -21 -30 -31 -37 0 
-14 -15 -16 -18 -23 -36 -37 0 
-15 -23 -25 -28 -31 -37 0 
-15 -25 -26 -28 -35 0 
-5 -8 -10 -13 -15 -32 0 
-20 -24 -28 0 
-1 -9 -10 -12 -34 -38 0 
-20 -22 -33 -35 -36 -38 0 
-3 -4 -8 -18 -21 0 
-4 -12 -13 -16 -21 -30 -35 -37 0 
-3 -12 -16 -20 -28 -37 0 
-11 -17 -21 -25 -33 -37 0 
-8 -12 -28 -36 0 
-22 -23 -34 -36 0 
-4 -9 -18 -21 -24 -25 -27 -29 -38 0 
-9 -27 -29 -35 0 
-3 -6 -8 -9 -16 -22 -24 -33 -34 -38 0 
-1 -15 -22 -23 -37 -38 0 
-3 -4 -12 -17 -25 -26 -38 0 
-16 -17 -25 -29 0 
-4 -10 -31 -37 0 
-2 -9 -16 -33 0 
-2 -6 -10 -15 -20 -22 -23 -24 -27 -28 0 
-10 -25 -26 -37 -38 0 
-3 -7 -13 -14 -18 -22 -27 -33 -36 -38 0 
-2 -5 -14 -21 -28 -30 -31 -36 0 
-10 -15 -16 -19 -21 -27 -32 -33 -35 -38 -39 0 
-17 -25 0 
-6 -21 -39 0 
-5 -15 -23 -24 0 
-1 -9 -10 -15 -23 -33 0 
-15 -21 -30 -31 -32 0 
-1 -5 -18 -28 -32 -33 -35 -38 0 
-6 -22 -25 -26 -28 -36 0 
-18 -31 -34 -37 0 
-4 -16 -20 -21 -22 -24 -31 -36 0 
-13 -18 -20 -21 -35 0 
-3 -5 -12 -14 0 
-6 -7 -8 -9 -11 -16 -18 -38 0 
-1 -3 -7 -9 -14 -28 -32 -33 -34 -36 0 
-5 -11 -15 -21 -31 0 
-7 -10 -11 -12 -16 -19 -21 -28 -32 -37 0 
-9 -10 -14 -15 -22 -23 -25 -29 -35 -39 0 
-2 -3 -6 -34 0 
-7 -8 -9 -18 -21 -24 -26 0 
-1 -18 -19 -22 -24 -30 -36 0 
-4 -5 -9 -16 -17 -21 -39 0 
-4 -7 -9 -15 0 
-3 -9 -12 -19 -21 -22 -25 -27 -34 0 
-6 -15 -31 -32 0 
-1 -8 -29 -31 -33 -36 0 
-11 -13 -18 -33 -34 -35 0 
-12 -15 -18 -27 -36 0 
-3 -29 -30 -33 -36 -37 0 
-4 -6 -18 -19 -27 -29 -31 -34 0 
-3 -5 -10 -15 -16 -23 -30 -31 -35 -38 0 
-4 -11 -15 -20 -33 -37 0 
-3 -8 -12 -22 -25 -27 -30 -34 -38 0 
-21 -30 -38 0 
-5 -9 -21 -23 -28 -30 -31 0 
-7 -18 -24 -28 -34 0 
-4 -5 -6 -8 -11 -14 -39 0 
-11 -12 -14 -15 -17 -37 0 
-2 -7 -8 -13 -19 -27 -28 0 
-17 -26 -30 -33 0 
-6 -17 -26 -36 -39 0 
-1 -2 -24 -28 -30 -36 0 
-10 -11 -22 -26 0 
-5 -12 -25 -35 0 
-2 -6 -19 -26 -30 -32 -35 0 
-4 -10 -11 -12 -23 -27 -31 -34 -35 -39 0 
-4 -8 -13 -15 -20 -37 0 
-1 -4 -6 -8 -12 -15 -18 -39 0 
-1 -13 -19 -26 -28 0 
-2 -6 -9 -12 -30 -33 -37 -38 0 
-2 -6 -16 -17 -24 -32 -39 0 
-5 -8 -15 -16 -20 -26 -29 0 
-4 -9 -14 -21 -31 -36 0 
-1 -11 -16 -22 -29 -37 0 
-5 -6 -8 -11 -35 0 
-1 -8 -9 -15 -16 -17 -22 -27 -31 -39 0 
-5 -6 -18 -24 -34 -39 0 
-1 -4 -26 -28 -39 0 
-2 -4 -17 -20 -27 -28 -29 -31 0 
-5 -9 -10 -13 -19 -25 -27 -39 0 
-2 -14 -25 -27 -28 -35 -39 0 
-3 -7 -8 -26 -31 -32 -39 0 
-11 -12 -14 -26 -31 -33 0 
-3 -13 -17 -21 -25 0 
-2 -4 -12 -14 -16 0 
-3 -5 -15 -21 -29 -36 -39 0 
-3 -7 -16 -17 -19 -26 -33 0 
-19 -25 -36 -37 0 
-13 -19 -22 -31 -35 0 
-9 -10 -16 -24 -29 -30 -32 0 
-2 -10 -15 -24 -28 0 
-2 -31 -33 -37 0 
-15 -20 -22 -28 -34 0 
-2 -12 -18 -19 -22 -23 -25 -26 -29 -30 -34 0 
-2 -5 -19 -23 -28 -32 -34 0 
-11 -14 -28 -34 0 
-3 -11 -16 -22 -24 -27 -28 -31 -34 0 
-9 -14 -18 -30 0 
-4 -11 -26 -28 -30 -31 -34 -39 0 
-6 -10 -12 -22 -27 -31 -36 0 
-10 -11 -20 -22 -25 -27 -32 -37 -38 0 
-1 -6 -8 -9 -14 -15 -19 -21 -22 -36 0 
-12 -20 -24 -29 -30 -32 0 
-1 -32 -39 0 
-4 -5 -8 -19 -31 -36 -39 0 
-3 -9 -20 -23 -27 -29 -30 -31 0 
-1 -14 -15 -21 -26 -27 -32 0 
-6 -14 -15 -19 -20 -27 -34 -36 0 
-10 -20 -23 -35 -36 0 
-1 -3 -15 -20 0 
-2 -3 -24 -26 -31 -32 -36 0 
-12 -15 -18 -19 -30 -31 0 
-3 -18 -20 -22 -27 0 
-1 -16 -18 -20 -23 -27 -37 0 
-3 -5 -7 -14 -17 -19 -29 -30 -36 0 
-3 -6 -8 -9 -17 -19 -32 -34 -37 -39 0 
-5 -18 -35 -39 0 
-8 -14 -15 -18 -21 -23 -24 -30 -31 -34 0 
-11 -21 -22 -37 0 
-5 -9 -15 -17 -18 -25 -26 -31 -34 -35 -38 0 
-2 -9 -18 -20 -21 0 
-2 -4 -7 -18 -20 -28 0 
-4 -15 -17 -20 -31 -38 0 
-10 -21 -27 -31 0 
-13 -14 -23 -24 -27 0 
-1 -16 -18 -19 -20 -25 0 
-11 -14 -15 -21 0 
-4 -15 -23 -26 -34 0 
-1 -21 -23 -33 0 
-5 -6 -10 -12 -13 -14 -16 -20 -23 -26 -27 0 
-6 -8 -10 -15 -21 -30 -32 -34 -35 0 
-2 -4 -5 -18 -23 -30 0 
-8 -12 -13 -14 -15 -19 -25 0 
-4 -16 -19 -22 -24 -28 -36 0 
-9 -39 0 
-6 -8 -31 -36 -37 -38 0 
-2 -4 -16 -30 -39 0 
-7 -13 -14 -24 0 
-4 -20 -30 -39 0 
-31 -32 -36 0 
-1 -8 -15 0 
-4 -7 -9 -11 -23 -35 0 
-16 -19 -21 -23 -32 -33 -37 0 
-1 -10 -13 -16 -31 -32 -36 -38 0 
-2 -5 -9 -31 -38 -39 0 
-12 -14 -17 -22 -32 -33 -34 -36 0 
-7 -8 -11 -12 -23 -25 0 
-13 -20 -29 -37 0 
-1 -2 -11 -19 -20 -29 -32 -35 0 
-14 -15 -17 -21 -23 -29 -30 -33 -35 0 
-17 -18 -19 -22 -29 0 
-4 -8 -13 -19 -25 -31 -33 -39 0 
-2 -5 -14 -16 -18 -23 -26 -32 -33 -34 0 
-6 -8 -17 -20 -27 0 
-2 -6 -7 -12 -17 -20 -28 -29 -39 0 
-2 -5 -8 -11 -16 -17 -24 -28 -33 0 
-2 -4 -6 -31 -33 0 
-8 -12 -13 -17 -22 -23 -26 -27 -31 -33 -38 0 
-22 -25 -26 -30 -33 0 
-6 -15 -18 -20 -23 -32 0 
-2 -6 -11 -13 -17 -38 0 
-17 -28 -35 -39 0 
-15 -24 -27 -28 -29 -36 -37 0 
-3 -8 -11 -22 -25 -34 0 
-7 -28 -36 0 
-1 -3 -5 -8 -18 -37 0 
-5 -8 -15 -16 -22 -24 -26 -33 0 
-11 -12 -26 -29 -32 -36 0 
-5 -6 -16 -17 -20 0 
-19 -24 -29 -37 0 
-9 -12 -17 -23 -27 -30 -35 -36 -37 -38 0 
-1 -3 -9 -18 -20 -39 0 
-11 -17 -18 -19 -23 0 
-1 -8 -17 -19 -21 -23 -25 -29 -36 0 
-7 -19 -21 -23 -24 -25 -26 -32 -37 0 
-14 -16 -23 -38 -39 0 
-1 -9 -11 -17 -20 -36 0 
-3 -5 -9 -11 -21 -22 -29 -37 -38 0 
-3 -6 -15 -16 -17 -28 -35 -36 0 
-3 -19 -25 -30 0 
-1 -4 -8 -12 -13 -23 -26 0 
-3 -15 -21 -22 -25 -28 -31 -32 -37 -38 0 
-2 -13 -15 -24 -28 0 
-4 -23 -28 -29 -31 -37 -38 0 
-4 -7 -9 -26 -27 -28 -35 -36 -37 -38 0 
-3 -9 -11 -13 -14 -15 -19 -29 -33 0 
-1 -2 -6 -16 -18 -23 -24 -28 -32 0 
-3 -8 -17 -21 -28 -29 -39 0 
-1 -13 -14 -15 -17 -18 -21 -30 -38 0 
-9 -11 -25 -31 -33 -37 0 
-3 -17 -19 -27 -31 -32 -36 -38 -39 0 
-1 -10 -30 -35 -36 -38 0 
-3 -12 -14 -30 -31 0 
-5 -10 -11 -12 -17 -21 -27 -29 -39 0 
-2 -7 -25 -34 -36 0 
-4 -13 -16 -24 -29 -30 -38 0 
-7 -8 -10 -15 0 
-6 -12 -15 -26 -28 -30 0 
-5 -9 -10 -16 -22 0 
-19 -20 -32 -39 0 
-2 -5 -7 -20 -23 -27 -29 -32 0 
-3 -7 -9 -12 -14 -24 -25 -27 -34 0 
-3 -4 -7 -10 -16 -24 -26 -29 -33 0 
-5 -10 -13 -15 -24 -28 0 
-2 -15 -22 -27 -32 -35 0 
-8 -15 -19 -21 -22 -23 -26 -32 -39 0 
-20 -24 -25 -26 -31 -35 -36 0 
-1 -4 -12 -26 -29 -32 -34 -36 0 
-1 -18 -27 -38 0 
-4 -6 -7 -14 -17 -25 -26 -30 -33 -37 0 
-16 -29 -31 -32 -33 -38 0 
-6 -12 -20 -21 -24 -39 0 
-4 -14 -19 -20 -24 -26 -29 -30 -32 -37 0 
-18 -22 -27 -29 -36 -37 0 
-8 -10 -19 -36 0 
-1 -2 -4 -20 -21 -25 -28 -29 0 
-2 -5 -31 0 
-6 -14 -16 -21 -22 -26 -31 0 
-1 -5 -6 -14 -22 -26 0 
-4 -5 -24 -33 0 
-4 -10 -12 -20 -21 -24 -36 0 
-6 -9 -12 -16 -18 -23 -25 -29 -36 0 
-16 -32 -36 0 
-3 -5 -8 -14 -19 -32 0 
-4 -14 -23 -24 -25 -30 -34 0 
-8 -11 -14 -16 -18 -24 -32 -37 -39 0 
-8 -21 -35 0 
-9 -15 -39 0 
-9 -10 -22 -30 -33 -34 -38 -39 0 
-1 -34 -35 -39 0 
-5 -6 -12 -15 -17 -18 -19 -23 -31 0 
-1 -7 -10 -23 -28 -30 -37 0 
-5 -13 -16 -18 -20 -27 -31 -37 0 
-5 -12 -18 -25 -26 -34 0 
-7 -9 -20 -26 -34 -35 -37 -38 0 
-9 -14 -16 -18 -22 0 
-3 -7 -8 -17 -23 0 
-1 -6 -12 -16 -32 -37 0 
-11 -14 -25 -38 -39 0 
-5 -6 -9 -11 -14 -15 -17 -18 -22 -23 -27 -34 -37 0 
-6 -22 -32 -38 0 
-2 -3 -8 -24 -25 -28 -37 0 
-3 -16 -18 -23 -34 -36 -39 0 
-2 -19 -20 -27 -29 0 
-13 -14 -17 -23 -32 -34 -35 -39 0 
-3 -11 -17 -22 -27 -34 -36 0 
-1 -5 -11 -20 -22 -24 0 
-3 -5 -6 -12 -23 -33 -34 -37 0 
-3 -6 -13 -17 -26 -30 -31 -34 0 
-1 -23 -28 -30 -32 -35 -37 0 
-3 -4 -6 -13 -16 -36 -39 0 
-1 -12 -18 -20 -25 -29 -31 0 
-3 -14 -20 -21 -27 -31 -35 0 
-6 -14 -26 -33 -36 0 
-1 -8 -9 -14 -26 -27 -30 -31 -32 0 
-1 -13 0 
-4 -12 -15 -22 -31 -34 0 
-1 -2 -4 -11 -14 -16 -26 0 
-5 -15 -19 -22 -32 -36 0 
-13 -20 -35 -37 0 
-11 -23 -26 -34 -39 0 
-1 -2 -3 -4 -5 -7 -26 -28 -32 0 
-8 -24 -26 -27 -35 0 
-2 -12 -16 -21 -22 -25 -28 -32 -36 -38 0 
-3 -14 -16 -23 -24 -31 -33 -35 -36 0 
-24 -26 -36 0 
-4 -5 -6 -21 -22 -24 -25 -29 0 
-2 -5 -9 -17 -26 -28 -37 0 
-9 -11 -12 -21 0 
-13 -24 -37 -38 0 
-8 -22 -23 -26 -36 -37 0 
-1 -15 -18 -20 -31 0 
-2 -3 -6 -25 -33 -35 -37 -39 0 
-1 -3 -8 -11 -23 -26 -33 -35 0 
-3 -7 -32 -33 -34 0 
-1 -2 -10 -11 -15 -23 0 
-1 -5 -16 -18 -19 -25 -35 -38 0 
-10 -15 -25 0 
-14 -23 -25 -28 -30 0 
-7 -15 -20 -24 -38 0 
