p cnf 40 800
4 10 12 13 15 21 30 35 0 
4 12 15 21 22 25 32 34 38 0 
11 15 27 36 0 
12 14 16 23 24 25 30 34 0 
17 22 25 33 34 0 
3 8 9 18 23 31 33 36 0 
10 14 18 23 33 37 38 0 
4 10 33 38 0 
2 7 23 25 30 32 33 34 0 
3 12 14 15 17 32 0 
3 11 19 20 40 0 
13 15 20 39 0 
6 10 14 15 17 25 26 27 39 0 
7 10 11 13 34 37 38 39 0 
7 25 26 32 36 39 0 
2 3 4 5 12 32 34 37 38 0 
2 14 18 29 31 32 40 0 
2 4 5 8 20 21 26 31 38 39 0 
9 17 19 22 31 0 
11 23 25 34 40 0 
5 8 29 31 34 0 
9 11 12 14 20 25 32 33 34 0 
11 18 19 23 29 30 0 
1 4 16 18 26 34 0 
5 11 12 33 37 0 
21 23 28 29 32 0 
1 6 8 15 22 25 29 34 0 
1 2 11 15 16 23 33 39 0 
5 7 8 9 31 0 
4 9 31 37 39 0 
3 4 14 16 23 33 35 38 0 
19 20 22 24 36 0 
3 12 13 19 20 31 35 0 
4 11 19 30 38 0 
1 19 21 22 28 29 0 
15 23 35 38 40 0 
20 22 0 
4 5 13 24 26 34 0 
9 20 21 29 30 35 0 
12 16 24 28 31 0 
6 13 24 30 33 0 
4 11 19 21 0 
3 14 26 28 33 40 0 
3 18 22 23 32 36 40 0 
2 4 6 10 17 18 21 22 0 
5 14 15 21 26 28 0 
9 17 19 26 33 35 0 
1 6 37 0 
4 13 18 19 25 35 36 0 
1 3 4 7 16 17 29 36 37 39 0 
12 25 27 33 37 39 0 
3 4 9 18 35 37 38 0 
4 11 13 15 18 0 
9 21 25 33 34 0 
14 26 30 38 0 
1 13 17 24 30 39 0 
8 10 12 26 30 0 
8 15 32 33 0 
14 17 39 0 
11 23 27 38 0 
5 11 17 22 23 25 32 0 
2 9 16 29 37 0 
7 16 19 20 27 29 34 36 0 
12 29 36 39 0 
3 6 10 11 25 31 37 39 0 
1 3 34 0 
3 28 0 
2 7 10 30 36 37 38 40 0 
1 15 16 19 20 27 36 37 0 
4 14 20 23 32 33 39 0 
9 13 14 17 0 
2 15 33 35 39 0 
14 32 34 37 0 
8 15 16 22 25 26 0 
5 8 11 19 20 23 25 29 34 40 0 
1 4 5 16 24 30 32 33 0 
7 9 13 16 20 21 29 36 39 40 0 
2 6 18 20 24 31 40 0 
1 3 4 0 
2 6 14 17 20 24 32 0 
4 11 13 19 25 30 33 39 0 
8 9 15 19 32 39 0 
4 8 31 34 36 0 
3 13 17 40 0 
6 8 13 15 26 29 30 32 0 
3 5 20 37 0 
9 10 16 17 20 21 33 39 0 
4 10 11 24 39 0 
6 8 12 33 40 0 
4 12 14 18 21 30 31 38 0 
11 14 27 29 35 36 0 
5 10 14 16 26 28 37 0 
17 20 33 34 0 
5 6 14 17 19 30 38 0 
5 10 20 24 31 38 0 
5 18 29 0 
1 10 24 30 0 
3 6 19 26 28 29 30 31 34 39 0 
1 17 23 25 37 0 
2 9 17 23 24 26 0 
1 4 6 14 0 
8 15 16 21 25 28 39 0 
3 4 12 16 17 30 34 35 40 0 
4 10 11 17 22 36 38 0 
12 18 24 26 33 0 
6 9 18 29 33 38 39 0 
4 6 15 20 28 32 33 35 0 
10 12 13 19 23 37 0 
3 11 23 24 26 37 0 
3 11 15 32 33 38 0 
1 7 26 28 38 0 
6 9 18 30 31 36 0 
7 25 36 0 
6 8 14 23 25 31 33 0 
1 2 8 9 33 0 
3 10 22 23 25 28 32 33 0 
2 3 16 22 28 0 
1 15 18 26 33 0 
1 3 4 5 6 8 17 18 25 28 29 30 33 34 40 0 
7 21 24 28 32 36 0 
5 6 7 17 22 26 32 36 0 
3 5 10 12 15 19 22 31 32 0 
23 29 33 38 0 
6 8 25 26 0 
3 8 26 37 0 
12 13 28 30 38 40 0 
2 3 10 12 17 27 33 0 
4 10 14 28 38 0 
15 23 26 31 0 
4 7 22 23 24 30 31 37 0 
1 6 18 23 30 0 
4 5 25 32 35 0 
1 5 24 31 34 0 
1 11 28 35 36 40 0 
7 13 14 15 18 39 0 
2 8 13 14 15 17 21 31 36 37 0 
14 15 21 24 26 32 0 
1 2 10 12 14 30 32 35 0 
1 8 12 0 
3 6 18 21 23 27 33 0 
2 19 30 31 32 37 0 
11 14 18 19 36 39 0 
19 21 22 25 27 39 0 
2 12 14 16 18 27 29 31 36 38 0 
9 14 23 28 39 0 
8 14 22 23 27 0 
2 7 15 18 21 28 31 39 0 
3 10 13 17 27 36 39 0 
4 21 23 25 37 38 0 
6 9 14 16 19 20 33 36 0 
4 13 17 32 35 37 0 
2 10 14 15 21 26 0 
2 3 12 23 30 31 33 0 
1 3 12 15 18 22 32 0 
5 7 15 17 0 
6 9 14 18 23 32 35 39 0 
9 10 14 16 22 26 29 35 0 
4 7 16 19 22 27 31 0 
7 9 13 14 16 23 39 0 
8 12 17 25 26 31 39 0 
8 17 24 37 38 0 
3 15 26 27 28 33 34 36 0 
1 15 20 23 33 0 
3 8 10 14 31 38 0 
6 26 27 31 0 
2 3 7 12 14 19 35 37 0 
2 4 6 7 9 17 24 28 34 35 37 38 0 
20 27 30 32 39 0 
15 20 23 24 29 36 40 0 
5 13 14 24 39 0 
1 3 6 10 14 15 24 27 37 0 
5 23 27 39 0 
2 3 12 21 24 30 0 
1 10 17 22 23 32 36 38 0 
4 5 12 15 18 20 26 30 33 37 39 0 
4 8 10 15 22 0 
2 8 16 18 32 37 0 
3 4 6 8 16 18 25 30 0 
5 9 11 30 0 
4 5 28 30 0 
1 3 16 20 27 31 0 
5 10 15 18 26 27 28 39 0 
8 14 23 34 37 0 
5 7 24 26 34 36 0 
19 20 22 30 32 0 
3 5 7 9 26 30 34 37 0 
3 13 17 25 33 38 0 
2 9 13 17 19 24 25 27 28 33 0 
4 15 20 21 23 26 27 0 
2 5 21 34 0 
11 16 19 23 29 30 34 35 36 37 0 
1 11 19 23 28 35 0 
2 17 22 35 0 
5 10 14 17 18 33 35 40 0 
1 8 16 28 30 31 35 36 0 
4 9 10 24 27 34 35 36 0 
2 10 11 22 26 0 
5 12 14 16 22 31 35 0 
7 10 15 22 28 31 35 38 39 40 0 
9 13 18 27 29 31 0 
11 13 25 37 0 
3 6 17 20 25 28 0 
7 18 20 21 22 23 0 
2 4 11 15 27 28 34 35 37 40 0 
1 2 5 7 16 18 22 31 32 0 
5 7 11 15 16 23 24 33 0 
18 24 25 0 
3 19 24 32 40 0 
1 3 5 7 13 20 25 33 35 0 
2 5 9 10 33 37 0 
2 18 22 24 28 29 32 34 36 0 
10 11 22 38 0 
5 12 18 19 34 0 
3 4 14 16 23 36 0 
4 6 7 14 27 0 
4 15 29 40 0 
3 8 16 21 24 0 
2 10 24 25 30 36 0 
2 22 23 0 
9 13 14 21 22 24 28 34 0 
1 8 12 13 15 17 33 37 0 
3 18 20 22 29 31 33 37 0 
7 13 17 21 29 34 37 38 0 
7 11 14 15 24 25 26 29 31 35 0 
3 7 22 33 39 0 
2 5 9 16 24 26 28 33 39 40 0 
17 19 31 0 
2 10 16 24 35 0 
1 7 27 33 36 0 
2 14 22 34 0 
19 21 32 33 37 0 
3 11 16 28 29 40 0 
3 4 11 14 21 24 30 34 40 0 
19 27 29 34 40 0 
8 10 27 36 37 0 
2 5 15 38 0 
6 7 11 13 18 23 24 25 38 0 
11 14 30 35 0 
1 5 9 17 24 36 0 
2 6 8 27 28 30 0 
1 3 11 12 14 16 18 25 34 37 40 0 
2 3 5 6 17 24 32 35 0 
19 31 35 37 0 
15 16 31 38 0 
4 9 19 22 24 32 36 37 0 
7 8 11 13 24 32 35 0 
1 11 12 14 15 32 33 35 38 39 0 
1 7 8 17 25 30 37 0 
4 7 18 20 26 38 0 
2 3 10 24 28 32 35 39 0 
4 6 7 12 15 19 31 36 0 
1 8 9 33 34 35 0 
9 20 33 35 40 0 
17 18 20 24 0 
3 4 8 11 16 18 19 21 27 39 0 
12 18 22 23 31 35 0 
1 5 13 17 24 29 40 0 
5 20 22 35 37 0 
1 4 15 27 36 0 
7 11 15 16 17 33 36 39 0 
2 6 9 15 22 32 0 
2 8 11 13 19 22 35 36 0 
6 10 18 23 26 28 32 33 36 38 0 
3 11 19 26 28 31 32 37 0 
3 5 11 13 16 19 20 21 36 0 
1 6 14 18 39 0 
9 10 17 20 26 36 0 
13 19 28 32 33 0 
5 10 16 32 36 39 0 
6 13 15 17 18 19 20 0 
1 6 19 26 32 0 
5 8 27 32 33 0 
15 19 21 22 30 33 34 0 
2 5 9 12 13 30 31 34 35 37 0 
33 39 0 
2 3 13 15 20 23 34 0 
2 13 14 35 36 0 
7 19 21 22 24 28 0 
2 4 17 19 26 30 32 34 36 0 
13 17 24 33 38 39 0 
15 22 30 39 0 
1 5 6 7 9 12 15 25 0 
4 6 7 9 12 15 16 18 21 37 38 40 0 
2 11 21 26 33 39 0 
11 12 13 33 34 37 0 
1 8 20 21 22 23 28 32 40 0 
9 14 19 21 32 33 36 0 
6 9 13 15 18 20 24 26 30 0 
9 13 16 18 22 23 31 40 0 
3 11 14 20 24 27 38 0 
1 9 12 16 24 0 
2 22 23 24 25 0 
6 28 31 35 0 
1 2 9 11 31 38 0 
11 19 20 23 40 0 
4 10 11 12 18 28 35 38 0 
24 26 28 30 36 0 
10 19 29 33 34 36 0 
25 29 30 34 0 
3 9 24 31 34 36 37 0 
3 5 30 32 37 0 
2 4 16 19 24 30 32 35 36 0 
2 11 25 27 34 0 
2 4 6 25 26 27 31 33 40 0 
6 7 37 0 
9 15 20 21 24 30 35 37 39 0 
4 16 19 21 25 31 34 39 0 
4 6 10 21 25 30 31 37 40 0 
3 4 6 13 18 28 29 36 38 39 40 0 
1 4 6 17 27 32 35 37 40 0 
18 32 34 40 0 
9 19 22 24 25 26 37 0 
1 11 14 19 22 39 0 
8 14 18 21 22 24 26 31 33 37 0 
5 8 13 15 18 23 31 34 0 
1 5 14 17 31 32 38 0 
1 15 17 23 30 37 0 
7 9 11 12 15 16 17 18 22 25 31 35 40 0 
2 6 9 10 13 18 23 25 39 0 
3 4 8 17 25 33 38 0 
6 12 14 15 18 26 28 35 40 0 
2 27 34 0 
22 28 31 34 38 0 
14 15 18 21 30 35 38 0 
6 18 19 28 37 39 40 0 
2 11 17 20 30 0 
1 11 17 20 35 36 40 0 
5 16 26 27 36 39 0 
4 13 18 28 0 
2 6 8 11 12 30 32 34 38 0 
2 3 13 25 33 0 
8 12 16 24 26 31 0 
2 5 10 17 18 20 34 39 0 
1 2 15 23 27 33 39 0 
1 4 6 20 27 31 35 39 0 
1 3 8 13 14 16 39 0 
7 11 17 22 24 25 26 28 35 0 
1 4 5 6 18 25 27 31 32 37 0 
8 10 19 32 33 0 
3 4 9 10 15 17 18 19 21 22 32 0 
2 11 18 19 23 26 31 0 
6 9 11 12 16 28 31 32 38 0 
20 23 25 26 33 0 
2 7 20 24 31 0 
2 5 17 20 29 30 38 0 
7 8 20 22 38 0 
2 4 10 11 12 21 0 
1 2 4 29 33 34 36 37 0 
3 11 16 26 29 31 0 
10 13 21 22 30 36 0 
9 14 20 21 24 35 40 0 
6 7 9 10 37 39 0 
1 6 7 10 36 0 
5 9 10 22 35 0 
1 4 6 11 17 21 29 33 0 
12 13 27 33 35 0 
11 23 24 39 0 
4 11 16 18 19 22 25 26 28 32 35 37 39 0 
10 14 20 22 23 27 31 33 34 36 37 38 0 
3 10 12 17 21 27 28 33 0 
2 6 12 14 15 17 26 27 0 
4 23 31 37 39 0 
4 8 17 24 31 39 0 
2 7 11 14 20 24 27 30 0 
1 3 5 8 11 15 17 27 0 
3 4 8 20 24 34 36 0 
4 9 20 25 33 35 0 
1 3 5 23 26 32 40 0 
4 18 24 26 35 37 0 
12 15 29 35 36 0 
1 2 3 7 24 31 40 0 
15 16 23 25 0 
1 12 24 29 37 0 
8 11 13 18 21 25 40 0 
13 14 18 20 23 0 
3 4 14 18 25 27 40 0 
5 13 18 22 30 39 0 
1 3 15 20 24 30 34 39 40 0 
5 23 31 35 39 0 
17 22 33 0 
9 12 24 30 32 0 
5 7 15 21 23 24 33 40 0 
1 3 9 13 30 34 38 0 
10 14 22 32 37 40 0 
23 27 35 36 0 
6 23 25 35 0 
14 16 22 26 32 39 0 
1 5 22 28 38 0 
1 5 6 8 9 11 18 23 25 34 37 38 40 0 
5 7 8 10 14 16 27 0 
2 5 14 19 32 0 
1 8 9 11 12 14 23 26 0 
12 26 29 30 34 0 
1 2 5 8 15 25 27 0 
9 19 20 32 33 38 0 
7 9 12 13 15 20 22 26 0 
1 6 13 21 23 31 33 35 0 
2 10 14 21 22 23 24 30 34 0 
15 23 25 27 34 0 
8 15 23 24 29 31 34 0 
-4 -10 -12 -13 -15 -21 -30 -35 0 
-4 -12 -15 -21 -22 -25 -32 -34 -38 0 
-11 -15 -27 -36 0 
-12 -14 -16 -23 -24 -25 -30 -34 0 
-17 -22 -25 -33 -34 0 
-3 -8 -9 -18 -23 -31 -33 -36 0 
-10 -14 -18 -23 -33 -37 -38 0 
-4 -10 -33 -38 0 
-2 -7 -23 -25 -30 -32 -33 -34 0 
-3 -12 -14 -15 -17 -32 0 
-3 -11 -19 -20 -40 0 
-13 -15 -20 -39 0 
-6 -10 -14 -15 -17 -25 -26 -27 -39 0 
-7 -10 -11 -13 -34 -37 -38 -39 0 
-7 -25 -26 -32 -36 -39 0 
-2 -3 -4 -5 -12 -32 -34 -37 -38 0 
-2 -14 -18 -29 -31 -32 -40 0 
-2 -4 -5 -8 -20 -21 -26 -31 -38 -39 0 
-9 -17 -19 -22 -31 0 
-11 -23 -25 -34 -40 0 
-5 -8 -29 -31 -34 0 
-9 -11 -12 -14 -20 -25 -32 -33 -34 0 
-11 -18 -19 -23 -29 -30 0 
-1 -4 -16 -18 -26 -34 0 
-5 -11 -12 -33 -37 0 
-21 -23 -28 -29 -32 0 
-1 -6 -8 -15 -22 -25 -29 -34 0 
-1 -2 -11 -15 -16 -23 -33 -39 0 
-5 -7 -8 -9 -31 0 
-4 -9 -31 -37 -39 0 
-3 -4 -14 -16 -23 -33 -35 -38 0 
-19 -20 -22 -24 -36 0 
-3 -12 -13 -19 -20 -31 -35 0 
-4 -11 -19 -30 -38 0 
-1 -19 -21 -22 -28 -29 0 
-15 -23 -35 -38 -40 0 
-20 -22 0 
-4 -5 -13 -24 -26 -34 0 
-9 -20 -21 -29 -30 -35 0 
-12 -16 -24 -28 -31 0 
-6 -13 -24 -30 -33 0 
-4 -11 -19 -21 0 
-3 -14 -26 -28 -33 -40 0 
-3 -18 -22 -23 -32 -36 -40 0 
-2 -4 -6 -10 -17 -18 -21 -22 0 
-5 -14 -15 -21 -26 -28 0 
-9 -17 -19 -26 -33 -35 0 
-1 -6 -37 0 
-4 -13 -18 -19 -25 -35 -36 0 
-1 -3 -4 -7 -16 -17 -29 -36 -37 -39 0 
-12 -25 -27 -33 -37 -39 0 
-3 -4 -9 -18 -35 -37 -38 0 
-4 -11 -13 -15 -18 0 
-9 -21 -25 -33 -34 0 
-14 -26 -30 -38 0 
-1 -13 -17 -24 -30 -39 0 
-8 -10 -12 -26 -30 0 
-8 -15 -32 -33 0 
-14 -17 -39 0 
-11 -23 -27 -38 0 
-5 -11 -17 -22 -23 -25 -32 0 
-2 -9 -16 -29 -37 0 
-7 -16 -19 -20 -27 -29 -34 -36 0 
-12 -29 -36 -39 0 
-3 -6 -10 -11 -25 -31 -37 -39 0 
-1 -3 -34 0 
-3 -28 0 
-2 -7 -10 -30 -36 -37 -38 -40 0 
-1 -15 -16 -19 -20 -27 -36 -37 0 
-4 -14 -20 -23 -32 -33 -39 0 
-9 -13 -14 -17 0 
-2 -15 -33 -35 -39 0 
-14 -32 -34 -37 0 
-8 -15 -16 -22 -25 -26 0 
-5 -8 -11 -19 -20 -23 -25 -29 -34 -40 0 
-1 -4 -5 -16 -24 -30 -32 -33 0 
-7 -9 -13 -16 -20 -21 -29 -36 -39 -40 0 
-2 -6 -18 -20 -24 -31 -40 0 
-1 -3 -4 0 
-2 -6 -14 -17 -20 -24 -32 0 
-4 -11 -13 -19 -25 -30 -33 -39 0 
-8 -9 -15 -19 -32 -39 0 
-4 -8 -31 -34 -36 0 
-3 -13 -17 -40 0 
-6 -8 -13 -15 -26 -29 -30 -32 0 
-3 -5 -20 -37 0 
-9 -10 -16 -17 -20 -21 -33 -39 0 
-4 -10 -11 -24 -39 0 
-6 -8 -12 -33 -40 0 
-4 -12 -14 -18 -21 -30 -31 -38 0 
-11 -14 -27 -29 -35 -36 0 
-5 -10 -14 -16 -26 -28 -37 0 
-17 -20 -33 -34 0 
-5 -6 -14 -17 -19 -30 -38 0 
-5 -10 -20 -24 -31 -38 0 
-5 -18 -29 0 
-1 -10 -24 -30 0 
-3 -6 -19 -26 -28 -29 -30 -31 -34 -39 0 
-1 -17 -23 -25 -37 0 
-2 -9 -17 -23 -24 -26 0 
-1 -4 -6 -14 0 
-8 -15 -16 -21 -25 -28 -39 0 
-3 -4 -12 -16 -17 -30 -34 -35 -40 0 
-4 -10 -11 -17 -22 -36 -38 0 
-12 -18 -24 -26 -33 0 
-6 -9 -18 -29 -33 -38 -39 0 
-4 -6 -15 -20 -28 -32 -33 -35 0 
-10 -12 -13 -19 -23 -37 0 
-3 -11 -23 -24 -26 -37 0 
-3 -11 -15 -32 -33 -38 0 
-1 -7 -26 -28 -38 0 
-6 -9 -18 -30 -31 -36 0 
-7 -25 -36 0 
-6 -8 -14 -23 -25 -31 -33 0 
-1 -2 -8 -9 -33 0 
-3 -10 -22 -23 -25 -28 -32 -33 0 
-2 -3 -16 -22 -28 0 
-1 -15 -18 -26 -33 0 
-1 -3 -4 -5 -6 -8 -17 -18 -25 -28 -29 -30 -33 -34 -40 0 
-7 -21 -24 -28 -32 -36 0 
-5 -6 -7 -17 -22 -26 -32 -36 0 
-3 -5 -10 -12 -15 -19 -22 -31 -32 0 
-23 -29 -33 -38 0 
-6 -8 -25 -26 0 
-3 -8 -26 -37 0 
-12 -13 -28 -30 -38 -40 0 
-2 -3 -10 -12 -17 -27 -33 0 
-4 -10 -14 -28 -38 0 
-15 -23 -26 -31 0 
-4 -7 -22 -23 -24 -30 -31 -37 0 
-1 -6 -18 -23 -30 0 
-4 -5 -25 -32 -35 0 
-1 -5 -24 -31 -34 0 
-1 -11 -28 -35 -36 -40 0 
-7 -13 -14 -15 -18 -39 0 
-2 -8 -13 -14 -15 -17 -21 -31 -36 -37 0 
-14 -15 -21 -24 -26 -32 0 
-1 -2 -10 -12 -14 -30 -32 -35 0 
-1 -8 -12 0 
-3 -6 -18 -21 -23 -27 -33 0 
-2 -19 -30 -31 -32 -37 0 
-11 -14 -18 -19 -36 -39 0 
-19 -21 -22 -25 -27 -39 0 
-2 -12 -14 -16 -18 -27 -29 -31 -36 -38 0 
-9 -14 -23 -28 -39 0 
-8 -14 -22 -23 -27 0 
-2 -7 -15 -18 -21 -28 -31 -39 0 
-3 -10 -13 -17 -27 -36 -39 0 
-4 -21 -23 -25 -37 -38 0 
-6 -9 -14 -16 -19 -20 -33 -36 0 
-4 -13 -17 -32 -35 -37 0 
-2 -10 -14 -15 -21 -26 0 
-2 -3 -12 -23 -30 -31 -33 0 
-1 -3 -12 -15 -18 -22 -32 0 
-5 -7 -15 -17 0 
-6 -9 -14 -18 -23 -32 -35 -39 0 
-9 -10 -14 -16 -22 -26 -29 -35 0 
-4 -7 -16 -19 -22 -27 -31 0 
-7 -9 -13 -14 -16 -23 -39 0 
-8 -12 -17 -25 -26 -31 -39 0 
-8 -17 -24 -37 -38 0 
-3 -15 -26 -27 -28 -33 -34 -36 0 
-1 -15 -20 -23 -33 0 
-3 -8 -10 -14 -31 -38 0 
-6 -26 -27 -31 0 
-2 -3 -7 -12 -14 -19 -35 -37 0 
-2 -4 -6 -7 -9 -17 -24 -28 -34 -35 -37 -38 0 
-20 -27 -30 -32 -39 0 
-15 -20 -23 -24 -29 -36 -40 0 
-5 -13 -14 -24 -39 0 
-1 -3 -6 -10 -14 -15 -24 -27 -37 0 
-5 -23 -27 -39 0 
-2 -3 -12 -21 -24 -30 0 
-1 -10 -17 -22 -23 -32 -36 -38 0 
-4 -5 -12 -15 -18 -20 -26 -30 -33 -37 -39 0 
-4 -8 -10 -15 -22 0 
-2 -8 -16 -18 -32 -37 0 
-3 -4 -6 -8 -16 -18 -25 -30 0 
-5 -9 -11 -30 0 
-4 -5 -28 -30 0 
-1 -3 -16 -20 -27 -31 0 
-5 -10 -15 -18 -26 -27 -28 -39 0 
-8 -14 -23 -34 -37 0 
-5 -7 -24 -26 -34 -36 0 
-19 -20 -22 -30 -32 0 
-3 -5 -7 -9 -26 -30 -34 -37 0 
-3 -13 -17 -25 -33 -38 0 
-2 -9 -13 -17 -19 -24 -25 -27 -28 -33 0 
-4 -15 -20 -21 -23 -26 -27 0 
-2 -5 -21 -34 0 
-11 -16 -19 -23 -29 -30 -34 -35 -36 -37 0 
-1 -11 -19 -23 -28 -35 0 
-2 -17 -22 -35 0 
-5 -10 -14 -17 -18 -33 -35 -40 0 
-1 -8 -16 -28 -30 -31 -35 -36 0 
-4 -9 -10 -24 -27 -34 -35 -36 0 
-2 -10 -11 -22 -26 0 
-5 -12 -14 -16 -22 -31 -35 0 
-7 -10 -15 -22 -28 -31 -35 -38 -39 -40 0 
-9 -13 -18 -27 -29 -31 0 
-11 -13 -25 -37 0 
-3 -6 -17 -20 -25 -28 0 
-7 -18 -20 -21 -22 -23 0 
-2 -4 -11 -15 -27 -28 -34 -35 -37 -40 0 
-1 -2 -5 -7 -16 -18 -22 -31 -32 0 
-5 -7 -11 -15 -16 -23 -24 -33 0 
-18 -24 -25 0 
-3 -19 -24 -32 -40 0 
-1 -3 -5 -7 -13 -20 -25 -33 -35 0 
-2 -5 -9 -10 -33 -37 0 
-2 -18 -22 -24 -28 -29 -32 -34 -36 0 
-10 -11 -22 -38 0 
-5 -12 -18 -19 -34 0 
-3 -4 -14 -16 -23 -36 0 
-4 -6 -7 -14 -27 0 
-4 -15 -29 -40 0 
-3 -8 -16 -21 -24 0 
-2 -10 -24 -25 -30 -36 0 
-2 -22 -23 0 
-9 -13 -14 -21 -22 -24 -28 -34 0 
-1 -8 -12 -13 -15 -17 -33 -37 0 
-3 -18 -20 -22 -29 -31 -33 -37 0 
-7 -13 -17 -21 -29 -34 -37 -38 0 
-7 -11 -14 -15 -24 -25 -26 -29 -31 -35 0 
-3 -7 -22 -33 -39 0 
-2 -5 -9 -16 -24 -26 -28 -33 -39 -40 0 
-17 -19 -31 0 
-2 -10 -16 -24 -35 0 
-1 -7 -27 -33 -36 0 
-2 -14 -22 -34 0 
-19 -21 -32 -33 -37 0 
-3 -11 -16 -28 -29 -40 0 
-3 -4 -11 -14 -21 -24 -30 -34 -40 0 
-19 -27 -29 -34 -40 0 
-8 -10 -27 -36 -37 0 
-2 -5 -15 -38 0 
-6 -7 -11 -13 -18 -23 -24 -25 -38 0 
-11 -14 -30 -35 0 
-1 -5 -9 -17 -24 -36 0 
-2 -6 -8 -27 -28 -30 0 
-1 -3 -11 -12 -14 -16 -18 -25 -34 -37 -40 0 
-2 -3 -5 -6 -17 -24 -32 -35 0 
-19 -31 -35 -37 0 
-15 -16 -31 -38 0 
-4 -9 -19 -22 -24 -32 -36 -37 0 
-7 -8 -11 -13 -24 -32 -35 0 
-1 -11 -12 -14 -15 -32 -33 -35 -38 -39 0 
-1 -7 -8 -17 -25 -30 -37 0 
-4 -7 -18 -20 -26 -38 0 
-2 -3 -10 -24 -28 -32 -35 -39 0 
-4 -6 -7 -12 -15 -19 -31 -36 0 
-1 -8 -9 -33 -34 -35 0 
-9 -20 -33 -35 -40 0 
-17 -18 -20 -24 0 
-3 -4 -8 -11 -16 -18 -19 -21 -27 -39 0 
-12 -18 -22 -23 -31 -35 0 
-1 -5 -13 -17 -24 -29 -40 0 
-5 -20 -22 -35 -37 0 
-1 -4 -15 -27 -36 0 
-7 -11 -15 -16 -17 -33 -36 -39 0 
-2 -6 -9 -15 -22 -32 0 
-2 -8 -11 -13 -19 -22 -35 -36 0 
-6 -10 -18 -23 -26 -28 -32 -33 -36 -38 0 
-3 -11 -19 -26 -28 -31 -32 -37 0 
-3 -5 -11 -13 -16 -19 -20 -21 -36 0 
-1 -6 -14 -18 -39 0 
-9 -10 -17 -20 -26 -36 0 
-13 -19 -28 -32 -33 0 
-5 -10 -16 -32 -36 -39 0 
-6 -13 -15 -17 -18 -19 -20 0 
-1 -6 -19 -26 -32 0 
-5 -8 -27 -32 -33 0 
-15 -19 -21 -22 -30 -33 -34 0 
-2 -5 -9 -12 -13 -30 -31 -34 -35 -37 0 
-33 -39 0 
-2 -3 -13 -15 -20 -23 -34 0 
-2 -13 -14 -35 -36 0 
-7 -19 -21 -22 -24 -28 0 
-2 -4 -17 -19 -26 -30 -32 -34 -36 0 
-13 -17 -24 -33 -38 -39 0 
-15 -22 -30 -39 0 
-1 -5 -6 -7 -9 -12 -15 -25 0 
-4 -6 -7 -9 -12 -15 -16 -18 -21 -37 -38 -40 0 
-2 -11 -21 -26 -33 -39 0 
-11 -12 -13 -33 -34 -37 0 
-1 -8 -20 -21 -22 -23 -28 -32 -40 0 
-9 -14 -19 -21 -32 -33 -36 0 
-6 -9 -13 -15 -18 -20 -24 -26 -30 0 
-9 -13 -16 -18 -22 -23 -31 -40 0 
-3 -11 -14 -20 -24 -27 -38 0 
-1 -9 -12 -16 -24 0 
-2 -22 -23 -24 -25 0 
-6 -28 -31 -35 0 
-1 -2 -9 -11 -31 -38 0 
-11 -19 -20 -23 -40 0 
-4 -10 -11 -12 -18 -28 -35 -38 0 
-24 -26 -28 -30 -36 0 
-10 -19 -29 -33 -34 -36 0 
-25 -29 -30 -34 0 
-3 -9 -24 -31 -34 -36 -37 0 
-3 -5 -30 -32 -37 0 
-2 -4 -16 -19 -24 -30 -32 -35 -36 0 
-2 -11 -25 -27 -34 0 
-2 -4 -6 -25 -26 -27 -31 -33 -40 0 
-6 -7 -37 0 
-9 -15 -20 -21 -24 -30 -35 -37 -39 0 
-4 -16 -19 -21 -25 -31 -34 -39 0 
-4 -6 -10 -21 -25 -30 -31 -37 -40 0 
-3 -4 -6 -13 -18 -28 -29 -36 -38 -39 -40 0 
-1 -4 -6 -17 -27 -32 -35 -37 -40 0 
-18 -32 -34 -40 0 
-9 -19 -22 -24 -25 -26 -37 0 
-1 -11 -14 -19 -22 -39 0 
-8 -14 -18 -21 -22 -24 -26 -31 -33 -37 0 
-5 -8 -13 -15 -18 -23 -31 -34 0 
-1 -5 -14 -17 -31 -32 -38 0 
-1 -15 -17 -23 -30 -37 0 
-7 -9 -11 -12 -15 -16 -17 -18 -22 -25 -31 -35 -40 0 
-2 -6 -9 -10 -13 -18 -23 -25 -39 0 
-3 -4 -8 -17 -25 -33 -38 0 
-6 -12 -14 -15 -18 -26 -28 -35 -40 0 
-2 -27 -34 0 
-22 -28 -31 -34 -38 0 
-14 -15 -18 -21 -30 -35 -38 0 
-6 -18 -19 -28 -37 -39 -40 0 
-2 -11 -17 -20 -30 0 
-1 -11 -17 -20 -35 -36 -40 0 
-5 -16 -26 -27 -36 -39 0 
-4 -13 -18 -28 0 
-2 -6 -8 -11 -12 -30 -32 -34 -38 0 
-2 -3 -13 -25 -33 0 
-8 -12 -16 -24 -26 -31 0 
-2 -5 -10 -17 -18 -20 -34 -39 0 
-1 -2 -15 -23 -27 -33 -39 0 
-1 -4 -6 -20 -27 -31 -35 -39 0 
-1 -3 -8 -13 -14 -16 -39 0 
-7 -11 -17 -22 -24 -25 -26 -28 -35 0 
-1 -4 -5 -6 -18 -25 -27 -31 -32 -37 0 
-8 -10 -19 -32 -33 0 
-3 -4 -9 -10 -15 -17 -18 -19 -21 -22 -32 0 
-2 -11 -18 -19 -23 -26 -31 0 
-6 -9 -11 -12 -16 -28 -31 -32 -38 0 
-20 -23 -25 -26 -33 0 
-2 -7 -20 -24 -31 0 
-2 -5 -17 -20 -29 -30 -38 0 
-7 -8 -20 -22 -38 0 
-2 -4 -10 -11 -12 -21 0 
-1 -2 -4 -29 -33 -34 -36 -37 0 
-3 -11 -16 -26 -29 -31 0 
-10 -13 -21 -22 -30 -36 0 
-9 -14 -20 -21 -24 -35 -40 0 
-6 -7 -9 -10 -37 -39 0 
-1 -6 -7 -10 -36 0 
-5 -9 -10 -22 -35 0 
-1 -4 -6 -11 -17 -21 -29 -33 0 
-12 -13 -27 -33 -35 0 
-11 -23 -24 -39 0 
-4 -11 -16 -18 -19 -22 -25 -26 -28 -32 -35 -37 -39 0 
-10 -14 -20 -22 -23 -27 -31 -33 -34 -36 -37 -38 0 
-3 -10 -12 -17 -21 -27 -28 -33 0 
-2 -6 -12 -14 -15 -17 -26 -27 0 
-4 -23 -31 -37 -39 0 
-4 -8 -17 -24 -31 -39 0 
-2 -7 -11 -14 -20 -24 -27 -30 0 
-1 -3 -5 -8 -11 -15 -17 -27 0 
-3 -4 -8 -20 -24 -34 -36 0 
-4 -9 -20 -25 -33 -35 0 
-1 -3 -5 -23 -26 -32 -40 0 
-4 -18 -24 -26 -35 -37 0 
-12 -15 -29 -35 -36 0 
-1 -2 -3 -7 -24 -31 -40 0 
-15 -16 -23 -25 0 
-1 -12 -24 -29 -37 0 
-8 -11 -13 -18 -21 -25 -40 0 
-13 -14 -18 -20 -23 0 
-3 -4 -14 -18 -25 -27 -40 0 
-5 -13 -18 -22 -30 -39 0 
-1 -3 -15 -20 -24 -30 -34 -39 -40 0 
-5 -23 -31 -35 -39 0 
-17 -22 -33 0 
-9 -12 -24 -30 -32 0 
-5 -7 -15 -21 -23 -24 -33 -40 0 
-1 -3 -9 -13 -30 -34 -38 0 
-10 -14 -22 -32 -37 -40 0 
-23 -27 -35 -36 0 
-6 -23 -25 -35 0 
-14 -16 -22 -26 -32 -39 0 
-1 -5 -22 -28 -38 0 
-1 -5 -6 -8 -9 -11 -18 -23 -25 -34 -37 -38 -40 0 
-5 -7 -8 -10 -14 -16 -27 0 
-2 -5 -14 -19 -32 0 
-1 -8 -9 -11 -12 -14 -23 -26 0 
-12 -26 -29 -30 -34 0 
-1 -2 -5 -8 -15 -25 -27 0 
-9 -19 -20 -32 -33 -38 0 
-7 -9 -12 -13 -15 -20 -22 -26 0 
-1 -6 -13 -21 -23 -31 -33 -35 0 
-2 -10 -14 -21 -22 -23 -24 -30 -34 0 
-15 -23 -25 -27 -34 0 
-8 -15 -23 -24 -29 -31 -34 0 
