p cnf 40 800
4 6 7 12 15 30 31 32 0 
12 16 31 37 0 
1 38 0 
1 3 14 19 20 23 25 40 0 
7 15 25 26 38 0 
2 3 7 8 11 16 20 22 29 0 
7 8 9 36 37 0 
25 28 31 37 0 
10 20 25 27 37 39 0 
2 4 9 29 37 0 
2 10 11 13 15 23 28 29 0 
18 19 23 32 34 0 
8 10 22 27 28 40 0 
2 11 13 20 0 
1 3 17 24 26 29 30 0 
1 6 15 37 0 
1 4 11 36 37 38 40 0 
25 27 29 35 36 40 0 
9 10 24 25 34 38 39 0 
10 13 24 28 34 0 
1 4 6 12 18 22 23 31 36 0 
2 4 9 18 19 20 25 28 29 37 38 40 0 
9 13 19 22 0 
5 14 17 21 37 39 40 0 
18 19 25 28 37 40 0 
12 13 20 34 40 0 
14 21 22 25 27 29 32 0 
13 22 31 32 34 35 37 0 
2 12 14 23 28 0 
13 18 23 24 26 33 38 39 0 
8 27 32 39 0 
1 3 10 15 31 0 
1 9 12 14 21 22 25 27 32 35 0 
5 6 14 18 20 30 35 0 
1 6 10 12 18 23 39 0 
19 22 29 37 39 0 
1 10 12 26 28 34 38 39 0 
2 19 20 25 38 0 
14 18 25 26 37 0 
2 9 13 22 27 34 35 37 0 
1 3 9 10 14 20 21 25 28 29 37 38 0 
3 15 22 38 0 
2 6 10 12 18 25 37 39 0 
13 20 31 38 0 
9 12 24 25 31 33 0 
7 11 22 23 24 29 40 0 
4 11 12 17 19 27 40 0 
3 4 7 10 23 32 33 34 0 
4 5 6 14 15 20 24 34 40 0 
6 7 9 11 12 14 28 29 33 37 39 0 
4 7 9 26 32 40 0 
2 3 15 16 27 33 36 0 
2 5 8 16 22 26 0 
4 10 17 21 24 0 
2 8 23 30 31 0 
1 6 10 14 28 30 36 40 0 
1 8 12 17 23 35 36 0 
4 7 18 19 28 34 36 38 0 
1 8 13 16 28 30 0 
9 11 17 26 28 35 0 
8 10 14 24 27 40 0 
10 16 21 24 39 40 0 
10 12 28 32 33 39 0 
5 9 14 15 18 30 32 33 0 
4 11 12 18 22 25 37 0 
4 8 16 17 23 28 36 39 0 
1 2 13 18 19 21 28 31 0 
11 17 24 25 30 38 0 
3 4 6 9 12 19 24 26 29 38 0 
5 17 18 20 25 29 0 
3 7 9 17 19 35 39 0 
3 19 20 24 29 30 31 0 
11 14 18 19 32 33 0 
4 21 33 0 
4 8 14 21 25 30 37 0 
9 20 21 29 39 0 
4 16 20 24 30 34 35 36 0 
5 26 0 
1 4 12 30 34 0 
2 12 33 34 0 
1 14 15 24 32 38 40 0 
4 6 25 31 33 35 37 0 
2 5 6 8 23 24 27 29 32 0 
2 32 0 
1 3 31 35 0 
1 3 8 20 21 31 35 0 
9 10 25 26 32 37 0 
3 6 22 26 37 0 
1 9 18 20 25 27 0 
9 19 22 30 36 38 0 
2 6 13 15 25 30 0 
3 7 9 10 17 21 23 25 32 0 
2 12 13 14 21 0 
5 7 11 15 16 18 19 21 25 36 0 
1 4 12 18 26 39 0 
3 6 10 12 13 16 32 35 39 0 
2 6 10 17 37 0 
11 14 30 33 38 39 0 
13 16 19 24 35 38 0 
2 7 11 16 29 31 33 39 40 0 
5 8 14 15 18 30 39 40 0 
6 25 28 29 30 32 33 35 39 0 
4 5 8 11 18 22 24 27 30 35 40 0 
3 17 18 36 37 38 0 
2 4 13 18 19 22 24 28 35 0 
17 27 28 34 0 
1 3 5 6 22 24 25 32 36 38 0 
13 14 33 0 
9 27 30 40 0 
9 11 14 15 23 24 28 0 
1 2 4 5 17 27 28 0 
1 4 8 12 18 20 21 28 35 39 0 
3 15 18 25 27 28 29 32 38 0 
1 7 17 18 30 38 0 
1 8 18 23 35 39 0 
3 4 10 11 28 34 37 0 
7 15 16 18 27 28 29 35 40 0 
9 15 22 25 0 
10 39 0 
5 12 19 20 37 0 
4 9 15 16 18 36 0 
1 23 27 28 36 37 38 0 
13 23 28 30 0 
2 32 39 40 0 
7 13 14 15 23 29 34 0 
7 9 13 16 21 26 30 35 0 
5 8 16 21 22 24 26 27 38 40 0 
12 14 20 24 28 30 36 38 0 
2 7 20 30 35 37 39 40 0 
6 7 10 18 23 26 32 35 39 40 0 
4 5 9 14 17 21 27 28 31 36 37 40 0 
2 7 10 11 31 32 36 37 0 
5 9 10 11 15 29 40 0 
6 10 12 13 27 29 0 
6 14 19 25 37 0 
2 12 14 15 16 17 18 32 0 
6 20 22 34 37 0 
2 4 6 16 24 31 40 0 
3 5 13 17 20 23 31 33 0 
3 18 29 39 0 
9 11 18 20 35 38 0 
4 8 10 11 16 18 23 35 0 
7 39 40 0 
8 19 27 38 40 0 
9 22 29 32 0 
2 8 12 20 23 30 35 39 0 
2 13 18 26 32 37 0 
1 6 7 8 27 0 
12 13 18 21 25 31 32 33 0 
1 5 9 11 13 15 16 28 0 
6 7 18 26 27 29 30 0 
5 8 18 21 34 0 
5 7 17 22 27 30 31 0 
6 15 21 24 32 0 
18 24 26 31 35 39 0 
4 5 25 38 0 
8 15 19 23 31 36 37 0 
5 15 17 27 34 0 
16 19 21 29 36 0 
2 4 5 8 9 12 13 23 29 31 32 34 0 
2 4 6 16 19 34 0 
1 7 15 32 0 
25 29 0 
2 16 30 0 
4 12 17 18 25 33 0 
11 14 24 34 39 0 
2 5 8 9 12 16 18 19 25 32 33 38 0 
5 6 8 13 16 27 30 0 
2 3 23 0 
2 7 11 27 0 
12 22 26 31 35 37 0 
2 8 11 15 31 32 0 
1 2 6 8 13 16 36 39 0 
3 4 11 13 19 33 0 
5 7 10 16 24 30 31 0 
6 14 18 36 38 39 0 
6 12 29 0 
12 13 17 22 23 27 30 35 37 0 
3 9 17 24 33 0 
5 7 12 13 26 36 39 0 
9 11 13 25 36 39 0 
2 11 19 24 37 40 0 
2 5 17 23 28 35 36 38 0 
3 12 21 40 0 
8 10 11 19 20 27 40 0 
4 11 13 37 39 40 0 
1 2 6 12 14 16 20 22 33 0 
5 9 15 24 29 36 0 
7 15 17 22 39 0 
3 4 8 13 23 30 31 0 
1 20 21 25 37 38 0 
1 3 23 37 0 
6 13 16 17 24 37 40 0 
6 8 30 31 32 33 0 
7 13 14 18 19 29 32 33 35 37 0 
11 13 16 0 
8 20 25 31 39 0 
7 18 23 32 40 0 
12 13 19 24 36 0 
9 30 31 34 0 
1 4 16 21 25 29 30 0 
1 2 3 15 33 40 0 
20 28 35 0 
3 4 16 21 22 24 33 37 0 
4 11 15 26 27 0 
9 18 36 37 40 0 
15 17 18 23 28 37 0 
14 29 34 0 
3 25 37 0 
6 8 10 11 19 21 26 28 32 36 0 
4 5 6 9 30 31 33 34 37 38 0 
1 5 17 25 28 29 31 33 35 36 38 39 0 
1 20 23 26 28 30 40 0 
1 3 5 11 12 14 19 23 31 35 38 0 
6 10 27 30 34 39 0 
2 10 13 22 27 30 34 37 40 0 
4 8 15 16 20 28 30 36 0 
1 2 9 16 22 24 31 38 40 0 
4 26 27 38 0 
11 16 27 33 36 0 
5 14 22 37 39 0 
3 13 27 0 
1 20 35 39 0 
2 4 5 17 22 26 32 36 0 
2 3 22 31 37 38 0 
1 11 17 21 22 26 40 0 
4 12 13 14 17 20 21 0 
10 17 18 28 0 
7 8 13 19 21 28 32 0 
1 10 11 14 20 33 0 
8 10 16 21 22 23 40 0 
3 4 7 12 20 22 28 32 0 
4 9 17 21 38 40 0 
6 7 10 11 25 0 
2 4 15 20 23 24 31 33 0 
11 21 22 28 30 36 37 0 
7 9 13 18 28 31 37 0 
1 3 15 16 30 36 37 0 
9 10 24 31 34 37 39 40 0 
3 5 7 12 14 22 24 29 31 0 
4 5 16 18 29 0 
5 17 24 0 
10 23 30 40 0 
1 5 14 19 24 32 0 
9 10 15 21 34 36 0 
5 7 11 12 16 26 36 37 0 
9 17 19 23 24 0 
9 26 30 32 36 0 
5 6 14 17 24 25 30 35 37 0 
2 20 24 37 38 0 
4 15 17 18 36 37 0 
1 10 21 22 25 0 
4 9 11 13 14 17 38 0 
2 4 16 17 18 19 21 23 28 30 38 39 0 
5 15 19 20 24 28 29 39 40 0 
23 28 35 0 
3 11 12 18 23 34 35 0 
10 15 19 28 37 0 
1 5 9 10 11 25 32 0 
16 18 23 30 31 33 34 36 39 0 
1 11 13 17 18 0 
1 7 12 21 30 33 0 
1 2 3 15 24 26 39 0 
16 17 22 24 31 39 0 
8 17 19 26 31 34 39 40 0 
3 5 10 12 15 16 18 21 25 30 33 0 
6 16 17 20 24 29 30 0 
2 3 9 12 20 27 0 
1 2 8 9 19 26 35 0 
3 4 7 21 29 33 35 36 38 0 
16 24 27 35 36 0 
9 11 19 26 29 37 0 
5 14 19 21 29 37 38 0 
4 9 12 14 18 37 39 0 
23 31 0 
5 8 14 15 32 37 38 0 
13 15 25 30 39 0 
3 6 7 16 34 0 
2 3 15 16 24 25 37 0 
18 19 24 31 0 
5 10 14 18 24 26 30 35 0 
4 8 9 20 29 34 35 36 0 
2 6 16 30 39 0 
4 14 15 19 27 37 38 40 0 
2 6 22 23 38 0 
8 27 28 33 34 39 0 
15 20 39 40 0 
21 35 36 37 39 0 
9 11 12 19 20 25 0 
2 8 12 16 20 21 26 29 36 0 
1 3 7 24 26 30 31 0 
2 19 21 31 0 
19 21 27 31 0 
5 11 17 20 36 37 0 
2 3 31 0 
12 17 19 28 0 
7 11 14 18 21 23 27 0 
4 5 12 20 31 40 0 
5 10 14 15 20 36 0 
4 15 18 24 35 0 
1 2 6 18 21 29 34 36 0 
3 11 14 15 21 29 33 36 40 0 
1 14 16 17 21 28 37 0 
7 9 12 27 33 34 38 0 
9 13 16 17 22 34 36 40 0 
2 5 7 10 11 14 26 34 36 39 0 
1 7 12 17 23 37 38 0 
10 11 16 24 27 0 
3 8 11 18 21 36 0 
1 10 17 18 21 34 38 39 0 
8 10 11 15 20 24 32 35 37 40 0 
5 22 31 40 0 
9 28 36 0 
2 12 14 17 18 19 39 0 
4 10 12 18 19 20 23 28 33 36 0 
6 12 16 31 32 0 
1 11 13 15 20 21 33 34 0 
6 7 8 15 22 24 26 27 28 30 36 0 
6 17 18 33 35 36 38 0 
4 11 21 23 31 36 0 
1 8 19 32 0 
4 12 14 25 33 0 
12 14 23 28 39 0 
11 15 33 34 0 
3 11 19 24 31 36 37 0 
5 23 24 26 27 38 0 
2 10 12 14 19 23 24 25 29 31 0 
1 4 34 35 0 
3 5 10 11 14 23 33 38 0 
1 3 6 13 27 32 37 0 
3 9 21 23 33 0 
13 16 18 33 36 0 
2 3 5 8 11 14 19 23 29 34 40 0 
1 4 10 11 18 20 26 38 0 
7 12 13 18 24 25 38 39 0 
9 15 28 30 31 32 37 38 0 
7 9 13 20 23 26 27 29 34 0 
2 6 20 30 33 0 
6 8 10 12 19 37 0 
8 9 12 16 19 20 29 0 
1 3 5 7 15 21 22 31 32 0 
2 4 15 22 0 
22 38 0 
5 6 20 25 29 31 33 36 0 
3 9 32 33 37 39 0 
2 11 12 20 26 35 0 
10 13 15 22 29 31 34 36 38 0 
23 25 36 40 0 
7 12 20 21 28 31 40 0 
4 6 11 12 25 38 0 
15 21 26 0 
5 6 15 23 27 28 31 34 37 0 
4 6 7 10 11 21 32 38 0 
3 16 23 27 32 38 0 
2 6 8 10 18 19 28 0 
9 12 13 16 25 0 
5 13 16 26 0 
6 7 8 12 13 20 31 33 0 
3 5 7 8 15 17 19 23 26 27 30 34 0 
15 18 29 30 31 36 38 40 0 
5 6 15 17 28 29 37 0 
2 12 20 26 27 28 38 0 
5 11 12 18 28 31 36 0 
3 7 10 12 15 30 0 
3 8 23 28 32 39 40 0 
1 12 13 30 40 0 
18 25 33 37 40 0 
8 11 15 18 20 23 28 29 34 38 39 0 
2 6 8 13 15 16 21 22 23 28 31 40 0 
18 20 25 34 0 
2 9 10 12 21 23 26 0 
2 3 16 26 27 32 38 0 
17 19 21 29 31 39 0 
2 4 5 8 12 13 23 37 0 
5 6 7 12 14 20 24 29 0 
2 4 11 13 17 24 26 31 36 38 40 0 
4 5 28 30 34 38 0 
4 13 14 17 25 35 38 40 0 
1 13 17 21 22 0 
16 24 34 40 0 
4 5 8 16 31 0 
1 3 9 18 23 29 36 37 38 0 
12 14 24 27 34 35 0 
17 22 25 26 28 30 35 37 0 
29 39 0 
1 3 4 15 26 40 0 
8 20 21 28 37 0 
11 13 27 34 38 40 0 
9 22 33 0 
1 4 15 20 29 32 33 0 
7 16 35 0 
5 14 18 22 40 0 
16 19 21 30 32 0 
9 12 13 22 33 36 40 0 
13 33 34 36 0 
3 5 24 30 34 36 0 
3 6 12 17 20 27 28 31 34 0 
2 3 14 17 18 21 29 30 36 0 
8 16 23 25 0 
6 7 8 10 14 23 29 0 
-4 -6 -7 -12 -15 -30 -31 -32 0 
-12 -16 -31 -37 0 
-1 -38 0 
-1 -3 -14 -19 -20 -23 -25 -40 0 
-7 -15 -25 -26 -38 0 
-2 -3 -7 -8 -11 -16 -20 -22 -29 0 
-7 -8 -9 -36 -37 0 
-25 -28 -31 -37 0 
-10 -20 -25 -27 -37 -39 0 
-2 -4 -9 -29 -37 0 
-2 -10 -11 -13 -15 -23 -28 -29 0 
-18 -19 -23 -32 -34 0 
-8 -10 -22 -27 -28 -40 0 
-2 -11 -13 -20 0 
-1 -3 -17 -24 -26 -29 -30 0 
-1 -6 -15 -37 0 
-1 -4 -11 -36 -37 -38 -40 0 
-25 -27 -29 -35 -36 -40 0 
-9 -10 -24 -25 -34 -38 -39 0 
-10 -13 -24 -28 -34 0 
-1 -4 -6 -12 -18 -22 -23 -31 -36 0 
-2 -4 -9 -18 -19 -20 -25 -28 -29 -37 -38 -40 0 
-9 -13 -19 -22 0 
-5 -14 -17 -21 -37 -39 -40 0 
-18 -19 -25 -28 -37 -40 0 
-12 -13 -20 -34 -40 0 
-14 -21 -22 -25 -27 -29 -32 0 
-13 -22 -31 -32 -34 -35 -37 0 
-2 -12 -14 -23 -28 0 
-13 -18 -23 -24 -26 -33 -38 -39 0 
-8 -27 -32 -39 0 
-1 -3 -10 -15 -31 0 
-1 -9 -12 -14 -21 -22 -25 -27 -32 -35 0 
-5 -6 -14 -18 -20 -30 -35 0 
-1 -6 -10 -12 -18 -23 -39 0 
-19 -22 -29 -37 -39 0 
-1 -10 -12 -26 -28 -34 -38 -39 0 
-2 -19 -20 -25 -38 0 
-14 -18 -25 -26 -37 0 
-2 -9 -13 -22 -27 -34 -35 -37 0 
-1 -3 -9 -10 -14 -20 -21 -25 -28 -29 -37 -38 0 
-3 -15 -22 -38 0 
-2 -6 -10 -12 -18 -25 -37 -39 0 
-13 -20 -31 -38 0 
-9 -12 -24 -25 -31 -33 0 
-7 -11 -22 -23 -24 -29 -40 0 
-4 -11 -12 -17 -19 -27 -40 0 
-3 -4 -7 -10 -23 -32 -33 -34 0 
-4 -5 -6 -14 -15 -20 -24 -34 -40 0 
-6 -7 -9 -11 -12 -14 -28 -29 -33 -37 -39 0 
-4 -7 -9 -26 -32 -40 0 
-2 -3 -15 -16 -27 -33 -36 0 
-2 -5 -8 -16 -22 -26 0 
-4 -10 -17 -21 -24 0 
-2 -8 -23 -30 -31 0 
-1 -6 -10 -14 -28 -30 -36 -40 0 
-1 -8 -12 -17 -23 -35 -36 0 
-4 -7 -18 -19 -28 -34 -36 -38 0 
-1 -8 -13 -16 -28 -30 0 
-9 -11 -17 -26 -28 -35 0 
-8 -10 -14 -24 -27 -40 0 
-10 -16 -21 -24 -39 -40 0 
-10 -12 -28 -32 -33 -39 0 
-5 -9 -14 -15 -18 -30 -32 -33 0 
-4 -11 -12 -18 -22 -25 -37 0 
-4 -8 -16 -17 -23 -28 -36 -39 0 
-1 -2 -13 -18 -19 -21 -28 -31 0 
-11 -17 -24 -25 -30 -38 0 
-3 -4 -6 -9 -12 -19 -24 -26 -29 -38 0 
-5 -17 -18 -20 -25 -29 0 
-3 -7 -9 -17 -19 -35 -39 0 
-3 -19 -20 -24 -29 -30 -31 0 
-11 -14 -18 -19 -32 -33 0 
-4 -21 -33 0 
-4 -8 -14 -21 -25 -30 -37 0 
-9 -20 -21 -29 -39 0 
-4 -16 -20 -24 -30 -34 -35 -36 0 
-5 -26 0 
-1 -4 -12 -30 -34 0 
-2 -12 -33 -34 0 
-1 -14 -15 -24 -32 -38 -40 0 
-4 -6 -25 -31 -33 -35 -37 0 
-2 -5 -6 -8 -23 -24 -27 -29 -32 0 
-2 -32 0 
-1 -3 -31 -35 0 
-1 -3 -8 -20 -21 -31 -35 0 
-9 -10 -25 -26 -32 -37 0 
-3 -6 -22 -26 -37 0 
-1 -9 -18 -20 -25 -27 0 
-9 -19 -22 -30 -36 -38 0 
-2 -6 -13 -15 -25 -30 0 
-3 -7 -9 -10 -17 -21 -23 -25 -32 0 
-2 -12 -13 -14 -21 0 
-5 -7 -11 -15 -16 -18 -19 -21 -25 -36 0 
-1 -4 -12 -18 -26 -39 0 
-3 -6 -10 -12 -13 -16 -32 -35 -39 0 
-2 -6 -10 -17 -37 0 
-11 -14 -30 -33 -38 -39 0 
-13 -16 -19 -24 -35 -38 0 
-2 -7 -11 -16 -29 -31 -33 -39 -40 0 
-5 -8 -14 -15 -18 -30 -39 -40 0 
-6 -25 -28 -29 -30 -32 -33 -35 -39 0 
-4 -5 -8 -11 -18 -22 -24 -27 -30 -35 -40 0 
-3 -17 -18 -36 -37 -38 0 
-2 -4 -13 -18 -19 -22 -24 -28 -35 0 
-17 -27 -28 -34 0 
-1 -3 -5 -6 -22 -24 -25 -32 -36 -38 0 
-13 -14 -33 0 
-9 -27 -30 -40 0 
-9 -11 -14 -15 -23 -24 -28 0 
-1 -2 -4 -5 -17 -27 -28 0 
-1 -4 -8 -12 -18 -20 -21 -28 -35 -39 0 
-3 -15 -18 -25 -27 -28 -29 -32 -38 0 
-1 -7 -17 -18 -30 -38 0 
-1 -8 -18 -23 -35 -39 0 
-3 -4 -10 -11 -28 -34 -37 0 
-7 -15 -16 -18 -27 -28 -29 -35 -40 0 
-9 -15 -22 -25 0 
-10 -39 0 
-5 -12 -19 -20 -37 0 
-4 -9 -15 -16 -18 -36 0 
-1 -23 -27 -28 -36 -37 -38 0 
-13 -23 -28 -30 0 
-2 -32 -39 -40 0 
-7 -13 -14 -15 -23 -29 -34 0 
-7 -9 -13 -16 -21 -26 -30 -35 0 
-5 -8 -16 -21 -22 -24 -26 -27 -38 -40 0 
-12 -14 -20 -24 -28 -30 -36 -38 0 
-2 -7 -20 -30 -35 -37 -39 -40 0 
-6 -7 -10 -18 -23 -26 -32 -35 -39 -40 0 
-4 -5 -9 -14 -17 -21 -27 -28 -31 -36 -37 -40 0 
-2 -7 -10 -11 -31 -32 -36 -37 0 
-5 -9 -10 -11 -15 -29 -40 0 
-6 -10 -12 -13 -27 -29 0 
-6 -14 -19 -25 -37 0 
-2 -12 -14 -15 -16 -17 -18 -32 0 
-6 -20 -22 -34 -37 0 
-2 -4 -6 -16 -24 -31 -40 0 
-3 -5 -13 -17 -20 -23 -31 -33 0 
-3 -18 -29 -39 0 
-9 -11 -18 -20 -35 -38 0 
-4 -8 -10 -11 -16 -18 -23 -35 0 
-7 -39 -40 0 
-8 -19 -27 -38 -40 0 
-9 -22 -29 -32 0 
-2 -8 -12 -20 -23 -30 -35 -39 0 
-2 -13 -18 -26 -32 -37 0 
-1 -6 -7 -8 -27 0 
-12 -13 -18 -21 -25 -31 -32 -33 0 
-1 -5 -9 -11 -13 -15 -16 -28 0 
-6 -7 -18 -26 -27 -29 -30 0 
-5 -8 -18 -21 -34 0 
-5 -7 -17 -22 -27 -30 -31 0 
-6 -15 -21 -24 -32 0 
-18 -24 -26 -31 -35 -39 0 
-4 -5 -25 -38 0 
-8 -15 -19 -23 -31 -36 -37 0 
-5 -15 -17 -27 -34 0 
-16 -19 -21 -29 -36 0 
-2 -4 -5 -8 -9 -12 -13 -23 -29 -31 -32 -34 0 
-2 -4 -6 -16 -19 -34 0 
-1 -7 -15 -32 0 
-25 -29 0 
-2 -16 -30 0 
-4 -12 -17 -18 -25 -33 0 
-11 -14 -24 -34 -39 0 
-2 -5 -8 -9 -12 -16 -18 -19 -25 -32 -33 -38 0 
-5 -6 -8 -13 -16 -27 -30 0 
-2 -3 -23 0 
-2 -7 -11 -27 0 
-12 -22 -26 -31 -35 -37 0 
-2 -8 -11 -15 -31 -32 0 
-1 -2 -6 -8 -13 -16 -36 -39 0 
-3 -4 -11 -13 -19 -33 0 
-5 -7 -10 -16 -24 -30 -31 0 
-6 -14 -18 -36 -38 -39 0 
-6 -12 -29 0 
-12 -13 -17 -22 -23 -27 -30 -35 -37 0 
-3 -9 -17 -24 -33 0 
-5 -7 -12 -13 -26 -36 -39 0 
-9 -11 -13 -25 -36 -39 0 
-2 -11 -19 -24 -37 -40 0 
-2 -5 -17 -23 -28 -35 -36 -38 0 
-3 -12 -21 -40 0 
-8 -10 -11 -19 -20 -27 -40 0 
-4 -11 -13 -37 -39 -40 0 
-1 -2 -6 -12 -14 -16 -20 -22 -33 0 
-5 -9 -15 -24 -29 -36 0 
-7 -15 -17 -22 -39 0 
-3 -4 -8 -13 -23 -30 -31 0 
-1 -20 -21 -25 -37 -38 0 
-1 -3 -23 -37 0 
-6 -13 -16 -17 -24 -37 -40 0 
-6 -8 -30 -31 -32 -33 0 
-7 -13 -14 -18 -19 -29 -32 -33 -35 -37 0 
-11 -13 -16 0 
-8 -20 -25 -31 -39 0 
-7 -18 -23 -32 -40 0 
-12 -13 -19 -24 -36 0 
-9 -30 -31 -34 0 
-1 -4 -16 -21 -25 -29 -30 0 
-1 -2 -3 -15 -33 -40 0 
-20 -28 -35 0 
-3 -4 -16 -21 -22 -24 -33 -37 0 
-4 -11 -15 -26 -27 0 
-9 -18 -36 -37 -40 0 
-15 -17 -18 -23 -28 -37 0 
-14 -29 -34 0 
-3 -25 -37 0 
-6 -8 -10 -11 -19 -21 -26 -28 -32 -36 0 
-4 -5 -6 -9 -30 -31 -33 -34 -37 -38 0 
-1 -5 -17 -25 -28 -29 -31 -33 -35 -36 -38 -39 0 
-1 -20 -23 -26 -28 -30 -40 0 
-1 -3 -5 -11 -12 -14 -19 -23 -31 -35 -38 0 
-6 -10 -27 -30 -34 -39 0 
-2 -10 -13 -22 -27 -30 -34 -37 -40 0 
-4 -8 -15 -16 -20 -28 -30 -36 0 
-1 -2 -9 -16 -22 -24 -31 -38 -40 0 
-4 -26 -27 -38 0 
-11 -16 -27 -33 -36 0 
-5 -14 -22 -37 -39 0 
-3 -13 -27 0 
-1 -20 -35 -39 0 
-2 -4 -5 -17 -22 -26 -32 -36 0 
-2 -3 -22 -31 -37 -38 0 
-1 -11 -17 -21 -22 -26 -40 0 
-4 -12 -13 -14 -17 -20 -21 0 
-10 -17 -18 -28 0 
-7 -8 -13 -19 -21 -28 -32 0 
-1 -10 -11 -14 -20 -33 0 
-8 -10 -16 -21 -22 -23 -40 0 
-3 -4 -7 -12 -20 -22 -28 -32 0 
-4 -9 -17 -21 -38 -40 0 
-6 -7 -10 -11 -25 0 
-2 -4 -15 -20 -23 -24 -31 -33 0 
-11 -21 -22 -28 -30 -36 -37 0 
-7 -9 -13 -18 -28 -31 -37 0 
-1 -3 -15 -16 -30 -36 -37 0 
-9 -10 -24 -31 -34 -37 -39 -40 0 
-3 -5 -7 -12 -14 -22 -24 -29 -31 0 
-4 -5 -16 -18 -29 0 
-5 -17 -24 0 
-10 -23 -30 -40 0 
-1 -5 -14 -19 -24 -32 0 
-9 -10 -15 -21 -34 -36 0 
-5 -7 -11 -12 -16 -26 -36 -37 0 
-9 -17 -19 -23 -24 0 
-9 -26 -30 -32 -36 0 
-5 -6 -14 -17 -24 -25 -30 -35 -37 0 
-2 -20 -24 -37 -38 0 
-4 -15 -17 -18 -36 -37 0 
-1 -10 -21 -22 -25 0 
-4 -9 -11 -13 -14 -17 -38 0 
-2 -4 -16 -17 -18 -19 -21 -23 -28 -30 -38 -39 0 
-5 -15 -19 -20 -24 -28 -29 -39 -40 0 
-23 -28 -35 0 
-3 -11 -12 -18 -23 -34 -35 0 
-10 -15 -19 -28 -37 0 
-1 -5 -9 -10 -11 -25 -32 0 
-16 -18 -23 -30 -31 -33 -34 -36 -39 0 
-1 -11 -13 -17 -18 0 
-1 -7 -12 -21 -30 -33 0 
-1 -2 -3 -15 -24 -26 -39 0 
-16 -17 -22 -24 -31 -39 0 
-8 -17 -19 -26 -31 -34 -39 -40 0 
-3 -5 -10 -12 -15 -16 -18 -21 -25 -30 -33 0 
-6 -16 -17 -20 -24 -29 -30 0 
-2 -3 -9 -12 -20 -27 0 
-1 -2 -8 -9 -19 -26 -35 0 
-3 -4 -7 -21 -29 -33 -35 -36 -38 0 
-16 -24 -27 -35 -36 0 
-9 -11 -19 -26 -29 -37 0 
-5 -14 -19 -21 -29 -37 -38 0 
-4 -9 -12 -14 -18 -37 -39 0 
-23 -31 0 
-5 -8 -14 -15 -32 -37 -38 0 
-13 -15 -25 -30 -39 0 
-3 -6 -7 -16 -34 0 
-2 -3 -15 -16 -24 -25 -37 0 
-18 -19 -24 -31 0 
-5 -10 -14 -18 -24 -26 -30 -35 0 
-4 -8 -9 -20 -29 -34 -35 -36 0 
-2 -6 -16 -30 -39 0 
-4 -14 -15 -19 -27 -37 -38 -40 0 
-2 -6 -22 -23 -38 0 
-8 -27 -28 -33 -34 -39 0 
-15 -20 -39 -40 0 
-21 -35 -36 -37 -39 0 
-9 -11 -12 -19 -20 -25 0 
-2 -8 -12 -16 -20 -21 -26 -29 -36 0 
-1 -3 -7 -24 -26 -30 -31 0 
-2 -19 -21 -31 0 
-19 -21 -27 -31 0 
-5 -11 -17 -20 -36 -37 0 
-2 -3 -31 0 
-12 -17 -19 -28 0 
-7 -11 -14 -18 -21 -23 -27 0 
-4 -5 -12 -20 -31 -40 0 
-5 -10 -14 -15 -20 -36 0 
-4 -15 -18 -24 -35 0 
-1 -2 -6 -18 -21 -29 -34 -36 0 
-3 -11 -14 -15 -21 -29 -33 -36 -40 0 
-1 -14 -16 -17 -21 -28 -37 0 
-7 -9 -12 -27 -33 -34 -38 0 
-9 -13 -16 -17 -22 -34 -36 -40 0 
-2 -5 -7 -10 -11 -14 -26 -34 -36 -39 0 
-1 -7 -12 -17 -23 -37 -38 0 
-10 -11 -16 -24 -27 0 
-3 -8 -11 -18 -21 -36 0 
-1 -10 -17 -18 -21 -34 -38 -39 0 
-8 -10 -11 -15 -20 -24 -32 -35 -37 -40 0 
-5 -22 -31 -40 0 
-9 -28 -36 0 
-2 -12 -14 -17 -18 -19 -39 0 
-4 -10 -12 -18 -19 -20 -23 -28 -33 -36 0 
-6 -12 -16 -31 -32 0 
-1 -11 -13 -15 -20 -21 -33 -34 0 
-6 -7 -8 -15 -22 -24 -26 -27 -28 -30 -36 0 
-6 -17 -18 -33 -35 -36 -38 0 
-4 -11 -21 -23 -31 -36 0 
-1 -8 -19 -32 0 
-4 -12 -14 -25 -33 0 
-12 -14 -23 -28 -39 0 
-11 -15 -33 -34 0 
-3 -11 -19 -24 -31 -36 -37 0 
-5 -23 -24 -26 -27 -38 0 
-2 -10 -12 -14 -19 -23 -24 -25 -29 -31 0 
-1 -4 -34 -35 0 
-3 -5 -10 -11 -14 -23 -33 -38 0 
-1 -3 -6 -13 -27 -32 -37 0 
-3 -9 -21 -23 -33 0 
-13 -16 -18 -33 -36 0 
-2 -3 -5 -8 -11 -14 -19 -23 -29 -34 -40 0 
-1 -4 -10 -11 -18 -20 -26 -38 0 
-7 -12 -13 -18 -24 -25 -38 -39 0 
-9 -15 -28 -30 -31 -32 -37 -38 0 
-7 -9 -13 -20 -23 -26 -27 -29 -34 0 
-2 -6 -20 -30 -33 0 
-6 -8 -10 -12 -19 -37 0 
-8 -9 -12 -16 -19 -20 -29 0 
-1 -3 -5 -7 -15 -21 -22 -31 -32 0 
-2 -4 -15 -22 0 
-22 -38 0 
-5 -6 -20 -25 -29 -31 -33 -36 0 
-3 -9 -32 -33 -37 -39 0 
-2 -11 -12 -20 -26 -35 0 
-10 -13 -15 -22 -29 -31 -34 -36 -38 0 
-23 -25 -36 -40 0 
-7 -12 -20 -21 -28 -31 -40 0 
-4 -6 -11 -12 -25 -38 0 
-15 -21 -26 0 
-5 -6 -15 -23 -27 -28 -31 -34 -37 0 
-4 -6 -7 -10 -11 -21 -32 -38 0 
-3 -16 -23 -27 -32 -38 0 
-2 -6 -8 -10 -18 -19 -28 0 
-9 -12 -13 -16 -25 0 
-5 -13 -16 -26 0 
-6 -7 -8 -12 -13 -20 -31 -33 0 
-3 -5 -7 -8 -15 -17 -19 -23 -26 -27 -30 -34 0 
-15 -18 -29 -30 -31 -36 -38 -40 0 
-5 -6 -15 -17 -28 -29 -37 0 
-2 -12 -20 -26 -27 -28 -38 0 
-5 -11 -12 -18 -28 -31 -36 0 
-3 -7 -10 -12 -15 -30 0 
-3 -8 -23 -28 -32 -39 -40 0 
-1 -12 -13 -30 -40 0 
-18 -25 -33 -37 -40 0 
-8 -11 -15 -18 -20 -23 -28 -29 -34 -38 -39 0 
-2 -6 -8 -13 -15 -16 -21 -22 -23 -28 -31 -40 0 
-18 -20 -25 -34 0 
-2 -9 -10 -12 -21 -23 -26 0 
-2 -3 -16 -26 -27 -32 -38 0 
-17 -19 -21 -29 -31 -39 0 
-2 -4 -5 -8 -12 -13 -23 -37 0 
-5 -6 -7 -12 -14 -20 -24 -29 0 
-2 -4 -11 -13 -17 -24 -26 -31 -36 -38 -40 0 
-4 -5 -28 -30 -34 -38 0 
-4 -13 -14 -17 -25 -35 -38 -40 0 
-1 -13 -17 -21 -22 0 
-16 -24 -34 -40 0 
-4 -5 -8 -16 -31 0 
-1 -3 -9 -18 -23 -29 -36 -37 -38 0 
-12 -14 -24 -27 -34 -35 0 
-17 -22 -25 -26 -28 -30 -35 -37 0 
-29 -39 0 
-1 -3 -4 -15 -26 -40 0 
-8 -20 -21 -28 -37 0 
-11 -13 -27 -34 -38 -40 0 
-9 -22 -33 0 
-1 -4 -15 -20 -29 -32 -33 0 
-7 -16 -35 0 
-5 -14 -18 -22 -40 0 
-16 -19 -21 -30 -32 0 
-9 -12 -13 -22 -33 -36 -40 0 
-13 -33 -34 -36 0 
-3 -5 -24 -30 -34 -36 0 
-3 -6 -12 -17 -20 -27 -28 -31 -34 0 
-2 -3 -14 -17 -18 -21 -29 -30 -36 0 
-8 -16 -23 -25 0 
-6 -7 -8 -10 -14 -23 -29 0 
