p cnf 40 800
17 21 26 27 30 32 33 34 35 0 
2 6 13 19 25 31 40 0 
15 31 0 
2 22 26 30 34 37 40 0 
10 18 32 33 35 0 
5 13 16 17 19 25 30 36 0 
20 32 38 39 0 
1 16 20 22 23 25 26 35 39 0 
4 14 21 22 25 38 0 
1 12 29 35 0 
7 11 17 27 32 40 0 
4 10 16 22 35 0 
2 4 5 14 28 30 0 
1 11 12 13 16 33 35 40 0 
5 18 19 22 33 0 
1 2 4 9 17 21 37 0 
7 10 15 24 31 35 36 38 0 
12 24 26 29 30 31 0 
1 2 4 19 24 28 0 
4 9 13 19 29 39 0 
6 11 13 19 20 30 36 37 0 
10 12 26 39 0 
3 5 10 13 20 0 
3 12 16 25 32 40 0 
1 5 21 31 0 
2 9 13 16 17 22 23 27 34 36 0 
7 17 24 26 27 37 39 0 
1 2 18 20 25 0 
2 3 18 23 26 27 28 30 33 35 0 
1 5 9 12 13 15 16 17 23 25 29 30 33 0 
3 5 13 16 17 19 26 28 35 0 
9 12 14 33 34 0 
9 21 28 34 0 
13 23 29 30 0 
1 3 7 9 10 19 27 30 0 
1 9 20 29 0 
2 3 8 18 24 29 31 32 33 36 0 
12 13 18 19 28 40 0 
8 12 21 29 0 
3 4 10 17 20 35 0 
17 21 32 34 35 39 0 
7 12 16 30 38 0 
11 13 24 27 34 37 0 
4 15 18 20 28 29 0 
4 10 11 12 17 27 35 0 
2 4 10 13 16 17 21 38 39 40 0 
1 6 8 12 20 23 31 36 37 0 
4 18 22 24 33 37 39 0 
3 14 22 30 31 39 0 
6 15 17 24 28 33 39 0 
3 6 23 25 33 37 0 
6 12 15 17 36 40 0 
16 20 22 31 34 0 
4 14 26 32 38 0 
10 15 22 23 27 33 36 0 
1 2 3 4 10 18 19 26 30 33 0 
2 4 7 8 27 30 32 34 0 
1 2 3 5 11 27 33 0 
2 8 13 17 24 27 36 38 40 0 
5 10 11 25 30 33 0 
8 15 29 30 31 39 0 
8 12 18 19 35 0 
10 12 13 15 28 0 
5 15 24 25 30 37 39 0 
12 13 15 26 0 
9 14 16 19 28 31 33 0 
4 6 7 13 17 20 23 33 36 39 0 
4 7 13 14 21 22 23 27 30 31 32 0 
4 10 13 16 22 24 27 28 0 
1 10 11 14 20 32 33 35 37 38 0 
5 19 25 38 39 0 
6 8 10 11 12 24 25 27 34 0 
8 18 20 27 30 0 
4 5 17 22 24 27 31 32 34 39 0 
4 7 10 13 14 15 16 29 37 0 
4 8 11 17 21 23 25 37 0 
3 4 14 15 18 19 32 0 
6 8 9 14 15 19 25 28 31 34 0 
3 5 6 10 12 14 21 28 30 38 0 
8 15 20 21 37 39 0 
1 17 20 23 24 33 0 
3 9 21 27 35 0 
2 13 21 27 30 31 36 38 0 
4 7 14 16 19 28 0 
5 17 31 37 39 0 
2 9 17 29 34 35 36 0 
7 10 11 28 37 0 
5 16 18 20 36 40 0 
6 7 30 0 
1 5 6 10 15 19 21 22 34 37 40 0 
1 5 9 16 19 22 24 30 31 32 35 0 
1 2 4 5 8 30 0 
7 19 26 29 0 
7 22 24 28 38 0 
4 5 9 12 21 25 37 0 
2 8 20 35 37 39 40 0 
13 14 15 17 20 26 35 40 0 
6 13 15 17 0 
1 9 13 15 17 21 30 37 0 
3 10 13 18 19 26 37 39 0 
4 5 6 12 21 24 38 0 
19 23 25 38 39 0 
1 17 18 20 22 35 0 
8 16 21 34 0 
11 14 15 20 21 25 0 
2 9 10 17 27 33 34 36 0 
3 17 18 20 28 35 36 38 39 0 
6 11 27 31 37 0 
8 16 20 24 28 0 
4 7 12 25 31 35 0 
1 2 23 24 26 31 35 0 
1 6 25 32 39 0 
12 13 16 28 38 0 
5 15 17 23 24 25 28 32 0 
3 22 27 30 35 37 0 
6 16 22 24 37 40 0 
19 25 40 0 
5 14 28 33 35 39 40 0 
13 28 33 40 0 
2 8 10 12 17 24 31 0 
3 5 9 12 15 16 25 37 0 
3 10 12 15 20 27 35 40 0 
8 26 33 35 36 38 39 40 0 
11 17 27 31 33 39 0 
1 17 18 36 37 0 
5 7 12 20 23 24 25 0 
6 16 21 36 0 
8 12 29 31 38 0 
3 14 16 19 22 38 0 
10 21 22 24 34 37 0 
1 18 24 29 31 32 40 0 
6 26 29 36 38 0 
2 8 26 27 28 33 38 39 0 
10 14 24 29 30 34 38 40 0 
7 9 15 33 35 0 
5 6 9 14 23 26 35 40 0 
4 6 7 10 13 17 20 29 0 
4 8 10 15 20 22 38 40 0 
5 6 9 26 27 30 34 36 40 0 
2 11 13 26 31 39 0 
13 14 23 24 28 31 33 36 38 0 
2 3 25 33 35 0 
1 5 12 18 24 32 36 38 0 
1 10 11 26 39 40 0 
9 12 16 18 25 33 34 35 0 
12 13 30 32 0 
2 10 18 19 22 29 37 38 39 0 
3 5 15 20 27 37 38 0 
3 4 27 28 36 0 
4 11 20 25 36 40 0 
3 21 22 25 36 0 
2 3 8 9 10 14 19 24 26 38 0 
5 27 30 38 39 0 
8 17 20 24 29 0 
17 18 24 31 35 0 
1 4 14 25 26 31 0 
2 7 24 28 33 0 
4 19 21 29 37 38 39 0 
3 6 12 13 15 26 28 30 33 0 
5 9 14 16 22 30 0 
2 22 33 39 0 
6 7 16 19 28 29 30 0 
10 19 24 25 32 34 37 39 0 
6 10 23 38 0 
4 12 14 16 19 24 28 30 38 0 
2 12 14 20 25 34 36 0 
11 14 30 33 40 0 
1 7 10 11 17 25 27 0 
1 17 19 21 25 0 
9 17 19 25 32 35 39 0 
11 16 30 31 34 0 
6 9 20 28 29 30 33 34 37 0 
1 19 29 33 38 0 
14 26 31 32 38 0 
8 15 30 34 35 36 37 0 
3 5 21 25 35 38 40 0 
2 17 18 22 27 32 0 
10 13 16 22 23 25 30 31 0 
3 8 9 12 18 27 33 0 
14 16 32 0 
3 32 0 
1 2 5 17 20 33 34 39 0 
3 4 9 17 29 32 33 35 40 0 
2 3 6 14 21 22 31 33 35 0 
2 9 19 22 25 27 37 0 
9 11 19 21 24 28 29 39 0 
8 15 17 19 32 0 
18 22 33 36 38 0 
5 15 36 0 
1 17 20 27 29 30 32 36 39 0 
14 20 21 22 23 30 38 0 
4 6 10 15 23 28 40 0 
6 11 16 26 27 35 36 0 
1 2 9 28 32 34 0 
13 20 21 37 39 0 
1 10 11 12 31 33 35 37 39 0 
12 14 16 34 0 
3 6 34 38 0 
3 8 12 15 18 28 30 31 38 39 0 
2 17 19 26 29 33 34 0 
1 5 13 15 19 24 27 29 0 
1 3 5 14 25 26 0 
21 23 26 36 40 0 
5 17 23 30 32 0 
3 5 10 21 29 34 38 39 0 
6 13 18 29 0 
9 11 12 18 22 24 32 0 
2 3 10 12 15 20 24 27 28 40 0 
10 11 20 21 34 38 39 0 
3 9 17 18 23 28 34 37 0 
1 12 22 27 0 
1 3 7 11 15 23 37 0 
4 6 9 11 27 28 32 37 0 
1 14 18 26 29 31 34 39 0 
11 26 0 
2 5 12 16 17 40 0 
4 12 16 31 35 40 0 
2 7 8 24 25 30 34 0 
12 19 34 36 0 
1 10 14 37 39 0 
4 6 12 20 26 36 38 0 
4 14 20 21 24 0 
7 14 26 33 40 0 
1 2 3 9 12 19 23 27 39 0 
6 10 38 0 
12 13 17 20 27 35 37 0 
2 4 20 24 30 34 35 0 
3 9 15 26 33 0 
13 18 26 38 0 
5 17 19 23 30 39 0 
2 9 12 13 26 28 29 40 0 
2 8 18 0 
2 3 20 29 35 39 40 0 
6 7 10 13 15 19 21 22 25 27 28 0 
6 7 21 23 27 28 33 0 
8 10 13 15 25 32 0 
14 22 27 31 39 0 
5 12 13 32 37 40 0 
14 25 28 31 34 0 
1 3 13 19 34 39 0 
6 15 16 17 0 
9 11 16 20 21 24 26 31 38 40 0 
2 9 23 38 40 0 
6 11 13 22 28 29 38 0 
2 11 20 32 35 39 40 0 
3 5 19 0 
3 5 11 16 19 26 27 30 36 0 
10 18 21 24 25 29 30 36 39 0 
2 20 28 36 0 
5 8 11 15 16 18 24 30 31 35 0 
5 13 23 28 29 34 0 
7 8 12 17 20 24 26 27 28 31 33 34 36 37 39 0 
3 8 11 17 21 26 31 34 36 0 
3 4 5 18 31 0 
5 22 26 31 32 35 38 39 0 
2 19 30 33 36 38 39 0 
2 4 20 37 39 40 0 
2 4 29 33 34 35 0 
8 13 15 34 35 0 
4 10 16 25 31 37 0 
3 5 8 10 14 20 26 27 33 36 0 
8 14 19 22 31 34 39 0 
5 7 9 23 37 39 0 
5 13 17 27 30 36 38 40 0 
9 20 28 34 35 39 0 
1 13 14 29 37 0 
1 3 4 8 25 38 0 
11 17 23 40 0 
3 7 13 20 34 0 
6 14 17 20 22 35 0 
4 9 15 22 32 33 0 
2 5 7 9 18 20 0 
5 12 40 0 
6 8 20 25 0 
4 9 18 30 32 0 
4 12 15 23 36 38 0 
12 18 24 35 37 0 
9 12 21 23 25 36 0 
14 20 24 25 35 0 
12 36 38 0 
4 22 23 0 
1 6 9 15 16 24 25 29 0 
8 10 11 13 18 21 25 30 31 0 
6 9 16 23 24 33 35 36 37 0 
27 35 0 
6 16 26 40 0 
1 3 4 6 16 24 27 32 36 40 0 
3 8 11 15 30 0 
2 5 13 16 18 29 33 39 0 
7 9 10 11 15 18 27 35 37 38 0 
4 10 13 16 20 39 0 
5 6 8 21 26 27 37 0 
14 15 21 27 28 0 
4 5 7 14 16 23 29 40 0 
2 5 18 31 34 36 0 
3 8 10 16 18 34 39 0 
8 10 14 22 27 33 35 0 
4 5 15 16 17 23 30 0 
15 26 39 0 
6 19 31 33 0 
8 26 28 29 30 31 34 36 38 39 0 
1 9 16 21 24 25 29 30 31 0 
5 11 17 21 28 0 
5 8 16 28 30 31 38 0 
8 9 12 17 18 26 34 37 0 
2 12 20 25 30 31 32 0 
1 11 13 28 30 0 
1 2 9 11 13 15 27 31 32 34 38 40 0 
8 9 13 15 16 26 30 32 0 
5 7 13 21 35 0 
4 8 13 17 22 40 0 
11 12 14 15 23 31 0 
3 15 19 27 30 0 
7 9 18 19 21 0 
3 9 17 18 25 27 33 0 
1 3 15 30 0 
6 10 13 21 22 28 31 33 0 
10 31 38 40 0 
8 10 15 18 20 24 26 36 0 
21 30 31 34 0 
4 11 14 19 23 29 35 0 
2 3 5 9 16 19 21 40 0 
1 7 12 19 29 0 
1 8 20 24 33 0 
1 7 9 10 14 28 30 32 36 0 
10 18 20 22 38 0 
9 24 28 32 34 38 0 
2 3 12 30 34 36 37 40 0 
5 10 26 27 36 38 0 
8 11 21 22 23 27 29 0 
5 24 25 34 38 40 0 
9 11 27 29 30 31 34 38 0 
2 3 6 11 13 18 22 0 
3 12 37 39 0 
1 15 20 22 27 38 0 
3 6 17 25 32 0 
10 14 21 24 40 0 
9 13 17 32 34 38 0 
1 7 8 9 18 21 25 35 36 0 
1 6 33 40 0 
1 11 18 20 24 32 38 0 
15 21 23 29 38 0 
10 13 23 27 30 34 36 39 0 
1 4 7 28 0 
6 14 17 24 0 
1 2 5 9 11 17 18 22 0 
3 9 14 15 24 38 0 
18 21 26 29 35 39 0 
11 13 15 18 22 25 28 0 
4 5 7 9 21 25 26 36 0 
9 19 20 22 0 
9 11 14 18 23 27 30 32 35 0 
6 8 13 27 35 0 
1 2 22 30 36 37 39 0 
3 8 12 18 19 27 28 31 35 0 
4 5 7 25 28 32 33 38 39 0 
5 6 9 12 20 29 32 0 
6 14 22 24 29 0 
7 9 11 12 17 28 30 0 
2 11 25 30 37 0 
1 4 13 21 26 31 38 40 0 
8 10 23 30 32 38 40 0 
2 10 16 18 31 36 40 0 
13 18 26 0 
1 3 7 14 19 23 29 39 40 0 
1 3 8 13 17 31 0 
8 10 17 22 0 
4 8 15 18 22 29 40 0 
2 6 12 26 39 0 
3 11 19 22 26 27 35 39 0 
2 3 6 10 16 22 0 
3 5 6 7 13 14 22 28 0 
12 13 25 35 0 
6 11 13 14 22 24 25 28 0 
3 7 9 11 16 21 25 29 0 
1 3 4 8 9 0 
6 7 11 25 30 34 36 39 0 
4 17 22 27 29 40 0 
3 4 7 10 13 16 22 27 32 38 0 
4 30 0 
8 12 17 25 32 34 36 0 
3 12 13 16 22 29 30 34 37 0 
12 16 29 0 
9 13 15 20 25 28 33 36 37 0 
6 14 15 25 30 33 35 0 
3 5 8 10 12 13 27 28 37 0 
1 11 14 20 22 34 40 0 
5 14 19 34 37 0 
7 22 31 35 0 
2 10 37 0 
4 8 10 11 20 21 27 32 33 35 37 0 
12 34 37 38 0 
8 19 26 28 31 37 0 
6 28 31 38 39 0 
9 19 20 23 34 40 0 
2 5 17 24 35 38 0 
8 10 21 24 26 29 33 36 37 38 39 0 
1 10 17 22 25 29 0 
5 9 10 13 17 19 27 28 31 0 
6 11 16 17 19 26 31 0 
-17 -21 -26 -27 -30 -32 -33 -34 -35 0 
-2 -6 -13 -19 -25 -31 -40 0 
-15 -31 0 
-2 -22 -26 -30 -34 -37 -40 0 
-10 -18 -32 -33 -35 0 
-5 -13 -16 -17 -19 -25 -30 -36 0 
-20 -32 -38 -39 0 
-1 -16 -20 -22 -23 -25 -26 -35 -39 0 
-4 -14 -21 -22 -25 -38 0 
-1 -12 -29 -35 0 
-7 -11 -17 -27 -32 -40 0 
-4 -10 -16 -22 -35 0 
-2 -4 -5 -14 -28 -30 0 
-1 -11 -12 -13 -16 -33 -35 -40 0 
-5 -18 -19 -22 -33 0 
-1 -2 -4 -9 -17 -21 -37 0 
-7 -10 -15 -24 -31 -35 -36 -38 0 
-12 -24 -26 -29 -30 -31 0 
-1 -2 -4 -19 -24 -28 0 
-4 -9 -13 -19 -29 -39 0 
-6 -11 -13 -19 -20 -30 -36 -37 0 
-10 -12 -26 -39 0 
-3 -5 -10 -13 -20 0 
-3 -12 -16 -25 -32 -40 0 
-1 -5 -21 -31 0 
-2 -9 -13 -16 -17 -22 -23 -27 -34 -36 0 
-7 -17 -24 -26 -27 -37 -39 0 
-1 -2 -18 -20 -25 0 
-2 -3 -18 -23 -26 -27 -28 -30 -33 -35 0 
-1 -5 -9 -12 -13 -15 -16 -17 -23 -25 -29 -30 -33 0 
-3 -5 -13 -16 -17 -19 -26 -28 -35 0 
-9 -12 -14 -33 -34 0 
-9 -21 -28 -34 0 
-13 -23 -29 -30 0 
-1 -3 -7 -9 -10 -19 -27 -30 0 
-1 -9 -20 -29 0 
-2 -3 -8 -18 -24 -29 -31 -32 -33 -36 0 
-12 -13 -18 -19 -28 -40 0 
-8 -12 -21 -29 0 
-3 -4 -10 -17 -20 -35 0 
-17 -21 -32 -34 -35 -39 0 
-7 -12 -16 -30 -38 0 
-11 -13 -24 -27 -34 -37 0 
-4 -15 -18 -20 -28 -29 0 
-4 -10 -11 -12 -17 -27 -35 0 
-2 -4 -10 -13 -16 -17 -21 -38 -39 -40 0 
-1 -6 -8 -12 -20 -23 -31 -36 -37 0 
-4 -18 -22 -24 -33 -37 -39 0 
-3 -14 -22 -30 -31 -39 0 
-6 -15 -17 -24 -28 -33 -39 0 
-3 -6 -23 -25 -33 -37 0 
-6 -12 -15 -17 -36 -40 0 
-16 -20 -22 -31 -34 0 
-4 -14 -26 -32 -38 0 
-10 -15 -22 -23 -27 -33 -36 0 
-1 -2 -3 -4 -10 -18 -19 -26 -30 -33 0 
-2 -4 -7 -8 -27 -30 -32 -34 0 
-1 -2 -3 -5 -11 -27 -33 0 
-2 -8 -13 -17 -24 -27 -36 -38 -40 0 
-5 -10 -11 -25 -30 -33 0 
-8 -15 -29 -30 -31 -39 0 
-8 -12 -18 -19 -35 0 
-10 -12 -13 -15 -28 0 
-5 -15 -24 -25 -30 -37 -39 0 
-12 -13 -15 -26 0 
-9 -14 -16 -19 -28 -31 -33 0 
-4 -6 -7 -13 -17 -20 -23 -33 -36 -39 0 
-4 -7 -13 -14 -21 -22 -23 -27 -30 -31 -32 0 
-4 -10 -13 -16 -22 -24 -27 -28 0 
-1 -10 -11 -14 -20 -32 -33 -35 -37 -38 0 
-5 -19 -25 -38 -39 0 
-6 -8 -10 -11 -12 -24 -25 -27 -34 0 
-8 -18 -20 -27 -30 0 
-4 -5 -17 -22 -24 -27 -31 -32 -34 -39 0 
-4 -7 -10 -13 -14 -15 -16 -29 -37 0 
-4 -8 -11 -17 -21 -23 -25 -37 0 
-3 -4 -14 -15 -18 -19 -32 0 
-6 -8 -9 -14 -15 -19 -25 -28 -31 -34 0 
-3 -5 -6 -10 -12 -14 -21 -28 -30 -38 0 
-8 -15 -20 -21 -37 -39 0 
-1 -17 -20 -23 -24 -33 0 
-3 -9 -21 -27 -35 0 
-2 -13 -21 -27 -30 -31 -36 -38 0 
-4 -7 -14 -16 -19 -28 0 
-5 -17 -31 -37 -39 0 
-2 -9 -17 -29 -34 -35 -36 0 
-7 -10 -11 -28 -37 0 
-5 -16 -18 -20 -36 -40 0 
-6 -7 -30 0 
-1 -5 -6 -10 -15 -19 -21 -22 -34 -37 -40 0 
-1 -5 -9 -16 -19 -22 -24 -30 -31 -32 -35 0 
-1 -2 -4 -5 -8 -30 0 
-7 -19 -26 -29 0 
-7 -22 -24 -28 -38 0 
-4 -5 -9 -12 -21 -25 -37 0 
-2 -8 -20 -35 -37 -39 -40 0 
-13 -14 -15 -17 -20 -26 -35 -40 0 
-6 -13 -15 -17 0 
-1 -9 -13 -15 -17 -21 -30 -37 0 
-3 -10 -13 -18 -19 -26 -37 -39 0 
-4 -5 -6 -12 -21 -24 -38 0 
-19 -23 -25 -38 -39 0 
-1 -17 -18 -20 -22 -35 0 
-8 -16 -21 -34 0 
-11 -14 -15 -20 -21 -25 0 
-2 -9 -10 -17 -27 -33 -34 -36 0 
-3 -17 -18 -20 -28 -35 -36 -38 -39 0 
-6 -11 -27 -31 -37 0 
-8 -16 -20 -24 -28 0 
-4 -7 -12 -25 -31 -35 0 
-1 -2 -23 -24 -26 -31 -35 0 
-1 -6 -25 -32 -39 0 
-12 -13 -16 -28 -38 0 
-5 -15 -17 -23 -24 -25 -28 -32 0 
-3 -22 -27 -30 -35 -37 0 
-6 -16 -22 -24 -37 -40 0 
-19 -25 -40 0 
-5 -14 -28 -33 -35 -39 -40 0 
-13 -28 -33 -40 0 
-2 -8 -10 -12 -17 -24 -31 0 
-3 -5 -9 -12 -15 -16 -25 -37 0 
-3 -10 -12 -15 -20 -27 -35 -40 0 
-8 -26 -33 -35 -36 -38 -39 -40 0 
-11 -17 -27 -31 -33 -39 0 
-1 -17 -18 -36 -37 0 
-5 -7 -12 -20 -23 -24 -25 0 
-6 -16 -21 -36 0 
-8 -12 -29 -31 -38 0 
-3 -14 -16 -19 -22 -38 0 
-10 -21 -22 -24 -34 -37 0 
-1 -18 -24 -29 -31 -32 -40 0 
-6 -26 -29 -36 -38 0 
-2 -8 -26 -27 -28 -33 -38 -39 0 
-10 -14 -24 -29 -30 -34 -38 -40 0 
-7 -9 -15 -33 -35 0 
-5 -6 -9 -14 -23 -26 -35 -40 0 
-4 -6 -7 -10 -13 -17 -20 -29 0 
-4 -8 -10 -15 -20 -22 -38 -40 0 
-5 -6 -9 -26 -27 -30 -34 -36 -40 0 
-2 -11 -13 -26 -31 -39 0 
-13 -14 -23 -24 -28 -31 -33 -36 -38 0 
-2 -3 -25 -33 -35 0 
-1 -5 -12 -18 -24 -32 -36 -38 0 
-1 -10 -11 -26 -39 -40 0 
-9 -12 -16 -18 -25 -33 -34 -35 0 
-12 -13 -30 -32 0 
-2 -10 -18 -19 -22 -29 -37 -38 -39 0 
-3 -5 -15 -20 -27 -37 -38 0 
-3 -4 -27 -28 -36 0 
-4 -11 -20 -25 -36 -40 0 
-3 -21 -22 -25 -36 0 
-2 -3 -8 -9 -10 -14 -19 -24 -26 -38 0 
-5 -27 -30 -38 -39 0 
-8 -17 -20 -24 -29 0 
-17 -18 -24 -31 -35 0 
-1 -4 -14 -25 -26 -31 0 
-2 -7 -24 -28 -33 0 
-4 -19 -21 -29 -37 -38 -39 0 
-3 -6 -12 -13 -15 -26 -28 -30 -33 0 
-5 -9 -14 -16 -22 -30 0 
-2 -22 -33 -39 0 
-6 -7 -16 -19 -28 -29 -30 0 
-10 -19 -24 -25 -32 -34 -37 -39 0 
-6 -10 -23 -38 0 
-4 -12 -14 -16 -19 -24 -28 -30 -38 0 
-2 -12 -14 -20 -25 -34 -36 0 
-11 -14 -30 -33 -40 0 
-1 -7 -10 -11 -17 -25 -27 0 
-1 -17 -19 -21 -25 0 
-9 -17 -19 -25 -32 -35 -39 0 
-11 -16 -30 -31 -34 0 
-6 -9 -20 -28 -29 -30 -33 -34 -37 0 
-1 -19 -29 -33 -38 0 
-14 -26 -31 -32 -38 0 
-8 -15 -30 -34 -35 -36 -37 0 
-3 -5 -21 -25 -35 -38 -40 0 
-2 -17 -18 -22 -27 -32 0 
-10 -13 -16 -22 -23 -25 -30 -31 0 
-3 -8 -9 -12 -18 -27 -33 0 
-14 -16 -32 0 
-3 -32 0 
-1 -2 -5 -17 -20 -33 -34 -39 0 
-3 -4 -9 -17 -29 -32 -33 -35 -40 0 
-2 -3 -6 -14 -21 -22 -31 -33 -35 0 
-2 -9 -19 -22 -25 -27 -37 0 
-9 -11 -19 -21 -24 -28 -29 -39 0 
-8 -15 -17 -19 -32 0 
-18 -22 -33 -36 -38 0 
-5 -15 -36 0 
-1 -17 -20 -27 -29 -30 -32 -36 -39 0 
-14 -20 -21 -22 -23 -30 -38 0 
-4 -6 -10 -15 -23 -28 -40 0 
-6 -11 -16 -26 -27 -35 -36 0 
-1 -2 -9 -28 -32 -34 0 
-13 -20 -21 -37 -39 0 
-1 -10 -11 -12 -31 -33 -35 -37 -39 0 
-12 -14 -16 -34 0 
-3 -6 -34 -38 0 
-3 -8 -12 -15 -18 -28 -30 -31 -38 -39 0 
-2 -17 -19 -26 -29 -33 -34 0 
-1 -5 -13 -15 -19 -24 -27 -29 0 
-1 -3 -5 -14 -25 -26 0 
-21 -23 -26 -36 -40 0 
-5 -17 -23 -30 -32 0 
-3 -5 -10 -21 -29 -34 -38 -39 0 
-6 -13 -18 -29 0 
-9 -11 -12 -18 -22 -24 -32 0 
-2 -3 -10 -12 -15 -20 -24 -27 -28 -40 0 
-10 -11 -20 -21 -34 -38 -39 0 
-3 -9 -17 -18 -23 -28 -34 -37 0 
-1 -12 -22 -27 0 
-1 -3 -7 -11 -15 -23 -37 0 
-4 -6 -9 -11 -27 -28 -32 -37 0 
-1 -14 -18 -26 -29 -31 -34 -39 0 
-11 -26 0 
-2 -5 -12 -16 -17 -40 0 
-4 -12 -16 -31 -35 -40 0 
-2 -7 -8 -24 -25 -30 -34 0 
-12 -19 -34 -36 0 
-1 -10 -14 -37 -39 0 
-4 -6 -12 -20 -26 -36 -38 0 
-4 -14 -20 -21 -24 0 
-7 -14 -26 -33 -40 0 
-1 -2 -3 -9 -12 -19 -23 -27 -39 0 
-6 -10 -38 0 
-12 -13 -17 -20 -27 -35 -37 0 
-2 -4 -20 -24 -30 -34 -35 0 
-3 -9 -15 -26 -33 0 
-13 -18 -26 -38 0 
-5 -17 -19 -23 -30 -39 0 
-2 -9 -12 -13 -26 -28 -29 -40 0 
-2 -8 -18 0 
-2 -3 -20 -29 -35 -39 -40 0 
-6 -7 -10 -13 -15 -19 -21 -22 -25 -27 -28 0 
-6 -7 -21 -23 -27 -28 -33 0 
-8 -10 -13 -15 -25 -32 0 
-14 -22 -27 -31 -39 0 
-5 -12 -13 -32 -37 -40 0 
-14 -25 -28 -31 -34 0 
-1 -3 -13 -19 -34 -39 0 
-6 -15 -16 -17 0 
-9 -11 -16 -20 -21 -24 -26 -31 -38 -40 0 
-2 -9 -23 -38 -40 0 
-6 -11 -13 -22 -28 -29 -38 0 
-2 -11 -20 -32 -35 -39 -40 0 
-3 -5 -19 0 
-3 -5 -11 -16 -19 -26 -27 -30 -36 0 
-10 -18 -21 -24 -25 -29 -30 -36 -39 0 
-2 -20 -28 -36 0 
-5 -8 -11 -15 -16 -18 -24 -30 -31 -35 0 
-5 -13 -23 -28 -29 -34 0 
-7 -8 -12 -17 -20 -24 -26 -27 -28 -31 -33 -34 -36 -37 -39 0 
-3 -8 -11 -17 -21 -26 -31 -34 -36 0 
-3 -4 -5 -18 -31 0 
-5 -22 -26 -31 -32 -35 -38 -39 0 
-2 -19 -30 -33 -36 -38 -39 0 
-2 -4 -20 -37 -39 -40 0 
-2 -4 -29 -33 -34 -35 0 
-8 -13 -15 -34 -35 0 
-4 -10 -16 -25 -31 -37 0 
-3 -5 -8 -10 -14 -20 -26 -27 -33 -36 0 
-8 -14 -19 -22 -31 -34 -39 0 
-5 -7 -9 -23 -37 -39 0 
-5 -13 -17 -27 -30 -36 -38 -40 0 
-9 -20 -28 -34 -35 -39 0 
-1 -13 -14 -29 -37 0 
-1 -3 -4 -8 -25 -38 0 
-11 -17 -23 -40 0 
-3 -7 -13 -20 -34 0 
-6 -14 -17 -20 -22 -35 0 
-4 -9 -15 -22 -32 -33 0 
-2 -5 -7 -9 -18 -20 0 
-5 -12 -40 0 
-6 -8 -20 -25 0 
-4 -9 -18 -30 -32 0 
-4 -12 -15 -23 -36 -38 0 
-12 -18 -24 -35 -37 0 
-9 -12 -21 -23 -25 -36 0 
-14 -20 -24 -25 -35 0 
-12 -36 -38 0 
-4 -22 -23 0 
-1 -6 -9 -15 -16 -24 -25 -29 0 
-8 -10 -11 -13 -18 -21 -25 -30 -31 0 
-6 -9 -16 -23 -24 -33 -35 -36 -37 0 
-27 -35 0 
-6 -16 -26 -40 0 
-1 -3 -4 -6 -16 -24 -27 -32 -36 -40 0 
-3 -8 -11 -15 -30 0 
-2 -5 -13 -16 -18 -29 -33 -39 0 
-7 -9 -10 -11 -15 -18 -27 -35 -37 -38 0 
-4 -10 -13 -16 -20 -39 0 
-5 -6 -8 -21 -26 -27 -37 0 
-14 -15 -21 -27 -28 0 
-4 -5 -7 -14 -16 -23 -29 -40 0 
-2 -5 -18 -31 -34 -36 0 
-3 -8 -10 -16 -18 -34 -39 0 
-8 -10 -14 -22 -27 -33 -35 0 
-4 -5 -15 -16 -17 -23 -30 0 
-15 -26 -39 0 
-6 -19 -31 -33 0 
-8 -26 -28 -29 -30 -31 -34 -36 -38 -39 0 
-1 -9 -16 -21 -24 -25 -29 -30 -31 0 
-5 -11 -17 -21 -28 0 
-5 -8 -16 -28 -30 -31 -38 0 
-8 -9 -12 -17 -18 -26 -34 -37 0 
-2 -12 -20 -25 -30 -31 -32 0 
-1 -11 -13 -28 -30 0 
-1 -2 -9 -11 -13 -15 -27 -31 -32 -34 -38 -40 0 
-8 -9 -13 -15 -16 -26 -30 -32 0 
-5 -7 -13 -21 -35 0 
-4 -8 -13 -17 -22 -40 0 
-11 -12 -14 -15 -23 -31 0 
-3 -15 -19 -27 -30 0 
-7 -9 -18 -19 -21 0 
-3 -9 -17 -18 -25 -27 -33 0 
-1 -3 -15 -30 0 
-6 -10 -13 -21 -22 -28 -31 -33 0 
-10 -31 -38 -40 0 
-8 -10 -15 -18 -20 -24 -26 -36 0 
-21 -30 -31 -34 0 
-4 -11 -14 -19 -23 -29 -35 0 
-2 -3 -5 -9 -16 -19 -21 -40 0 
-1 -7 -12 -19 -29 0 
-1 -8 -20 -24 -33 0 
-1 -7 -9 -10 -14 -28 -30 -32 -36 0 
-10 -18 -20 -22 -38 0 
-9 -24 -28 -32 -34 -38 0 
-2 -3 -12 -30 -34 -36 -37 -40 0 
-5 -10 -26 -27 -36 -38 0 
-8 -11 -21 -22 -23 -27 -29 0 
-5 -24 -25 -34 -38 -40 0 
-9 -11 -27 -29 -30 -31 -34 -38 0 
-2 -3 -6 -11 -13 -18 -22 0 
-3 -12 -37 -39 0 
-1 -15 -20 -22 -27 -38 0 
-3 -6 -17 -25 -32 0 
-10 -14 -21 -24 -40 0 
-9 -13 -17 -32 -34 -38 0 
-1 -7 -8 -9 -18 -21 -25 -35 -36 0 
-1 -6 -33 -40 0 
-1 -11 -18 -20 -24 -32 -38 0 
-15 -21 -23 -29 -38 0 
-10 -13 -23 -27 -30 -34 -36 -39 0 
-1 -4 -7 -28 0 
-6 -14 -17 -24 0 
-1 -2 -5 -9 -11 -17 -18 -22 0 
-3 -9 -14 -15 -24 -38 0 
-18 -21 -26 -29 -35 -39 0 
-11 -13 -15 -18 -22 -25 -28 0 
-4 -5 -7 -9 -21 -25 -26 -36 0 
-9 -19 -20 -22 0 
-9 -11 -14 -18 -23 -27 -30 -32 -35 0 
-6 -8 -13 -27 -35 0 
-1 -2 -22 -30 -36 -37 -39 0 
-3 -8 -12 -18 -19 -27 -28 -31 -35 0 
-4 -5 -7 -25 -28 -32 -33 -38 -39 0 
-5 -6 -9 -12 -20 -29 -32 0 
-6 -14 -22 -24 -29 0 
-7 -9 -11 -12 -17 -28 -30 0 
-2 -11 -25 -30 -37 0 
-1 -4 -13 -21 -26 -31 -38 -40 0 
-8 -10 -23 -30 -32 -38 -40 0 
-2 -10 -16 -18 -31 -36 -40 0 
-13 -18 -26 0 
-1 -3 -7 -14 -19 -23 -29 -39 -40 0 
-1 -3 -8 -13 -17 -31 0 
-8 -10 -17 -22 0 
-4 -8 -15 -18 -22 -29 -40 0 
-2 -6 -12 -26 -39 0 
-3 -11 -19 -22 -26 -27 -35 -39 0 
-2 -3 -6 -10 -16 -22 0 
-3 -5 -6 -7 -13 -14 -22 -28 0 
-12 -13 -25 -35 0 
-6 -11 -13 -14 -22 -24 -25 -28 0 
-3 -7 -9 -11 -16 -21 -25 -29 0 
-1 -3 -4 -8 -9 0 
-6 -7 -11 -25 -30 -34 -36 -39 0 
-4 -17 -22 -27 -29 -40 0 
-3 -4 -7 -10 -13 -16 -22 -27 -32 -38 0 
-4 -30 0 
-8 -12 -17 -25 -32 -34 -36 0 
-3 -12 -13 -16 -22 -29 -30 -34 -37 0 
-12 -16 -29 0 
-9 -13 -15 -20 -25 -28 -33 -36 -37 0 
-6 -14 -15 -25 -30 -33 -35 0 
-3 -5 -8 -10 -12 -13 -27 -28 -37 0 
-1 -11 -14 -20 -22 -34 -40 0 
-5 -14 -19 -34 -37 0 
-7 -22 -31 -35 0 
-2 -10 -37 0 
-4 -8 -10 -11 -20 -21 -27 -32 -33 -35 -37 0 
-12 -34 -37 -38 0 
-8 -19 -26 -28 -31 -37 0 
-6 -28 -31 -38 -39 0 
-9 -19 -20 -23 -34 -40 0 
-2 -5 -17 -24 -35 -38 0 
-8 -10 -21 -24 -26 -29 -33 -36 -37 -38 -39 0 
-1 -10 -17 -22 -25 -29 0 
-5 -9 -10 -13 -17 -19 -27 -28 -31 0 
-6 -11 -16 -17 -19 -26 -31 0 
