p cnf 40 800
5 6 8 12 17 20 21 27 39 0 
1 6 7 19 26 35 0 
16 25 27 30 33 34 36 0 
1 6 11 13 29 36 38 40 0 
3 9 27 29 0 
2 14 15 25 39 0 
6 23 34 35 36 40 0 
4 8 25 27 30 36 0 
21 22 25 26 30 40 0 
6 22 31 0 
1 2 9 15 18 22 23 24 0 
6 24 29 36 37 0 
6 9 27 38 0 
7 9 10 12 16 20 25 30 0 
5 6 8 20 22 29 33 34 0 
16 25 30 40 0 
11 17 20 25 35 0 
5 10 15 22 23 0 
10 11 16 23 32 35 39 0 
2 12 17 25 30 35 39 0 
1 4 16 19 33 34 37 0 
7 11 19 22 31 0 
11 13 18 23 25 0 
4 9 12 18 19 21 26 29 36 40 0 
9 18 23 31 36 39 0 
13 22 30 37 39 0 
23 31 0 
9 13 32 35 0 
1 4 6 7 10 15 20 22 33 0 
6 14 19 33 38 0 
4 7 8 13 17 37 0 
2 5 9 17 26 28 30 34 38 0 
9 10 14 19 23 32 33 0 
2 3 12 14 18 0 
2 7 16 26 38 0 
6 7 13 17 36 39 40 0 
6 17 18 20 26 30 33 40 0 
5 17 22 23 35 0 
4 11 33 35 0 
1 9 17 35 0 
5 17 33 39 0 
2 4 8 11 23 28 40 0 
8 13 19 22 32 34 39 0 
4 5 10 22 26 28 31 32 34 0 
7 10 25 26 0 
12 24 27 35 37 40 0 
9 11 19 25 29 40 0 
9 12 18 20 21 38 0 
13 19 34 35 38 0 
5 14 15 17 19 20 0 
1 24 27 32 38 0 
4 10 15 17 19 40 0 
4 21 24 30 33 37 0 
1 4 8 14 20 32 39 0 
21 26 29 30 31 36 37 0 
3 5 14 21 24 27 0 
1 4 7 24 26 29 30 37 38 0 
3 8 22 35 38 0 
22 33 36 0 
1 2 10 12 14 29 40 0 
18 19 20 21 28 38 40 0 
4 12 14 20 26 35 37 40 0 
3 5 18 23 29 0 
26 28 38 39 40 0 
1 4 16 21 34 37 39 0 
3 5 7 9 14 15 20 30 33 36 0 
17 22 28 30 0 
1 12 24 25 30 38 39 0 
10 23 34 0 
1 2 12 20 29 30 31 38 39 0 
4 6 9 12 13 15 28 29 30 33 35 36 0 
3 10 12 16 28 0 
7 10 13 17 24 31 0 
4 9 13 28 29 34 37 0 
2 14 22 25 34 38 0 
15 22 24 26 31 32 33 36 0 
4 8 9 13 20 33 34 37 39 0 
11 12 13 15 17 25 0 
2 6 12 15 17 30 31 33 35 40 0 
3 4 11 19 32 36 0 
3 6 9 15 17 22 23 28 36 38 0 
4 19 31 32 33 0 
6 12 18 19 31 0 
4 5 10 20 38 39 0 
1 10 16 25 39 0 
1 2 9 11 14 18 26 28 30 0 
4 19 20 35 0 
1 5 28 34 35 36 0 
10 20 25 27 30 32 0 
6 14 19 21 32 0 
9 17 19 20 33 39 0 
10 14 22 39 0 
8 25 32 37 0 
3 6 12 40 0 
6 9 16 17 19 26 39 0 
1 9 14 22 23 24 25 26 31 0 
3 4 8 9 22 33 37 39 0 
18 23 30 34 36 0 
7 14 15 17 22 32 37 39 0 
2 6 16 18 22 25 30 38 0 
7 14 38 0 
4 5 8 11 12 17 20 27 28 33 0 
8 12 14 22 26 28 31 35 0 
14 20 26 27 29 31 33 36 38 40 0 
3 10 11 13 15 19 21 22 37 38 0 
3 6 8 13 25 31 36 0 
2 13 16 21 30 37 40 0 
1 8 12 20 36 40 0 
1 4 17 21 29 40 0 
7 10 12 13 20 22 35 40 0 
6 9 10 21 37 40 0 
3 8 22 26 0 
3 6 11 12 16 40 0 
3 6 9 18 32 0 
2 4 7 9 14 25 0 
6 10 17 28 39 0 
4 7 9 10 25 30 34 36 0 
2 5 7 12 29 40 0 
8 12 20 21 28 0 
16 22 38 0 
14 15 22 23 24 37 38 0 
3 10 31 35 39 0 
3 9 11 16 32 34 36 37 0 
2 8 10 15 22 29 30 32 0 
1 5 6 10 16 17 29 31 40 0 
13 14 15 17 36 0 
1 18 19 25 31 0 
9 12 14 15 19 34 37 40 0 
21 25 29 31 34 35 0 
13 16 22 26 28 32 35 37 0 
3 5 14 17 18 20 28 33 36 37 0 
2 18 19 33 0 
4 20 22 30 0 
10 18 22 30 39 0 
1 5 15 21 33 35 36 37 38 0 
4 8 10 16 23 24 26 30 34 37 0 
1 2 7 23 26 38 0 
3 9 12 16 26 30 31 39 0 
14 19 25 28 29 31 32 0 
7 8 10 12 14 0 
5 13 15 28 29 0 
18 20 24 25 34 0 
8 20 24 30 34 0 
16 21 24 32 0 
2 5 27 0 
4 6 15 18 30 35 38 40 0 
6 8 18 21 28 31 37 0 
2 4 10 11 20 32 39 40 0 
1 5 6 16 29 33 38 0 
5 14 17 18 24 0 
5 6 9 12 13 15 28 30 32 0 
6 8 9 12 14 16 23 29 34 37 0 
1 4 18 19 22 31 34 35 38 0 
5 7 8 18 25 35 37 0 
2 5 7 8 18 26 29 36 39 0 
19 21 24 27 30 37 38 0 
2 11 34 36 39 0 
4 8 9 19 23 0 
12 22 25 33 34 0 
2 6 12 16 17 22 0 
6 9 17 21 27 29 31 34 0 
3 6 17 26 0 
7 13 14 17 20 22 27 31 40 0 
8 10 19 27 33 37 38 0 
5 11 18 22 23 26 30 40 0 
6 10 11 25 28 32 0 
3 13 20 24 25 28 0 
5 6 11 14 18 22 31 32 33 37 0 
7 8 14 15 26 40 0 
1 5 9 10 11 14 17 18 27 32 37 40 0 
2 7 22 23 24 28 29 37 38 0 
4 12 26 0 
21 22 27 34 35 39 0 
2 7 8 22 28 35 0 
11 24 25 28 30 40 0 
3 18 21 23 31 34 37 0 
1 6 18 29 30 35 39 40 0 
2 5 9 22 32 34 39 0 
6 13 16 22 26 27 32 38 0 
12 18 34 35 0 
20 23 27 31 36 38 39 40 0 
6 8 11 19 20 23 37 39 0 
5 9 12 21 25 0 
5 7 8 15 17 19 23 24 39 0 
3 7 21 22 27 28 34 39 0 
6 9 10 36 0 
4 6 10 12 15 23 25 0 
6 21 23 25 30 0 
3 8 17 19 21 24 26 27 29 0 
5 11 22 32 34 40 0 
3 5 7 8 12 13 19 21 22 30 38 39 0 
3 5 7 21 23 25 0 
3 8 14 20 32 39 0 
9 11 19 20 30 32 34 35 0 
10 16 25 29 35 0 
2 4 5 11 22 23 26 0 
3 7 11 14 19 26 0 
5 23 31 0 
2 8 10 11 15 20 22 23 26 27 34 37 38 0 
4 6 8 13 20 25 26 29 33 34 38 40 0 
3 9 13 19 21 30 34 36 38 0 
3 9 28 33 35 40 0 
11 24 27 29 33 35 0 
8 20 29 0 
10 13 14 24 32 38 0 
6 14 17 18 22 28 30 37 0 
3 11 13 18 23 27 0 
4 10 17 18 25 27 34 0 
2 5 6 26 27 35 0 
11 16 25 29 40 0 
1 6 10 14 23 26 0 
1 4 12 24 27 34 38 0 
5 9 19 26 27 28 0 
1 11 21 38 40 0 
1 5 9 23 36 0 
2 9 20 23 24 32 39 0 
1 5 6 18 21 22 37 39 0 
7 8 11 18 21 30 32 0 
9 18 19 23 32 33 40 0 
7 12 17 22 35 39 0 
14 20 22 27 31 33 36 0 
4 10 11 22 23 0 
1 6 7 8 22 30 33 40 0 
1 4 8 12 19 32 0 
15 18 33 35 37 0 
6 10 18 20 24 35 0 
6 9 10 18 19 30 31 37 0 
7 9 10 14 15 36 38 0 
5 12 17 26 27 30 33 0 
8 15 19 28 33 0 
6 8 13 29 34 35 0 
1 5 17 27 30 33 36 39 0 
11 31 39 0 
4 20 21 31 35 40 0 
4 5 7 9 11 14 29 34 35 0 
14 19 29 31 39 0 
8 12 14 20 24 30 33 36 38 0 
2 11 13 18 24 28 29 30 33 36 0 
2 3 9 11 17 20 30 37 0 
2 7 16 24 29 0 
2 7 8 9 20 22 28 0 
9 11 20 21 22 25 28 34 0 
18 22 23 26 31 36 0 
6 11 12 22 23 40 0 
5 7 11 35 38 0 
1 4 24 29 30 32 37 40 0 
8 13 24 26 30 31 40 0 
6 22 23 26 32 40 0 
17 29 30 32 34 38 0 
4 6 7 12 20 25 28 29 34 0 
1 5 6 16 22 24 26 27 40 0 
2 9 14 22 31 34 37 0 
4 16 21 24 33 39 0 
14 15 18 19 26 40 0 
19 26 37 0 
3 5 7 8 14 22 28 32 36 38 0 
27 34 35 0 
2 7 10 12 16 27 33 0 
1 8 9 26 33 0 
7 19 33 0 
22 23 25 33 36 0 
2 4 15 20 38 0 
2 4 5 6 13 16 19 22 24 34 0 
1 14 15 23 34 38 0 
4 11 13 17 20 21 22 29 35 36 37 0 
4 8 9 18 30 39 0 
3 16 19 24 0 
6 11 17 34 0 
7 11 22 27 34 0 
14 17 18 22 36 37 0 
1 3 11 30 31 34 0 
1 24 29 34 37 38 0 
6 7 9 16 26 27 40 0 
4 24 28 34 39 0 
29 32 33 34 0 
7 22 25 29 32 37 0 
9 12 17 18 24 26 32 0 
2 6 19 26 29 33 37 39 0 
4 5 21 24 25 28 0 
6 13 16 22 35 0 
14 22 33 0 
10 16 18 20 22 25 28 36 0 
5 7 11 17 18 25 33 39 0 
3 13 16 30 37 38 0 
1 21 25 35 0 
7 8 14 16 20 0 
4 16 18 20 26 36 0 
4 5 10 18 32 33 34 39 0 
5 9 14 31 33 36 0 
20 26 28 29 33 38 0 
2 15 24 25 33 39 0 
5 8 22 26 0 
1 7 17 30 32 33 35 0 
9 14 17 27 28 37 0 
2 7 8 27 33 37 38 40 0 
15 19 27 29 0 
4 18 20 22 33 0 
1 5 6 8 21 27 32 35 38 39 0 
4 5 15 19 27 0 
5 12 21 23 24 29 30 31 0 
12 15 35 37 0 
6 10 20 25 30 38 0 
10 25 28 32 37 0 
1 5 15 19 23 24 30 31 35 0 
6 9 12 15 18 33 35 36 39 40 0 
10 11 35 38 39 0 
12 13 16 19 24 33 35 0 
3 6 9 18 19 21 27 0 
5 7 29 33 39 0 
2 3 9 11 12 17 19 20 23 25 30 31 0 
3 8 11 18 22 23 25 26 28 34 0 
17 29 32 36 0 
5 8 26 28 31 34 0 
1 15 29 32 40 0 
4 11 14 25 40 0 
7 27 37 0 
2 3 22 23 26 28 32 0 
19 28 0 
2 6 8 33 0 
9 12 13 17 18 22 34 0 
1 9 10 20 25 26 28 29 33 34 35 38 0 
4 7 16 30 31 32 37 0 
10 16 19 22 30 31 33 35 38 40 0 
1 7 17 26 29 35 38 39 0 
5 9 11 17 19 23 24 27 0 
4 12 16 17 19 26 0 
5 10 11 32 34 36 0 
6 24 29 30 32 35 0 
4 22 27 28 32 37 39 0 
6 7 8 10 14 16 40 0 
1 2 3 14 17 23 32 33 35 36 0 
5 9 19 28 32 39 0 
7 9 19 20 23 25 30 37 0 
3 12 13 18 29 37 0 
11 14 24 29 30 31 0 
12 18 33 38 0 
9 19 21 27 36 0 
14 15 18 20 21 26 39 0 
18 20 23 28 34 0 
2 3 4 6 16 33 0 
4 5 16 30 31 32 33 39 0 
1 6 8 16 26 28 29 40 0 
12 14 21 25 27 28 34 0 
4 9 10 31 0 
7 8 12 14 21 26 28 35 0 
3 5 15 30 33 0 
6 7 9 17 21 23 39 0 
3 13 14 18 22 29 0 
23 24 32 33 36 0 
2 4 8 11 31 35 0 
3 6 7 8 12 0 
15 24 33 37 0 
10 12 13 15 20 33 36 37 0 
2 3 16 17 21 24 28 29 0 
3 15 17 30 32 40 0 
9 13 14 22 25 33 37 0 
16 22 23 24 26 0 
5 11 14 27 32 36 39 0 
7 9 10 16 22 37 0 
3 9 10 12 21 34 0 
18 27 35 0 
12 15 20 34 35 39 0 
9 21 22 23 28 31 33 0 
3 4 36 38 0 
14 20 28 30 33 39 0 
2 7 10 14 18 19 23 32 37 0 
6 8 18 29 32 33 40 0 
3 7 8 13 24 30 36 39 0 
3 4 8 36 0 
9 15 29 32 38 0 
2 11 12 15 16 33 39 0 
6 16 19 20 21 23 25 27 32 0 
6 16 19 31 37 0 
4 11 22 23 39 40 0 
1 11 15 28 34 37 40 0 
6 11 15 23 26 27 0 
3 4 26 27 0 
12 14 18 21 25 31 40 0 
5 15 22 37 0 
3 16 23 28 34 0 
6 11 30 39 0 
17 23 33 34 0 
5 7 12 17 22 24 0 
2 8 11 17 25 39 0 
4 5 6 8 11 16 18 23 31 33 37 0 
5 8 13 14 16 22 23 25 36 37 39 40 0 
5 7 24 27 39 0 
1 5 7 11 23 35 37 38 0 
1 4 9 19 20 27 0 
1 6 9 10 12 14 15 23 27 30 0 
5 6 13 16 18 19 27 34 40 0 
15 16 21 23 29 38 0 
3 5 10 13 14 15 25 0 
11 12 27 0 
6 10 16 28 35 0 
10 13 14 16 18 24 25 0 
27 28 32 37 40 0 
1 6 22 33 34 36 0 
6 8 12 31 32 0 
4 10 11 12 16 24 36 0 
-5 -6 -8 -12 -17 -20 -21 -27 -39 0 
-1 -6 -7 -19 -26 -35 0 
-16 -25 -27 -30 -33 -34 -36 0 
-1 -6 -11 -13 -29 -36 -38 -40 0 
-3 -9 -27 -29 0 
-2 -14 -15 -25 -39 0 
-6 -23 -34 -35 -36 -40 0 
-4 -8 -25 -27 -30 -36 0 
-21 -22 -25 -26 -30 -40 0 
-6 -22 -31 0 
-1 -2 -9 -15 -18 -22 -23 -24 0 
-6 -24 -29 -36 -37 0 
-6 -9 -27 -38 0 
-7 -9 -10 -12 -16 -20 -25 -30 0 
-5 -6 -8 -20 -22 -29 -33 -34 0 
-16 -25 -30 -40 0 
-11 -17 -20 -25 -35 0 
-5 -10 -15 -22 -23 0 
-10 -11 -16 -23 -32 -35 -39 0 
-2 -12 -17 -25 -30 -35 -39 0 
-1 -4 -16 -19 -33 -34 -37 0 
-7 -11 -19 -22 -31 0 
-11 -13 -18 -23 -25 0 
-4 -9 -12 -18 -19 -21 -26 -29 -36 -40 0 
-9 -18 -23 -31 -36 -39 0 
-13 -22 -30 -37 -39 0 
-23 -31 0 
-9 -13 -32 -35 0 
-1 -4 -6 -7 -10 -15 -20 -22 -33 0 
-6 -14 -19 -33 -38 0 
-4 -7 -8 -13 -17 -37 0 
-2 -5 -9 -17 -26 -28 -30 -34 -38 0 
-9 -10 -14 -19 -23 -32 -33 0 
-2 -3 -12 -14 -18 0 
-2 -7 -16 -26 -38 0 
-6 -7 -13 -17 -36 -39 -40 0 
-6 -17 -18 -20 -26 -30 -33 -40 0 
-5 -17 -22 -23 -35 0 
-4 -11 -33 -35 0 
-1 -9 -17 -35 0 
-5 -17 -33 -39 0 
-2 -4 -8 -11 -23 -28 -40 0 
-8 -13 -19 -22 -32 -34 -39 0 
-4 -5 -10 -22 -26 -28 -31 -32 -34 0 
-7 -10 -25 -26 0 
-12 -24 -27 -35 -37 -40 0 
-9 -11 -19 -25 -29 -40 0 
-9 -12 -18 -20 -21 -38 0 
-13 -19 -34 -35 -38 0 
-5 -14 -15 -17 -19 -20 0 
-1 -24 -27 -32 -38 0 
-4 -10 -15 -17 -19 -40 0 
-4 -21 -24 -30 -33 -37 0 
-1 -4 -8 -14 -20 -32 -39 0 
-21 -26 -29 -30 -31 -36 -37 0 
-3 -5 -14 -21 -24 -27 0 
-1 -4 -7 -24 -26 -29 -30 -37 -38 0 
-3 -8 -22 -35 -38 0 
-22 -33 -36 0 
-1 -2 -10 -12 -14 -29 -40 0 
-18 -19 -20 -21 -28 -38 -40 0 
-4 -12 -14 -20 -26 -35 -37 -40 0 
-3 -5 -18 -23 -29 0 
-26 -28 -38 -39 -40 0 
-1 -4 -16 -21 -34 -37 -39 0 
-3 -5 -7 -9 -14 -15 -20 -30 -33 -36 0 
-17 -22 -28 -30 0 
-1 -12 -24 -25 -30 -38 -39 0 
-10 -23 -34 0 
-1 -2 -12 -20 -29 -30 -31 -38 -39 0 
-4 -6 -9 -12 -13 -15 -28 -29 -30 -33 -35 -36 0 
-3 -10 -12 -16 -28 0 
-7 -10 -13 -17 -24 -31 0 
-4 -9 -13 -28 -29 -34 -37 0 
-2 -14 -22 -25 -34 -38 0 
-15 -22 -24 -26 -31 -32 -33 -36 0 
-4 -8 -9 -13 -20 -33 -34 -37 -39 0 
-11 -12 -13 -15 -17 -25 0 
-2 -6 -12 -15 -17 -30 -31 -33 -35 -40 0 
-3 -4 -11 -19 -32 -36 0 
-3 -6 -9 -15 -17 -22 -23 -28 -36 -38 0 
-4 -19 -31 -32 -33 0 
-6 -12 -18 -19 -31 0 
-4 -5 -10 -20 -38 -39 0 
-1 -10 -16 -25 -39 0 
-1 -2 -9 -11 -14 -18 -26 -28 -30 0 
-4 -19 -20 -35 0 
-1 -5 -28 -34 -35 -36 0 
-10 -20 -25 -27 -30 -32 0 
-6 -14 -19 -21 -32 0 
-9 -17 -19 -20 -33 -39 0 
-10 -14 -22 -39 0 
-8 -25 -32 -37 0 
-3 -6 -12 -40 0 
-6 -9 -16 -17 -19 -26 -39 0 
-1 -9 -14 -22 -23 -24 -25 -26 -31 0 
-3 -4 -8 -9 -22 -33 -37 -39 0 
-18 -23 -30 -34 -36 0 
-7 -14 -15 -17 -22 -32 -37 -39 0 
-2 -6 -16 -18 -22 -25 -30 -38 0 
-7 -14 -38 0 
-4 -5 -8 -11 -12 -17 -20 -27 -28 -33 0 
-8 -12 -14 -22 -26 -28 -31 -35 0 
-14 -20 -26 -27 -29 -31 -33 -36 -38 -40 0 
-3 -10 -11 -13 -15 -19 -21 -22 -37 -38 0 
-3 -6 -8 -13 -25 -31 -36 0 
-2 -13 -16 -21 -30 -37 -40 0 
-1 -8 -12 -20 -36 -40 0 
-1 -4 -17 -21 -29 -40 0 
-7 -10 -12 -13 -20 -22 -35 -40 0 
-6 -9 -10 -21 -37 -40 0 
-3 -8 -22 -26 0 
-3 -6 -11 -12 -16 -40 0 
-3 -6 -9 -18 -32 0 
-2 -4 -7 -9 -14 -25 0 
-6 -10 -17 -28 -39 0 
-4 -7 -9 -10 -25 -30 -34 -36 0 
-2 -5 -7 -12 -29 -40 0 
-8 -12 -20 -21 -28 0 
-16 -22 -38 0 
-14 -15 -22 -23 -24 -37 -38 0 
-3 -10 -31 -35 -39 0 
-3 -9 -11 -16 -32 -34 -36 -37 0 
-2 -8 -10 -15 -22 -29 -30 -32 0 
-1 -5 -6 -10 -16 -17 -29 -31 -40 0 
-13 -14 -15 -17 -36 0 
-1 -18 -19 -25 -31 0 
-9 -12 -14 -15 -19 -34 -37 -40 0 
-21 -25 -29 -31 -34 -35 0 
-13 -16 -22 -26 -28 -32 -35 -37 0 
-3 -5 -14 -17 -18 -20 -28 -33 -36 -37 0 
-2 -18 -19 -33 0 
-4 -20 -22 -30 0 
-10 -18 -22 -30 -39 0 
-1 -5 -15 -21 -33 -35 -36 -37 -38 0 
-4 -8 -10 -16 -23 -24 -26 -30 -34 -37 0 
-1 -2 -7 -23 -26 -38 0 
-3 -9 -12 -16 -26 -30 -31 -39 0 
-14 -19 -25 -28 -29 -31 -32 0 
-7 -8 -10 -12 -14 0 
-5 -13 -15 -28 -29 0 
-18 -20 -24 -25 -34 0 
-8 -20 -24 -30 -34 0 
-16 -21 -24 -32 0 
-2 -5 -27 0 
-4 -6 -15 -18 -30 -35 -38 -40 0 
-6 -8 -18 -21 -28 -31 -37 0 
-2 -4 -10 -11 -20 -32 -39 -40 0 
-1 -5 -6 -16 -29 -33 -38 0 
-5 -14 -17 -18 -24 0 
-5 -6 -9 -12 -13 -15 -28 -30 -32 0 
-6 -8 -9 -12 -14 -16 -23 -29 -34 -37 0 
-1 -4 -18 -19 -22 -31 -34 -35 -38 0 
-5 -7 -8 -18 -25 -35 -37 0 
-2 -5 -7 -8 -18 -26 -29 -36 -39 0 
-19 -21 -24 -27 -30 -37 -38 0 
-2 -11 -34 -36 -39 0 
-4 -8 -9 -19 -23 0 
-12 -22 -25 -33 -34 0 
-2 -6 -12 -16 -17 -22 0 
-6 -9 -17 -21 -27 -29 -31 -34 0 
-3 -6 -17 -26 0 
-7 -13 -14 -17 -20 -22 -27 -31 -40 0 
-8 -10 -19 -27 -33 -37 -38 0 
-5 -11 -18 -22 -23 -26 -30 -40 0 
-6 -10 -11 -25 -28 -32 0 
-3 -13 -20 -24 -25 -28 0 
-5 -6 -11 -14 -18 -22 -31 -32 -33 -37 0 
-7 -8 -14 -15 -26 -40 0 
-1 -5 -9 -10 -11 -14 -17 -18 -27 -32 -37 -40 0 
-2 -7 -22 -23 -24 -28 -29 -37 -38 0 
-4 -12 -26 0 
-21 -22 -27 -34 -35 -39 0 
-2 -7 -8 -22 -28 -35 0 
-11 -24 -25 -28 -30 -40 0 
-3 -18 -21 -23 -31 -34 -37 0 
-1 -6 -18 -29 -30 -35 -39 -40 0 
-2 -5 -9 -22 -32 -34 -39 0 
-6 -13 -16 -22 -26 -27 -32 -38 0 
-12 -18 -34 -35 0 
-20 -23 -27 -31 -36 -38 -39 -40 0 
-6 -8 -11 -19 -20 -23 -37 -39 0 
-5 -9 -12 -21 -25 0 
-5 -7 -8 -15 -17 -19 -23 -24 -39 0 
-3 -7 -21 -22 -27 -28 -34 -39 0 
-6 -9 -10 -36 0 
-4 -6 -10 -12 -15 -23 -25 0 
-6 -21 -23 -25 -30 0 
-3 -8 -17 -19 -21 -24 -26 -27 -29 0 
-5 -11 -22 -32 -34 -40 0 
-3 -5 -7 -8 -12 -13 -19 -21 -22 -30 -38 -39 0 
-3 -5 -7 -21 -23 -25 0 
-3 -8 -14 -20 -32 -39 0 
-9 -11 -19 -20 -30 -32 -34 -35 0 
-10 -16 -25 -29 -35 0 
-2 -4 -5 -11 -22 -23 -26 0 
-3 -7 -11 -14 -19 -26 0 
-5 -23 -31 0 
-2 -8 -10 -11 -15 -20 -22 -23 -26 -27 -34 -37 -38 0 
-4 -6 -8 -13 -20 -25 -26 -29 -33 -34 -38 -40 0 
-3 -9 -13 -19 -21 -30 -34 -36 -38 0 
-3 -9 -28 -33 -35 -40 0 
-11 -24 -27 -29 -33 -35 0 
-8 -20 -29 0 
-10 -13 -14 -24 -32 -38 0 
-6 -14 -17 -18 -22 -28 -30 -37 0 
-3 -11 -13 -18 -23 -27 0 
-4 -10 -17 -18 -25 -27 -34 0 
-2 -5 -6 -26 -27 -35 0 
-11 -16 -25 -29 -40 0 
-1 -6 -10 -14 -23 -26 0 
-1 -4 -12 -24 -27 -34 -38 0 
-5 -9 -19 -26 -27 -28 0 
-1 -11 -21 -38 -40 0 
-1 -5 -9 -23 -36 0 
-2 -9 -20 -23 -24 -32 -39 0 
-1 -5 -6 -18 -21 -22 -37 -39 0 
-7 -8 -11 -18 -21 -30 -32 0 
-9 -18 -19 -23 -32 -33 -40 0 
-7 -12 -17 -22 -35 -39 0 
-14 -20 -22 -27 -31 -33 -36 0 
-4 -10 -11 -22 -23 0 
-1 -6 -7 -8 -22 -30 -33 -40 0 
-1 -4 -8 -12 -19 -32 0 
-15 -18 -33 -35 -37 0 
-6 -10 -18 -20 -24 -35 0 
-6 -9 -10 -18 -19 -30 -31 -37 0 
-7 -9 -10 -14 -15 -36 -38 0 
-5 -12 -17 -26 -27 -30 -33 0 
-8 -15 -19 -28 -33 0 
-6 -8 -13 -29 -34 -35 0 
-1 -5 -17 -27 -30 -33 -36 -39 0 
-11 -31 -39 0 
-4 -20 -21 -31 -35 -40 0 
-4 -5 -7 -9 -11 -14 -29 -34 -35 0 
-14 -19 -29 -31 -39 0 
-8 -12 -14 -20 -24 -30 -33 -36 -38 0 
-2 -11 -13 -18 -24 -28 -29 -30 -33 -36 0 
-2 -3 -9 -11 -17 -20 -30 -37 0 
-2 -7 -16 -24 -29 0 
-2 -7 -8 -9 -20 -22 -28 0 
-9 -11 -20 -21 -22 -25 -28 -34 0 
-18 -22 -23 -26 -31 -36 0 
-6 -11 -12 -22 -23 -40 0 
-5 -7 -11 -35 -38 0 
-1 -4 -24 -29 -30 -32 -37 -40 0 
-8 -13 -24 -26 -30 -31 -40 0 
-6 -22 -23 -26 -32 -40 0 
-17 -29 -30 -32 -34 -38 0 
-4 -6 -7 -12 -20 -25 -28 -29 -34 0 
-1 -5 -6 -16 -22 -24 -26 -27 -40 0 
-2 -9 -14 -22 -31 -34 -37 0 
-4 -16 -21 -24 -33 -39 0 
-14 -15 -18 -19 -26 -40 0 
-19 -26 -37 0 
-3 -5 -7 -8 -14 -22 -28 -32 -36 -38 0 
-27 -34 -35 0 
-2 -7 -10 -12 -16 -27 -33 0 
-1 -8 -9 -26 -33 0 
-7 -19 -33 0 
-22 -23 -25 -33 -36 0 
-2 -4 -15 -20 -38 0 
-2 -4 -5 -6 -13 -16 -19 -22 -24 -34 0 
-1 -14 -15 -23 -34 -38 0 
-4 -11 -13 -17 -20 -21 -22 -29 -35 -36 -37 0 
-4 -8 -9 -18 -30 -39 0 
-3 -16 -19 -24 0 
-6 -11 -17 -34 0 
-7 -11 -22 -27 -34 0 
-14 -17 -18 -22 -36 -37 0 
-1 -3 -11 -30 -31 -34 0 
-1 -24 -29 -34 -37 -38 0 
-6 -7 -9 -16 -26 -27 -40 0 
-4 -24 -28 -34 -39 0 
-29 -32 -33 -34 0 
-7 -22 -25 -29 -32 -37 0 
-9 -12 -17 -18 -24 -26 -32 0 
-2 -6 -19 -26 -29 -33 -37 -39 0 
-4 -5 -21 -24 -25 -28 0 
-6 -13 -16 -22 -35 0 
-14 -22 -33 0 
-10 -16 -18 -20 -22 -25 -28 -36 0 
-5 -7 -11 -17 -18 -25 -33 -39 0 
-3 -13 -16 -30 -37 -38 0 
-1 -21 -25 -35 0 
-7 -8 -14 -16 -20 0 
-4 -16 -18 -20 -26 -36 0 
-4 -5 -10 -18 -32 -33 -34 -39 0 
-5 -9 -14 -31 -33 -36 0 
-20 -26 -28 -29 -33 -38 0 
-2 -15 -24 -25 -33 -39 0 
-5 -8 -22 -26 0 
-1 -7 -17 -30 -32 -33 -35 0 
-9 -14 -17 -27 -28 -37 0 
-2 -7 -8 -27 -33 -37 -38 -40 0 
-15 -19 -27 -29 0 
-4 -18 -20 -22 -33 0 
-1 -5 -6 -8 -21 -27 -32 -35 -38 -39 0 
-4 -5 -15 -19 -27 0 
-5 -12 -21 -23 -24 -29 -30 -31 0 
-12 -15 -35 -37 0 
-6 -10 -20 -25 -30 -38 0 
-10 -25 -28 -32 -37 0 
-1 -5 -15 -19 -23 -24 -30 -31 -35 0 
-6 -9 -12 -15 -18 -33 -35 -36 -39 -40 0 
-10 -11 -35 -38 -39 0 
-12 -13 -16 -19 -24 -33 -35 0 
-3 -6 -9 -18 -19 -21 -27 0 
-5 -7 -29 -33 -39 0 
-2 -3 -9 -11 -12 -17 -19 -20 -23 -25 -30 -31 0 
-3 -8 -11 -18 -22 -23 -25 -26 -28 -34 0 
-17 -29 -32 -36 0 
-5 -8 -26 -28 -31 -34 0 
-1 -15 -29 -32 -40 0 
-4 -11 -14 -25 -40 0 
-7 -27 -37 0 
-2 -3 -22 -23 -26 -28 -32 0 
-19 -28 0 
-2 -6 -8 -33 0 
-9 -12 -13 -17 -18 -22 -34 0 
-1 -9 -10 -20 -25 -26 -28 -29 -33 -34 -35 -38 0 
-4 -7 -16 -30 -31 -32 -37 0 
-10 -16 -19 -22 -30 -31 -33 -35 -38 -40 0 
-1 -7 -17 -26 -29 -35 -38 -39 0 
-5 -9 -11 -17 -19 -23 -24 -27 0 
-4 -12 -16 -17 -19 -26 0 
-5 -10 -11 -32 -34 -36 0 
-6 -24 -29 -30 -32 -35 0 
-4 -22 -27 -28 -32 -37 -39 0 
-6 -7 -8 -10 -14 -16 -40 0 
-1 -2 -3 -14 -17 -23 -32 -33 -35 -36 0 
-5 -9 -19 -28 -32 -39 0 
-7 -9 -19 -20 -23 -25 -30 -37 0 
-3 -12 -13 -18 -29 -37 0 
-11 -14 -24 -29 -30 -31 0 
-12 -18 -33 -38 0 
-9 -19 -21 -27 -36 0 
-14 -15 -18 -20 -21 -26 -39 0 
-18 -20 -23 -28 -34 0 
-2 -3 -4 -6 -16 -33 0 
-4 -5 -16 -30 -31 -32 -33 -39 0 
-1 -6 -8 -16 -26 -28 -29 -40 0 
-12 -14 -21 -25 -27 -28 -34 0 
-4 -9 -10 -31 0 
-7 -8 -12 -14 -21 -26 -28 -35 0 
-3 -5 -15 -30 -33 0 
-6 -7 -9 -17 -21 -23 -39 0 
-3 -13 -14 -18 -22 -29 0 
-23 -24 -32 -33 -36 0 
-2 -4 -8 -11 -31 -35 0 
-3 -6 -7 -8 -12 0 
-15 -24 -33 -37 0 
-10 -12 -13 -15 -20 -33 -36 -37 0 
-2 -3 -16 -17 -21 -24 -28 -29 0 
-3 -15 -17 -30 -32 -40 0 
-9 -13 -14 -22 -25 -33 -37 0 
-16 -22 -23 -24 -26 0 
-5 -11 -14 -27 -32 -36 -39 0 
-7 -9 -10 -16 -22 -37 0 
-3 -9 -10 -12 -21 -34 0 
-18 -27 -35 0 
-12 -15 -20 -34 -35 -39 0 
-9 -21 -22 -23 -28 -31 -33 0 
-3 -4 -36 -38 0 
-14 -20 -28 -30 -33 -39 0 
-2 -7 -10 -14 -18 -19 -23 -32 -37 0 
-6 -8 -18 -29 -32 -33 -40 0 
-3 -7 -8 -13 -24 -30 -36 -39 0 
-3 -4 -8 -36 0 
-9 -15 -29 -32 -38 0 
-2 -11 -12 -15 -16 -33 -39 0 
-6 -16 -19 -20 -21 -23 -25 -27 -32 0 
-6 -16 -19 -31 -37 0 
-4 -11 -22 -23 -39 -40 0 
-1 -11 -15 -28 -34 -37 -40 0 
-6 -11 -15 -23 -26 -27 0 
-3 -4 -26 -27 0 
-12 -14 -18 -21 -25 -31 -40 0 
-5 -15 -22 -37 0 
-3 -16 -23 -28 -34 0 
-6 -11 -30 -39 0 
-17 -23 -33 -34 0 
-5 -7 -12 -17 -22 -24 0 
-2 -8 -11 -17 -25 -39 0 
-4 -5 -6 -8 -11 -16 -18 -23 -31 -33 -37 0 
-5 -8 -13 -14 -16 -22 -23 -25 -36 -37 -39 -40 0 
-5 -7 -24 -27 -39 0 
-1 -5 -7 -11 -23 -35 -37 -38 0 
-1 -4 -9 -19 -20 -27 0 
-1 -6 -9 -10 -12 -14 -15 -23 -27 -30 0 
-5 -6 -13 -16 -18 -19 -27 -34 -40 0 
-15 -16 -21 -23 -29 -38 0 
-3 -5 -10 -13 -14 -15 -25 0 
-11 -12 -27 0 
-6 -10 -16 -28 -35 0 
-10 -13 -14 -16 -18 -24 -25 0 
-27 -28 -32 -37 -40 0 
-1 -6 -22 -33 -34 -36 0 
-6 -8 -12 -31 -32 0 
-4 -10 -11 -12 -16 -24 -36 0 
