p cnf 40 800
4 5 15 19 20 23 25 32 40 0 
9 19 37 40 0 
1 2 8 9 19 22 34 35 40 0 
7 12 14 17 20 25 0 
13 17 26 39 0 
1 4 7 10 17 18 19 20 29 35 40 0 
5 22 25 28 30 34 37 0 
15 23 27 34 37 39 0 
5 7 11 20 21 35 0 
4 8 13 17 35 40 0 
1 11 13 14 20 34 36 0 
3 6 10 19 22 24 32 39 0 
8 9 10 22 26 28 34 0 
1 2 10 36 38 0 
4 6 14 33 39 0 
4 14 20 24 25 26 0 
4 7 14 18 20 27 0 
14 19 21 0 
4 5 12 22 24 28 31 35 0 
14 16 24 32 0 
3 10 12 20 26 31 0 
9 17 21 22 24 35 37 0 
15 17 22 23 24 28 29 0 
3 9 10 16 23 30 36 0 
3 10 19 23 26 27 29 36 0 
1 3 4 12 31 32 39 40 0 
6 13 19 32 0 
2 7 19 20 23 26 27 31 38 0 
3 6 17 21 23 31 36 0 
8 16 19 21 28 0 
13 14 18 30 35 0 
1 2 5 9 15 18 27 30 32 0 
1 5 8 9 12 24 25 34 39 0 
2 4 9 25 31 39 0 
11 12 17 23 27 36 0 
1 13 19 22 25 37 0 
2 7 12 17 27 0 
2 20 23 36 0 
1 3 8 19 22 23 33 35 39 0 
10 11 12 23 33 37 38 0 
3 13 18 22 28 35 36 0 
3 12 21 26 32 34 35 0 
7 12 18 21 25 29 39 0 
6 13 19 32 34 40 0 
9 13 16 29 33 35 36 40 0 
2 3 5 7 19 23 26 28 40 0 
7 12 19 21 23 24 25 36 0 
3 4 6 9 11 19 21 29 38 0 
3 10 12 21 0 
1 2 20 25 34 35 0 
10 18 22 23 33 34 40 0 
6 9 17 21 24 31 37 0 
4 9 24 31 0 
10 16 19 28 37 39 0 
2 8 11 16 20 25 38 0 
6 8 19 22 36 0 
2 15 20 25 27 35 36 0 
4 8 10 23 26 27 32 0 
1 5 7 10 18 19 24 34 0 
1 11 13 21 22 27 31 34 39 40 0 
4 5 13 14 23 34 40 0 
2 11 12 15 16 17 25 39 0 
12 13 23 27 28 29 35 0 
11 16 18 29 35 39 0 
2 5 6 17 0 
9 18 29 34 38 0 
11 16 22 30 38 0 
5 6 24 30 34 35 36 0 
7 8 13 18 23 37 40 0 
1 2 4 11 15 18 38 0 
7 10 12 15 30 32 38 0 
2 5 14 16 18 21 26 35 38 40 0 
7 9 14 19 21 26 30 0 
5 7 26 37 0 
13 20 25 36 38 0 
5 8 11 12 21 0 
1 6 8 11 13 17 21 30 32 0 
5 15 29 38 0 
3 9 12 14 15 23 25 33 34 39 0 
6 15 20 21 23 27 28 34 0 
5 9 17 26 28 36 38 0 
8 10 15 17 35 37 0 
2 4 27 28 31 38 0 
12 13 32 36 37 0 
14 21 38 40 0 
5 18 40 0 
1 8 17 26 34 0 
5 12 13 15 24 25 0 
24 28 29 35 36 37 0 
6 14 23 25 26 30 0 
1 3 5 17 21 24 29 34 0 
2 13 18 19 33 0 
1 3 17 22 23 37 39 0 
18 24 26 27 30 33 34 0 
9 10 21 28 34 40 0 
1 13 34 37 0 
11 12 14 17 20 29 31 32 38 39 0 
1 8 22 23 28 31 36 40 0 
1 12 14 20 23 34 0 
10 21 22 23 28 39 0 
9 15 19 35 0 
1 4 5 11 20 22 31 32 35 0 
2 6 12 13 22 28 34 38 0 
14 23 24 35 38 0 
9 11 15 20 27 37 0 
1 9 17 20 35 0 
2 3 6 7 12 16 33 35 38 0 
10 14 0 
3 4 12 14 18 27 28 29 35 38 40 0 
5 9 20 24 29 31 32 36 0 
3 4 12 19 21 29 33 34 40 0 
4 7 15 22 26 30 32 35 36 39 0 
3 8 11 12 13 0 
8 10 13 15 17 26 0 
5 6 8 10 14 17 22 26 32 39 0 
5 6 10 13 29 31 39 0 
12 17 19 22 31 34 36 0 
4 5 17 20 27 37 0 
2 3 15 25 35 36 0 
1 5 15 31 37 0 
2 3 7 13 29 30 31 35 0 
5 9 18 28 0 
9 10 13 14 18 30 32 36 40 0 
11 24 25 37 0 
4 9 12 16 24 27 34 0 
8 16 25 31 37 0 
9 14 22 29 35 0 
1 3 8 14 18 31 0 
3 10 23 27 28 33 37 0 
6 25 27 32 33 40 0 
4 8 11 16 27 33 0 
6 7 14 15 19 23 24 34 40 0 
3 7 11 16 19 26 35 38 39 0 
20 32 0 
4 6 13 16 17 25 35 38 0 
12 18 26 27 28 31 0 
2 12 39 0 
5 17 19 22 26 34 36 38 0 
3 9 15 16 28 35 38 0 
11 13 25 27 29 40 0 
5 13 24 27 29 0 
3 4 16 18 24 37 0 
5 6 26 30 35 37 0 
5 8 17 35 0 
4 6 32 34 38 0 
5 27 33 38 0 
7 15 20 24 30 34 0 
12 13 26 28 32 0 
2 15 18 35 37 39 0 
4 11 15 24 26 30 0 
1 6 16 17 25 33 0 
6 12 18 33 36 37 0 
5 6 29 38 0 
1 13 18 21 26 31 0 
7 9 14 18 24 38 0 
3 7 12 15 21 32 35 0 
7 12 14 15 17 30 31 36 38 0 
2 9 19 28 34 35 38 0 
2 5 6 19 24 33 0 
15 33 35 37 0 
22 23 27 32 36 39 0 
8 26 30 0 
18 19 21 22 28 32 33 0 
6 9 14 27 28 35 36 0 
4 6 10 16 18 23 24 28 30 35 0 
1 2 3 15 23 24 32 34 35 40 0 
1 8 14 16 17 24 32 33 35 40 0 
5 11 19 29 30 33 36 0 
3 9 21 22 24 26 35 0 
4 6 7 10 12 20 31 0 
13 15 26 28 31 32 37 0 
10 25 26 31 0 
5 23 24 29 32 0 
2 6 23 25 26 40 0 
1 8 15 18 26 31 33 0 
6 17 18 34 0 
8 11 17 23 25 30 33 35 0 
3 11 18 26 29 31 33 0 
4 5 7 9 14 21 29 32 36 37 0 
1 4 9 16 17 26 27 34 40 0 
1 12 18 19 21 27 32 0 
2 3 8 17 27 39 0 
7 13 23 24 29 0 
7 13 16 20 28 32 35 37 0 
3 19 28 30 0 
2 3 11 13 16 19 33 34 0 
8 12 17 18 20 32 33 0 
4 10 26 31 32 36 37 0 
29 31 32 38 0 
4 12 13 20 26 28 0 
9 12 21 34 35 37 39 0 
3 8 9 13 27 33 35 37 0 
7 17 20 21 32 39 0 
8 9 11 15 18 26 28 39 0 
7 12 17 27 28 35 0 
8 11 12 20 30 40 0 
3 4 7 14 19 30 31 38 0 
1 3 9 14 19 27 28 0 
14 19 24 28 35 36 0 
1 6 15 25 30 0 
10 12 13 18 25 27 31 0 
1 10 35 36 38 0 
9 39 40 0 
6 23 27 31 37 0 
11 19 29 31 32 0 
1 3 19 27 31 38 40 0 
7 9 13 25 26 28 31 35 36 37 0 
19 22 29 31 38 39 0 
6 14 15 16 23 25 28 31 33 35 0 
22 24 27 0 
7 9 28 30 35 0 
8 12 13 20 24 32 0 
10 15 32 36 0 
9 15 27 28 30 33 38 0 
9 10 17 18 20 21 25 29 31 32 33 35 36 0 
3 40 0 
10 15 17 18 28 33 34 36 39 0 
10 18 20 23 24 30 38 0 
7 9 16 19 21 25 28 29 31 0 
17 18 31 32 33 34 0 
1 5 16 23 27 28 30 31 32 33 34 0 
2 15 20 21 26 29 0 
10 17 19 20 21 33 37 0 
1 2 8 12 16 18 32 39 0 
3 17 24 33 36 37 40 0 
1 5 8 15 23 29 40 0 
2 6 12 21 25 35 0 
1 5 6 9 16 24 25 27 0 
3 6 16 20 39 0 
15 18 19 21 32 34 35 0 
1 4 7 11 16 19 20 22 32 33 38 0 
14 15 19 26 30 33 39 0 
5 13 14 35 0 
4 12 13 19 23 33 0 
7 12 17 19 21 23 28 29 32 39 0 
3 28 39 0 
3 5 10 16 17 24 33 36 39 0 
3 6 14 17 18 19 25 0 
3 5 17 18 27 40 0 
2 4 12 22 23 24 0 
4 11 29 33 0 
4 10 26 31 34 36 38 39 0 
2 14 15 0 
5 9 15 19 22 33 0 
6 9 14 21 25 30 33 38 0 
2 4 5 6 7 17 30 31 32 40 0 
2 8 9 19 27 34 36 37 0 
13 15 21 27 28 37 39 0 
2 3 4 9 17 20 23 25 28 32 39 0 
8 9 11 12 13 15 17 23 24 26 31 38 0 
2 5 8 20 38 39 0 
1 3 4 17 27 37 38 0 
16 19 21 35 37 0 
5 19 21 0 
2 17 24 26 28 0 
3 8 24 25 33 34 40 0 
7 16 18 23 27 30 33 37 0 
4 14 22 25 32 36 37 38 39 0 
5 11 12 13 15 31 0 
6 18 19 28 29 39 0 
14 15 17 20 27 29 34 38 0 
7 17 24 28 30 34 36 0 
2 10 13 14 15 25 35 0 
6 19 29 38 0 
10 12 14 29 32 35 37 39 0 
13 33 0 
3 8 11 26 31 36 0 
4 12 21 0 
11 14 16 18 22 26 28 38 0 
13 26 31 32 33 34 0 
5 9 18 31 0 
1 7 21 28 0 
6 7 9 14 22 24 26 38 0 
2 16 19 21 23 29 34 0 
1 11 13 24 28 31 33 38 0 
1 17 18 19 27 30 32 0 
18 30 31 34 38 40 0 
5 6 21 25 28 34 0 
1 7 14 18 21 0 
10 12 31 32 0 
19 21 22 23 25 32 35 0 
4 5 16 18 24 40 0 
4 10 11 20 24 26 27 28 32 37 0 
2 4 7 8 15 16 21 25 26 28 34 37 40 0 
11 20 22 28 29 36 40 0 
18 19 23 24 27 29 0 
4 9 10 15 19 27 29 36 38 0 
5 8 10 16 18 26 0 
5 8 13 17 38 39 0 
3 7 12 13 14 16 17 25 36 0 
10 15 21 22 24 25 30 31 0 
2 13 16 22 26 38 0 
1 10 14 31 34 0 
1 7 16 19 20 35 0 
15 22 29 36 38 0 
4 20 28 30 33 34 38 0 
2 4 6 9 28 35 37 0 
3 12 18 29 34 0 
2 6 32 36 39 0 
11 15 0 
8 14 18 23 25 27 29 0 
1 10 16 24 30 32 33 36 0 
7 14 21 22 29 33 0 
3 19 23 0 
1 2 8 18 24 38 0 
2 5 25 29 32 0 
4 7 9 13 15 36 39 0 
10 13 32 33 34 36 0 
8 10 11 20 23 0 
10 13 14 16 25 27 34 0 
3 5 18 20 28 30 31 33 34 37 0 
3 10 18 20 23 25 35 0 
2 10 24 29 30 31 38 0 
1 2 3 4 6 20 29 0 
4 10 26 30 37 0 
8 12 17 21 30 35 40 0 
1 6 9 17 24 32 37 0 
7 9 12 15 19 25 38 0 
9 18 28 29 33 0 
3 11 12 13 29 0 
8 26 30 32 36 39 0 
2 5 13 15 23 33 38 0 
22 27 29 36 0 
5 6 11 14 17 19 34 0 
2 5 13 15 18 35 38 39 40 0 
14 21 22 24 30 0 
3 6 14 15 22 30 31 37 0 
4 6 12 16 28 0 
12 14 17 20 33 39 0 
9 11 19 24 26 29 33 37 39 0 
2 11 17 18 24 27 0 
3 8 20 25 37 0 
2 3 7 14 15 17 19 40 0 
3 4 7 13 14 28 32 0 
6 7 16 18 19 24 28 0 
5 11 19 27 0 
1 3 5 11 13 24 25 30 36 39 0 
2 17 30 38 39 40 0 
1 6 12 21 23 27 39 0 
2 3 5 26 0 
4 11 17 19 21 22 31 0 
8 10 15 22 33 0 
9 20 29 33 35 39 0 
1 2 10 11 13 18 27 32 40 0 
6 10 11 14 15 22 24 27 31 39 0 
3 4 37 0 
5 10 24 27 28 0 
7 11 15 16 26 29 0 
14 22 28 30 33 0 
10 18 19 24 27 34 0 
1 9 12 22 25 28 32 36 0 
12 15 17 21 30 0 
4 6 7 11 18 19 24 0 
2 6 10 13 15 16 40 0 
6 17 20 23 32 0 
19 23 26 39 0 
9 15 21 29 30 0 
6 16 18 19 21 27 32 0 
7 8 14 16 20 27 40 0 
2 10 15 31 40 0 
12 17 19 34 35 0 
8 16 18 19 20 22 23 28 37 0 
4 6 7 9 14 18 20 30 37 38 0 
1 11 20 23 24 37 39 40 0 
15 22 30 36 0 
6 12 14 24 28 39 0 
16 17 21 24 26 31 38 39 40 0 
6 10 16 23 29 33 39 0 
18 19 30 31 35 36 0 
2 6 10 18 20 34 0 
5 9 10 16 35 0 
1 3 13 15 17 24 0 
2 12 22 25 29 32 0 
7 8 13 22 23 25 31 0 
2 4 17 18 35 36 39 0 
3 7 18 32 38 40 0 
6 9 14 19 27 32 35 0 
3 4 17 18 22 28 35 0 
9 13 31 34 38 39 0 
11 12 15 23 25 26 38 0 
5 17 21 36 37 0 
5 9 15 18 20 32 39 0 
6 20 23 30 33 36 0 
7 8 11 13 26 27 31 40 0 
1 9 10 11 13 16 31 36 0 
11 13 30 31 32 35 0 
3 17 27 32 35 39 0 
2 17 19 21 27 0 
10 12 17 26 27 34 38 0 
3 15 16 23 25 36 0 
8 13 14 15 28 0 
4 7 17 22 23 26 29 31 37 39 0 
12 17 21 22 38 0 
6 12 16 21 25 0 
2 12 23 27 32 35 40 0 
2 6 8 22 38 0 
4 10 17 18 25 32 36 0 
9 15 29 36 40 0 
13 15 16 24 0 
8 22 29 32 34 35 40 0 
-4 -5 -15 -19 -20 -23 -25 -32 -40 0 
-9 -19 -37 -40 0 
-1 -2 -8 -9 -19 -22 -34 -35 -40 0 
-7 -12 -14 -17 -20 -25 0 
-13 -17 -26 -39 0 
-1 -4 -7 -10 -17 -18 -19 -20 -29 -35 -40 0 
-5 -22 -25 -28 -30 -34 -37 0 
-15 -23 -27 -34 -37 -39 0 
-5 -7 -11 -20 -21 -35 0 
-4 -8 -13 -17 -35 -40 0 
-1 -11 -13 -14 -20 -34 -36 0 
-3 -6 -10 -19 -22 -24 -32 -39 0 
-8 -9 -10 -22 -26 -28 -34 0 
-1 -2 -10 -36 -38 0 
-4 -6 -14 -33 -39 0 
-4 -14 -20 -24 -25 -26 0 
-4 -7 -14 -18 -20 -27 0 
-14 -19 -21 0 
-4 -5 -12 -22 -24 -28 -31 -35 0 
-14 -16 -24 -32 0 
-3 -10 -12 -20 -26 -31 0 
-9 -17 -21 -22 -24 -35 -37 0 
-15 -17 -22 -23 -24 -28 -29 0 
-3 -9 -10 -16 -23 -30 -36 0 
-3 -10 -19 -23 -26 -27 -29 -36 0 
-1 -3 -4 -12 -31 -32 -39 -40 0 
-6 -13 -19 -32 0 
-2 -7 -19 -20 -23 -26 -27 -31 -38 0 
-3 -6 -17 -21 -23 -31 -36 0 
-8 -16 -19 -21 -28 0 
-13 -14 -18 -30 -35 0 
-1 -2 -5 -9 -15 -18 -27 -30 -32 0 
-1 -5 -8 -9 -12 -24 -25 -34 -39 0 
-2 -4 -9 -25 -31 -39 0 
-11 -12 -17 -23 -27 -36 0 
-1 -13 -19 -22 -25 -37 0 
-2 -7 -12 -17 -27 0 
-2 -20 -23 -36 0 
-1 -3 -8 -19 -22 -23 -33 -35 -39 0 
-10 -11 -12 -23 -33 -37 -38 0 
-3 -13 -18 -22 -28 -35 -36 0 
-3 -12 -21 -26 -32 -34 -35 0 
-7 -12 -18 -21 -25 -29 -39 0 
-6 -13 -19 -32 -34 -40 0 
-9 -13 -16 -29 -33 -35 -36 -40 0 
-2 -3 -5 -7 -19 -23 -26 -28 -40 0 
-7 -12 -19 -21 -23 -24 -25 -36 0 
-3 -4 -6 -9 -11 -19 -21 -29 -38 0 
-3 -10 -12 -21 0 
-1 -2 -20 -25 -34 -35 0 
-10 -18 -22 -23 -33 -34 -40 0 
-6 -9 -17 -21 -24 -31 -37 0 
-4 -9 -24 -31 0 
-10 -16 -19 -28 -37 -39 0 
-2 -8 -11 -16 -20 -25 -38 0 
-6 -8 -19 -22 -36 0 
-2 -15 -20 -25 -27 -35 -36 0 
-4 -8 -10 -23 -26 -27 -32 0 
-1 -5 -7 -10 -18 -19 -24 -34 0 
-1 -11 -13 -21 -22 -27 -31 -34 -39 -40 0 
-4 -5 -13 -14 -23 -34 -40 0 
-2 -11 -12 -15 -16 -17 -25 -39 0 
-12 -13 -23 -27 -28 -29 -35 0 
-11 -16 -18 -29 -35 -39 0 
-2 -5 -6 -17 0 
-9 -18 -29 -34 -38 0 
-11 -16 -22 -30 -38 0 
-5 -6 -24 -30 -34 -35 -36 0 
-7 -8 -13 -18 -23 -37 -40 0 
-1 -2 -4 -11 -15 -18 -38 0 
-7 -10 -12 -15 -30 -32 -38 0 
-2 -5 -14 -16 -18 -21 -26 -35 -38 -40 0 
-7 -9 -14 -19 -21 -26 -30 0 
-5 -7 -26 -37 0 
-13 -20 -25 -36 -38 0 
-5 -8 -11 -12 -21 0 
-1 -6 -8 -11 -13 -17 -21 -30 -32 0 
-5 -15 -29 -38 0 
-3 -9 -12 -14 -15 -23 -25 -33 -34 -39 0 
-6 -15 -20 -21 -23 -27 -28 -34 0 
-5 -9 -17 -26 -28 -36 -38 0 
-8 -10 -15 -17 -35 -37 0 
-2 -4 -27 -28 -31 -38 0 
-12 -13 -32 -36 -37 0 
-14 -21 -38 -40 0 
-5 -18 -40 0 
-1 -8 -17 -26 -34 0 
-5 -12 -13 -15 -24 -25 0 
-24 -28 -29 -35 -36 -37 0 
-6 -14 -23 -25 -26 -30 0 
-1 -3 -5 -17 -21 -24 -29 -34 0 
-2 -13 -18 -19 -33 0 
-1 -3 -17 -22 -23 -37 -39 0 
-18 -24 -26 -27 -30 -33 -34 0 
-9 -10 -21 -28 -34 -40 0 
-1 -13 -34 -37 0 
-11 -12 -14 -17 -20 -29 -31 -32 -38 -39 0 
-1 -8 -22 -23 -28 -31 -36 -40 0 
-1 -12 -14 -20 -23 -34 0 
-10 -21 -22 -23 -28 -39 0 
-9 -15 -19 -35 0 
-1 -4 -5 -11 -20 -22 -31 -32 -35 0 
-2 -6 -12 -13 -22 -28 -34 -38 0 
-14 -23 -24 -35 -38 0 
-9 -11 -15 -20 -27 -37 0 
-1 -9 -17 -20 -35 0 
-2 -3 -6 -7 -12 -16 -33 -35 -38 0 
-10 -14 0 
-3 -4 -12 -14 -18 -27 -28 -29 -35 -38 -40 0 
-5 -9 -20 -24 -29 -31 -32 -36 0 
-3 -4 -12 -19 -21 -29 -33 -34 -40 0 
-4 -7 -15 -22 -26 -30 -32 -35 -36 -39 0 
-3 -8 -11 -12 -13 0 
-8 -10 -13 -15 -17 -26 0 
-5 -6 -8 -10 -14 -17 -22 -26 -32 -39 0 
-5 -6 -10 -13 -29 -31 -39 0 
-12 -17 -19 -22 -31 -34 -36 0 
-4 -5 -17 -20 -27 -37 0 
-2 -3 -15 -25 -35 -36 0 
-1 -5 -15 -31 -37 0 
-2 -3 -7 -13 -29 -30 -31 -35 0 
-5 -9 -18 -28 0 
-9 -10 -13 -14 -18 -30 -32 -36 -40 0 
-11 -24 -25 -37 0 
-4 -9 -12 -16 -24 -27 -34 0 
-8 -16 -25 -31 -37 0 
-9 -14 -22 -29 -35 0 
-1 -3 -8 -14 -18 -31 0 
-3 -10 -23 -27 -28 -33 -37 0 
-6 -25 -27 -32 -33 -40 0 
-4 -8 -11 -16 -27 -33 0 
-6 -7 -14 -15 -19 -23 -24 -34 -40 0 
-3 -7 -11 -16 -19 -26 -35 -38 -39 0 
-20 -32 0 
-4 -6 -13 -16 -17 -25 -35 -38 0 
-12 -18 -26 -27 -28 -31 0 
-2 -12 -39 0 
-5 -17 -19 -22 -26 -34 -36 -38 0 
-3 -9 -15 -16 -28 -35 -38 0 
-11 -13 -25 -27 -29 -40 0 
-5 -13 -24 -27 -29 0 
-3 -4 -16 -18 -24 -37 0 
-5 -6 -26 -30 -35 -37 0 
-5 -8 -17 -35 0 
-4 -6 -32 -34 -38 0 
-5 -27 -33 -38 0 
-7 -15 -20 -24 -30 -34 0 
-12 -13 -26 -28 -32 0 
-2 -15 -18 -35 -37 -39 0 
-4 -11 -15 -24 -26 -30 0 
-1 -6 -16 -17 -25 -33 0 
-6 -12 -18 -33 -36 -37 0 
-5 -6 -29 -38 0 
-1 -13 -18 -21 -26 -31 0 
-7 -9 -14 -18 -24 -38 0 
-3 -7 -12 -15 -21 -32 -35 0 
-7 -12 -14 -15 -17 -30 -31 -36 -38 0 
-2 -9 -19 -28 -34 -35 -38 0 
-2 -5 -6 -19 -24 -33 0 
-15 -33 -35 -37 0 
-22 -23 -27 -32 -36 -39 0 
-8 -26 -30 0 
-18 -19 -21 -22 -28 -32 -33 0 
-6 -9 -14 -27 -28 -35 -36 0 
-4 -6 -10 -16 -18 -23 -24 -28 -30 -35 0 
-1 -2 -3 -15 -23 -24 -32 -34 -35 -40 0 
-1 -8 -14 -16 -17 -24 -32 -33 -35 -40 0 
-5 -11 -19 -29 -30 -33 -36 0 
-3 -9 -21 -22 -24 -26 -35 0 
-4 -6 -7 -10 -12 -20 -31 0 
-13 -15 -26 -28 -31 -32 -37 0 
-10 -25 -26 -31 0 
-5 -23 -24 -29 -32 0 
-2 -6 -23 -25 -26 -40 0 
-1 -8 -15 -18 -26 -31 -33 0 
-6 -17 -18 -34 0 
-8 -11 -17 -23 -25 -30 -33 -35 0 
-3 -11 -18 -26 -29 -31 -33 0 
-4 -5 -7 -9 -14 -21 -29 -32 -36 -37 0 
-1 -4 -9 -16 -17 -26 -27 -34 -40 0 
-1 -12 -18 -19 -21 -27 -32 0 
-2 -3 -8 -17 -27 -39 0 
-7 -13 -23 -24 -29 0 
-7 -13 -16 -20 -28 -32 -35 -37 0 
-3 -19 -28 -30 0 
-2 -3 -11 -13 -16 -19 -33 -34 0 
-8 -12 -17 -18 -20 -32 -33 0 
-4 -10 -26 -31 -32 -36 -37 0 
-29 -31 -32 -38 0 
-4 -12 -13 -20 -26 -28 0 
-9 -12 -21 -34 -35 -37 -39 0 
-3 -8 -9 -13 -27 -33 -35 -37 0 
-7 -17 -20 -21 -32 -39 0 
-8 -9 -11 -15 -18 -26 -28 -39 0 
-7 -12 -17 -27 -28 -35 0 
-8 -11 -12 -20 -30 -40 0 
-3 -4 -7 -14 -19 -30 -31 -38 0 
-1 -3 -9 -14 -19 -27 -28 0 
-14 -19 -24 -28 -35 -36 0 
-1 -6 -15 -25 -30 0 
-10 -12 -13 -18 -25 -27 -31 0 
-1 -10 -35 -36 -38 0 
-9 -39 -40 0 
-6 -23 -27 -31 -37 0 
-11 -19 -29 -31 -32 0 
-1 -3 -19 -27 -31 -38 -40 0 
-7 -9 -13 -25 -26 -28 -31 -35 -36 -37 0 
-19 -22 -29 -31 -38 -39 0 
-6 -14 -15 -16 -23 -25 -28 -31 -33 -35 0 
-22 -24 -27 0 
-7 -9 -28 -30 -35 0 
-8 -12 -13 -20 -24 -32 0 
-10 -15 -32 -36 0 
-9 -15 -27 -28 -30 -33 -38 0 
-9 -10 -17 -18 -20 -21 -25 -29 -31 -32 -33 -35 -36 0 
-3 -40 0 
-10 -15 -17 -18 -28 -33 -34 -36 -39 0 
-10 -18 -20 -23 -24 -30 -38 0 
-7 -9 -16 -19 -21 -25 -28 -29 -31 0 
-17 -18 -31 -32 -33 -34 0 
-1 -5 -16 -23 -27 -28 -30 -31 -32 -33 -34 0 
-2 -15 -20 -21 -26 -29 0 
-10 -17 -19 -20 -21 -33 -37 0 
-1 -2 -8 -12 -16 -18 -32 -39 0 
-3 -17 -24 -33 -36 -37 -40 0 
-1 -5 -8 -15 -23 -29 -40 0 
-2 -6 -12 -21 -25 -35 0 
-1 -5 -6 -9 -16 -24 -25 -27 0 
-3 -6 -16 -20 -39 0 
-15 -18 -19 -21 -32 -34 -35 0 
-1 -4 -7 -11 -16 -19 -20 -22 -32 -33 -38 0 
-14 -15 -19 -26 -30 -33 -39 0 
-5 -13 -14 -35 0 
-4 -12 -13 -19 -23 -33 0 
-7 -12 -17 -19 -21 -23 -28 -29 -32 -39 0 
-3 -28 -39 0 
-3 -5 -10 -16 -17 -24 -33 -36 -39 0 
-3 -6 -14 -17 -18 -19 -25 0 
-3 -5 -17 -18 -27 -40 0 
-2 -4 -12 -22 -23 -24 0 
-4 -11 -29 -33 0 
-4 -10 -26 -31 -34 -36 -38 -39 0 
-2 -14 -15 0 
-5 -9 -15 -19 -22 -33 0 
-6 -9 -14 -21 -25 -30 -33 -38 0 
-2 -4 -5 -6 -7 -17 -30 -31 -32 -40 0 
-2 -8 -9 -19 -27 -34 -36 -37 0 
-13 -15 -21 -27 -28 -37 -39 0 
-2 -3 -4 -9 -17 -20 -23 -25 -28 -32 -39 0 
-8 -9 -11 -12 -13 -15 -17 -23 -24 -26 -31 -38 0 
-2 -5 -8 -20 -38 -39 0 
-1 -3 -4 -17 -27 -37 -38 0 
-16 -19 -21 -35 -37 0 
-5 -19 -21 0 
-2 -17 -24 -26 -28 0 
-3 -8 -24 -25 -33 -34 -40 0 
-7 -16 -18 -23 -27 -30 -33 -37 0 
-4 -14 -22 -25 -32 -36 -37 -38 -39 0 
-5 -11 -12 -13 -15 -31 0 
-6 -18 -19 -28 -29 -39 0 
-14 -15 -17 -20 -27 -29 -34 -38 0 
-7 -17 -24 -28 -30 -34 -36 0 
-2 -10 -13 -14 -15 -25 -35 0 
-6 -19 -29 -38 0 
-10 -12 -14 -29 -32 -35 -37 -39 0 
-13 -33 0 
-3 -8 -11 -26 -31 -36 0 
-4 -12 -21 0 
-11 -14 -16 -18 -22 -26 -28 -38 0 
-13 -26 -31 -32 -33 -34 0 
-5 -9 -18 -31 0 
-1 -7 -21 -28 0 
-6 -7 -9 -14 -22 -24 -26 -38 0 
-2 -16 -19 -21 -23 -29 -34 0 
-1 -11 -13 -24 -28 -31 -33 -38 0 
-1 -17 -18 -19 -27 -30 -32 0 
-18 -30 -31 -34 -38 -40 0 
-5 -6 -21 -25 -28 -34 0 
-1 -7 -14 -18 -21 0 
-10 -12 -31 -32 0 
-19 -21 -22 -23 -25 -32 -35 0 
-4 -5 -16 -18 -24 -40 0 
-4 -10 -11 -20 -24 -26 -27 -28 -32 -37 0 
-2 -4 -7 -8 -15 -16 -21 -25 -26 -28 -34 -37 -40 0 
-11 -20 -22 -28 -29 -36 -40 0 
-18 -19 -23 -24 -27 -29 0 
-4 -9 -10 -15 -19 -27 -29 -36 -38 0 
-5 -8 -10 -16 -18 -26 0 
-5 -8 -13 -17 -38 -39 0 
-3 -7 -12 -13 -14 -16 -17 -25 -36 0 
-10 -15 -21 -22 -24 -25 -30 -31 0 
-2 -13 -16 -22 -26 -38 0 
-1 -10 -14 -31 -34 0 
-1 -7 -16 -19 -20 -35 0 
-15 -22 -29 -36 -38 0 
-4 -20 -28 -30 -33 -34 -38 0 
-2 -4 -6 -9 -28 -35 -37 0 
-3 -12 -18 -29 -34 0 
-2 -6 -32 -36 -39 0 
-11 -15 0 
-8 -14 -18 -23 -25 -27 -29 0 
-1 -10 -16 -24 -30 -32 -33 -36 0 
-7 -14 -21 -22 -29 -33 0 
-3 -19 -23 0 
-1 -2 -8 -18 -24 -38 0 
-2 -5 -25 -29 -32 0 
-4 -7 -9 -13 -15 -36 -39 0 
-10 -13 -32 -33 -34 -36 0 
-8 -10 -11 -20 -23 0 
-10 -13 -14 -16 -25 -27 -34 0 
-3 -5 -18 -20 -28 -30 -31 -33 -34 -37 0 
-3 -10 -18 -20 -23 -25 -35 0 
-2 -10 -24 -29 -30 -31 -38 0 
-1 -2 -3 -4 -6 -20 -29 0 
-4 -10 -26 -30 -37 0 
-8 -12 -17 -21 -30 -35 -40 0 
-1 -6 -9 -17 -24 -32 -37 0 
-7 -9 -12 -15 -19 -25 -38 0 
-9 -18 -28 -29 -33 0 
-3 -11 -12 -13 -29 0 
-8 -26 -30 -32 -36 -39 0 
-2 -5 -13 -15 -23 -33 -38 0 
-22 -27 -29 -36 0 
-5 -6 -11 -14 -17 -19 -34 0 
-2 -5 -13 -15 -18 -35 -38 -39 -40 0 
-14 -21 -22 -24 -30 0 
-3 -6 -14 -15 -22 -30 -31 -37 0 
-4 -6 -12 -16 -28 0 
-12 -14 -17 -20 -33 -39 0 
-9 -11 -19 -24 -26 -29 -33 -37 -39 0 
-2 -11 -17 -18 -24 -27 0 
-3 -8 -20 -25 -37 0 
-2 -3 -7 -14 -15 -17 -19 -40 0 
-3 -4 -7 -13 -14 -28 -32 0 
-6 -7 -16 -18 -19 -24 -28 0 
-5 -11 -19 -27 0 
-1 -3 -5 -11 -13 -24 -25 -30 -36 -39 0 
-2 -17 -30 -38 -39 -40 0 
-1 -6 -12 -21 -23 -27 -39 0 
-2 -3 -5 -26 0 
-4 -11 -17 -19 -21 -22 -31 0 
-8 -10 -15 -22 -33 0 
-9 -20 -29 -33 -35 -39 0 
-1 -2 -10 -11 -13 -18 -27 -32 -40 0 
-6 -10 -11 -14 -15 -22 -24 -27 -31 -39 0 
-3 -4 -37 0 
-5 -10 -24 -27 -28 0 
-7 -11 -15 -16 -26 -29 0 
-14 -22 -28 -30 -33 0 
-10 -18 -19 -24 -27 -34 0 
-1 -9 -12 -22 -25 -28 -32 -36 0 
-12 -15 -17 -21 -30 0 
-4 -6 -7 -11 -18 -19 -24 0 
-2 -6 -10 -13 -15 -16 -40 0 
-6 -17 -20 -23 -32 0 
-19 -23 -26 -39 0 
-9 -15 -21 -29 -30 0 
-6 -16 -18 -19 -21 -27 -32 0 
-7 -8 -14 -16 -20 -27 -40 0 
-2 -10 -15 -31 -40 0 
-12 -17 -19 -34 -35 0 
-8 -16 -18 -19 -20 -22 -23 -28 -37 0 
-4 -6 -7 -9 -14 -18 -20 -30 -37 -38 0 
-1 -11 -20 -23 -24 -37 -39 -40 0 
-15 -22 -30 -36 0 
-6 -12 -14 -24 -28 -39 0 
-16 -17 -21 -24 -26 -31 -38 -39 -40 0 
-6 -10 -16 -23 -29 -33 -39 0 
-18 -19 -30 -31 -35 -36 0 
-2 -6 -10 -18 -20 -34 0 
-5 -9 -10 -16 -35 0 
-1 -3 -13 -15 -17 -24 0 
-2 -12 -22 -25 -29 -32 0 
-7 -8 -13 -22 -23 -25 -31 0 
-2 -4 -17 -18 -35 -36 -39 0 
-3 -7 -18 -32 -38 -40 0 
-6 -9 -14 -19 -27 -32 -35 0 
-3 -4 -17 -18 -22 -28 -35 0 
-9 -13 -31 -34 -38 -39 0 
-11 -12 -15 -23 -25 -26 -38 0 
-5 -17 -21 -36 -37 0 
-5 -9 -15 -18 -20 -32 -39 0 
-6 -20 -23 -30 -33 -36 0 
-7 -8 -11 -13 -26 -27 -31 -40 0 
-1 -9 -10 -11 -13 -16 -31 -36 0 
-11 -13 -30 -31 -32 -35 0 
-3 -17 -27 -32 -35 -39 0 
-2 -17 -19 -21 -27 0 
-10 -12 -17 -26 -27 -34 -38 0 
-3 -15 -16 -23 -25 -36 0 
-8 -13 -14 -15 -28 0 
-4 -7 -17 -22 -23 -26 -29 -31 -37 -39 0 
-12 -17 -21 -22 -38 0 
-6 -12 -16 -21 -25 0 
-2 -12 -23 -27 -32 -35 -40 0 
-2 -6 -8 -22 -38 0 
-4 -10 -17 -18 -25 -32 -36 0 
-9 -15 -29 -36 -40 0 
-13 -15 -16 -24 0 
-8 -22 -29 -32 -34 -35 -40 0 
