p cnf 40 800
1 3 13 20 21 29 30 38 0 
21 22 26 28 30 34 37 40 0 
4 5 8 11 13 20 0 
11 14 22 23 27 40 0 
3 9 21 26 0 
20 21 35 0 
4 15 27 31 33 37 0 
5 15 30 32 33 0 
2 11 13 16 40 0 
2 7 15 21 30 35 0 
7 8 11 15 25 35 0 
3 6 16 17 24 38 0 
8 9 12 17 21 25 28 29 0 
9 12 13 20 26 31 32 38 0 
3 6 15 26 32 0 
9 16 20 22 25 33 0 
14 16 17 24 25 31 33 36 0 
10 16 23 28 29 35 36 37 0 
8 9 10 19 24 27 34 0 
3 9 10 16 29 33 36 0 
4 6 12 14 19 23 34 35 36 37 0 
1 5 16 17 22 24 33 37 38 40 0 
16 17 21 27 31 0 
1 2 6 7 10 17 20 23 35 39 40 0 
7 11 16 25 27 31 34 36 0 
4 12 14 31 32 0 
2 23 28 31 33 37 0 
5 6 10 15 23 24 32 0 
13 14 15 20 21 24 31 33 0 
11 13 14 23 27 34 36 37 0 
3 5 9 12 20 24 25 30 0 
6 7 28 29 35 36 37 0 
1 4 11 12 18 22 24 33 39 0 
2 15 20 24 27 29 31 32 35 40 0 
2 5 11 22 23 25 32 0 
2 7 21 29 36 38 40 0 
21 24 29 37 0 
5 13 22 25 28 35 37 0 
9 13 25 32 36 0 
5 7 8 10 11 18 0 
1 2 9 14 16 21 25 0 
7 18 32 0 
4 7 19 27 28 33 38 39 0 
6 13 15 22 27 30 40 0 
1 6 7 9 18 20 21 34 0 
3 4 10 20 25 27 29 39 0 
2 8 13 19 21 28 32 37 0 
2 6 7 16 20 24 40 0 
2 3 22 24 25 26 28 36 37 0 
6 8 11 12 13 14 19 20 29 31 39 0 
15 18 23 27 37 38 40 0 
5 12 19 32 33 39 0 
5 8 24 33 36 0 
1 3 6 8 38 39 40 0 
9 16 27 0 
1 10 11 17 18 33 34 0 
7 12 15 17 28 32 38 0 
3 6 7 23 25 29 33 36 38 0 
5 9 13 15 17 36 39 0 
13 26 27 33 38 0 
13 15 22 27 28 30 0 
7 13 14 22 25 34 40 0 
3 9 14 25 36 37 0 
4 5 11 22 0 
6 10 15 16 34 0 
13 18 22 23 26 27 31 34 35 40 0 
2 3 4 6 19 24 26 31 37 38 0 
3 20 21 22 25 30 35 38 0 
3 15 24 0 
7 11 20 33 36 37 0 
2 6 21 22 31 32 0 
2 3 4 6 31 38 0 
1 2 6 8 11 12 27 0 
12 21 33 34 0 
17 19 35 36 38 0 
3 6 14 21 31 0 
6 11 16 18 39 0 
3 22 24 0 
1 3 6 8 13 16 17 20 27 32 0 
5 7 31 33 35 38 0 
3 13 23 30 34 37 40 0 
17 26 27 30 35 0 
3 11 13 38 0 
5 7 10 20 23 25 26 32 33 0 
6 16 19 21 26 27 28 30 40 0 
3 18 28 37 0 
3 16 28 37 38 40 0 
12 13 25 0 
8 25 37 0 
5 8 11 13 15 17 23 35 0 
2 7 8 12 14 18 20 22 0 
1 16 20 21 26 31 32 33 37 0 
4 5 8 15 21 22 23 25 32 34 36 38 0 
2 3 6 13 18 19 32 40 0 
2 3 5 15 22 24 36 37 38 0 
19 31 33 0 
5 17 18 23 24 31 34 35 0 
1 3 6 21 22 30 36 0 
5 14 15 16 22 30 32 38 0 
6 7 12 30 0 
8 9 16 29 31 32 33 36 0 
5 16 18 32 40 0 
2 6 18 24 25 26 29 36 40 0 
2 3 10 13 37 38 0 
8 12 14 33 0 
9 10 14 26 33 39 0 
1 12 14 17 18 25 27 35 0 
16 18 31 34 36 39 0 
2 24 26 33 38 0 
6 12 14 15 35 37 40 0 
4 5 8 14 19 30 36 37 0 
6 18 20 21 25 30 31 32 33 0 
1 10 12 19 27 32 35 39 0 
2 11 13 36 0 
9 13 25 38 0 
13 18 21 28 33 35 0 
4 12 13 14 25 0 
6 12 13 15 16 21 30 33 37 0 
10 11 20 30 37 0 
12 15 17 39 0 
2 4 5 11 17 25 32 37 38 0 
2 9 20 25 26 27 34 36 0 
18 19 23 30 36 0 
3 4 11 17 18 34 36 0 
3 5 6 9 18 24 30 33 36 0 
1 3 6 19 24 25 37 39 0 
2 11 35 36 38 40 0 
11 19 23 31 38 39 0 
14 17 25 28 30 34 39 0 
1 8 13 31 38 0 
8 15 24 34 35 37 40 0 
18 22 27 31 34 0 
1 6 11 13 15 19 27 33 34 39 0 
5 14 15 16 18 22 25 35 0 
2 4 5 6 8 38 0 
2 29 37 39 0 
4 7 12 13 17 22 26 27 39 0 
3 9 37 0 
23 24 25 31 32 33 40 0 
10 22 30 34 0 
7 11 25 32 38 0 
5 8 10 11 18 20 27 40 0 
2 5 19 21 28 33 0 
1 6 12 16 25 32 34 38 0 
2 4 6 11 18 19 22 24 37 38 0 
11 22 26 31 32 36 0 
21 24 33 34 35 39 0 
7 14 29 31 39 0 
10 11 13 19 40 0 
7 8 13 14 27 29 33 38 0 
1 11 13 22 26 28 40 0 
5 9 15 25 31 38 40 0 
5 11 27 32 35 36 38 40 0 
4 7 14 15 24 29 31 34 37 38 0 
5 10 23 28 30 0 
5 6 12 13 15 16 37 0 
6 9 16 18 19 25 0 
3 4 9 10 12 16 24 25 40 0 
8 10 32 37 0 
4 19 22 25 29 39 40 0 
2 21 26 29 30 35 0 
2 15 21 32 39 40 0 
7 9 11 22 25 31 0 
10 11 23 28 38 0 
10 15 20 29 32 37 0 
10 29 33 37 0 
3 6 22 32 39 0 
12 13 18 21 29 32 0 
22 27 29 40 0 
4 10 11 16 0 
15 31 34 37 0 
3 11 12 16 17 18 34 35 39 0 
11 16 31 36 40 0 
4 7 12 14 18 20 22 26 28 40 0 
7 15 21 22 25 30 35 0 
1 5 7 10 20 21 27 0 
6 11 27 31 40 0 
19 34 0 
1 5 8 10 21 27 31 34 39 0 
3 7 8 21 29 0 
4 21 30 33 38 0 
31 35 0 
11 21 38 0 
9 20 24 0 
4 9 19 20 24 25 29 39 0 
4 9 11 22 23 0 
10 12 13 24 25 27 40 0 
1 8 18 25 30 0 
19 23 27 37 0 
2 3 7 9 17 27 0 
3 5 7 12 18 34 35 38 0 
4 13 15 20 21 22 38 0 
2 7 27 29 30 0 
21 31 35 0 
1 8 9 11 21 22 29 32 0 
1 4 20 23 24 35 37 0 
1 9 12 17 19 27 33 0 
4 8 11 13 21 38 0 
13 29 30 32 36 38 0 
13 18 20 35 0 
2 11 20 22 23 36 38 40 0 
2 21 29 32 0 
3 8 9 10 16 17 0 
5 10 20 26 28 32 37 40 0 
5 12 15 25 31 34 0 
1 4 11 14 16 39 0 
2 10 23 39 0 
2 8 13 16 17 26 31 34 0 
9 10 13 14 19 24 27 0 
3 12 18 27 33 38 0 
9 11 26 34 39 0 
3 5 18 22 0 
9 16 17 20 30 0 
12 15 19 22 23 28 30 36 38 0 
5 10 12 24 32 34 38 0 
8 9 19 21 33 35 0 
1 12 17 21 22 31 38 0 
9 16 18 23 30 0 
3 10 16 25 32 35 39 0 
3 4 13 14 17 22 24 37 39 0 
3 9 15 21 22 25 26 32 33 0 
9 12 13 14 15 18 36 40 0 
6 10 14 15 20 23 25 34 35 0 
1 4 8 14 24 0 
5 6 9 11 15 20 27 28 33 0 
5 22 24 28 34 39 0 
1 9 11 13 24 27 28 36 0 
3 4 7 9 10 12 14 25 32 0 
2 20 28 33 39 0 
2 4 6 13 15 20 0 
1 11 27 39 40 0 
1 7 16 21 30 35 0 
10 13 22 25 31 40 0 
5 7 8 9 12 14 30 38 0 
6 8 10 16 30 34 39 0 
1 6 7 10 16 24 27 36 38 40 0 
19 22 24 32 37 39 0 
6 21 34 0 
4 12 13 22 25 37 0 
11 22 24 31 33 0 
1 2 10 18 23 30 0 
6 13 19 20 30 32 34 37 0 
1 7 8 18 22 29 36 0 
3 5 7 10 13 18 20 21 32 0 
4 11 14 22 28 31 33 0 
1 13 15 16 32 35 0 
3 11 14 26 31 33 39 0 
11 16 18 31 40 0 
1 2 7 29 31 0 
4 5 6 9 17 30 32 33 39 0 
3 5 25 28 31 34 0 
3 4 10 12 19 23 32 39 0 
6 10 19 24 25 26 30 38 39 0 
1 16 19 20 36 0 
9 12 17 18 21 22 23 33 0 
4 13 22 29 32 0 
1 9 11 31 0 
1 5 12 14 15 28 30 35 37 0 
3 9 31 32 34 35 0 
8 16 17 22 27 28 30 35 0 
1 9 11 18 20 26 28 0 
1 3 6 7 12 18 27 31 38 0 
4 15 16 17 31 35 37 39 0 
7 11 16 20 24 29 35 0 
4 21 25 26 29 39 0 
3 11 28 29 32 38 40 0 
4 11 13 25 32 33 0 
12 26 34 35 38 0 
5 10 19 38 0 
10 17 38 0 
2 8 17 0 
6 15 17 22 30 40 0 
9 11 17 23 38 39 0 
20 38 40 0 
10 14 16 24 28 38 0 
1 4 8 9 13 19 20 22 28 31 32 0 
2 4 17 19 21 0 
1 4 5 12 31 32 38 0 
3 19 38 0 
4 18 19 21 24 29 30 31 0 
2 3 9 12 21 36 37 0 
1 3 5 16 24 27 28 30 31 38 0 
3 5 7 9 21 22 26 0 
2 10 13 22 29 0 
8 17 32 38 0 
4 19 24 27 29 33 40 0 
3 9 29 40 0 
1 6 10 27 34 38 0 
1 6 13 18 32 35 0 
10 14 17 18 25 35 0 
16 21 30 36 37 39 0 
4 24 34 37 39 0 
6 10 13 16 24 32 35 40 0 
7 29 34 35 38 0 
4 10 11 14 15 17 25 28 30 34 36 0 
2 5 8 13 15 21 36 0 
2 3 4 7 12 30 32 35 0 
1 4 9 12 14 15 22 0 
2 3 6 26 29 40 0 
4 20 32 39 0 
16 34 37 0 
7 15 21 37 40 0 
17 22 29 36 0 
4 9 10 13 27 29 37 0 
3 12 17 19 21 27 30 37 0 
2 5 16 28 0 
1 2 3 13 14 16 40 0 
6 12 15 17 27 0 
7 24 0 
9 16 17 32 39 0 
3 4 23 28 31 32 37 0 
11 18 21 25 27 31 32 35 37 0 
13 21 30 31 0 
1 4 13 15 26 31 34 39 0 
2 8 13 14 22 24 26 31 34 36 0 
1 2 3 5 11 19 33 35 36 0 
28 30 40 0 
1 2 11 16 23 37 38 0 
10 23 27 35 38 39 0 
6 12 21 22 24 28 35 38 39 0 
5 7 10 21 33 35 38 0 
3 12 17 25 28 37 39 0 
1 3 17 20 25 29 30 32 38 40 0 
14 26 36 39 0 
2 3 5 24 26 27 38 40 0 
4 6 7 11 13 18 23 26 27 28 29 32 34 0 
1 6 9 15 17 20 22 37 0 
1 5 11 13 15 23 26 27 0 
1 18 28 30 0 
2 21 24 32 35 0 
3 6 11 15 22 23 0 
2 3 4 9 24 36 37 0 
7 9 13 24 35 36 0 
1 7 27 37 0 
6 7 13 24 29 0 
17 22 33 38 0 
18 21 24 25 26 27 36 0 
4 6 9 14 15 16 18 38 0 
3 5 13 14 20 31 39 0 
1 2 12 15 30 39 0 
9 10 13 25 34 38 0 
11 20 24 26 27 30 0 
6 8 28 37 0 
3 12 22 24 30 34 37 0 
1 15 18 24 27 29 0 
3 15 22 25 28 31 40 0 
6 8 18 31 0 
1 4 6 16 18 26 29 0 
32 34 38 0 
2 5 6 7 17 34 36 0 
1 3 16 21 24 27 0 
1 7 8 13 30 33 0 
3 9 28 30 37 39 0 
10 30 34 35 0 
7 16 20 26 31 39 0 
14 31 35 37 0 
13 16 19 30 32 0 
8 11 13 18 22 24 36 0 
4 9 10 12 23 37 38 0 
5 29 32 37 38 0 
1 11 13 15 20 0 
4 8 13 15 16 22 26 32 36 39 0 
10 11 19 25 33 38 39 0 
5 17 28 35 39 0 
2 6 7 12 14 18 22 26 35 38 40 0 
11 30 38 0 
4 11 15 23 0 
2 4 14 24 0 
3 11 12 13 14 15 20 23 28 35 36 37 39 40 0 
4 9 21 38 40 0 
5 10 14 18 30 35 37 0 
5 9 26 30 39 0 
5 7 11 12 15 40 0 
1 7 8 9 18 20 0 
3 8 14 27 34 36 39 40 0 
12 18 19 24 37 0 
2 5 8 23 24 27 28 34 0 
6 7 14 40 0 
1 3 15 17 19 22 37 0 
4 5 13 24 29 37 38 40 0 
7 9 10 12 21 24 25 29 35 40 0 
3 25 0 
3 6 12 18 29 0 
5 6 8 11 13 21 22 32 35 0 
6 8 10 18 20 21 27 29 0 
13 29 30 0 
2 15 16 27 34 0 
14 21 28 40 0 
10 12 20 22 23 38 0 
5 27 28 31 32 33 35 37 38 39 0 
1 2 6 7 10 32 33 34 35 0 
1 10 12 25 27 28 0 
7 8 10 13 15 17 22 29 0 
2 9 15 31 35 36 0 
4 8 14 15 24 31 33 0 
26 31 32 0 
1 5 10 15 16 29 32 35 38 0 
18 26 27 40 0 
7 17 21 26 28 0 
7 15 20 23 27 33 38 39 0 
-1 -3 -13 -20 -21 -29 -30 -38 0 
-21 -22 -26 -28 -30 -34 -37 -40 0 
-4 -5 -8 -11 -13 -20 0 
-11 -14 -22 -23 -27 -40 0 
-3 -9 -21 -26 0 
-20 -21 -35 0 
-4 -15 -27 -31 -33 -37 0 
-5 -15 -30 -32 -33 0 
-2 -11 -13 -16 -40 0 
-2 -7 -15 -21 -30 -35 0 
-7 -8 -11 -15 -25 -35 0 
-3 -6 -16 -17 -24 -38 0 
-8 -9 -12 -17 -21 -25 -28 -29 0 
-9 -12 -13 -20 -26 -31 -32 -38 0 
-3 -6 -15 -26 -32 0 
-9 -16 -20 -22 -25 -33 0 
-14 -16 -17 -24 -25 -31 -33 -36 0 
-10 -16 -23 -28 -29 -35 -36 -37 0 
-8 -9 -10 -19 -24 -27 -34 0 
-3 -9 -10 -16 -29 -33 -36 0 
-4 -6 -12 -14 -19 -23 -34 -35 -36 -37 0 
-1 -5 -16 -17 -22 -24 -33 -37 -38 -40 0 
-16 -17 -21 -27 -31 0 
-1 -2 -6 -7 -10 -17 -20 -23 -35 -39 -40 0 
-7 -11 -16 -25 -27 -31 -34 -36 0 
-4 -12 -14 -31 -32 0 
-2 -23 -28 -31 -33 -37 0 
-5 -6 -10 -15 -23 -24 -32 0 
-13 -14 -15 -20 -21 -24 -31 -33 0 
-11 -13 -14 -23 -27 -34 -36 -37 0 
-3 -5 -9 -12 -20 -24 -25 -30 0 
-6 -7 -28 -29 -35 -36 -37 0 
-1 -4 -11 -12 -18 -22 -24 -33 -39 0 
-2 -15 -20 -24 -27 -29 -31 -32 -35 -40 0 
-2 -5 -11 -22 -23 -25 -32 0 
-2 -7 -21 -29 -36 -38 -40 0 
-21 -24 -29 -37 0 
-5 -13 -22 -25 -28 -35 -37 0 
-9 -13 -25 -32 -36 0 
-5 -7 -8 -10 -11 -18 0 
-1 -2 -9 -14 -16 -21 -25 0 
-7 -18 -32 0 
-4 -7 -19 -27 -28 -33 -38 -39 0 
-6 -13 -15 -22 -27 -30 -40 0 
-1 -6 -7 -9 -18 -20 -21 -34 0 
-3 -4 -10 -20 -25 -27 -29 -39 0 
-2 -8 -13 -19 -21 -28 -32 -37 0 
-2 -6 -7 -16 -20 -24 -40 0 
-2 -3 -22 -24 -25 -26 -28 -36 -37 0 
-6 -8 -11 -12 -13 -14 -19 -20 -29 -31 -39 0 
-15 -18 -23 -27 -37 -38 -40 0 
-5 -12 -19 -32 -33 -39 0 
-5 -8 -24 -33 -36 0 
-1 -3 -6 -8 -38 -39 -40 0 
-9 -16 -27 0 
-1 -10 -11 -17 -18 -33 -34 0 
-7 -12 -15 -17 -28 -32 -38 0 
-3 -6 -7 -23 -25 -29 -33 -36 -38 0 
-5 -9 -13 -15 -17 -36 -39 0 
-13 -26 -27 -33 -38 0 
-13 -15 -22 -27 -28 -30 0 
-7 -13 -14 -22 -25 -34 -40 0 
-3 -9 -14 -25 -36 -37 0 
-4 -5 -11 -22 0 
-6 -10 -15 -16 -34 0 
-13 -18 -22 -23 -26 -27 -31 -34 -35 -40 0 
-2 -3 -4 -6 -19 -24 -26 -31 -37 -38 0 
-3 -20 -21 -22 -25 -30 -35 -38 0 
-3 -15 -24 0 
-7 -11 -20 -33 -36 -37 0 
-2 -6 -21 -22 -31 -32 0 
-2 -3 -4 -6 -31 -38 0 
-1 -2 -6 -8 -11 -12 -27 0 
-12 -21 -33 -34 0 
-17 -19 -35 -36 -38 0 
-3 -6 -14 -21 -31 0 
-6 -11 -16 -18 -39 0 
-3 -22 -24 0 
-1 -3 -6 -8 -13 -16 -17 -20 -27 -32 0 
-5 -7 -31 -33 -35 -38 0 
-3 -13 -23 -30 -34 -37 -40 0 
-17 -26 -27 -30 -35 0 
-3 -11 -13 -38 0 
-5 -7 -10 -20 -23 -25 -26 -32 -33 0 
-6 -16 -19 -21 -26 -27 -28 -30 -40 0 
-3 -18 -28 -37 0 
-3 -16 -28 -37 -38 -40 0 
-12 -13 -25 0 
-8 -25 -37 0 
-5 -8 -11 -13 -15 -17 -23 -35 0 
-2 -7 -8 -12 -14 -18 -20 -22 0 
-1 -16 -20 -21 -26 -31 -32 -33 -37 0 
-4 -5 -8 -15 -21 -22 -23 -25 -32 -34 -36 -38 0 
-2 -3 -6 -13 -18 -19 -32 -40 0 
-2 -3 -5 -15 -22 -24 -36 -37 -38 0 
-19 -31 -33 0 
-5 -17 -18 -23 -24 -31 -34 -35 0 
-1 -3 -6 -21 -22 -30 -36 0 
-5 -14 -15 -16 -22 -30 -32 -38 0 
-6 -7 -12 -30 0 
-8 -9 -16 -29 -31 -32 -33 -36 0 
-5 -16 -18 -32 -40 0 
-2 -6 -18 -24 -25 -26 -29 -36 -40 0 
-2 -3 -10 -13 -37 -38 0 
-8 -12 -14 -33 0 
-9 -10 -14 -26 -33 -39 0 
-1 -12 -14 -17 -18 -25 -27 -35 0 
-16 -18 -31 -34 -36 -39 0 
-2 -24 -26 -33 -38 0 
-6 -12 -14 -15 -35 -37 -40 0 
-4 -5 -8 -14 -19 -30 -36 -37 0 
-6 -18 -20 -21 -25 -30 -31 -32 -33 0 
-1 -10 -12 -19 -27 -32 -35 -39 0 
-2 -11 -13 -36 0 
-9 -13 -25 -38 0 
-13 -18 -21 -28 -33 -35 0 
-4 -12 -13 -14 -25 0 
-6 -12 -13 -15 -16 -21 -30 -33 -37 0 
-10 -11 -20 -30 -37 0 
-12 -15 -17 -39 0 
-2 -4 -5 -11 -17 -25 -32 -37 -38 0 
-2 -9 -20 -25 -26 -27 -34 -36 0 
-18 -19 -23 -30 -36 0 
-3 -4 -11 -17 -18 -34 -36 0 
-3 -5 -6 -9 -18 -24 -30 -33 -36 0 
-1 -3 -6 -19 -24 -25 -37 -39 0 
-2 -11 -35 -36 -38 -40 0 
-11 -19 -23 -31 -38 -39 0 
-14 -17 -25 -28 -30 -34 -39 0 
-1 -8 -13 -31 -38 0 
-8 -15 -24 -34 -35 -37 -40 0 
-18 -22 -27 -31 -34 0 
-1 -6 -11 -13 -15 -19 -27 -33 -34 -39 0 
-5 -14 -15 -16 -18 -22 -25 -35 0 
-2 -4 -5 -6 -8 -38 0 
-2 -29 -37 -39 0 
-4 -7 -12 -13 -17 -22 -26 -27 -39 0 
-3 -9 -37 0 
-23 -24 -25 -31 -32 -33 -40 0 
-10 -22 -30 -34 0 
-7 -11 -25 -32 -38 0 
-5 -8 -10 -11 -18 -20 -27 -40 0 
-2 -5 -19 -21 -28 -33 0 
-1 -6 -12 -16 -25 -32 -34 -38 0 
-2 -4 -6 -11 -18 -19 -22 -24 -37 -38 0 
-11 -22 -26 -31 -32 -36 0 
-21 -24 -33 -34 -35 -39 0 
-7 -14 -29 -31 -39 0 
-10 -11 -13 -19 -40 0 
-7 -8 -13 -14 -27 -29 -33 -38 0 
-1 -11 -13 -22 -26 -28 -40 0 
-5 -9 -15 -25 -31 -38 -40 0 
-5 -11 -27 -32 -35 -36 -38 -40 0 
-4 -7 -14 -15 -24 -29 -31 -34 -37 -38 0 
-5 -10 -23 -28 -30 0 
-5 -6 -12 -13 -15 -16 -37 0 
-6 -9 -16 -18 -19 -25 0 
-3 -4 -9 -10 -12 -16 -24 -25 -40 0 
-8 -10 -32 -37 0 
-4 -19 -22 -25 -29 -39 -40 0 
-2 -21 -26 -29 -30 -35 0 
-2 -15 -21 -32 -39 -40 0 
-7 -9 -11 -22 -25 -31 0 
-10 -11 -23 -28 -38 0 
-10 -15 -20 -29 -32 -37 0 
-10 -29 -33 -37 0 
-3 -6 -22 -32 -39 0 
-12 -13 -18 -21 -29 -32 0 
-22 -27 -29 -40 0 
-4 -10 -11 -16 0 
-15 -31 -34 -37 0 
-3 -11 -12 -16 -17 -18 -34 -35 -39 0 
-11 -16 -31 -36 -40 0 
-4 -7 -12 -14 -18 -20 -22 -26 -28 -40 0 
-7 -15 -21 -22 -25 -30 -35 0 
-1 -5 -7 -10 -20 -21 -27 0 
-6 -11 -27 -31 -40 0 
-19 -34 0 
-1 -5 -8 -10 -21 -27 -31 -34 -39 0 
-3 -7 -8 -21 -29 0 
-4 -21 -30 -33 -38 0 
-31 -35 0 
-11 -21 -38 0 
-9 -20 -24 0 
-4 -9 -19 -20 -24 -25 -29 -39 0 
-4 -9 -11 -22 -23 0 
-10 -12 -13 -24 -25 -27 -40 0 
-1 -8 -18 -25 -30 0 
-19 -23 -27 -37 0 
-2 -3 -7 -9 -17 -27 0 
-3 -5 -7 -12 -18 -34 -35 -38 0 
-4 -13 -15 -20 -21 -22 -38 0 
-2 -7 -27 -29 -30 0 
-21 -31 -35 0 
-1 -8 -9 -11 -21 -22 -29 -32 0 
-1 -4 -20 -23 -24 -35 -37 0 
-1 -9 -12 -17 -19 -27 -33 0 
-4 -8 -11 -13 -21 -38 0 
-13 -29 -30 -32 -36 -38 0 
-13 -18 -20 -35 0 
-2 -11 -20 -22 -23 -36 -38 -40 0 
-2 -21 -29 -32 0 
-3 -8 -9 -10 -16 -17 0 
-5 -10 -20 -26 -28 -32 -37 -40 0 
-5 -12 -15 -25 -31 -34 0 
-1 -4 -11 -14 -16 -39 0 
-2 -10 -23 -39 0 
-2 -8 -13 -16 -17 -26 -31 -34 0 
-9 -10 -13 -14 -19 -24 -27 0 
-3 -12 -18 -27 -33 -38 0 
-9 -11 -26 -34 -39 0 
-3 -5 -18 -22 0 
-9 -16 -17 -20 -30 0 
-12 -15 -19 -22 -23 -28 -30 -36 -38 0 
-5 -10 -12 -24 -32 -34 -38 0 
-8 -9 -19 -21 -33 -35 0 
-1 -12 -17 -21 -22 -31 -38 0 
-9 -16 -18 -23 -30 0 
-3 -10 -16 -25 -32 -35 -39 0 
-3 -4 -13 -14 -17 -22 -24 -37 -39 0 
-3 -9 -15 -21 -22 -25 -26 -32 -33 0 
-9 -12 -13 -14 -15 -18 -36 -40 0 
-6 -10 -14 -15 -20 -23 -25 -34 -35 0 
-1 -4 -8 -14 -24 0 
-5 -6 -9 -11 -15 -20 -27 -28 -33 0 
-5 -22 -24 -28 -34 -39 0 
-1 -9 -11 -13 -24 -27 -28 -36 0 
-3 -4 -7 -9 -10 -12 -14 -25 -32 0 
-2 -20 -28 -33 -39 0 
-2 -4 -6 -13 -15 -20 0 
-1 -11 -27 -39 -40 0 
-1 -7 -16 -21 -30 -35 0 
-10 -13 -22 -25 -31 -40 0 
-5 -7 -8 -9 -12 -14 -30 -38 0 
-6 -8 -10 -16 -30 -34 -39 0 
-1 -6 -7 -10 -16 -24 -27 -36 -38 -40 0 
-19 -22 -24 -32 -37 -39 0 
-6 -21 -34 0 
-4 -12 -13 -22 -25 -37 0 
-11 -22 -24 -31 -33 0 
-1 -2 -10 -18 -23 -30 0 
-6 -13 -19 -20 -30 -32 -34 -37 0 
-1 -7 -8 -18 -22 -29 -36 0 
-3 -5 -7 -10 -13 -18 -20 -21 -32 0 
-4 -11 -14 -22 -28 -31 -33 0 
-1 -13 -15 -16 -32 -35 0 
-3 -11 -14 -26 -31 -33 -39 0 
-11 -16 -18 -31 -40 0 
-1 -2 -7 -29 -31 0 
-4 -5 -6 -9 -17 -30 -32 -33 -39 0 
-3 -5 -25 -28 -31 -34 0 
-3 -4 -10 -12 -19 -23 -32 -39 0 
-6 -10 -19 -24 -25 -26 -30 -38 -39 0 
-1 -16 -19 -20 -36 0 
-9 -12 -17 -18 -21 -22 -23 -33 0 
-4 -13 -22 -29 -32 0 
-1 -9 -11 -31 0 
-1 -5 -12 -14 -15 -28 -30 -35 -37 0 
-3 -9 -31 -32 -34 -35 0 
-8 -16 -17 -22 -27 -28 -30 -35 0 
-1 -9 -11 -18 -20 -26 -28 0 
-1 -3 -6 -7 -12 -18 -27 -31 -38 0 
-4 -15 -16 -17 -31 -35 -37 -39 0 
-7 -11 -16 -20 -24 -29 -35 0 
-4 -21 -25 -26 -29 -39 0 
-3 -11 -28 -29 -32 -38 -40 0 
-4 -11 -13 -25 -32 -33 0 
-12 -26 -34 -35 -38 0 
-5 -10 -19 -38 0 
-10 -17 -38 0 
-2 -8 -17 0 
-6 -15 -17 -22 -30 -40 0 
-9 -11 -17 -23 -38 -39 0 
-20 -38 -40 0 
-10 -14 -16 -24 -28 -38 0 
-1 -4 -8 -9 -13 -19 -20 -22 -28 -31 -32 0 
-2 -4 -17 -19 -21 0 
-1 -4 -5 -12 -31 -32 -38 0 
-3 -19 -38 0 
-4 -18 -19 -21 -24 -29 -30 -31 0 
-2 -3 -9 -12 -21 -36 -37 0 
-1 -3 -5 -16 -24 -27 -28 -30 -31 -38 0 
-3 -5 -7 -9 -21 -22 -26 0 
-2 -10 -13 -22 -29 0 
-8 -17 -32 -38 0 
-4 -19 -24 -27 -29 -33 -40 0 
-3 -9 -29 -40 0 
-1 -6 -10 -27 -34 -38 0 
-1 -6 -13 -18 -32 -35 0 
-10 -14 -17 -18 -25 -35 0 
-16 -21 -30 -36 -37 -39 0 
-4 -24 -34 -37 -39 0 
-6 -10 -13 -16 -24 -32 -35 -40 0 
-7 -29 -34 -35 -38 0 
-4 -10 -11 -14 -15 -17 -25 -28 -30 -34 -36 0 
-2 -5 -8 -13 -15 -21 -36 0 
-2 -3 -4 -7 -12 -30 -32 -35 0 
-1 -4 -9 -12 -14 -15 -22 0 
-2 -3 -6 -26 -29 -40 0 
-4 -20 -32 -39 0 
-16 -34 -37 0 
-7 -15 -21 -37 -40 0 
-17 -22 -29 -36 0 
-4 -9 -10 -13 -27 -29 -37 0 
-3 -12 -17 -19 -21 -27 -30 -37 0 
-2 -5 -16 -28 0 
-1 -2 -3 -13 -14 -16 -40 0 
-6 -12 -15 -17 -27 0 
-7 -24 0 
-9 -16 -17 -32 -39 0 
-3 -4 -23 -28 -31 -32 -37 0 
-11 -18 -21 -25 -27 -31 -32 -35 -37 0 
-13 -21 -30 -31 0 
-1 -4 -13 -15 -26 -31 -34 -39 0 
-2 -8 -13 -14 -22 -24 -26 -31 -34 -36 0 
-1 -2 -3 -5 -11 -19 -33 -35 -36 0 
-28 -30 -40 0 
-1 -2 -11 -16 -23 -37 -38 0 
-10 -23 -27 -35 -38 -39 0 
-6 -12 -21 -22 -24 -28 -35 -38 -39 0 
-5 -7 -10 -21 -33 -35 -38 0 
-3 -12 -17 -25 -28 -37 -39 0 
-1 -3 -17 -20 -25 -29 -30 -32 -38 -40 0 
-14 -26 -36 -39 0 
-2 -3 -5 -24 -26 -27 -38 -40 0 
-4 -6 -7 -11 -13 -18 -23 -26 -27 -28 -29 -32 -34 0 
-1 -6 -9 -15 -17 -20 -22 -37 0 
-1 -5 -11 -13 -15 -23 -26 -27 0 
-1 -18 -28 -30 0 
-2 -21 -24 -32 -35 0 
-3 -6 -11 -15 -22 -23 0 
-2 -3 -4 -9 -24 -36 -37 0 
-7 -9 -13 -24 -35 -36 0 
-1 -7 -27 -37 0 
-6 -7 -13 -24 -29 0 
-17 -22 -33 -38 0 
-18 -21 -24 -25 -26 -27 -36 0 
-4 -6 -9 -14 -15 -16 -18 -38 0 
-3 -5 -13 -14 -20 -31 -39 0 
-1 -2 -12 -15 -30 -39 0 
-9 -10 -13 -25 -34 -38 0 
-11 -20 -24 -26 -27 -30 0 
-6 -8 -28 -37 0 
-3 -12 -22 -24 -30 -34 -37 0 
-1 -15 -18 -24 -27 -29 0 
-3 -15 -22 -25 -28 -31 -40 0 
-6 -8 -18 -31 0 
-1 -4 -6 -16 -18 -26 -29 0 
-32 -34 -38 0 
-2 -5 -6 -7 -17 -34 -36 0 
-1 -3 -16 -21 -24 -27 0 
-1 -7 -8 -13 -30 -33 0 
-3 -9 -28 -30 -37 -39 0 
-10 -30 -34 -35 0 
-7 -16 -20 -26 -31 -39 0 
-14 -31 -35 -37 0 
-13 -16 -19 -30 -32 0 
-8 -11 -13 -18 -22 -24 -36 0 
-4 -9 -10 -12 -23 -37 -38 0 
-5 -29 -32 -37 -38 0 
-1 -11 -13 -15 -20 0 
-4 -8 -13 -15 -16 -22 -26 -32 -36 -39 0 
-10 -11 -19 -25 -33 -38 -39 0 
-5 -17 -28 -35 -39 0 
-2 -6 -7 -12 -14 -18 -22 -26 -35 -38 -40 0 
-11 -30 -38 0 
-4 -11 -15 -23 0 
-2 -4 -14 -24 0 
-3 -11 -12 -13 -14 -15 -20 -23 -28 -35 -36 -37 -39 -40 0 
-4 -9 -21 -38 -40 0 
-5 -10 -14 -18 -30 -35 -37 0 
-5 -9 -26 -30 -39 0 
-5 -7 -11 -12 -15 -40 0 
-1 -7 -8 -9 -18 -20 0 
-3 -8 -14 -27 -34 -36 -39 -40 0 
-12 -18 -19 -24 -37 0 
-2 -5 -8 -23 -24 -27 -28 -34 0 
-6 -7 -14 -40 0 
-1 -3 -15 -17 -19 -22 -37 0 
-4 -5 -13 -24 -29 -37 -38 -40 0 
-7 -9 -10 -12 -21 -24 -25 -29 -35 -40 0 
-3 -25 0 
-3 -6 -12 -18 -29 0 
-5 -6 -8 -11 -13 -21 -22 -32 -35 0 
-6 -8 -10 -18 -20 -21 -27 -29 0 
-13 -29 -30 0 
-2 -15 -16 -27 -34 0 
-14 -21 -28 -40 0 
-10 -12 -20 -22 -23 -38 0 
-5 -27 -28 -31 -32 -33 -35 -37 -38 -39 0 
-1 -2 -6 -7 -10 -32 -33 -34 -35 0 
-1 -10 -12 -25 -27 -28 0 
-7 -8 -10 -13 -15 -17 -22 -29 0 
-2 -9 -15 -31 -35 -36 0 
-4 -8 -14 -15 -24 -31 -33 0 
-26 -31 -32 0 
-1 -5 -10 -15 -16 -29 -32 -35 -38 0 
-18 -26 -27 -40 0 
-7 -17 -21 -26 -28 0 
-7 -15 -20 -23 -27 -33 -38 -39 0 
