p cnf 40 800
9 11 24 26 31 37 0 
6 16 21 25 28 29 30 0 
1 9 13 21 22 25 27 34 39 0 
2 3 4 9 18 27 30 33 36 0 
7 17 22 33 0 
13 17 18 21 22 24 30 32 36 0 
1 2 3 11 20 0 
3 4 17 20 23 29 34 37 39 40 0 
5 6 12 21 22 27 34 36 38 0 
1 5 9 10 18 21 29 31 0 
3 17 19 26 27 28 33 0 
1 4 5 17 25 29 30 32 39 0 
1 5 33 34 37 0 
1 5 13 20 31 33 39 40 0 
3 20 23 30 33 0 
1 3 24 25 27 39 0 
18 21 24 27 0 
10 13 14 15 21 28 36 0 
1 4 10 23 26 28 0 
15 16 19 32 35 37 0 
9 13 14 16 17 24 26 32 33 35 0 
6 8 12 20 22 26 0 
5 12 14 18 21 24 31 0 
5 8 9 10 12 17 0 
22 24 26 38 0 
1 6 7 34 39 0 
3 7 13 14 17 19 20 22 37 0 
11 14 17 36 0 
3 10 14 16 0 
8 20 34 0 
3 5 8 16 25 34 35 0 
11 20 22 29 31 0 
2 20 24 31 32 0 
1 5 7 17 19 29 32 35 0 
8 9 12 15 19 21 31 37 0 
10 16 20 27 31 34 35 0 
9 16 30 37 39 40 0 
7 12 13 14 25 32 0 
10 13 20 35 36 40 0 
15 16 28 33 37 0 
6 18 19 25 26 27 0 
2 8 23 27 28 30 0 
3 13 14 20 28 38 39 40 0 
1 11 12 29 30 37 40 0 
3 4 5 8 26 31 37 0 
19 25 27 29 38 0 
3 4 5 9 21 24 38 40 0 
1 6 8 17 26 29 39 0 
5 10 12 18 22 39 40 0 
6 8 12 16 22 28 36 0 
1 6 7 11 15 22 25 27 35 36 40 0 
2 3 14 18 24 26 36 0 
7 9 23 35 40 0 
2 15 17 28 35 0 
7 10 11 27 30 31 36 40 0 
4 5 13 19 26 29 34 36 0 
1 12 16 17 25 28 0 
3 20 31 32 35 38 39 0 
2 4 9 13 14 17 22 29 38 0 
1 2 4 6 9 13 15 21 32 35 37 39 0 
4 5 8 11 12 15 16 36 0 
1 6 7 28 29 38 40 0 
4 13 14 27 29 36 38 0 
18 24 31 37 0 
9 10 26 28 31 34 36 0 
6 9 12 19 20 31 33 39 0 
2 10 15 26 33 0 
1 2 16 24 26 29 38 39 0 
2 9 13 17 19 32 40 0 
7 8 9 11 14 20 23 29 30 31 0 
8 10 18 21 25 29 39 0 
4 8 29 32 40 0 
1 9 19 22 30 34 0 
2 5 14 19 31 32 35 36 0 
7 15 33 37 0 
15 17 18 19 32 37 0 
7 11 16 17 25 37 0 
8 14 18 21 40 0 
7 23 24 27 29 33 0 
7 9 11 19 23 24 37 0 
1 10 14 18 31 0 
2 19 23 25 0 
18 19 24 27 38 0 
3 7 9 10 11 31 39 40 0 
18 22 26 0 
3 4 7 10 23 33 35 0 
4 35 38 40 0 
4 6 7 21 23 26 27 32 0 
8 11 18 33 34 0 
7 12 14 29 30 34 0 
8 10 26 30 0 
3 7 10 14 18 24 29 31 35 0 
14 16 17 19 24 37 40 0 
4 5 13 0 
4 7 8 14 26 37 0 
3 5 16 17 19 21 23 24 25 27 35 0 
13 30 35 39 0 
5 17 18 23 37 38 0 
3 9 12 19 20 23 27 31 0 
5 15 18 24 27 30 32 35 36 39 40 0 
2 4 7 10 29 35 0 
2 9 14 19 31 0 
6 17 19 28 29 0 
4 7 12 27 32 36 39 40 0 
2 4 11 16 18 19 28 31 39 0 
8 11 14 22 37 40 0 
2 3 7 10 22 26 27 30 33 0 
2 8 12 21 25 31 35 0 
13 19 21 23 24 27 40 0 
1 18 20 23 29 37 39 0 
3 4 7 9 17 26 29 33 0 
8 23 25 33 35 0 
13 17 22 33 35 0 
4 8 29 32 37 0 
7 18 30 31 35 36 0 
18 23 31 37 39 40 0 
7 11 14 24 26 30 31 0 
1 2 3 21 32 40 0 
11 17 18 28 30 37 40 0 
1 12 18 20 24 30 31 34 0 
2 4 17 21 24 31 0 
5 19 22 25 33 37 40 0 
2 8 9 17 25 27 32 35 38 0 
1 7 10 15 17 22 31 0 
6 20 30 34 40 0 
2 5 7 13 22 26 30 33 38 0 
4 5 7 12 22 24 30 32 36 0 
6 19 29 35 40 0 
18 21 31 34 36 0 
3 16 20 25 29 33 0 
1 2 5 12 13 18 21 26 33 39 0 
8 19 32 34 36 0 
2 6 10 11 15 22 23 32 0 
3 9 12 30 37 0 
19 23 31 40 0 
10 14 16 19 29 0 
3 6 11 26 32 34 0 
19 20 25 26 37 38 0 
1 7 13 15 17 22 34 39 0 
3 6 32 0 
12 17 31 37 0 
7 23 27 28 38 39 0 
4 10 17 18 21 22 37 0 
3 8 10 17 20 24 29 35 0 
5 11 33 39 0 
6 15 17 20 23 31 0 
1 6 12 29 31 0 
4 17 32 36 39 0 
2 13 33 34 0 
7 16 21 33 39 0 
1 4 17 19 27 31 35 38 0 
5 10 13 26 35 38 0 
2 3 5 22 24 34 36 37 38 0 
20 23 28 35 0 
2 4 11 13 17 0 
5 18 20 33 34 35 40 0 
7 11 17 27 32 34 35 39 0 
8 11 24 28 0 
18 21 25 38 0 
1 3 18 19 25 28 29 34 0 
8 17 30 31 38 0 
1 6 12 14 15 30 32 0 
10 20 22 36 0 
2 3 11 14 28 33 39 0 
8 19 27 28 31 37 0 
13 22 24 31 35 37 0 
2 8 15 25 27 31 33 0 
12 13 17 26 31 32 0 
6 28 35 36 37 0 
18 21 40 0 
3 4 20 33 39 0 
3 7 19 24 25 35 37 40 0 
2 9 27 29 32 37 0 
4 6 9 14 16 17 18 19 21 29 30 37 39 0 
1 18 24 26 36 39 0 
5 18 22 24 0 
7 8 9 17 27 30 35 37 0 
16 21 25 35 0 
25 26 32 34 37 39 0 
12 19 24 31 35 40 0 
4 10 13 18 21 24 28 32 35 40 0 
4 7 10 19 25 27 30 34 40 0 
7 10 11 14 23 33 37 0 
1 16 17 27 32 40 0 
7 31 35 37 38 0 
1 3 5 11 18 21 25 36 37 0 
12 14 15 22 29 32 33 0 
3 5 15 30 34 37 39 0 
3 11 18 22 27 28 29 30 0 
1 7 19 20 22 27 32 33 37 38 40 0 
2 5 15 16 22 24 25 28 0 
3 15 19 20 25 40 0 
1 7 21 28 31 34 0 
1 5 6 10 11 15 19 22 29 40 0 
8 11 12 13 32 0 
14 23 27 36 0 
7 11 12 14 34 37 39 0 
12 17 24 31 35 36 0 
4 14 27 28 30 0 
1 6 11 13 14 16 25 0 
2 5 10 13 23 39 0 
3 4 23 34 37 0 
13 18 23 32 33 34 37 0 
14 24 28 0 
1 6 10 15 20 21 25 27 0 
3 24 26 31 32 38 0 
1 2 8 28 31 40 0 
1 13 17 18 29 30 33 0 
3 9 20 22 36 40 0 
1 10 19 24 34 39 0 
15 22 26 36 39 0 
3 16 21 25 34 0 
2 8 11 15 25 30 31 36 37 40 0 
12 23 25 29 33 39 0 
13 15 16 22 27 33 35 36 0 
1 4 8 16 20 29 35 36 0 
10 14 23 26 28 31 0 
9 13 17 22 27 33 0 
5 11 15 27 35 37 38 0 
23 24 26 0 
1 2 4 15 26 28 38 0 
4 7 37 40 0 
4 7 8 10 24 37 39 0 
17 28 31 35 40 0 
1 5 14 15 26 0 
1 3 16 22 25 29 0 
3 12 24 25 0 
11 18 21 25 26 28 32 34 0 
5 9 12 19 36 0 
17 18 25 26 37 39 0 
9 16 17 19 35 36 38 0 
13 19 20 22 24 34 0 
10 16 18 23 30 34 38 0 
5 11 13 18 28 30 31 33 34 37 0 
5 10 11 12 15 29 30 31 0 
3 6 16 20 32 0 
3 5 6 11 18 20 35 0 
3 5 9 10 13 16 27 0 
5 10 14 17 22 0 
1 7 16 17 18 22 29 35 0 
2 5 12 17 21 32 35 0 
16 30 32 34 39 0 
18 33 36 40 0 
10 12 19 21 24 34 0 
4 13 14 15 19 20 21 22 24 25 27 38 0 
6 7 9 14 34 0 
14 18 19 25 34 37 39 0 
3 15 17 18 27 37 0 
2 5 20 29 31 32 35 0 
23 24 26 35 39 0 
2 4 11 17 20 22 30 32 0 
5 14 16 18 24 25 30 33 0 
2 5 8 13 21 24 25 28 35 0 
1 4 5 7 13 18 25 26 37 39 0 
8 10 24 26 29 31 33 0 
1 3 8 13 14 20 26 34 0 
15 19 25 27 30 36 0 
11 27 28 0 
7 14 17 20 24 37 38 0 
9 12 14 16 19 22 24 26 32 0 
7 12 25 30 32 35 0 
1 2 8 11 19 26 28 31 0 
4 5 8 17 26 32 38 0 
10 21 24 29 30 34 0 
9 22 28 33 40 0 
4 9 12 15 16 18 27 28 39 0 
2 6 10 15 17 19 25 27 28 31 0 
5 11 14 24 26 33 38 0 
3 9 10 12 13 17 24 29 31 39 0 
9 19 29 31 34 37 0 
6 12 21 24 26 0 
4 9 22 24 28 30 31 0 
1 7 9 13 15 34 0 
8 11 12 15 19 23 32 40 0 
5 6 16 19 23 27 31 32 38 0 
5 7 11 17 19 25 26 27 28 39 0 
1 6 16 20 27 30 0 
6 7 10 13 15 24 38 0 
1 8 10 24 40 0 
5 8 10 12 17 36 0 
1 3 5 8 21 28 40 0 
2 4 12 18 24 25 30 31 0 
14 20 28 36 0 
8 9 10 15 20 23 28 39 0 
4 6 7 8 18 37 0 
4 14 16 29 30 31 33 38 0 
13 29 0 
6 13 14 15 24 36 0 
4 6 13 14 19 33 36 37 0 
2 5 8 13 26 31 34 0 
11 29 30 37 0 
9 11 19 24 32 0 
6 12 16 17 20 21 22 29 30 38 0 
5 7 25 36 0 
2 12 13 15 21 27 0 
2 11 14 28 39 0 
10 15 16 17 24 30 0 
2 5 22 26 32 33 37 0 
2 19 37 0 
4 10 19 22 26 33 40 0 
7 19 27 36 0 
4 18 20 31 34 0 
4 7 14 21 22 25 27 34 35 40 0 
3 4 7 16 36 0 
8 12 14 27 33 0 
1 3 5 9 12 21 25 0 
5 11 12 14 24 0 
2 7 8 9 22 24 31 0 
2 4 5 12 16 20 24 29 34 37 0 
1 2 17 19 23 24 27 31 35 0 
18 21 28 33 35 0 
12 15 22 26 28 34 35 36 37 0 
2 3 10 15 16 17 18 21 28 34 40 0 
6 18 31 36 37 0 
2 6 11 29 34 37 0 
13 17 23 27 29 0 
2 3 10 16 17 25 35 0 
8 14 19 35 40 0 
6 7 8 18 19 23 25 29 0 
4 9 11 21 29 35 40 0 
2 14 21 0 
18 23 33 0 
24 31 35 36 37 0 
26 28 33 40 0 
10 20 35 39 0 
1 18 28 32 39 0 
3 8 9 10 13 23 25 33 34 37 0 
6 7 11 14 23 26 28 39 0 
8 9 21 25 28 37 38 0 
21 29 38 0 
2 11 12 22 26 31 32 34 35 39 0 
10 11 13 18 25 26 27 28 30 0 
13 37 39 0 
3 5 16 17 19 26 33 0 
3 6 10 18 23 0 
1 13 16 20 22 30 33 40 0 
3 5 9 26 27 32 36 37 0 
13 26 33 0 
3 5 12 20 21 25 36 0 
5 10 11 21 28 29 32 0 
2 11 22 38 0 
1 2 10 14 23 26 27 31 32 34 40 0 
1 9 10 12 15 17 28 30 33 34 36 0 
21 24 40 0 
13 18 19 22 28 38 0 
11 21 22 33 36 37 39 0 
3 4 5 8 12 23 28 30 35 0 
7 9 15 21 26 27 0 
4 18 24 26 32 35 40 0 
1 3 13 17 18 19 21 22 33 34 0 
5 7 17 18 23 26 37 0 
2 3 5 8 12 20 0 
3 7 12 0 
5 26 39 0 
9 11 12 16 17 18 21 24 26 28 30 35 0 
6 13 15 22 25 26 32 34 37 0 
4 8 9 10 13 27 33 0 
7 8 9 20 31 0 
11 18 27 28 31 0 
3 27 31 0 
8 13 15 17 37 40 0 
1 6 13 24 30 0 
7 21 23 29 31 32 35 40 0 
12 14 16 20 23 33 35 40 0 
3 11 26 32 0 
4 8 11 17 22 40 0 
11 12 19 20 21 26 38 0 
5 22 25 28 30 33 0 
8 17 27 32 0 
9 12 16 29 40 0 
6 10 13 18 20 25 27 34 40 0 
5 8 10 16 17 29 32 35 38 0 
7 11 13 19 35 39 0 
8 20 21 23 38 0 
4 8 17 31 38 0 
2 5 6 12 15 17 0 
2 3 12 17 18 22 27 33 40 0 
9 19 20 25 27 32 35 0 
2 10 18 32 0 
11 12 21 25 28 31 34 35 0 
37 39 0 
4 19 37 0 
1 5 7 16 24 25 31 0 
2 3 5 14 21 22 27 28 29 35 36 0 
2 4 9 14 20 25 27 28 0 
1 16 21 26 34 35 0 
14 18 22 24 25 31 38 0 
23 25 27 28 31 34 0 
14 22 27 30 32 34 37 0 
6 22 27 30 0 
2 19 23 24 0 
2 4 8 10 14 16 20 31 37 0 
3 6 9 15 17 24 36 0 
4 22 26 27 29 40 0 
12 18 20 28 34 36 38 0 
2 6 8 12 16 19 27 39 0 
2 8 9 16 22 34 40 0 
1 3 4 6 7 20 24 26 34 0 
2 15 20 30 40 0 
2 11 18 25 26 35 40 0 
-9 -11 -24 -26 -31 -37 0 
-6 -16 -21 -25 -28 -29 -30 0 
-1 -9 -13 -21 -22 -25 -27 -34 -39 0 
-2 -3 -4 -9 -18 -27 -30 -33 -36 0 
-7 -17 -22 -33 0 
-13 -17 -18 -21 -22 -24 -30 -32 -36 0 
-1 -2 -3 -11 -20 0 
-3 -4 -17 -20 -23 -29 -34 -37 -39 -40 0 
-5 -6 -12 -21 -22 -27 -34 -36 -38 0 
-1 -5 -9 -10 -18 -21 -29 -31 0 
-3 -17 -19 -26 -27 -28 -33 0 
-1 -4 -5 -17 -25 -29 -30 -32 -39 0 
-1 -5 -33 -34 -37 0 
-1 -5 -13 -20 -31 -33 -39 -40 0 
-3 -20 -23 -30 -33 0 
-1 -3 -24 -25 -27 -39 0 
-18 -21 -24 -27 0 
-10 -13 -14 -15 -21 -28 -36 0 
-1 -4 -10 -23 -26 -28 0 
-15 -16 -19 -32 -35 -37 0 
-9 -13 -14 -16 -17 -24 -26 -32 -33 -35 0 
-6 -8 -12 -20 -22 -26 0 
-5 -12 -14 -18 -21 -24 -31 0 
-5 -8 -9 -10 -12 -17 0 
-22 -24 -26 -38 0 
-1 -6 -7 -34 -39 0 
-3 -7 -13 -14 -17 -19 -20 -22 -37 0 
-11 -14 -17 -36 0 
-3 -10 -14 -16 0 
-8 -20 -34 0 
-3 -5 -8 -16 -25 -34 -35 0 
-11 -20 -22 -29 -31 0 
-2 -20 -24 -31 -32 0 
-1 -5 -7 -17 -19 -29 -32 -35 0 
-8 -9 -12 -15 -19 -21 -31 -37 0 
-10 -16 -20 -27 -31 -34 -35 0 
-9 -16 -30 -37 -39 -40 0 
-7 -12 -13 -14 -25 -32 0 
-10 -13 -20 -35 -36 -40 0 
-15 -16 -28 -33 -37 0 
-6 -18 -19 -25 -26 -27 0 
-2 -8 -23 -27 -28 -30 0 
-3 -13 -14 -20 -28 -38 -39 -40 0 
-1 -11 -12 -29 -30 -37 -40 0 
-3 -4 -5 -8 -26 -31 -37 0 
-19 -25 -27 -29 -38 0 
-3 -4 -5 -9 -21 -24 -38 -40 0 
-1 -6 -8 -17 -26 -29 -39 0 
-5 -10 -12 -18 -22 -39 -40 0 
-6 -8 -12 -16 -22 -28 -36 0 
-1 -6 -7 -11 -15 -22 -25 -27 -35 -36 -40 0 
-2 -3 -14 -18 -24 -26 -36 0 
-7 -9 -23 -35 -40 0 
-2 -15 -17 -28 -35 0 
-7 -10 -11 -27 -30 -31 -36 -40 0 
-4 -5 -13 -19 -26 -29 -34 -36 0 
-1 -12 -16 -17 -25 -28 0 
-3 -20 -31 -32 -35 -38 -39 0 
-2 -4 -9 -13 -14 -17 -22 -29 -38 0 
-1 -2 -4 -6 -9 -13 -15 -21 -32 -35 -37 -39 0 
-4 -5 -8 -11 -12 -15 -16 -36 0 
-1 -6 -7 -28 -29 -38 -40 0 
-4 -13 -14 -27 -29 -36 -38 0 
-18 -24 -31 -37 0 
-9 -10 -26 -28 -31 -34 -36 0 
-6 -9 -12 -19 -20 -31 -33 -39 0 
-2 -10 -15 -26 -33 0 
-1 -2 -16 -24 -26 -29 -38 -39 0 
-2 -9 -13 -17 -19 -32 -40 0 
-7 -8 -9 -11 -14 -20 -23 -29 -30 -31 0 
-8 -10 -18 -21 -25 -29 -39 0 
-4 -8 -29 -32 -40 0 
-1 -9 -19 -22 -30 -34 0 
-2 -5 -14 -19 -31 -32 -35 -36 0 
-7 -15 -33 -37 0 
-15 -17 -18 -19 -32 -37 0 
-7 -11 -16 -17 -25 -37 0 
-8 -14 -18 -21 -40 0 
-7 -23 -24 -27 -29 -33 0 
-7 -9 -11 -19 -23 -24 -37 0 
-1 -10 -14 -18 -31 0 
-2 -19 -23 -25 0 
-18 -19 -24 -27 -38 0 
-3 -7 -9 -10 -11 -31 -39 -40 0 
-18 -22 -26 0 
-3 -4 -7 -10 -23 -33 -35 0 
-4 -35 -38 -40 0 
-4 -6 -7 -21 -23 -26 -27 -32 0 
-8 -11 -18 -33 -34 0 
-7 -12 -14 -29 -30 -34 0 
-8 -10 -26 -30 0 
-3 -7 -10 -14 -18 -24 -29 -31 -35 0 
-14 -16 -17 -19 -24 -37 -40 0 
-4 -5 -13 0 
-4 -7 -8 -14 -26 -37 0 
-3 -5 -16 -17 -19 -21 -23 -24 -25 -27 -35 0 
-13 -30 -35 -39 0 
-5 -17 -18 -23 -37 -38 0 
-3 -9 -12 -19 -20 -23 -27 -31 0 
-5 -15 -18 -24 -27 -30 -32 -35 -36 -39 -40 0 
-2 -4 -7 -10 -29 -35 0 
-2 -9 -14 -19 -31 0 
-6 -17 -19 -28 -29 0 
-4 -7 -12 -27 -32 -36 -39 -40 0 
-2 -4 -11 -16 -18 -19 -28 -31 -39 0 
-8 -11 -14 -22 -37 -40 0 
-2 -3 -7 -10 -22 -26 -27 -30 -33 0 
-2 -8 -12 -21 -25 -31 -35 0 
-13 -19 -21 -23 -24 -27 -40 0 
-1 -18 -20 -23 -29 -37 -39 0 
-3 -4 -7 -9 -17 -26 -29 -33 0 
-8 -23 -25 -33 -35 0 
-13 -17 -22 -33 -35 0 
-4 -8 -29 -32 -37 0 
-7 -18 -30 -31 -35 -36 0 
-18 -23 -31 -37 -39 -40 0 
-7 -11 -14 -24 -26 -30 -31 0 
-1 -2 -3 -21 -32 -40 0 
-11 -17 -18 -28 -30 -37 -40 0 
-1 -12 -18 -20 -24 -30 -31 -34 0 
-2 -4 -17 -21 -24 -31 0 
-5 -19 -22 -25 -33 -37 -40 0 
-2 -8 -9 -17 -25 -27 -32 -35 -38 0 
-1 -7 -10 -15 -17 -22 -31 0 
-6 -20 -30 -34 -40 0 
-2 -5 -7 -13 -22 -26 -30 -33 -38 0 
-4 -5 -7 -12 -22 -24 -30 -32 -36 0 
-6 -19 -29 -35 -40 0 
-18 -21 -31 -34 -36 0 
-3 -16 -20 -25 -29 -33 0 
-1 -2 -5 -12 -13 -18 -21 -26 -33 -39 0 
-8 -19 -32 -34 -36 0 
-2 -6 -10 -11 -15 -22 -23 -32 0 
-3 -9 -12 -30 -37 0 
-19 -23 -31 -40 0 
-10 -14 -16 -19 -29 0 
-3 -6 -11 -26 -32 -34 0 
-19 -20 -25 -26 -37 -38 0 
-1 -7 -13 -15 -17 -22 -34 -39 0 
-3 -6 -32 0 
-12 -17 -31 -37 0 
-7 -23 -27 -28 -38 -39 0 
-4 -10 -17 -18 -21 -22 -37 0 
-3 -8 -10 -17 -20 -24 -29 -35 0 
-5 -11 -33 -39 0 
-6 -15 -17 -20 -23 -31 0 
-1 -6 -12 -29 -31 0 
-4 -17 -32 -36 -39 0 
-2 -13 -33 -34 0 
-7 -16 -21 -33 -39 0 
-1 -4 -17 -19 -27 -31 -35 -38 0 
-5 -10 -13 -26 -35 -38 0 
-2 -3 -5 -22 -24 -34 -36 -37 -38 0 
-20 -23 -28 -35 0 
-2 -4 -11 -13 -17 0 
-5 -18 -20 -33 -34 -35 -40 0 
-7 -11 -17 -27 -32 -34 -35 -39 0 
-8 -11 -24 -28 0 
-18 -21 -25 -38 0 
-1 -3 -18 -19 -25 -28 -29 -34 0 
-8 -17 -30 -31 -38 0 
-1 -6 -12 -14 -15 -30 -32 0 
-10 -20 -22 -36 0 
-2 -3 -11 -14 -28 -33 -39 0 
-8 -19 -27 -28 -31 -37 0 
-13 -22 -24 -31 -35 -37 0 
-2 -8 -15 -25 -27 -31 -33 0 
-12 -13 -17 -26 -31 -32 0 
-6 -28 -35 -36 -37 0 
-18 -21 -40 0 
-3 -4 -20 -33 -39 0 
-3 -7 -19 -24 -25 -35 -37 -40 0 
-2 -9 -27 -29 -32 -37 0 
-4 -6 -9 -14 -16 -17 -18 -19 -21 -29 -30 -37 -39 0 
-1 -18 -24 -26 -36 -39 0 
-5 -18 -22 -24 0 
-7 -8 -9 -17 -27 -30 -35 -37 0 
-16 -21 -25 -35 0 
-25 -26 -32 -34 -37 -39 0 
-12 -19 -24 -31 -35 -40 0 
-4 -10 -13 -18 -21 -24 -28 -32 -35 -40 0 
-4 -7 -10 -19 -25 -27 -30 -34 -40 0 
-7 -10 -11 -14 -23 -33 -37 0 
-1 -16 -17 -27 -32 -40 0 
-7 -31 -35 -37 -38 0 
-1 -3 -5 -11 -18 -21 -25 -36 -37 0 
-12 -14 -15 -22 -29 -32 -33 0 
-3 -5 -15 -30 -34 -37 -39 0 
-3 -11 -18 -22 -27 -28 -29 -30 0 
-1 -7 -19 -20 -22 -27 -32 -33 -37 -38 -40 0 
-2 -5 -15 -16 -22 -24 -25 -28 0 
-3 -15 -19 -20 -25 -40 0 
-1 -7 -21 -28 -31 -34 0 
-1 -5 -6 -10 -11 -15 -19 -22 -29 -40 0 
-8 -11 -12 -13 -32 0 
-14 -23 -27 -36 0 
-7 -11 -12 -14 -34 -37 -39 0 
-12 -17 -24 -31 -35 -36 0 
-4 -14 -27 -28 -30 0 
-1 -6 -11 -13 -14 -16 -25 0 
-2 -5 -10 -13 -23 -39 0 
-3 -4 -23 -34 -37 0 
-13 -18 -23 -32 -33 -34 -37 0 
-14 -24 -28 0 
-1 -6 -10 -15 -20 -21 -25 -27 0 
-3 -24 -26 -31 -32 -38 0 
-1 -2 -8 -28 -31 -40 0 
-1 -13 -17 -18 -29 -30 -33 0 
-3 -9 -20 -22 -36 -40 0 
-1 -10 -19 -24 -34 -39 0 
-15 -22 -26 -36 -39 0 
-3 -16 -21 -25 -34 0 
-2 -8 -11 -15 -25 -30 -31 -36 -37 -40 0 
-12 -23 -25 -29 -33 -39 0 
-13 -15 -16 -22 -27 -33 -35 -36 0 
-1 -4 -8 -16 -20 -29 -35 -36 0 
-10 -14 -23 -26 -28 -31 0 
-9 -13 -17 -22 -27 -33 0 
-5 -11 -15 -27 -35 -37 -38 0 
-23 -24 -26 0 
-1 -2 -4 -15 -26 -28 -38 0 
-4 -7 -37 -40 0 
-4 -7 -8 -10 -24 -37 -39 0 
-17 -28 -31 -35 -40 0 
-1 -5 -14 -15 -26 0 
-1 -3 -16 -22 -25 -29 0 
-3 -12 -24 -25 0 
-11 -18 -21 -25 -26 -28 -32 -34 0 
-5 -9 -12 -19 -36 0 
-17 -18 -25 -26 -37 -39 0 
-9 -16 -17 -19 -35 -36 -38 0 
-13 -19 -20 -22 -24 -34 0 
-10 -16 -18 -23 -30 -34 -38 0 
-5 -11 -13 -18 -28 -30 -31 -33 -34 -37 0 
-5 -10 -11 -12 -15 -29 -30 -31 0 
-3 -6 -16 -20 -32 0 
-3 -5 -6 -11 -18 -20 -35 0 
-3 -5 -9 -10 -13 -16 -27 0 
-5 -10 -14 -17 -22 0 
-1 -7 -16 -17 -18 -22 -29 -35 0 
-2 -5 -12 -17 -21 -32 -35 0 
-16 -30 -32 -34 -39 0 
-18 -33 -36 -40 0 
-10 -12 -19 -21 -24 -34 0 
-4 -13 -14 -15 -19 -20 -21 -22 -24 -25 -27 -38 0 
-6 -7 -9 -14 -34 0 
-14 -18 -19 -25 -34 -37 -39 0 
-3 -15 -17 -18 -27 -37 0 
-2 -5 -20 -29 -31 -32 -35 0 
-23 -24 -26 -35 -39 0 
-2 -4 -11 -17 -20 -22 -30 -32 0 
-5 -14 -16 -18 -24 -25 -30 -33 0 
-2 -5 -8 -13 -21 -24 -25 -28 -35 0 
-1 -4 -5 -7 -13 -18 -25 -26 -37 -39 0 
-8 -10 -24 -26 -29 -31 -33 0 
-1 -3 -8 -13 -14 -20 -26 -34 0 
-15 -19 -25 -27 -30 -36 0 
-11 -27 -28 0 
-7 -14 -17 -20 -24 -37 -38 0 
-9 -12 -14 -16 -19 -22 -24 -26 -32 0 
-7 -12 -25 -30 -32 -35 0 
-1 -2 -8 -11 -19 -26 -28 -31 0 
-4 -5 -8 -17 -26 -32 -38 0 
-10 -21 -24 -29 -30 -34 0 
-9 -22 -28 -33 -40 0 
-4 -9 -12 -15 -16 -18 -27 -28 -39 0 
-2 -6 -10 -15 -17 -19 -25 -27 -28 -31 0 
-5 -11 -14 -24 -26 -33 -38 0 
-3 -9 -10 -12 -13 -17 -24 -29 -31 -39 0 
-9 -19 -29 -31 -34 -37 0 
-6 -12 -21 -24 -26 0 
-4 -9 -22 -24 -28 -30 -31 0 
-1 -7 -9 -13 -15 -34 0 
-8 -11 -12 -15 -19 -23 -32 -40 0 
-5 -6 -16 -19 -23 -27 -31 -32 -38 0 
-5 -7 -11 -17 -19 -25 -26 -27 -28 -39 0 
-1 -6 -16 -20 -27 -30 0 
-6 -7 -10 -13 -15 -24 -38 0 
-1 -8 -10 -24 -40 0 
-5 -8 -10 -12 -17 -36 0 
-1 -3 -5 -8 -21 -28 -40 0 
-2 -4 -12 -18 -24 -25 -30 -31 0 
-14 -20 -28 -36 0 
-8 -9 -10 -15 -20 -23 -28 -39 0 
-4 -6 -7 -8 -18 -37 0 
-4 -14 -16 -29 -30 -31 -33 -38 0 
-13 -29 0 
-6 -13 -14 -15 -24 -36 0 
-4 -6 -13 -14 -19 -33 -36 -37 0 
-2 -5 -8 -13 -26 -31 -34 0 
-11 -29 -30 -37 0 
-9 -11 -19 -24 -32 0 
-6 -12 -16 -17 -20 -21 -22 -29 -30 -38 0 
-5 -7 -25 -36 0 
-2 -12 -13 -15 -21 -27 0 
-2 -11 -14 -28 -39 0 
-10 -15 -16 -17 -24 -30 0 
-2 -5 -22 -26 -32 -33 -37 0 
-2 -19 -37 0 
-4 -10 -19 -22 -26 -33 -40 0 
-7 -19 -27 -36 0 
-4 -18 -20 -31 -34 0 
-4 -7 -14 -21 -22 -25 -27 -34 -35 -40 0 
-3 -4 -7 -16 -36 0 
-8 -12 -14 -27 -33 0 
-1 -3 -5 -9 -12 -21 -25 0 
-5 -11 -12 -14 -24 0 
-2 -7 -8 -9 -22 -24 -31 0 
-2 -4 -5 -12 -16 -20 -24 -29 -34 -37 0 
-1 -2 -17 -19 -23 -24 -27 -31 -35 0 
-18 -21 -28 -33 -35 0 
-12 -15 -22 -26 -28 -34 -35 -36 -37 0 
-2 -3 -10 -15 -16 -17 -18 -21 -28 -34 -40 0 
-6 -18 -31 -36 -37 0 
-2 -6 -11 -29 -34 -37 0 
-13 -17 -23 -27 -29 0 
-2 -3 -10 -16 -17 -25 -35 0 
-8 -14 -19 -35 -40 0 
-6 -7 -8 -18 -19 -23 -25 -29 0 
-4 -9 -11 -21 -29 -35 -40 0 
-2 -14 -21 0 
-18 -23 -33 0 
-24 -31 -35 -36 -37 0 
-26 -28 -33 -40 0 
-10 -20 -35 -39 0 
-1 -18 -28 -32 -39 0 
-3 -8 -9 -10 -13 -23 -25 -33 -34 -37 0 
-6 -7 -11 -14 -23 -26 -28 -39 0 
-8 -9 -21 -25 -28 -37 -38 0 
-21 -29 -38 0 
-2 -11 -12 -22 -26 -31 -32 -34 -35 -39 0 
-10 -11 -13 -18 -25 -26 -27 -28 -30 0 
-13 -37 -39 0 
-3 -5 -16 -17 -19 -26 -33 0 
-3 -6 -10 -18 -23 0 
-1 -13 -16 -20 -22 -30 -33 -40 0 
-3 -5 -9 -26 -27 -32 -36 -37 0 
-13 -26 -33 0 
-3 -5 -12 -20 -21 -25 -36 0 
-5 -10 -11 -21 -28 -29 -32 0 
-2 -11 -22 -38 0 
-1 -2 -10 -14 -23 -26 -27 -31 -32 -34 -40 0 
-1 -9 -10 -12 -15 -17 -28 -30 -33 -34 -36 0 
-21 -24 -40 0 
-13 -18 -19 -22 -28 -38 0 
-11 -21 -22 -33 -36 -37 -39 0 
-3 -4 -5 -8 -12 -23 -28 -30 -35 0 
-7 -9 -15 -21 -26 -27 0 
-4 -18 -24 -26 -32 -35 -40 0 
-1 -3 -13 -17 -18 -19 -21 -22 -33 -34 0 
-5 -7 -17 -18 -23 -26 -37 0 
-2 -3 -5 -8 -12 -20 0 
-3 -7 -12 0 
-5 -26 -39 0 
-9 -11 -12 -16 -17 -18 -21 -24 -26 -28 -30 -35 0 
-6 -13 -15 -22 -25 -26 -32 -34 -37 0 
-4 -8 -9 -10 -13 -27 -33 0 
-7 -8 -9 -20 -31 0 
-11 -18 -27 -28 -31 0 
-3 -27 -31 0 
-8 -13 -15 -17 -37 -40 0 
-1 -6 -13 -24 -30 0 
-7 -21 -23 -29 -31 -32 -35 -40 0 
-12 -14 -16 -20 -23 -33 -35 -40 0 
-3 -11 -26 -32 0 
-4 -8 -11 -17 -22 -40 0 
-11 -12 -19 -20 -21 -26 -38 0 
-5 -22 -25 -28 -30 -33 0 
-8 -17 -27 -32 0 
-9 -12 -16 -29 -40 0 
-6 -10 -13 -18 -20 -25 -27 -34 -40 0 
-5 -8 -10 -16 -17 -29 -32 -35 -38 0 
-7 -11 -13 -19 -35 -39 0 
-8 -20 -21 -23 -38 0 
-4 -8 -17 -31 -38 0 
-2 -5 -6 -12 -15 -17 0 
-2 -3 -12 -17 -18 -22 -27 -33 -40 0 
-9 -19 -20 -25 -27 -32 -35 0 
-2 -10 -18 -32 0 
-11 -12 -21 -25 -28 -31 -34 -35 0 
-37 -39 0 
-4 -19 -37 0 
-1 -5 -7 -16 -24 -25 -31 0 
-2 -3 -5 -14 -21 -22 -27 -28 -29 -35 -36 0 
-2 -4 -9 -14 -20 -25 -27 -28 0 
-1 -16 -21 -26 -34 -35 0 
-14 -18 -22 -24 -25 -31 -38 0 
-23 -25 -27 -28 -31 -34 0 
-14 -22 -27 -30 -32 -34 -37 0 
-6 -22 -27 -30 0 
-2 -19 -23 -24 0 
-2 -4 -8 -10 -14 -16 -20 -31 -37 0 
-3 -6 -9 -15 -17 -24 -36 0 
-4 -22 -26 -27 -29 -40 0 
-12 -18 -20 -28 -34 -36 -38 0 
-2 -6 -8 -12 -16 -19 -27 -39 0 
-2 -8 -9 -16 -22 -34 -40 0 
-1 -3 -4 -6 -7 -20 -24 -26 -34 0 
-2 -15 -20 -30 -40 0 
-2 -11 -18 -25 -26 -35 -40 0 
