p cnf 40 800
8 19 23 30 31 33 0 
3 10 30 32 34 35 0 
3 16 18 23 32 35 39 0 
3 8 22 33 38 0 
3 7 11 12 15 17 31 35 0 
5 6 7 11 15 29 39 40 0 
7 10 12 24 34 35 38 0 
8 12 14 17 24 35 0 
2 5 7 10 15 25 28 29 38 0 
5 6 13 15 33 34 40 0 
4 6 10 13 14 15 22 33 0 
1 2 4 12 18 21 35 0 
2 33 34 39 0 
3 7 30 31 0 
3 10 18 40 0 
17 20 31 32 35 39 40 0 
10 24 34 35 0 
21 25 27 30 33 36 0 
6 10 12 19 28 32 39 0 
3 4 16 31 34 37 38 0 
14 21 23 24 27 30 0 
6 13 18 28 36 39 40 0 
6 7 14 15 19 20 28 30 39 0 
1 12 20 23 34 0 
7 9 14 18 24 30 32 0 
7 8 13 16 20 24 29 38 40 0 
1 8 21 22 30 35 39 40 0 
1 5 8 10 13 16 25 29 33 36 38 0 
5 9 13 14 16 25 27 29 31 34 0 
1 7 10 28 31 0 
14 23 30 39 0 
9 12 31 40 0 
1 28 33 35 36 38 0 
7 21 22 24 32 0 
5 8 10 13 14 16 19 21 23 24 36 0 
1 9 10 11 20 33 37 38 0 
5 9 19 26 27 0 
5 10 12 14 28 33 35 0 
6 16 26 29 34 37 40 0 
3 4 7 16 20 37 38 40 0 
7 9 16 17 24 37 0 
1 10 19 23 31 0 
8 18 28 31 36 38 40 0 
5 9 11 22 26 27 28 39 0 
9 10 17 22 25 28 0 
5 8 10 24 26 30 35 0 
1 2 24 38 0 
5 8 13 16 19 22 26 29 36 0 
4 8 26 31 38 39 0 
3 6 23 26 29 33 34 35 0 
6 10 15 19 22 26 39 0 
3 7 10 13 20 35 37 0 
1 5 7 14 15 16 19 30 32 37 0 
7 14 16 18 20 21 23 29 0 
4 8 18 19 23 24 35 0 
12 16 20 22 24 25 30 32 0 
9 10 13 18 19 21 27 0 
14 15 20 21 28 0 
2 15 23 32 35 0 
1 3 13 19 28 0 
3 17 18 20 21 22 24 29 30 32 39 0 
2 7 9 10 26 34 35 36 37 0 
7 12 33 34 39 0 
3 11 23 26 29 31 0 
5 8 17 23 24 39 0 
1 5 7 13 32 0 
1 2 8 15 27 30 31 34 0 
14 19 24 27 29 0 
1 13 15 18 29 37 38 0 
9 13 24 28 33 37 0 
10 13 21 23 27 31 37 0 
16 25 26 28 34 35 0 
3 15 17 19 30 32 0 
6 16 18 22 0 
4 20 0 
3 6 28 29 40 0 
2 3 5 8 14 0 
3 10 11 13 16 19 22 29 32 33 35 0 
13 16 23 29 31 37 0 
1 9 11 17 21 23 26 31 0 
25 32 0 
3 6 7 16 18 22 25 36 0 
4 8 13 19 20 31 32 0 
4 9 16 25 36 38 40 0 
2 13 16 23 27 28 29 31 33 0 
1 4 8 9 10 16 20 24 27 32 37 0 
27 28 33 37 39 0 
13 15 20 33 0 
4 8 16 18 26 28 29 34 35 0 
2 11 12 18 22 27 33 35 0 
2 7 11 14 20 23 29 0 
6 9 14 16 17 18 20 21 26 0 
1 2 5 6 11 26 33 38 0 
15 21 23 25 35 37 0 
5 8 21 23 30 0 
18 28 31 37 40 0 
13 17 20 22 40 0 
2 6 14 16 25 27 28 29 0 
7 8 22 23 27 0 
3 5 9 16 19 20 25 26 34 0 
7 14 28 31 35 0 
18 27 28 29 36 37 38 0 
13 16 21 0 
11 16 18 22 28 31 32 0 
3 5 22 24 38 0 
6 9 20 28 31 34 0 
2 6 7 8 16 18 20 21 31 39 0 
4 11 19 20 22 34 36 0 
7 11 13 14 28 31 38 39 0 
3 5 9 12 31 37 39 0 
13 19 26 33 35 37 0 
15 16 19 21 23 37 0 
4 8 10 12 14 25 28 29 33 0 
12 22 26 29 34 36 38 39 0 
3 11 29 33 35 0 
25 31 33 34 40 0 
7 24 27 28 30 38 0 
1 4 6 10 13 15 19 31 0 
5 6 12 26 35 36 38 0 
6 30 40 0 
3 9 18 20 24 30 34 0 
6 8 21 31 35 0 
6 9 10 13 16 21 24 25 29 0 
13 17 32 38 0 
4 9 19 34 0 
5 22 25 28 34 37 0 
3 11 27 0 
20 25 27 28 33 35 39 0 
1 7 10 23 24 30 31 0 
12 16 19 25 26 0 
5 6 10 17 18 22 36 37 0 
5 6 7 17 32 33 0 
14 17 20 28 29 40 0 
1 5 8 16 17 30 37 40 0 
2 5 12 13 27 34 37 39 0 
3 9 21 28 0 
9 15 16 31 35 36 0 
17 24 26 37 40 0 
5 7 25 26 34 0 
1 8 9 17 40 0 
10 16 20 21 22 26 39 0 
2 4 15 21 30 33 40 0 
12 16 28 32 0 
6 9 19 23 37 0 
15 25 38 0 
4 6 7 8 13 16 17 28 40 0 
2 3 17 20 32 37 40 0 
6 12 14 32 33 0 
3 14 21 24 27 39 40 0 
7 9 15 21 28 29 36 40 0 
11 16 21 23 37 38 0 
15 18 30 38 0 
2 9 11 13 18 27 36 38 0 
1 6 10 23 24 0 
2 6 9 20 26 0 
1 3 4 7 9 12 15 17 18 23 31 0 
23 27 30 33 0 
2 13 19 24 26 37 38 0 
5 13 14 18 21 25 39 0 
5 7 11 23 37 38 0 
1 2 5 21 22 38 0 
2 9 33 34 38 39 0 
1 7 15 18 19 20 23 35 38 0 
20 21 23 31 32 38 0 
11 14 23 34 37 39 40 0 
3 7 9 15 21 34 0 
4 6 17 19 20 21 36 38 0 
3 6 11 12 29 32 0 
4 8 11 24 28 40 0 
4 10 22 23 25 31 36 40 0 
2 13 16 18 22 26 0 
1 2 4 6 11 21 26 39 0 
3 9 15 16 21 27 29 30 31 40 0 
2 14 25 30 0 
1 2 16 22 25 30 35 37 0 
7 13 15 16 29 31 38 0 
1 3 8 21 24 25 36 40 0 
9 24 25 29 36 0 
1 3 15 16 18 25 27 31 32 0 
17 18 20 34 0 
6 9 22 30 40 0 
2 7 9 20 30 36 0 
2 3 12 16 19 37 0 
5 19 24 25 30 0 
3 5 8 12 13 17 25 0 
9 14 16 31 36 38 0 
17 25 26 27 31 35 0 
1 3 6 10 20 24 28 33 0 
16 17 18 26 31 32 0 
2 15 18 19 26 27 30 37 0 
9 20 21 23 29 38 40 0 
7 10 14 16 26 37 39 0 
2 10 18 20 26 31 38 39 40 0 
13 14 18 19 21 25 26 0 
5 8 19 22 27 30 37 38 39 0 
6 11 24 27 30 32 0 
10 12 20 23 25 28 34 35 39 0 
2 8 9 13 25 27 28 36 0 
9 14 20 21 23 25 28 29 0 
10 15 17 23 36 0 
5 10 18 37 0 
3 4 17 21 23 25 36 0 
26 28 31 40 0 
4 5 14 15 25 30 35 0 
12 17 20 35 38 40 0 
4 6 17 30 32 33 40 0 
3 15 17 37 0 
1 11 18 27 33 34 0 
8 9 12 13 20 22 23 26 0 
6 12 13 25 34 0 
2 5 10 16 18 27 30 33 37 38 0 
7 8 9 13 21 24 25 26 28 30 36 37 38 0 
1 7 12 16 22 25 29 30 34 36 38 0 
17 19 27 30 34 40 0 
3 32 36 37 38 39 0 
8 9 10 24 34 35 36 40 0 
3 7 14 17 20 21 31 0 
2 3 13 31 36 39 0 
1 2 5 9 21 28 0 
5 8 14 15 17 18 33 0 
2 12 21 25 26 37 0 
3 8 18 21 28 33 0 
1 8 9 11 23 24 37 39 0 
14 16 17 18 24 29 0 
3 4 10 14 17 31 0 
5 9 14 26 33 39 0 
13 14 16 24 26 0 
17 27 36 39 0 
2 10 15 21 34 35 0 
2 6 20 28 40 0 
2 4 6 8 11 22 0 
1 16 40 0 
13 23 25 27 32 33 0 
8 14 18 20 31 35 0 
3 12 15 18 19 21 27 39 0 
5 7 9 10 13 30 39 0 
7 18 19 20 31 32 36 0 
1 9 10 27 39 0 
8 16 17 27 30 33 38 39 0 
2 14 38 0 
3 7 13 15 21 32 40 0 
1 32 35 38 39 0 
4 12 14 15 16 29 35 37 0 
1 8 9 12 15 16 19 30 32 34 0 
8 13 21 22 33 0 
11 19 27 34 36 0 
3 9 32 34 36 0 
1 10 35 0 
4 20 22 23 38 40 0 
10 11 30 36 0 
1 18 19 21 37 0 
21 22 26 27 37 39 0 
11 19 20 0 
17 31 34 0 
3 10 11 18 19 25 39 0 
5 18 30 31 34 0 
7 15 22 24 32 37 0 
7 18 21 22 29 0 
1 10 11 12 15 22 29 0 
3 4 10 12 30 0 
3 11 14 20 29 31 40 0 
7 8 16 18 20 21 23 37 0 
6 13 25 26 37 40 0 
1 6 9 10 25 33 39 0 
17 20 31 33 35 36 0 
11 15 20 26 31 37 0 
5 9 15 20 27 37 40 0 
1 4 6 10 16 34 36 0 
1 4 6 10 17 24 30 33 0 
17 20 26 30 39 0 
4 8 13 18 20 38 39 40 0 
2 19 24 25 26 0 
5 6 8 20 30 35 40 0 
2 6 20 22 29 36 0 
1 7 14 15 39 40 0 
15 26 29 35 0 
3 7 12 18 32 37 38 0 
6 8 9 24 31 39 0 
4 10 11 25 27 38 0 
3 18 29 31 38 40 0 
7 12 13 15 24 25 30 36 39 0 
6 10 18 21 27 29 33 34 37 0 
9 12 18 33 0 
4 5 7 11 19 25 37 0 
20 22 33 38 0 
11 13 17 22 23 28 32 0 
7 20 26 33 0 
6 10 13 21 25 0 
9 20 23 31 40 0 
13 22 25 37 0 
3 6 10 15 16 19 24 25 26 29 36 38 0 
6 12 15 24 25 28 33 0 
2 8 11 24 29 0 
13 16 19 20 24 25 26 32 34 0 
2 5 6 10 14 15 17 0 
10 13 16 19 24 25 33 38 0 
1 10 12 15 17 20 32 35 38 0 
3 5 29 0 
3 16 22 30 32 35 0 
21 24 25 29 33 0 
5 10 20 37 0 
8 10 23 25 26 28 30 31 32 35 0 
2 10 23 33 35 0 
1 37 39 0 
4 6 7 11 19 30 0 
4 8 16 18 20 21 35 0 
3 5 6 7 25 35 39 0 
1 3 11 16 26 31 36 0 
5 10 11 14 15 19 20 29 40 0 
2 4 5 6 12 19 21 34 40 0 
1 11 12 22 37 38 40 0 
2 13 19 20 22 28 35 0 
12 24 29 34 37 0 
2 6 30 34 38 39 0 
11 18 20 21 0 
7 15 23 30 0 
1 12 20 28 37 0 
1 3 4 6 11 17 21 25 0 
13 15 18 24 33 0 
1 2 4 7 10 22 28 0 
4 8 21 25 40 0 
6 8 22 35 36 39 40 0 
14 19 29 32 37 0 
11 14 16 27 32 33 0 
3 4 27 28 37 0 
4 5 8 10 11 13 15 24 31 35 36 39 0 
8 9 27 29 33 36 0 
16 25 28 29 39 0 
6 11 13 22 26 36 39 40 0 
1 3 4 21 35 0 
3 9 11 19 20 30 33 36 0 
5 8 11 14 31 32 39 40 0 
4 5 12 14 15 22 29 34 35 39 0 
2 8 11 23 38 0 
2 6 12 15 17 18 20 30 0 
2 6 12 13 19 24 31 36 0 
5 13 19 23 31 0 
1 14 16 21 23 32 0 
7 13 19 28 36 39 0 
7 9 15 19 23 24 28 34 0 
3 11 15 17 19 23 26 31 35 37 39 40 0 
1 2 11 15 21 24 30 34 35 0 
3 13 23 26 30 37 40 0 
18 19 25 28 33 40 0 
1 7 10 18 19 21 25 34 0 
11 16 20 21 26 27 31 34 38 0 
3 5 8 25 32 33 39 0 
6 7 9 11 18 23 24 31 32 35 38 0 
3 5 22 31 33 35 39 40 0 
10 13 22 28 32 0 
5 6 10 24 37 38 0 
6 10 12 29 35 0 
1 4 7 17 20 28 34 0 
5 13 16 31 35 0 
3 10 13 16 18 22 39 0 
1 2 5 11 14 15 21 23 25 27 29 32 34 36 38 0 
2 7 12 25 26 29 31 39 0 
1 7 8 11 14 16 24 29 0 
2 10 20 25 28 35 0 
6 10 13 23 26 39 0 
7 12 15 20 22 35 39 0 
7 15 18 25 34 35 0 
9 12 13 15 25 29 34 0 
5 6 17 26 31 34 35 0 
8 19 25 33 36 0 
2 23 24 30 35 0 
16 26 31 0 
1 2 3 10 18 21 31 0 
3 10 18 36 0 
3 4 5 22 23 28 30 31 37 39 0 
4 5 10 19 24 30 38 0 
11 19 21 23 25 39 0 
3 13 15 20 22 24 29 31 0 
9 10 22 23 26 35 37 0 
9 20 27 32 0 
1 9 12 24 26 30 39 0 
2 7 8 14 18 31 32 35 36 40 0 
17 19 28 31 38 40 0 
4 6 13 14 22 0 
1 5 8 26 28 31 0 
6 10 13 15 18 28 29 38 0 
8 11 13 0 
4 28 31 0 
8 10 16 18 40 0 
5 19 29 32 35 38 0 
1 3 11 19 21 27 29 36 0 
2 14 15 31 32 33 38 0 
2 6 9 21 34 35 40 0 
2 7 8 9 23 33 35 0 
2 9 10 11 15 0 
9 20 32 36 0 
1 5 13 22 26 34 0 
6 9 14 24 29 0 
2 5 10 31 32 34 0 
2 14 18 21 27 38 0 
5 24 33 35 39 0 
1 14 15 29 35 0 
2 5 20 23 24 25 26 32 40 0 
2 6 12 13 21 24 32 33 38 0 
13 14 17 19 26 39 0 
-8 -19 -23 -30 -31 -33 0 
-3 -10 -30 -32 -34 -35 0 
-3 -16 -18 -23 -32 -35 -39 0 
-3 -8 -22 -33 -38 0 
-3 -7 -11 -12 -15 -17 -31 -35 0 
-5 -6 -7 -11 -15 -29 -39 -40 0 
-7 -10 -12 -24 -34 -35 -38 0 
-8 -12 -14 -17 -24 -35 0 
-2 -5 -7 -10 -15 -25 -28 -29 -38 0 
-5 -6 -13 -15 -33 -34 -40 0 
-4 -6 -10 -13 -14 -15 -22 -33 0 
-1 -2 -4 -12 -18 -21 -35 0 
-2 -33 -34 -39 0 
-3 -7 -30 -31 0 
-3 -10 -18 -40 0 
-17 -20 -31 -32 -35 -39 -40 0 
-10 -24 -34 -35 0 
-21 -25 -27 -30 -33 -36 0 
-6 -10 -12 -19 -28 -32 -39 0 
-3 -4 -16 -31 -34 -37 -38 0 
-14 -21 -23 -24 -27 -30 0 
-6 -13 -18 -28 -36 -39 -40 0 
-6 -7 -14 -15 -19 -20 -28 -30 -39 0 
-1 -12 -20 -23 -34 0 
-7 -9 -14 -18 -24 -30 -32 0 
-7 -8 -13 -16 -20 -24 -29 -38 -40 0 
-1 -8 -21 -22 -30 -35 -39 -40 0 
-1 -5 -8 -10 -13 -16 -25 -29 -33 -36 -38 0 
-5 -9 -13 -14 -16 -25 -27 -29 -31 -34 0 
-1 -7 -10 -28 -31 0 
-14 -23 -30 -39 0 
-9 -12 -31 -40 0 
-1 -28 -33 -35 -36 -38 0 
-7 -21 -22 -24 -32 0 
-5 -8 -10 -13 -14 -16 -19 -21 -23 -24 -36 0 
-1 -9 -10 -11 -20 -33 -37 -38 0 
-5 -9 -19 -26 -27 0 
-5 -10 -12 -14 -28 -33 -35 0 
-6 -16 -26 -29 -34 -37 -40 0 
-3 -4 -7 -16 -20 -37 -38 -40 0 
-7 -9 -16 -17 -24 -37 0 
-1 -10 -19 -23 -31 0 
-8 -18 -28 -31 -36 -38 -40 0 
-5 -9 -11 -22 -26 -27 -28 -39 0 
-9 -10 -17 -22 -25 -28 0 
-5 -8 -10 -24 -26 -30 -35 0 
-1 -2 -24 -38 0 
-5 -8 -13 -16 -19 -22 -26 -29 -36 0 
-4 -8 -26 -31 -38 -39 0 
-3 -6 -23 -26 -29 -33 -34 -35 0 
-6 -10 -15 -19 -22 -26 -39 0 
-3 -7 -10 -13 -20 -35 -37 0 
-1 -5 -7 -14 -15 -16 -19 -30 -32 -37 0 
-7 -14 -16 -18 -20 -21 -23 -29 0 
-4 -8 -18 -19 -23 -24 -35 0 
-12 -16 -20 -22 -24 -25 -30 -32 0 
-9 -10 -13 -18 -19 -21 -27 0 
-14 -15 -20 -21 -28 0 
-2 -15 -23 -32 -35 0 
-1 -3 -13 -19 -28 0 
-3 -17 -18 -20 -21 -22 -24 -29 -30 -32 -39 0 
-2 -7 -9 -10 -26 -34 -35 -36 -37 0 
-7 -12 -33 -34 -39 0 
-3 -11 -23 -26 -29 -31 0 
-5 -8 -17 -23 -24 -39 0 
-1 -5 -7 -13 -32 0 
-1 -2 -8 -15 -27 -30 -31 -34 0 
-14 -19 -24 -27 -29 0 
-1 -13 -15 -18 -29 -37 -38 0 
-9 -13 -24 -28 -33 -37 0 
-10 -13 -21 -23 -27 -31 -37 0 
-16 -25 -26 -28 -34 -35 0 
-3 -15 -17 -19 -30 -32 0 
-6 -16 -18 -22 0 
-4 -20 0 
-3 -6 -28 -29 -40 0 
-2 -3 -5 -8 -14 0 
-3 -10 -11 -13 -16 -19 -22 -29 -32 -33 -35 0 
-13 -16 -23 -29 -31 -37 0 
-1 -9 -11 -17 -21 -23 -26 -31 0 
-25 -32 0 
-3 -6 -7 -16 -18 -22 -25 -36 0 
-4 -8 -13 -19 -20 -31 -32 0 
-4 -9 -16 -25 -36 -38 -40 0 
-2 -13 -16 -23 -27 -28 -29 -31 -33 0 
-1 -4 -8 -9 -10 -16 -20 -24 -27 -32 -37 0 
-27 -28 -33 -37 -39 0 
-13 -15 -20 -33 0 
-4 -8 -16 -18 -26 -28 -29 -34 -35 0 
-2 -11 -12 -18 -22 -27 -33 -35 0 
-2 -7 -11 -14 -20 -23 -29 0 
-6 -9 -14 -16 -17 -18 -20 -21 -26 0 
-1 -2 -5 -6 -11 -26 -33 -38 0 
-15 -21 -23 -25 -35 -37 0 
-5 -8 -21 -23 -30 0 
-18 -28 -31 -37 -40 0 
-13 -17 -20 -22 -40 0 
-2 -6 -14 -16 -25 -27 -28 -29 0 
-7 -8 -22 -23 -27 0 
-3 -5 -9 -16 -19 -20 -25 -26 -34 0 
-7 -14 -28 -31 -35 0 
-18 -27 -28 -29 -36 -37 -38 0 
-13 -16 -21 0 
-11 -16 -18 -22 -28 -31 -32 0 
-3 -5 -22 -24 -38 0 
-6 -9 -20 -28 -31 -34 0 
-2 -6 -7 -8 -16 -18 -20 -21 -31 -39 0 
-4 -11 -19 -20 -22 -34 -36 0 
-7 -11 -13 -14 -28 -31 -38 -39 0 
-3 -5 -9 -12 -31 -37 -39 0 
-13 -19 -26 -33 -35 -37 0 
-15 -16 -19 -21 -23 -37 0 
-4 -8 -10 -12 -14 -25 -28 -29 -33 0 
-12 -22 -26 -29 -34 -36 -38 -39 0 
-3 -11 -29 -33 -35 0 
-25 -31 -33 -34 -40 0 
-7 -24 -27 -28 -30 -38 0 
-1 -4 -6 -10 -13 -15 -19 -31 0 
-5 -6 -12 -26 -35 -36 -38 0 
-6 -30 -40 0 
-3 -9 -18 -20 -24 -30 -34 0 
-6 -8 -21 -31 -35 0 
-6 -9 -10 -13 -16 -21 -24 -25 -29 0 
-13 -17 -32 -38 0 
-4 -9 -19 -34 0 
-5 -22 -25 -28 -34 -37 0 
-3 -11 -27 0 
-20 -25 -27 -28 -33 -35 -39 0 
-1 -7 -10 -23 -24 -30 -31 0 
-12 -16 -19 -25 -26 0 
-5 -6 -10 -17 -18 -22 -36 -37 0 
-5 -6 -7 -17 -32 -33 0 
-14 -17 -20 -28 -29 -40 0 
-1 -5 -8 -16 -17 -30 -37 -40 0 
-2 -5 -12 -13 -27 -34 -37 -39 0 
-3 -9 -21 -28 0 
-9 -15 -16 -31 -35 -36 0 
-17 -24 -26 -37 -40 0 
-5 -7 -25 -26 -34 0 
-1 -8 -9 -17 -40 0 
-10 -16 -20 -21 -22 -26 -39 0 
-2 -4 -15 -21 -30 -33 -40 0 
-12 -16 -28 -32 0 
-6 -9 -19 -23 -37 0 
-15 -25 -38 0 
-4 -6 -7 -8 -13 -16 -17 -28 -40 0 
-2 -3 -17 -20 -32 -37 -40 0 
-6 -12 -14 -32 -33 0 
-3 -14 -21 -24 -27 -39 -40 0 
-7 -9 -15 -21 -28 -29 -36 -40 0 
-11 -16 -21 -23 -37 -38 0 
-15 -18 -30 -38 0 
-2 -9 -11 -13 -18 -27 -36 -38 0 
-1 -6 -10 -23 -24 0 
-2 -6 -9 -20 -26 0 
-1 -3 -4 -7 -9 -12 -15 -17 -18 -23 -31 0 
-23 -27 -30 -33 0 
-2 -13 -19 -24 -26 -37 -38 0 
-5 -13 -14 -18 -21 -25 -39 0 
-5 -7 -11 -23 -37 -38 0 
-1 -2 -5 -21 -22 -38 0 
-2 -9 -33 -34 -38 -39 0 
-1 -7 -15 -18 -19 -20 -23 -35 -38 0 
-20 -21 -23 -31 -32 -38 0 
-11 -14 -23 -34 -37 -39 -40 0 
-3 -7 -9 -15 -21 -34 0 
-4 -6 -17 -19 -20 -21 -36 -38 0 
-3 -6 -11 -12 -29 -32 0 
-4 -8 -11 -24 -28 -40 0 
-4 -10 -22 -23 -25 -31 -36 -40 0 
-2 -13 -16 -18 -22 -26 0 
-1 -2 -4 -6 -11 -21 -26 -39 0 
-3 -9 -15 -16 -21 -27 -29 -30 -31 -40 0 
-2 -14 -25 -30 0 
-1 -2 -16 -22 -25 -30 -35 -37 0 
-7 -13 -15 -16 -29 -31 -38 0 
-1 -3 -8 -21 -24 -25 -36 -40 0 
-9 -24 -25 -29 -36 0 
-1 -3 -15 -16 -18 -25 -27 -31 -32 0 
-17 -18 -20 -34 0 
-6 -9 -22 -30 -40 0 
-2 -7 -9 -20 -30 -36 0 
-2 -3 -12 -16 -19 -37 0 
-5 -19 -24 -25 -30 0 
-3 -5 -8 -12 -13 -17 -25 0 
-9 -14 -16 -31 -36 -38 0 
-17 -25 -26 -27 -31 -35 0 
-1 -3 -6 -10 -20 -24 -28 -33 0 
-16 -17 -18 -26 -31 -32 0 
-2 -15 -18 -19 -26 -27 -30 -37 0 
-9 -20 -21 -23 -29 -38 -40 0 
-7 -10 -14 -16 -26 -37 -39 0 
-2 -10 -18 -20 -26 -31 -38 -39 -40 0 
-13 -14 -18 -19 -21 -25 -26 0 
-5 -8 -19 -22 -27 -30 -37 -38 -39 0 
-6 -11 -24 -27 -30 -32 0 
-10 -12 -20 -23 -25 -28 -34 -35 -39 0 
-2 -8 -9 -13 -25 -27 -28 -36 0 
-9 -14 -20 -21 -23 -25 -28 -29 0 
-10 -15 -17 -23 -36 0 
-5 -10 -18 -37 0 
-3 -4 -17 -21 -23 -25 -36 0 
-26 -28 -31 -40 0 
-4 -5 -14 -15 -25 -30 -35 0 
-12 -17 -20 -35 -38 -40 0 
-4 -6 -17 -30 -32 -33 -40 0 
-3 -15 -17 -37 0 
-1 -11 -18 -27 -33 -34 0 
-8 -9 -12 -13 -20 -22 -23 -26 0 
-6 -12 -13 -25 -34 0 
-2 -5 -10 -16 -18 -27 -30 -33 -37 -38 0 
-7 -8 -9 -13 -21 -24 -25 -26 -28 -30 -36 -37 -38 0 
-1 -7 -12 -16 -22 -25 -29 -30 -34 -36 -38 0 
-17 -19 -27 -30 -34 -40 0 
-3 -32 -36 -37 -38 -39 0 
-8 -9 -10 -24 -34 -35 -36 -40 0 
-3 -7 -14 -17 -20 -21 -31 0 
-2 -3 -13 -31 -36 -39 0 
-1 -2 -5 -9 -21 -28 0 
-5 -8 -14 -15 -17 -18 -33 0 
-2 -12 -21 -25 -26 -37 0 
-3 -8 -18 -21 -28 -33 0 
-1 -8 -9 -11 -23 -24 -37 -39 0 
-14 -16 -17 -18 -24 -29 0 
-3 -4 -10 -14 -17 -31 0 
-5 -9 -14 -26 -33 -39 0 
-13 -14 -16 -24 -26 0 
-17 -27 -36 -39 0 
-2 -10 -15 -21 -34 -35 0 
-2 -6 -20 -28 -40 0 
-2 -4 -6 -8 -11 -22 0 
-1 -16 -40 0 
-13 -23 -25 -27 -32 -33 0 
-8 -14 -18 -20 -31 -35 0 
-3 -12 -15 -18 -19 -21 -27 -39 0 
-5 -7 -9 -10 -13 -30 -39 0 
-7 -18 -19 -20 -31 -32 -36 0 
-1 -9 -10 -27 -39 0 
-8 -16 -17 -27 -30 -33 -38 -39 0 
-2 -14 -38 0 
-3 -7 -13 -15 -21 -32 -40 0 
-1 -32 -35 -38 -39 0 
-4 -12 -14 -15 -16 -29 -35 -37 0 
-1 -8 -9 -12 -15 -16 -19 -30 -32 -34 0 
-8 -13 -21 -22 -33 0 
-11 -19 -27 -34 -36 0 
-3 -9 -32 -34 -36 0 
-1 -10 -35 0 
-4 -20 -22 -23 -38 -40 0 
-10 -11 -30 -36 0 
-1 -18 -19 -21 -37 0 
-21 -22 -26 -27 -37 -39 0 
-11 -19 -20 0 
-17 -31 -34 0 
-3 -10 -11 -18 -19 -25 -39 0 
-5 -18 -30 -31 -34 0 
-7 -15 -22 -24 -32 -37 0 
-7 -18 -21 -22 -29 0 
-1 -10 -11 -12 -15 -22 -29 0 
-3 -4 -10 -12 -30 0 
-3 -11 -14 -20 -29 -31 -40 0 
-7 -8 -16 -18 -20 -21 -23 -37 0 
-6 -13 -25 -26 -37 -40 0 
-1 -6 -9 -10 -25 -33 -39 0 
-17 -20 -31 -33 -35 -36 0 
-11 -15 -20 -26 -31 -37 0 
-5 -9 -15 -20 -27 -37 -40 0 
-1 -4 -6 -10 -16 -34 -36 0 
-1 -4 -6 -10 -17 -24 -30 -33 0 
-17 -20 -26 -30 -39 0 
-4 -8 -13 -18 -20 -38 -39 -40 0 
-2 -19 -24 -25 -26 0 
-5 -6 -8 -20 -30 -35 -40 0 
-2 -6 -20 -22 -29 -36 0 
-1 -7 -14 -15 -39 -40 0 
-15 -26 -29 -35 0 
-3 -7 -12 -18 -32 -37 -38 0 
-6 -8 -9 -24 -31 -39 0 
-4 -10 -11 -25 -27 -38 0 
-3 -18 -29 -31 -38 -40 0 
-7 -12 -13 -15 -24 -25 -30 -36 -39 0 
-6 -10 -18 -21 -27 -29 -33 -34 -37 0 
-9 -12 -18 -33 0 
-4 -5 -7 -11 -19 -25 -37 0 
-20 -22 -33 -38 0 
-11 -13 -17 -22 -23 -28 -32 0 
-7 -20 -26 -33 0 
-6 -10 -13 -21 -25 0 
-9 -20 -23 -31 -40 0 
-13 -22 -25 -37 0 
-3 -6 -10 -15 -16 -19 -24 -25 -26 -29 -36 -38 0 
-6 -12 -15 -24 -25 -28 -33 0 
-2 -8 -11 -24 -29 0 
-13 -16 -19 -20 -24 -25 -26 -32 -34 0 
-2 -5 -6 -10 -14 -15 -17 0 
-10 -13 -16 -19 -24 -25 -33 -38 0 
-1 -10 -12 -15 -17 -20 -32 -35 -38 0 
-3 -5 -29 0 
-3 -16 -22 -30 -32 -35 0 
-21 -24 -25 -29 -33 0 
-5 -10 -20 -37 0 
-8 -10 -23 -25 -26 -28 -30 -31 -32 -35 0 
-2 -10 -23 -33 -35 0 
-1 -37 -39 0 
-4 -6 -7 -11 -19 -30 0 
-4 -8 -16 -18 -20 -21 -35 0 
-3 -5 -6 -7 -25 -35 -39 0 
-1 -3 -11 -16 -26 -31 -36 0 
-5 -10 -11 -14 -15 -19 -20 -29 -40 0 
-2 -4 -5 -6 -12 -19 -21 -34 -40 0 
-1 -11 -12 -22 -37 -38 -40 0 
-2 -13 -19 -20 -22 -28 -35 0 
-12 -24 -29 -34 -37 0 
-2 -6 -30 -34 -38 -39 0 
-11 -18 -20 -21 0 
-7 -15 -23 -30 0 
-1 -12 -20 -28 -37 0 
-1 -3 -4 -6 -11 -17 -21 -25 0 
-13 -15 -18 -24 -33 0 
-1 -2 -4 -7 -10 -22 -28 0 
-4 -8 -21 -25 -40 0 
-6 -8 -22 -35 -36 -39 -40 0 
-14 -19 -29 -32 -37 0 
-11 -14 -16 -27 -32 -33 0 
-3 -4 -27 -28 -37 0 
-4 -5 -8 -10 -11 -13 -15 -24 -31 -35 -36 -39 0 
-8 -9 -27 -29 -33 -36 0 
-16 -25 -28 -29 -39 0 
-6 -11 -13 -22 -26 -36 -39 -40 0 
-1 -3 -4 -21 -35 0 
-3 -9 -11 -19 -20 -30 -33 -36 0 
-5 -8 -11 -14 -31 -32 -39 -40 0 
-4 -5 -12 -14 -15 -22 -29 -34 -35 -39 0 
-2 -8 -11 -23 -38 0 
-2 -6 -12 -15 -17 -18 -20 -30 0 
-2 -6 -12 -13 -19 -24 -31 -36 0 
-5 -13 -19 -23 -31 0 
-1 -14 -16 -21 -23 -32 0 
-7 -13 -19 -28 -36 -39 0 
-7 -9 -15 -19 -23 -24 -28 -34 0 
-3 -11 -15 -17 -19 -23 -26 -31 -35 -37 -39 -40 0 
-1 -2 -11 -15 -21 -24 -30 -34 -35 0 
-3 -13 -23 -26 -30 -37 -40 0 
-18 -19 -25 -28 -33 -40 0 
-1 -7 -10 -18 -19 -21 -25 -34 0 
-11 -16 -20 -21 -26 -27 -31 -34 -38 0 
-3 -5 -8 -25 -32 -33 -39 0 
-6 -7 -9 -11 -18 -23 -24 -31 -32 -35 -38 0 
-3 -5 -22 -31 -33 -35 -39 -40 0 
-10 -13 -22 -28 -32 0 
-5 -6 -10 -24 -37 -38 0 
-6 -10 -12 -29 -35 0 
-1 -4 -7 -17 -20 -28 -34 0 
-5 -13 -16 -31 -35 0 
-3 -10 -13 -16 -18 -22 -39 0 
-1 -2 -5 -11 -14 -15 -21 -23 -25 -27 -29 -32 -34 -36 -38 0 
-2 -7 -12 -25 -26 -29 -31 -39 0 
-1 -7 -8 -11 -14 -16 -24 -29 0 
-2 -10 -20 -25 -28 -35 0 
-6 -10 -13 -23 -26 -39 0 
-7 -12 -15 -20 -22 -35 -39 0 
-7 -15 -18 -25 -34 -35 0 
-9 -12 -13 -15 -25 -29 -34 0 
-5 -6 -17 -26 -31 -34 -35 0 
-8 -19 -25 -33 -36 0 
-2 -23 -24 -30 -35 0 
-16 -26 -31 0 
-1 -2 -3 -10 -18 -21 -31 0 
-3 -10 -18 -36 0 
-3 -4 -5 -22 -23 -28 -30 -31 -37 -39 0 
-4 -5 -10 -19 -24 -30 -38 0 
-11 -19 -21 -23 -25 -39 0 
-3 -13 -15 -20 -22 -24 -29 -31 0 
-9 -10 -22 -23 -26 -35 -37 0 
-9 -20 -27 -32 0 
-1 -9 -12 -24 -26 -30 -39 0 
-2 -7 -8 -14 -18 -31 -32 -35 -36 -40 0 
-17 -19 -28 -31 -38 -40 0 
-4 -6 -13 -14 -22 0 
-1 -5 -8 -26 -28 -31 0 
-6 -10 -13 -15 -18 -28 -29 -38 0 
-8 -11 -13 0 
-4 -28 -31 0 
-8 -10 -16 -18 -40 0 
-5 -19 -29 -32 -35 -38 0 
-1 -3 -11 -19 -21 -27 -29 -36 0 
-2 -14 -15 -31 -32 -33 -38 0 
-2 -6 -9 -21 -34 -35 -40 0 
-2 -7 -8 -9 -23 -33 -35 0 
-2 -9 -10 -11 -15 0 
-9 -20 -32 -36 0 
-1 -5 -13 -22 -26 -34 0 
-6 -9 -14 -24 -29 0 
-2 -5 -10 -31 -32 -34 0 
-2 -14 -18 -21 -27 -38 0 
-5 -24 -33 -35 -39 0 
-1 -14 -15 -29 -35 0 
-2 -5 -20 -23 -24 -25 -26 -32 -40 0 
-2 -6 -12 -13 -21 -24 -32 -33 -38 0 
-13 -14 -17 -19 -26 -39 0 
