p cnf 40 800
9 16 31 32 39 0 
6 9 13 16 21 25 39 0 
10 18 19 30 35 0 
16 22 23 24 38 39 0 
5 14 22 25 29 0 
1 8 9 18 0 
11 12 14 19 25 35 36 40 0 
1 10 12 14 39 0 
3 9 10 14 15 20 22 24 38 39 0 
10 15 18 23 25 26 0 
10 16 19 29 34 35 37 0 
16 25 29 36 0 
13 14 15 19 0 
2 18 19 20 21 22 24 27 32 37 38 0 
5 18 20 29 0 
2 17 34 37 0 
13 16 18 28 32 36 40 0 
11 14 15 26 33 35 0 
1 3 6 10 16 23 27 0 
1 3 19 21 24 26 27 38 0 
1 9 15 25 28 33 38 40 0 
2 16 18 20 32 33 34 37 0 
8 12 13 21 22 24 31 0 
29 31 33 34 39 0 
8 9 10 13 15 21 0 
3 16 22 24 36 37 0 
7 13 14 18 24 25 36 0 
2 6 19 23 29 31 34 0 
6 19 21 25 28 32 40 0 
9 12 13 26 29 0 
3 7 17 37 39 0 
5 8 13 14 15 16 17 19 30 33 0 
16 20 25 37 0 
12 13 18 19 38 0 
2 5 6 14 24 32 37 0 
1 11 12 17 32 0 
1 17 26 32 36 0 
1 2 12 14 21 23 24 28 0 
10 11 19 24 26 40 0 
2 8 12 22 27 28 29 0 
3 5 10 11 25 30 0 
1 3 5 18 33 0 
3 4 11 14 18 0 
4 7 9 16 19 21 24 31 32 36 37 0 
5 23 31 38 0 
1 3 9 16 36 38 40 0 
8 11 14 17 25 27 33 0 
4 12 29 35 36 0 
7 17 20 21 22 33 36 39 0 
15 16 17 29 33 39 0 
8 10 17 21 25 34 38 0 
2 6 8 13 15 32 33 36 0 
1 5 9 10 12 14 26 29 35 39 0 
4 14 21 28 0 
13 15 22 24 34 39 0 
2 6 17 20 21 25 0 
4 11 15 25 0 
1 6 14 18 20 22 24 26 0 
2 13 16 24 28 0 
7 10 12 15 20 21 24 29 31 35 0 
16 19 21 0 
11 29 30 38 0 
1 2 6 28 29 38 40 0 
12 13 15 20 26 32 0 
5 21 29 35 0 
2 4 13 18 20 22 34 38 39 0 
3 19 21 35 0 
5 23 30 31 32 0 
1 3 9 10 11 14 18 22 30 0 
5 9 19 21 22 27 31 0 
1 2 17 21 24 36 0 
5 13 32 33 34 0 
2 3 5 9 24 30 35 0 
4 6 7 9 19 28 30 0 
9 10 21 23 28 34 0 
5 6 21 28 29 36 39 0 
1 2 7 22 25 30 0 
11 20 21 35 38 0 
2 4 11 12 30 34 36 0 
6 8 12 23 24 30 32 35 0 
3 9 13 25 30 32 36 39 0 
3 11 12 31 33 36 38 0 
6 7 12 16 26 39 0 
3 4 8 11 16 21 26 34 37 0 
10 13 25 31 39 0 
2 6 8 22 26 31 34 38 0 
6 22 23 24 36 39 40 0 
1 11 12 14 33 0 
2 3 5 16 32 0 
7 12 13 18 25 26 32 0 
7 8 10 17 22 28 34 0 
15 21 28 39 0 
3 11 24 26 29 35 0 
12 23 26 27 29 36 0 
3 6 10 12 32 34 0 
1 7 8 20 26 0 
5 8 13 15 25 29 37 39 0 
1 4 5 10 12 22 26 0 
6 12 21 36 0 
3 6 7 21 26 27 29 0 
3 9 10 11 21 0 
11 16 18 20 22 29 0 
5 13 22 30 34 38 0 
1 6 17 25 30 36 0 
2 6 20 34 36 0 
1 2 7 20 24 32 34 39 0 
7 8 17 20 24 34 35 0 
5 8 11 12 15 20 22 23 24 0 
6 10 12 14 16 29 31 37 0 
6 9 10 21 23 30 35 0 
2 7 14 23 30 33 40 0 
3 5 11 25 26 30 35 36 40 0 
5 9 10 11 15 24 26 28 32 0 
10 20 26 33 37 0 
1 18 26 27 31 38 0 
18 21 23 27 38 0 
2 18 19 20 32 35 0 
16 23 28 31 0 
3 4 7 21 28 35 38 39 0 
7 9 13 17 31 33 0 
1 2 10 31 37 39 0 
24 25 0 
5 6 31 32 35 0 
21 35 0 
9 16 30 37 0 
2 12 13 16 21 32 0 
28 32 34 0 
8 10 17 29 31 34 0 
8 11 18 29 33 0 
7 9 23 26 29 34 39 0 
3 4 11 12 20 22 25 29 36 0 
1 3 5 9 14 26 29 30 31 33 36 0 
8 9 10 15 34 35 0 
5 7 10 0 
5 6 14 23 26 28 34 0 
1 7 14 15 16 17 18 0 
7 10 17 36 37 38 0 
2 5 12 16 29 39 40 0 
5 7 8 15 20 25 32 35 36 0 
7 20 24 36 39 0 
3 16 28 0 
6 25 27 29 36 37 0 
8 11 13 22 27 29 31 32 36 0 
30 32 36 0 
5 12 13 15 22 27 31 32 34 0 
9 24 25 28 32 40 0 
1 3 7 18 29 34 35 37 38 0 
16 17 20 36 38 0 
7 17 31 35 37 0 
5 13 24 35 36 39 0 
1 9 10 18 19 23 37 39 0 
11 14 27 29 30 33 37 0 
1 14 15 18 24 35 0 
5 8 14 16 21 0 
2 3 6 8 23 26 28 0 
8 10 12 30 37 39 0 
5 9 11 20 21 22 27 35 36 0 
13 22 23 24 26 0 
3 4 8 10 17 29 31 36 0 
7 8 10 13 28 30 34 36 37 0 
1 3 4 25 34 37 38 39 0 
4 11 31 36 0 
8 13 21 25 26 28 30 31 35 0 
12 16 21 26 34 39 0 
5 7 10 11 19 20 23 28 30 37 0 
12 18 19 32 0 
8 17 19 25 33 35 0 
8 14 24 29 32 36 0 
3 10 14 15 17 20 23 25 35 0 
1 4 19 22 24 38 0 
3 5 15 21 23 28 30 0 
4 9 12 35 37 38 0 
20 25 26 34 38 0 
8 12 13 16 21 0 
2 7 9 20 23 24 28 35 0 
8 17 31 35 37 0 
3 7 10 12 18 19 0 
4 17 19 26 28 31 32 33 34 36 0 
2 5 6 27 0 
9 11 16 24 27 38 0 
9 19 21 23 27 32 34 35 39 0 
1 3 6 15 24 38 40 0 
1 3 8 17 20 21 25 0 
1 4 5 21 25 38 0 
7 9 21 25 34 0 
13 19 21 26 39 40 0 
2 12 24 29 38 0 
5 6 14 17 29 31 34 35 38 40 0 
12 15 22 25 29 0 
10 15 18 26 32 0 
22 29 34 36 37 0 
5 6 10 13 27 29 30 35 38 0 
3 8 10 16 22 37 0 
12 16 22 23 25 31 38 0 
4 8 11 13 14 20 24 26 0 
2 13 24 30 31 0 
4 19 28 37 0 
2 3 9 12 15 16 31 37 0 
7 8 13 16 23 40 0 
7 9 15 21 24 28 29 36 0 
2 8 9 10 15 16 19 30 35 40 0 
3 7 10 11 13 24 38 39 0 
6 11 13 21 22 23 29 30 0 
8 27 30 32 37 0 
8 17 26 39 40 0 
4 12 28 29 34 0 
6 11 18 19 20 24 36 38 0 
3 9 18 23 27 0 
5 18 20 29 32 35 37 38 40 0 
3 13 17 38 0 
1 11 15 16 20 0 
4 7 21 24 29 32 0 
6 11 21 27 30 36 0 
7 10 11 18 24 26 27 33 0 
14 15 18 20 22 26 32 35 37 39 40 0 
3 18 36 38 0 
7 16 17 28 35 40 0 
3 16 20 24 26 34 0 
2 16 28 0 
9 14 16 19 30 34 0 
5 8 9 19 25 40 0 
2 5 9 22 27 38 0 
1 3 13 24 31 32 0 
9 11 24 25 29 33 0 
10 13 27 0 
4 14 25 31 37 40 0 
2 5 6 7 10 11 15 18 22 26 28 36 37 38 0 
17 23 33 35 36 37 0 
8 11 12 14 15 16 19 26 29 34 36 0 
5 18 23 35 38 39 40 0 
2 3 8 12 16 23 33 36 0 
4 9 10 18 29 34 0 
2 3 6 11 32 40 0 
4 6 11 30 36 0 
4 12 19 21 26 35 36 0 
1 12 29 40 0 
15 17 20 29 30 34 37 38 40 0 
5 7 18 33 35 37 0 
1 10 33 37 38 0 
2 9 18 24 28 30 34 0 
19 24 37 39 0 
4 10 12 21 24 37 38 0 
1 14 15 18 22 40 0 
4 9 12 30 38 0 
4 7 9 22 24 28 0 
3 8 10 18 22 37 39 0 
4 15 26 36 37 0 
3 4 17 24 0 
6 14 26 34 35 36 37 38 40 0 
8 19 25 28 36 39 0 
11 15 17 24 26 31 34 40 0 
19 22 27 28 31 33 0 
5 28 0 
14 20 28 37 38 0 
3 8 23 29 0 
19 25 33 34 38 0 
1 23 24 40 0 
1 6 11 19 38 0 
1 2 11 19 20 37 0 
1 9 13 16 20 28 40 0 
1 10 11 24 27 29 31 32 36 0 
5 8 10 18 24 30 33 0 
1 17 26 27 30 32 37 0 
5 6 8 16 22 39 0 
3 7 14 23 25 33 35 0 
11 13 35 40 0 
12 17 20 22 26 33 35 40 0 
1 12 17 21 36 38 39 0 
18 21 25 28 31 0 
9 14 24 30 39 0 
1 3 6 20 22 32 36 0 
12 14 19 20 35 37 0 
14 34 38 0 
8 10 11 16 19 20 30 33 34 38 0 
4 22 23 28 0 
6 9 10 12 13 18 19 25 31 0 
7 14 37 0 
3 18 24 26 33 34 0 
3 14 18 23 25 27 39 0 
1 3 8 12 34 0 
7 11 12 13 18 38 0 
3 8 10 17 22 23 30 35 36 39 0 
4 7 21 29 37 0 
6 22 25 27 30 37 0 
4 6 8 9 23 27 33 34 36 0 
4 5 6 12 25 29 32 33 36 39 0 
5 6 11 18 20 21 25 28 36 39 0 
19 22 35 0 
24 32 34 36 38 39 0 
7 33 38 39 0 
9 24 36 0 
2 7 13 24 32 33 0 
1 13 19 32 38 0 
2 3 9 12 18 19 24 32 39 40 0 
5 7 11 17 24 31 33 0 
2 6 8 9 10 16 0 
4 11 13 15 17 21 29 34 36 37 39 0 
4 5 7 13 14 19 21 25 34 0 
5 13 16 17 20 23 25 26 29 0 
7 20 30 32 39 0 
2 14 15 23 24 28 0 
8 15 19 27 39 0 
4 5 6 13 20 23 30 39 0 
4 8 16 23 28 30 32 37 39 0 
14 15 24 31 34 36 39 0 
10 12 24 27 31 34 38 0 
3 5 12 16 17 22 30 32 37 38 0 
4 7 11 22 24 25 40 0 
2 7 9 15 22 35 36 0 
4 7 14 17 21 22 26 32 33 34 37 40 0 
3 4 10 16 17 20 22 25 34 0 
2 14 17 19 29 40 0 
1 3 17 20 29 0 
1 3 5 15 27 34 0 
2 6 7 8 10 15 25 28 0 
1 9 21 23 26 31 0 
1 9 16 17 21 0 
5 6 9 10 11 19 29 32 0 
17 20 22 24 30 36 0 
3 9 11 15 22 23 38 0 
1 3 31 0 
8 18 23 24 32 35 0 
3 8 16 21 27 29 30 35 0 
5 6 8 14 32 0 
1 11 12 13 18 23 33 35 38 0 
5 6 7 12 13 25 27 28 39 0 
21 27 30 39 0 
7 8 25 0 
4 12 17 21 25 39 0 
2 6 7 9 32 0 
2 5 13 17 29 31 32 35 0 
5 6 15 20 30 31 39 40 0 
3 11 12 19 30 34 40 0 
9 10 11 17 20 32 35 0 
13 21 24 29 36 39 0 
10 19 24 25 31 35 38 40 0 
3 21 22 36 0 
1 7 8 20 0 
4 18 20 22 24 36 39 0 
6 7 8 10 14 20 28 35 40 0 
2 13 16 18 20 39 0 
3 4 6 11 13 31 33 36 39 0 
1 18 19 27 28 38 0 
7 8 9 12 24 40 0 
1 2 14 16 19 28 33 36 37 0 
3 4 12 13 16 24 34 0 
1 3 7 10 30 36 0 
5 10 20 21 22 25 32 40 0 
12 19 23 30 32 34 0 
2 4 12 15 27 33 34 36 39 0 
15 16 17 20 21 26 30 38 39 0 
1 7 8 17 29 32 35 38 0 
15 27 28 35 36 40 0 
2 7 9 14 25 33 34 35 37 40 0 
1 5 6 10 25 27 32 38 0 
1 4 13 21 27 40 0 
5 7 18 19 39 0 
5 7 21 22 23 27 30 0 
3 4 8 15 24 25 34 38 0 
9 29 30 40 0 
2 12 22 23 30 31 38 0 
12 24 26 28 31 0 
9 10 11 17 27 37 38 0 
15 19 30 37 0 
4 6 8 10 16 37 0 
5 7 8 9 13 22 26 31 0 
3 5 14 19 32 33 38 0 
13 25 28 29 0 
1 3 4 17 18 25 27 28 33 0 
2 3 17 20 22 29 36 0 
13 15 23 27 28 29 31 35 40 0 
16 21 23 35 38 39 0 
1 12 14 26 29 30 33 34 0 
4 10 22 23 0 
3 6 9 15 22 29 33 0 
17 22 23 25 39 40 0 
2 5 17 18 29 37 0 
1 3 5 13 16 25 33 38 0 
4 12 15 18 23 34 35 0 
2 4 10 13 17 26 32 0 
18 30 34 35 39 0 
4 9 10 13 17 22 28 29 34 0 
1 14 17 26 0 
2 10 19 33 36 0 
3 15 21 23 25 28 34 36 0 
8 10 15 28 38 0 
4 18 24 25 37 38 40 0 
12 15 23 24 27 32 0 
3 8 10 24 25 27 34 0 
19 21 24 0 
3 5 15 19 20 35 36 37 40 0 
8 11 12 16 32 0 
6 14 17 19 20 28 34 36 37 0 
5 34 35 39 40 0 
9 18 19 22 26 27 30 33 38 0 
3 8 18 26 27 31 0 
23 27 30 32 39 0 
17 18 20 24 28 30 40 0 
1 4 6 21 26 29 39 0 
3 21 23 24 30 33 35 0 
-9 -16 -31 -32 -39 0 
-6 -9 -13 -16 -21 -25 -39 0 
-10 -18 -19 -30 -35 0 
-16 -22 -23 -24 -38 -39 0 
-5 -14 -22 -25 -29 0 
-1 -8 -9 -18 0 
-11 -12 -14 -19 -25 -35 -36 -40 0 
-1 -10 -12 -14 -39 0 
-3 -9 -10 -14 -15 -20 -22 -24 -38 -39 0 
-10 -15 -18 -23 -25 -26 0 
-10 -16 -19 -29 -34 -35 -37 0 
-16 -25 -29 -36 0 
-13 -14 -15 -19 0 
-2 -18 -19 -20 -21 -22 -24 -27 -32 -37 -38 0 
-5 -18 -20 -29 0 
-2 -17 -34 -37 0 
-13 -16 -18 -28 -32 -36 -40 0 
-11 -14 -15 -26 -33 -35 0 
-1 -3 -6 -10 -16 -23 -27 0 
-1 -3 -19 -21 -24 -26 -27 -38 0 
-1 -9 -15 -25 -28 -33 -38 -40 0 
-2 -16 -18 -20 -32 -33 -34 -37 0 
-8 -12 -13 -21 -22 -24 -31 0 
-29 -31 -33 -34 -39 0 
-8 -9 -10 -13 -15 -21 0 
-3 -16 -22 -24 -36 -37 0 
-7 -13 -14 -18 -24 -25 -36 0 
-2 -6 -19 -23 -29 -31 -34 0 
-6 -19 -21 -25 -28 -32 -40 0 
-9 -12 -13 -26 -29 0 
-3 -7 -17 -37 -39 0 
-5 -8 -13 -14 -15 -16 -17 -19 -30 -33 0 
-16 -20 -25 -37 0 
-12 -13 -18 -19 -38 0 
-2 -5 -6 -14 -24 -32 -37 0 
-1 -11 -12 -17 -32 0 
-1 -17 -26 -32 -36 0 
-1 -2 -12 -14 -21 -23 -24 -28 0 
-10 -11 -19 -24 -26 -40 0 
-2 -8 -12 -22 -27 -28 -29 0 
-3 -5 -10 -11 -25 -30 0 
-1 -3 -5 -18 -33 0 
-3 -4 -11 -14 -18 0 
-4 -7 -9 -16 -19 -21 -24 -31 -32 -36 -37 0 
-5 -23 -31 -38 0 
-1 -3 -9 -16 -36 -38 -40 0 
-8 -11 -14 -17 -25 -27 -33 0 
-4 -12 -29 -35 -36 0 
-7 -17 -20 -21 -22 -33 -36 -39 0 
-15 -16 -17 -29 -33 -39 0 
-8 -10 -17 -21 -25 -34 -38 0 
-2 -6 -8 -13 -15 -32 -33 -36 0 
-1 -5 -9 -10 -12 -14 -26 -29 -35 -39 0 
-4 -14 -21 -28 0 
-13 -15 -22 -24 -34 -39 0 
-2 -6 -17 -20 -21 -25 0 
-4 -11 -15 -25 0 
-1 -6 -14 -18 -20 -22 -24 -26 0 
-2 -13 -16 -24 -28 0 
-7 -10 -12 -15 -20 -21 -24 -29 -31 -35 0 
-16 -19 -21 0 
-11 -29 -30 -38 0 
-1 -2 -6 -28 -29 -38 -40 0 
-12 -13 -15 -20 -26 -32 0 
-5 -21 -29 -35 0 
-2 -4 -13 -18 -20 -22 -34 -38 -39 0 
-3 -19 -21 -35 0 
-5 -23 -30 -31 -32 0 
-1 -3 -9 -10 -11 -14 -18 -22 -30 0 
-5 -9 -19 -21 -22 -27 -31 0 
-1 -2 -17 -21 -24 -36 0 
-5 -13 -32 -33 -34 0 
-2 -3 -5 -9 -24 -30 -35 0 
-4 -6 -7 -9 -19 -28 -30 0 
-9 -10 -21 -23 -28 -34 0 
-5 -6 -21 -28 -29 -36 -39 0 
-1 -2 -7 -22 -25 -30 0 
-11 -20 -21 -35 -38 0 
-2 -4 -11 -12 -30 -34 -36 0 
-6 -8 -12 -23 -24 -30 -32 -35 0 
-3 -9 -13 -25 -30 -32 -36 -39 0 
-3 -11 -12 -31 -33 -36 -38 0 
-6 -7 -12 -16 -26 -39 0 
-3 -4 -8 -11 -16 -21 -26 -34 -37 0 
-10 -13 -25 -31 -39 0 
-2 -6 -8 -22 -26 -31 -34 -38 0 
-6 -22 -23 -24 -36 -39 -40 0 
-1 -11 -12 -14 -33 0 
-2 -3 -5 -16 -32 0 
-7 -12 -13 -18 -25 -26 -32 0 
-7 -8 -10 -17 -22 -28 -34 0 
-15 -21 -28 -39 0 
-3 -11 -24 -26 -29 -35 0 
-12 -23 -26 -27 -29 -36 0 
-3 -6 -10 -12 -32 -34 0 
-1 -7 -8 -20 -26 0 
-5 -8 -13 -15 -25 -29 -37 -39 0 
-1 -4 -5 -10 -12 -22 -26 0 
-6 -12 -21 -36 0 
-3 -6 -7 -21 -26 -27 -29 0 
-3 -9 -10 -11 -21 0 
-11 -16 -18 -20 -22 -29 0 
-5 -13 -22 -30 -34 -38 0 
-1 -6 -17 -25 -30 -36 0 
-2 -6 -20 -34 -36 0 
-1 -2 -7 -20 -24 -32 -34 -39 0 
-7 -8 -17 -20 -24 -34 -35 0 
-5 -8 -11 -12 -15 -20 -22 -23 -24 0 
-6 -10 -12 -14 -16 -29 -31 -37 0 
-6 -9 -10 -21 -23 -30 -35 0 
-2 -7 -14 -23 -30 -33 -40 0 
-3 -5 -11 -25 -26 -30 -35 -36 -40 0 
-5 -9 -10 -11 -15 -24 -26 -28 -32 0 
-10 -20 -26 -33 -37 0 
-1 -18 -26 -27 -31 -38 0 
-18 -21 -23 -27 -38 0 
-2 -18 -19 -20 -32 -35 0 
-16 -23 -28 -31 0 
-3 -4 -7 -21 -28 -35 -38 -39 0 
-7 -9 -13 -17 -31 -33 0 
-1 -2 -10 -31 -37 -39 0 
-24 -25 0 
-5 -6 -31 -32 -35 0 
-21 -35 0 
-9 -16 -30 -37 0 
-2 -12 -13 -16 -21 -32 0 
-28 -32 -34 0 
-8 -10 -17 -29 -31 -34 0 
-8 -11 -18 -29 -33 0 
-7 -9 -23 -26 -29 -34 -39 0 
-3 -4 -11 -12 -20 -22 -25 -29 -36 0 
-1 -3 -5 -9 -14 -26 -29 -30 -31 -33 -36 0 
-8 -9 -10 -15 -34 -35 0 
-5 -7 -10 0 
-5 -6 -14 -23 -26 -28 -34 0 
-1 -7 -14 -15 -16 -17 -18 0 
-7 -10 -17 -36 -37 -38 0 
-2 -5 -12 -16 -29 -39 -40 0 
-5 -7 -8 -15 -20 -25 -32 -35 -36 0 
-7 -20 -24 -36 -39 0 
-3 -16 -28 0 
-6 -25 -27 -29 -36 -37 0 
-8 -11 -13 -22 -27 -29 -31 -32 -36 0 
-30 -32 -36 0 
-5 -12 -13 -15 -22 -27 -31 -32 -34 0 
-9 -24 -25 -28 -32 -40 0 
-1 -3 -7 -18 -29 -34 -35 -37 -38 0 
-16 -17 -20 -36 -38 0 
-7 -17 -31 -35 -37 0 
-5 -13 -24 -35 -36 -39 0 
-1 -9 -10 -18 -19 -23 -37 -39 0 
-11 -14 -27 -29 -30 -33 -37 0 
-1 -14 -15 -18 -24 -35 0 
-5 -8 -14 -16 -21 0 
-2 -3 -6 -8 -23 -26 -28 0 
-8 -10 -12 -30 -37 -39 0 
-5 -9 -11 -20 -21 -22 -27 -35 -36 0 
-13 -22 -23 -24 -26 0 
-3 -4 -8 -10 -17 -29 -31 -36 0 
-7 -8 -10 -13 -28 -30 -34 -36 -37 0 
-1 -3 -4 -25 -34 -37 -38 -39 0 
-4 -11 -31 -36 0 
-8 -13 -21 -25 -26 -28 -30 -31 -35 0 
-12 -16 -21 -26 -34 -39 0 
-5 -7 -10 -11 -19 -20 -23 -28 -30 -37 0 
-12 -18 -19 -32 0 
-8 -17 -19 -25 -33 -35 0 
-8 -14 -24 -29 -32 -36 0 
-3 -10 -14 -15 -17 -20 -23 -25 -35 0 
-1 -4 -19 -22 -24 -38 0 
-3 -5 -15 -21 -23 -28 -30 0 
-4 -9 -12 -35 -37 -38 0 
-20 -25 -26 -34 -38 0 
-8 -12 -13 -16 -21 0 
-2 -7 -9 -20 -23 -24 -28 -35 0 
-8 -17 -31 -35 -37 0 
-3 -7 -10 -12 -18 -19 0 
-4 -17 -19 -26 -28 -31 -32 -33 -34 -36 0 
-2 -5 -6 -27 0 
-9 -11 -16 -24 -27 -38 0 
-9 -19 -21 -23 -27 -32 -34 -35 -39 0 
-1 -3 -6 -15 -24 -38 -40 0 
-1 -3 -8 -17 -20 -21 -25 0 
-1 -4 -5 -21 -25 -38 0 
-7 -9 -21 -25 -34 0 
-13 -19 -21 -26 -39 -40 0 
-2 -12 -24 -29 -38 0 
-5 -6 -14 -17 -29 -31 -34 -35 -38 -40 0 
-12 -15 -22 -25 -29 0 
-10 -15 -18 -26 -32 0 
-22 -29 -34 -36 -37 0 
-5 -6 -10 -13 -27 -29 -30 -35 -38 0 
-3 -8 -10 -16 -22 -37 0 
-12 -16 -22 -23 -25 -31 -38 0 
-4 -8 -11 -13 -14 -20 -24 -26 0 
-2 -13 -24 -30 -31 0 
-4 -19 -28 -37 0 
-2 -3 -9 -12 -15 -16 -31 -37 0 
-7 -8 -13 -16 -23 -40 0 
-7 -9 -15 -21 -24 -28 -29 -36 0 
-2 -8 -9 -10 -15 -16 -19 -30 -35 -40 0 
-3 -7 -10 -11 -13 -24 -38 -39 0 
-6 -11 -13 -21 -22 -23 -29 -30 0 
-8 -27 -30 -32 -37 0 
-8 -17 -26 -39 -40 0 
-4 -12 -28 -29 -34 0 
-6 -11 -18 -19 -20 -24 -36 -38 0 
-3 -9 -18 -23 -27 0 
-5 -18 -20 -29 -32 -35 -37 -38 -40 0 
-3 -13 -17 -38 0 
-1 -11 -15 -16 -20 0 
-4 -7 -21 -24 -29 -32 0 
-6 -11 -21 -27 -30 -36 0 
-7 -10 -11 -18 -24 -26 -27 -33 0 
-14 -15 -18 -20 -22 -26 -32 -35 -37 -39 -40 0 
-3 -18 -36 -38 0 
-7 -16 -17 -28 -35 -40 0 
-3 -16 -20 -24 -26 -34 0 
-2 -16 -28 0 
-9 -14 -16 -19 -30 -34 0 
-5 -8 -9 -19 -25 -40 0 
-2 -5 -9 -22 -27 -38 0 
-1 -3 -13 -24 -31 -32 0 
-9 -11 -24 -25 -29 -33 0 
-10 -13 -27 0 
-4 -14 -25 -31 -37 -40 0 
-2 -5 -6 -7 -10 -11 -15 -18 -22 -26 -28 -36 -37 -38 0 
-17 -23 -33 -35 -36 -37 0 
-8 -11 -12 -14 -15 -16 -19 -26 -29 -34 -36 0 
-5 -18 -23 -35 -38 -39 -40 0 
-2 -3 -8 -12 -16 -23 -33 -36 0 
-4 -9 -10 -18 -29 -34 0 
-2 -3 -6 -11 -32 -40 0 
-4 -6 -11 -30 -36 0 
-4 -12 -19 -21 -26 -35 -36 0 
-1 -12 -29 -40 0 
-15 -17 -20 -29 -30 -34 -37 -38 -40 0 
-5 -7 -18 -33 -35 -37 0 
-1 -10 -33 -37 -38 0 
-2 -9 -18 -24 -28 -30 -34 0 
-19 -24 -37 -39 0 
-4 -10 -12 -21 -24 -37 -38 0 
-1 -14 -15 -18 -22 -40 0 
-4 -9 -12 -30 -38 0 
-4 -7 -9 -22 -24 -28 0 
-3 -8 -10 -18 -22 -37 -39 0 
-4 -15 -26 -36 -37 0 
-3 -4 -17 -24 0 
-6 -14 -26 -34 -35 -36 -37 -38 -40 0 
-8 -19 -25 -28 -36 -39 0 
-11 -15 -17 -24 -26 -31 -34 -40 0 
-19 -22 -27 -28 -31 -33 0 
-5 -28 0 
-14 -20 -28 -37 -38 0 
-3 -8 -23 -29 0 
-19 -25 -33 -34 -38 0 
-1 -23 -24 -40 0 
-1 -6 -11 -19 -38 0 
-1 -2 -11 -19 -20 -37 0 
-1 -9 -13 -16 -20 -28 -40 0 
-1 -10 -11 -24 -27 -29 -31 -32 -36 0 
-5 -8 -10 -18 -24 -30 -33 0 
-1 -17 -26 -27 -30 -32 -37 0 
-5 -6 -8 -16 -22 -39 0 
-3 -7 -14 -23 -25 -33 -35 0 
-11 -13 -35 -40 0 
-12 -17 -20 -22 -26 -33 -35 -40 0 
-1 -12 -17 -21 -36 -38 -39 0 
-18 -21 -25 -28 -31 0 
-9 -14 -24 -30 -39 0 
-1 -3 -6 -20 -22 -32 -36 0 
-12 -14 -19 -20 -35 -37 0 
-14 -34 -38 0 
-8 -10 -11 -16 -19 -20 -30 -33 -34 -38 0 
-4 -22 -23 -28 0 
-6 -9 -10 -12 -13 -18 -19 -25 -31 0 
-7 -14 -37 0 
-3 -18 -24 -26 -33 -34 0 
-3 -14 -18 -23 -25 -27 -39 0 
-1 -3 -8 -12 -34 0 
-7 -11 -12 -13 -18 -38 0 
-3 -8 -10 -17 -22 -23 -30 -35 -36 -39 0 
-4 -7 -21 -29 -37 0 
-6 -22 -25 -27 -30 -37 0 
-4 -6 -8 -9 -23 -27 -33 -34 -36 0 
-4 -5 -6 -12 -25 -29 -32 -33 -36 -39 0 
-5 -6 -11 -18 -20 -21 -25 -28 -36 -39 0 
-19 -22 -35 0 
-24 -32 -34 -36 -38 -39 0 
-7 -33 -38 -39 0 
-9 -24 -36 0 
-2 -7 -13 -24 -32 -33 0 
-1 -13 -19 -32 -38 0 
-2 -3 -9 -12 -18 -19 -24 -32 -39 -40 0 
-5 -7 -11 -17 -24 -31 -33 0 
-2 -6 -8 -9 -10 -16 0 
-4 -11 -13 -15 -17 -21 -29 -34 -36 -37 -39 0 
-4 -5 -7 -13 -14 -19 -21 -25 -34 0 
-5 -13 -16 -17 -20 -23 -25 -26 -29 0 
-7 -20 -30 -32 -39 0 
-2 -14 -15 -23 -24 -28 0 
-8 -15 -19 -27 -39 0 
-4 -5 -6 -13 -20 -23 -30 -39 0 
-4 -8 -16 -23 -28 -30 -32 -37 -39 0 
-14 -15 -24 -31 -34 -36 -39 0 
-10 -12 -24 -27 -31 -34 -38 0 
-3 -5 -12 -16 -17 -22 -30 -32 -37 -38 0 
-4 -7 -11 -22 -24 -25 -40 0 
-2 -7 -9 -15 -22 -35 -36 0 
-4 -7 -14 -17 -21 -22 -26 -32 -33 -34 -37 -40 0 
-3 -4 -10 -16 -17 -20 -22 -25 -34 0 
-2 -14 -17 -19 -29 -40 0 
-1 -3 -17 -20 -29 0 
-1 -3 -5 -15 -27 -34 0 
-2 -6 -7 -8 -10 -15 -25 -28 0 
-1 -9 -21 -23 -26 -31 0 
-1 -9 -16 -17 -21 0 
-5 -6 -9 -10 -11 -19 -29 -32 0 
-17 -20 -22 -24 -30 -36 0 
-3 -9 -11 -15 -22 -23 -38 0 
-1 -3 -31 0 
-8 -18 -23 -24 -32 -35 0 
-3 -8 -16 -21 -27 -29 -30 -35 0 
-5 -6 -8 -14 -32 0 
-1 -11 -12 -13 -18 -23 -33 -35 -38 0 
-5 -6 -7 -12 -13 -25 -27 -28 -39 0 
-21 -27 -30 -39 0 
-7 -8 -25 0 
-4 -12 -17 -21 -25 -39 0 
-2 -6 -7 -9 -32 0 
-2 -5 -13 -17 -29 -31 -32 -35 0 
-5 -6 -15 -20 -30 -31 -39 -40 0 
-3 -11 -12 -19 -30 -34 -40 0 
-9 -10 -11 -17 -20 -32 -35 0 
-13 -21 -24 -29 -36 -39 0 
-10 -19 -24 -25 -31 -35 -38 -40 0 
-3 -21 -22 -36 0 
-1 -7 -8 -20 0 
-4 -18 -20 -22 -24 -36 -39 0 
-6 -7 -8 -10 -14 -20 -28 -35 -40 0 
-2 -13 -16 -18 -20 -39 0 
-3 -4 -6 -11 -13 -31 -33 -36 -39 0 
-1 -18 -19 -27 -28 -38 0 
-7 -8 -9 -12 -24 -40 0 
-1 -2 -14 -16 -19 -28 -33 -36 -37 0 
-3 -4 -12 -13 -16 -24 -34 0 
-1 -3 -7 -10 -30 -36 0 
-5 -10 -20 -21 -22 -25 -32 -40 0 
-12 -19 -23 -30 -32 -34 0 
-2 -4 -12 -15 -27 -33 -34 -36 -39 0 
-15 -16 -17 -20 -21 -26 -30 -38 -39 0 
-1 -7 -8 -17 -29 -32 -35 -38 0 
-15 -27 -28 -35 -36 -40 0 
-2 -7 -9 -14 -25 -33 -34 -35 -37 -40 0 
-1 -5 -6 -10 -25 -27 -32 -38 0 
-1 -4 -13 -21 -27 -40 0 
-5 -7 -18 -19 -39 0 
-5 -7 -21 -22 -23 -27 -30 0 
-3 -4 -8 -15 -24 -25 -34 -38 0 
-9 -29 -30 -40 0 
-2 -12 -22 -23 -30 -31 -38 0 
-12 -24 -26 -28 -31 0 
-9 -10 -11 -17 -27 -37 -38 0 
-15 -19 -30 -37 0 
-4 -6 -8 -10 -16 -37 0 
-5 -7 -8 -9 -13 -22 -26 -31 0 
-3 -5 -14 -19 -32 -33 -38 0 
-13 -25 -28 -29 0 
-1 -3 -4 -17 -18 -25 -27 -28 -33 0 
-2 -3 -17 -20 -22 -29 -36 0 
-13 -15 -23 -27 -28 -29 -31 -35 -40 0 
-16 -21 -23 -35 -38 -39 0 
-1 -12 -14 -26 -29 -30 -33 -34 0 
-4 -10 -22 -23 0 
-3 -6 -9 -15 -22 -29 -33 0 
-17 -22 -23 -25 -39 -40 0 
-2 -5 -17 -18 -29 -37 0 
-1 -3 -5 -13 -16 -25 -33 -38 0 
-4 -12 -15 -18 -23 -34 -35 0 
-2 -4 -10 -13 -17 -26 -32 0 
-18 -30 -34 -35 -39 0 
-4 -9 -10 -13 -17 -22 -28 -29 -34 0 
-1 -14 -17 -26 0 
-2 -10 -19 -33 -36 0 
-3 -15 -21 -23 -25 -28 -34 -36 0 
-8 -10 -15 -28 -38 0 
-4 -18 -24 -25 -37 -38 -40 0 
-12 -15 -23 -24 -27 -32 0 
-3 -8 -10 -24 -25 -27 -34 0 
-19 -21 -24 0 
-3 -5 -15 -19 -20 -35 -36 -37 -40 0 
-8 -11 -12 -16 -32 0 
-6 -14 -17 -19 -20 -28 -34 -36 -37 0 
-5 -34 -35 -39 -40 0 
-9 -18 -19 -22 -26 -27 -30 -33 -38 0 
-3 -8 -18 -26 -27 -31 0 
-23 -27 -30 -32 -39 0 
-17 -18 -20 -24 -28 -30 -40 0 
-1 -4 -6 -21 -26 -29 -39 0 
-3 -21 -23 -24 -30 -33 -35 0 
